6.865112348267744	750	4.0	6.865112348267744	450283	6865.112348267744	1	-28.7699830975513
8.925688265831669	300	5.939424082436076	0.0	155580	2060.575917563924	0.8673265954419644	-0.15000000000000002
10.709242470117728	300	8.155869878150016	0.0	139857	1783.5542042860604	0.8673265954419644	0.3
12.567180164788349	300	10.297932183479393	0.0	155432	1857.9376946706218	0.8673265954419644	0.3
14.42440346114813	300	12.440708887119614	0.0	163442	1857.2232963597808	0.8673265954419644	0.3
15.734503166266297	300	15.130609182001447	0.0	126289	1310.099705118168	0.8673265954419644	0.3
17.16762272976462	300	17.697489618503123	0.0	153295	1433.11956349832	0.8673265954419644	0.3
18.990721785995227	300	19.874390562272517	0.0	173849	1823.0990562306067	0.8673265954419644	0.3
20.534102769503278	300	22.331009578764466	0.0	150710	1543.3809835080526	0.8673265954419644	0.3
24.733333158350018	750	22.131779189917726	0.0	362795	4199.23038884674	0.8673265954419644	0.3
29.181488528971947	750	21.683623819295796	0.0	353220	4448.155370621926	0.8673265954419644	0.75
34.727267807350714	750	20.13784454091703	0.0	405134	5545.779278378765	0.8673265954419644	0.75
41.61107459507167	750	17.254037753196073	0.0	386351	6883.806787720959	0.8673265954419644	0.75
56.788685597320026	750	6.076426750947714	0.0	434409	15177.611002248359	0.8673265954419644	0.75
61.80420728297497	300	5.060905065292772	0.0	140051	5015.521685654942	0.8673265954419644	-0.15000000000000002
66.27782482668208	300	4.587287521585664	0.0	138313	4473.617543707107	0.8673265954419644	0.3
69.98873432354874	300	4.876378024719008	0.0	143509	3710.9094968666564	0.8673265954419644	0.3
75.18214732919039	300	4.0	0.31703498092264	150616	5193.413005641648	0.8673265954419644	-1.0632504179673519
79.7653033492759	300	4.0	0.5831560200855093	165384	4583.156020085509	0.8673265954419644	-2.20757088636769
82.52472653509429	300	5.240576814181609	0.0	140881	2759.423185818391	0.8673265954419644	0.3
85.21638725237409	300	6.548916096901807	0.0	157671	2691.660717279802	1.2493853878608432	0.3
88.17790167332059	300	7.587401675955303	0.0	157812	2961.514420946504	1.2493853878608432	0.3
91.77630465078612	300	7.988998698489777	0.0	163927	3598.402977465527	1.2493853878608432	0.3
95.81031437189607	300	7.954988977379825	0.0	137654	4034.009721109952	1.2493853878608432	0.3
99.50733350153014	300	8.25796984774575	0.0	146754	3697.019129634076	1.2493853878608432	0.3
103.38811278930231	300	8.377190559973581	0.0	153938	3880.7792877721695	1.2493853878608432	0.3
108.33970406108384	300	7.425599288192053	0.0	181901	4951.591271781526	1.2493853878608432	0.3
109.66853647483083	300	10.096766874445047	0.0	111155	1328.832413747006	1.2493853878608432	0.3
110.8060169738104	300	12.959286375465487	0.0	153605	1137.480498979562	1.2493853878608432	0.3
111.49415966693273	300	16.271143682343165	0.0	149029	688.1426931223191	1.2493853878608432	0.3
112.04992236965315	300	19.71538097962275	0.0	157421	555.7627027204153	1.2493853878608432	0.3
112.51826782041657	300	23.24703552885933	0.0	157488	468.34545076342346	1.2493853878608432	0.3
113.42334273625984	750	26.341960613016052	0.0	369834	905.074915843274	1.2493853878608432	0.3
115.0042232470455	1200	28.761080102230387	0.0	670129	1580.8805107856667	1.2493853878608432	0.75
116.54470816202478	1200	31.22059518725111	0.0	690253	1540.484914979274	1.2493853878608432	1.2
119.54304858223857	2850	32.22225476703731	0.0	1439896	2998.3404202137963	1.2493853878608432	1.2000000000000002
122.16984942693449	2850	33.59545392234138	0.0	1139291	2626.8008446959357	1.2493853878608432	2.85
125.4421230415877	2850	34.323180307688155	0.0	1499009	3272.273614653219	1.2493853878608432	2.85
128.7922459908611	2850	34.97305735841479	0.0	1427478	3350.122949273366	1.2493853878608432	2.85
131.7208479566994	2850	36.04445539257648	0.0	1402287	2928.601965838316	1.2493853878608432	2.85
134.6110068617343	2850	37.15429648754158	0.0	1339500	2890.1589050348966	1.2493853878608432	2.85
139.0828589532878	4300	36.68244439598808	0.0	2184571	4471.852091553496	1.2493853878608432	2.8499999999999996
143.78314207075638	4300	35.982161278519506	0.0	2121928	4700.2831174685825	1.2493853878608432	4.3
149.20381413364674	4300	34.56148921562914	0.0	2219102	5420.672062890363	1.2493853878608432	4.3
153.96283426596915	4300	33.80246908330676	0.0	2124950	4759.020132322378	1.2493853878608432	4.3
159.01487679291674	4300	32.75042655635917	0.0	2246506	5052.042526947584	1.2493853878608432	4.3
163.24921453272296	4300	32.51608881655296	0.0	1961140	4234.337739806216	1.2493853878608432	4.3
168.5192007207221	4300	31.246102628553825	0.0	2155012	5269.986187999135	1.2493853878608432	4.3
169.7780940365214	750	33.98720931275454	0.0	450283	1258.893315799291	1.2493853878608432	0.75
173.5141755659095	2850	34.25112778336641	0.0	1431809	3736.081529388129	1.2493853878608432	0.75
176.42979693503193	2850	35.335506414243994	0.0	1300868	2915.621369122411	1.2493853878608432	2.85
179.57308951793743	2850	36.192213831338485	0.0	1520281	3143.2925829055102	1.2493853878608432	2.85
184.37001357219515	2850	35.39528977708076	0.0	1472558	4796.924054257722	1.2493853878608432	2.85
189.37732066222046	2850	34.387982687055455	0.0	1224260	5007.307090025307	1.2493853878608432	2.85
196.7169102653851	2850	31.048393083890783	0.0	1388403	7339.58960316467	1.2493853878608432	2.85
204.36998379079716	2850	27.395319558478736	0.0	1638769	7653.073525412049	1.2493853878608432	2.85
208.0325607296179	1850	27.732742619658005	0.0	852833	3662.5769388207295	1.2493853878608432	0.8500000000000001
211.74388246071973	1850	28.021420888556168	0.0	913888	3711.321731101837	1.2493853878608432	1.85
215.12996775368123	1850	28.635335595594658	0.0	939819	3386.0852929615094	1.2493853878608432	1.85
217.7797687876361	1850	29.985534561639778	0.0	917428	2649.8010339548778	1.2493853878608432	1.85
220.39573725899825	1850	31.369566090277644	0.0	946851	2615.9684713621346	1.2493853878608432	1.85
223.715493730591	1850	32.049809618684876	0.0	1036454	3319.756471592767	1.2493853878608432	1.85
226.74441643945096	1850	33.02088690982491	0.0	821631	3028.922708859969	1.2493853878608432	1.85
229.7416038087427	1850	34.02369954053319	0.0	923170	2997.187369291726	1.2493853878608432	1.85
233.63295356051532	1850	34.132349788760564	0.0	966699	3891.349751772624	1.2493853878608432	1.85
237.0259408907904	1850	34.73936245848545	0.0	885714	3392.9873302751057	1.2493853878608432	1.85
240.9485297651129	1850	34.81677358416296	0.0	987708	3922.588874322497	1.2493853878608432	1.85
248.70496811903416	1850	31.06033523024171	0.0	923755	7756.438353921254	1.2493853878608432	1.85

