6.579692689023528	750	4.0	6.579692689023528	450283	6579.692689023527	1	-27.542678562801168
7.566480605173289	300	7.013212083850239	0.0	155580	986.7879161497615	0.7676502790257074	-0.15000000000000002
9.514666657280914	300	9.065026031742615	0.0	139857	1948.1860521076244	0.7676502790257074	0.3
13.520790423033818	300	9.058902265989714	0.0	155432	4006.1237657529027	0.7676502790257074	0.3
17.61433697569978	300	8.965355713323753	0.0	163442	4093.546552665962	0.7676502790257074	0.3
19.72290816463583	300	10.856784524387702	0.0	126289	2108.57118893605	0.7676502790257074	0.3
21.899188040251026	300	12.680504648772505	0.0	153295	2176.2798756151965	0.7676502790257074	0.3
25.3129809806795	300	13.26671170834403	0.0	173849	3413.7929404284755	0.7676502790257074	0.3
28.16694680616071	300	14.412745882862826	0.0	150710	2853.965825481205	0.7676502790257074	0.3
30.70253282798873	300	15.877159861034803	0.0	139105	2535.5860218280227	0.7676502790257074	0.3
32.205065722699835	300	18.374626966323696	0.0	141840	1502.5328947111045	0.7676502790257074	0.3
33.42978123501954	300	21.149911454003995	0.0	156148	1224.7155123197024	0.7676502790257074	0.3
34.63625381425459	300	23.943438874768944	0.0	160746	1206.4725792350514	0.7676502790257074	0.3
35.789460684182316	300	26.790232004841215	0.0	179801	1153.2068699277306	0.7676502790257074	0.3
37.72679126609248	750	28.852901422931055	0.0	337059	1937.3305819101586	0.7676502790257074	0.3
41.79162730999888	1200	28.788065379024648	0.0	587876	4064.836043906408	0.7676502790257074	0.75
45.494087098966894	1200	29.08560559005664	0.0	617242	3702.459788968005	0.7676502790257074	1.2
48.79821344118146	1200	29.781479247842068	0.0	581493	3304.1263422145744	0.7676502790257074	1.2
53.95035424282125	1200	28.629338446202286	0.0	639204	5152.140801639782	0.7676502790257074	1.2
58.063636153125984	1200	28.51605653589755	0.0	586839	4113.281910304735	0.7676502790257074	1.2
62.16446135946089	1200	28.415231329562644	0.0	601738	4100.825206334906	0.9627382442354787	1.2
64.99623118634966	1200	29.583461502673867	0.0	616206	2831.7698268887752	0.9627382442354787	1.2
67.8007552029415	1200	30.77893748608202	0.0	656471	2804.5240165918462	0.9627382442354787	1.2
70.3727509579139	1200	32.20694173110962	0.0	536667	2571.995754972394	0.9627382442354787	1.2
72.70673581569106	1200	33.87295687333247	0.0	587236	2333.984857777158	0.9627382442354787	1.2
76.29996256928266	1850	34.27973011974088	0.0	905935	3593.226753591586	0.9627382442354787	1.2000000000000002
81.52769737815348	1850	33.05199531087005	0.0	1076599	5227.73480887083	0.9627382442354787	1.85
87.32557668038781	1850	31.254116008635716	0.0	758197	5797.879302234335	0.9627382442354787	1.85
92.65803446862776	1850	29.921658220395763	0.0	972798	5332.4577882399535	0.9627382442354787	1.85
102.11964258072281	1850	24.460050108300713	0.0	975811	9461.608112095048	0.9627382442354787	1.85
116.19786865773075	1200	14.381824031292775	0.0	570392	14078.226077007941	0.9627382442354787	0.5499999999999999
131.05189942622644	1200	4.0	0.4722067372029087	620283	14854.030768495682	0.9627382442354787	-0.8304889699725073
134.98949809220474	300	4.062401334021687	0.0	143881	3937.5986659783125	0.9627382442354787	-0.6000000000000001
138.08848150792886	300	4.963417918297555	0.0	163444	3098.9834157241326	0.9627382442354787	0.3
139.79305688853543	300	7.258842537690974	0.0	179328	1704.5753806065811	0.9627382442354787	0.3
140.7276960224667	300	10.324203403759727	0.0	159914	934.6391339312474	0.9627382442354787	0.3
141.4548370460805	300	13.597062380145912	0.0	131610	727.1410236138149	0.9627382442354787	0.3
142.1286287038407	300	16.92327072238574	0.0	124011	673.7916577601724	0.9627382442354787	0.3
142.93859817837057	300	20.11330124785585	0.0	144254	809.9694745298883	0.9627382442354787	0.3
144.91830547714983	750	22.133593949076563	0.0	390680	1979.7072987792906	0.9627382442354787	0.3
148.82171394745686	1200	22.230185478769542	0.0	566904	3903.408470307024	0.9627382442354787	0.75
158.83832612947666	1200	16.21357329674973	0.0	641452	10016.612182019811	0.9627382442354787	1.2
162.95534734791835	1200	16.09655207830803	0.0	599477	4117.021218441702	0.9627382442354787	1.2
167.992034377653	1200	15.059865048573363	0.0	634861	5036.687029734665	0.9627382442354787	1.2
172.03224832607566	1200	15.019651100150696	0.0	630203	4040.213948422667	0.9627382442354787	1.2
175.02861320285766	1200	16.02328622336871	0.0	638661	2996.3648767819845	0.9627382442354787	1.2
177.90748099760359	1200	17.14441842862279	0.0	538612	2878.867794745921	0.9627382442354787	1.2
184.20435933205917	2850	14.847540094167213	0.0	1364537	6296.878334455579	0.9627382442354787	1.2000000000000002
186.37556062116045	750	16.676338805065956	0.0	450283	2171.2012891012564	0.9627382442354787	0.75
189.40337502267283	1200	17.648524403553555	0.0	611087	3027.8144015124026	0.9627382442354787	0.75
192.567081050727	1200	18.48481837549937	0.0	571051	3163.706028054185	0.9627382442354787	1.2
196.12837927093668	1200	18.92352015528971	0.0	617681	3561.2982202096578	0.9627382442354787	1.2
198.99709478676758	1200	20.054804639458816	0.0	652874	2868.715515830897	0.9627382442354787	1.2
201.65750095566526	1200	21.394398470561143	0.0	520315	2660.406168897674	0.9627382442354787	1.2
215.4834550262636	1850	11.56844439996279	0.0	905515	13825.954070598355	0.9627382442354787	1.2000000000000002
221.88713639201814	750	9.164763034208237	0.0	437162	6403.681365754552	0.9627382442354787	-0.3500000000000001
223.73837510239608	750	11.31352432383032	0.0	374758	1851.238710377918	0.9627382442354787	0.75
225.1487338549301	750	13.903165571296306	0.0	362795	1410.3587525340138	0.9627382442354787	0.75
226.61063110035326	750	16.44126832587313	0.0	353220	1461.8972454231778	0.9627382442354787	0.75
228.59712388117342	750	18.45477554505297	0.0	405134	1986.4927808201537	0.9627382442354787	0.75
230.26640232628128	750	20.7854970999451	0.0	386351	1669.278445107874	0.9627382442354787	0.75
234.1975089014854	750	20.85439052474096	0.0	434409	3931.106575204138	0.9627382442354787	0.75
237.13985932097128	750	21.912040105255105	0.0	337059	2942.3504194858533	0.9627382442354787	0.75
240.14718689847885	1200	22.904712527747517	0.0	587876	3007.3275775075886	0.9627382442354787	0.75
243.11691428719288	1200	23.9349851390335	0.0	617242	2969.7273887140186	0.9627382442354787	1.2
245.9320074721992	1200	25.11989195402722	0.0	581493	2815.0931850062775	0.9627382442354787	1.2
248.25964985649313	1200	26.792249569733265	0.0	639204	2327.64238429396	0.9627382442354787	1.2
250.441825354785	1200	28.610074071441375	0.0	586839	2182.1754982918915	0.9627382442354787	1.2
253.85726526396584	1850	29.194634162260527	0.0	891604	3415.4399091808436	0.9627382442354787	1.2000000000000002
258.7153606213706	1850	28.336538804855735	0.0	955231	4858.0953574047935	0.9627382442354787	1.85
264.4030255253287	1850	26.648873900897687	0.0	968026	5687.664903958047	0.9627382442354787	1.85
271.0227791030039	1850	24.02912032322247	0.0	874175	6619.753577675216	0.9627382442354787	1.85
278.000545454759	1850	21.05135397146738	0.0	897976	6977.766351755095	0.9627382442354787	1.85
282.7118974305034	1200	20.34000199572288	0.0	590335	4711.3519757445	0.9627382442354787	0.5499999999999999
289.2215701510532	1200	17.830329275173145	0.0	696376	6509.672720549735	0.9627382442354787	1.2
292.3477699808863	1200	18.70412944534004	0.0	487160	3126.199829833105	0.9627382442354787	1.2
295.8679906277926	1200	19.18390879843372	0.0	622896	3520.2206469063212	0.9627382442354787	1.2
299.55400219709117	1200	19.497897229135162	0.0	641447	3686.0115692985573	0.9627382442354787	1.2
306.0886941552193	1200	16.96320527100704	0.0	570392	6534.69195812812	0.9627382442354787	1.2
311.9801872651836	1200	15.071712161042765	0.0	620283	5891.493109964278	0.9627382442354787	1.2
314.68731319906715	750	16.364586227159247	0.0	369834	2707.1259338835152	0.9627382442354787	0.3
317.96729656211255	750	17.084602864113823	0.0	412837	3279.9833630454264	0.9627382442354787	0.75
321.64168129581714	750	17.410218130409245	0.0	401088	3674.384733704575	0.9627382442354787	0.75

