31816.81055078702	750	4.0	1.4326655545084757	450283	1432.6655545084757	0.7	-5.410461884386445
31818.169255257606	750	6.641295529414785	0.0	398865	1358.7044705852145	0.7	0.75
31822.08361058585	1850	6.72694020117078	0.0	877771	3914.355328244005	0.7	0.75
31826.332983995573	1850	6.477566791448085	0.0	933276	4249.373409722695	0.7	1.85
31829.492716702745	1850	7.317834084273996	0.0	996749	3159.732707174089	0.7	1.85
31832.07396572656	1850	8.736585060459563	0.0	801058	2581.249023814435	0.7	1.85
31834.948253032788	1850	9.862297754228148	0.0	905515	2874.287306231413	0.7	1.85
31838.586485006494	1850	10.224065780524034	0.0	1060487	3638.2319737041144	0.7	1.85
31842.089389084682	1850	10.721161702334463	0.0	852833	3502.9040781895715	0.7	1.85
31846.63980968348	1850	10.170741103535493	0.0	913888	4550.420598798969	0.7	1.85
31850.09253741261	1850	10.718013374405592	0.0	939819	3452.727729129902	0.7	1.85
31853.592649666498	1850	11.217901120514412	0.0	917428	3500.112253891178	0.7	1.85
31856.633204362937	1850	12.177346424077108	0.0	946851	3040.5546964373048	0.7	1.85
31860.218990460457	1850	12.59156032655963	0.0	1036454	3585.786097517477	0.7	1.85
31862.836226319418	1850	13.974324467598414	0.0	821631	2617.235858961216	0.7	1.85

