1.7227784527213061	750	4.0	1.7227784527213061	450283	1722.7784527213062	1	-6.657947346701616
3.5190013070651562	750	6.20377714565615	0.0	398865	1796.22285434385	0.8409951087454491	0.75
5.266201992768114	750	8.456576459953192	0.0	350812	1747.2006857029573	0.8409951087454491	0.75
6.719613051469269	750	11.003165401252037	0.0	382355	1453.4110587011546	0.8409951087454491	0.75
8.20280307618578	750	13.519975376535525	0.0	411561	1483.1900247165124	0.8409951087454491	0.75
9.330179882243163	750	16.392598570478143	0.0	318564	1127.376806057383	0.8409951087454491	0.75
10.699590395781346	750	19.023188056939958	0.0	352642	1369.4105135381826	0.8409951087454491	0.75
15.480020457680927	1850	18.242757995040375	0.0	1060487	4780.430061899582	0.8409951087454491	0.75
20.946303124784624	1850	16.776475327936677	0.0	852833	5466.282667103696	0.8409951087454491	1.85
25.849163553463043	1850	15.873614899258257	0.0	913888	4902.86042867842	0.8409951087454491	1.85
30.578545922932165	1850	15.144232529789136	0.0	939819	4729.382369469119	0.8409951087454491	1.85
36.49643423186377	1850	13.226344220857529	0.0	917428	5917.888308931609	0.8409951087454491	1.85
40.18830215575806	1200	13.534476296963243	0.0	624282	3691.8679238942855	0.8409951087454491	0.5499999999999999
45.27006435696569	1200	12.452714095755612	0.0	687371	5081.762201207632	0.8409951087454491	1.2
48.712116665103025	1200	13.010661787618282	0.0	526950	3442.0523081373294	0.8409951087454491	1.2
53.18970537237722	1200	12.533073080344082	0.0	587876	4477.5887072742	0.8409951087454491	1.2
57.97080466252053	1200	11.751973790200772	0.0	617242	4781.099290143309	0.8409951087454491	1.2
61.12991367788399	750	12.592864774837315	0.0	372963	3159.1090153634577	0.8409951087454491	0.3
64.40225916939153	750	13.32051928332978	0.0	405596	3272.345491507534	0.8409951087454491	0.75
67.4483395146753	750	14.274438938046007	0.0	350713	3046.080345283774	0.8409951087454491	0.75
71.76227976786019	750	13.960498684861122	0.0	386472	4313.940253184884	1.2627572691421896	0.75
76.35826272543872	750	13.364515727282601	0.0	399894	4595.982957578521	1.2627572691421896	0.75
85.09638914665922	750	8.626389306062107	0.0	401853	8738.126421220495	1.2627572691421896	0.75
87.08251274788144	300	10.640265704839884	0.0	137654	1986.1236012222225	1.2627572691421896	-0.15000000000000002
89.8879369368705	300	11.834841515850808	0.0	146754	2805.424188989074	1.2627572691421896	0.3
92.94127724347761	300	12.781501209243702	0.0	153938	3053.3403066071064	1.2627572691421896	0.3
96.22627199226702	300	13.496506460454288	0.0	181901	3284.9947487894146	1.2627572691421896	0.3
97.89578325805078	300	15.826995194670527	0.0	111155	1669.5112657837599	1.2627572691421896	0.3
99.04347780423186	300	18.679300648489466	0.0	153605	1147.6945461810633	1.2627572691421896	0.3
100.27027936882303	300	21.452499083898292	0.0	149029	1226.801564591174	1.2627572691421896	0.3
101.3251492121596	300	24.39762924056173	0.0	157421	1054.869843336562	1.2627572691421896	0.3
102.27344091377186	300	27.44933753894946	0.0	157488	948.2917016122711	1.2627572691421896	0.3
104.5285016808758	750	29.194276771845523	0.0	369834	2255.0607671039397	1.2627572691421896	0.3
107.4464667547937	750	30.276311697927635	0.0	412837	2917.965073917888	1.2627572691421896	0.75
111.64774470249509	1200	30.07503375022624	0.0	690253	4201.2779477013955	1.2627572691421896	0.75
115.06918349013398	1200	30.653594962587363	0.0	598727	3421.4387876388796	1.2627572691421896	1.2
119.35417583345932	1200	30.368602619262028	0.0	487812	4284.992343325337	1.2627572691421896	1.2
122.94393117375952	1200	30.77884727896182	0.0	575591	3589.755340300205	1.2627572691421896	1.2
127.57128191866236	1200	30.151496534058985	0.0	605884	4627.350744902837	1.2627572691421896	1.2
130.43507745623393	1200	31.28770099648743	0.0	587506	2863.7955375715524	1.2627572691421896	1.2
132.90433626140225	1200	32.818442191319086	0.0	566904	2469.2588051683383	1.2627572691421896	1.2
135.81746356305212	1200	33.90531488966923	0.0	641452	2913.1273016498585	1.2627572691421896	1.2
138.39107988657096	1200	35.331698566150386	0.0	599477	2573.6163235188396	1.2627572691421896	1.2
142.12803813485493	1850	35.594740317866425	0.0	973972	3736.958248283962	1.2627572691421896	1.2000000000000002
146.62166371740838	1850	35.10111473531299	0.0	958994	4493.625582553432	1.2627572691421896	1.85
156.6865505693665	2850	29.036227883354883	0.0	1483527	10064.886851958108	1.2627572691421896	1.85
167.15518891169842	2850	22.56758954102295	0.0	1231456	10468.638342331935	1.2627572691421896	2.85
198.25754011888068	2850	4.0	8.534761666159335	1364537	31102.351207182284	1.2627572691421896	-33.84947516448514
205.8383743048096	750	4.0	3.5808341859289174	450283	7580.834185928918	1.2627572691421896	-14.647586999494344
206.71890923440105	300	7.119465070408554	0.0	155580	880.5349295914468	1.2627572691421896	-0.15000000000000002
207.4733576019766	300	10.365016702832982	0.0	139857	754.4483675755708	1.2627572691421896	0.3
208.30522663815333	300	13.533147666656236	0.0	155432	831.8690361767457	1.2627572691421896	0.3
210.45622315334577	750	15.382151151463784	0.0	411561	2150.996515192451	1.2627572691421896	0.3
212.07805960111708	750	17.760314703692487	0.0	318564	1621.836447771297	1.2627572691421896	0.75
215.35536353906005	750	18.48301076574952	0.0	352642	3277.30393794297	1.2627572691421896	0.75
223.38452151190637	750	14.453852792903195	0.0	437162	8029.157972846322	1.2627572691421896	0.75
226.33506373330292	750	15.503310571506644	0.0	374758	2950.5422213965517	1.2627572691421896	0.75
228.86899527776015	750	16.969379027049435	0.0	362795	2533.9315444572085	1.2627572691421896	0.75
231.48177979801804	750	18.356594506791524	0.0	353220	2612.784520257911	1.2627572691421896	0.75
234.8685103836482	750	18.969863921161362	0.0	405134	3386.730585630159	1.2627572691421896	0.75
237.4037268571581	750	20.434647447651486	0.0	386351	2535.2164735098772	1.2627572691421896	0.75
239.6024966161032	750	22.23587768870639	0.0	434409	2198.769758945097	1.2627572691421896	0.75
241.14876288464262	750	24.689611420166962	0.0	337059	1546.2662685394246	1.2627572691421896	0.75
243.21088243478792	750	26.62749187002163	0.0	366214	2062.1195501453326	1.2627572691421896	0.75
246.13454579841115	1200	27.703828506398402	0.0	617242	2923.6633636232277	1.2627572691421896	0.75
249.07491019797789	1200	28.763464106831687	0.0	581493	2940.3643995667107	1.2627572691421896	1.2
251.91568414426288	1200	29.92269016054668	0.0	639204	2840.773946285008	1.2627572691421896	1.2
254.79805663710215	1200	31.040317667707406	0.0	586839	2882.3724928392767	1.2627572691421896	1.2
257.7185745971059	1200	32.11979970770364	0.0	601738	2920.5179600037586	1.2627572691421896	1.2
260.60547349235077	1200	33.23290081245881	0.0	616206	2886.8988952448394	1.2627572691421896	1.2
264.8943109421797	1850	32.94406336262985	0.0	968026	4288.837449828957	1.2627572691421896	1.2000000000000002
273.0721600730136	1850	28.766214231795907	0.0	874175	8177.849130833943	1.2627572691421896	1.85
286.94086416669546	1850	18.897510138114082	0.0	897976	13868.704093681827	1.2627572691421896	1.85
289.2135275256149	750	20.624846779194662	0.0	379700	2272.663358919418	1.2627572691421896	-0.3500000000000001
290.9932402829004	750	22.845134021909164	0.0	425781	1779.7127572855002	1.2627572691421896	0.75
292.08280369617233	750	25.75557060863727	0.0	277716	1089.5634132718965	1.2627572691421896	0.75
294.0203693393561	750	27.818004965453518	0.0	400396	1937.5656431837513	1.2627572691421896	0.75
295.7753369510013	750	30.063037353808287	0.0	400508	1754.967611645231	1.2627572691421896	0.75
298.13135831112453	750	31.707015993685033	0.0	358218	2356.021360123255	1.2627572691421896	0.75
303.63169209804266	1200	30.20668220676694	0.0	620283	5500.333786918095	1.2627572691421896	0.75
306.50225621961596	1200	31.336118085193615	0.0	584349	2870.5641215733226	1.2627572691421896	1.2
309.6783960691634	1200	32.15997823564622	0.0	670129	3176.139849547393	1.2627572691421896	1.2
312.81094482017187	1200	33.02742948463777	0.0	690253	3132.5487510084486	1.2627572691421896	1.2
314.96087711475604	1200	34.87749719005359	0.0	598727	2149.9322945841895	1.2627572691421896	1.2
316.67324893389866	1200	37.165125370910985	0.0	487812	1712.371819142602	1.2627572691421896	1.2
318.90611092332597	1200	38.93226338148365	0.0	575591	2232.8619894273384	1.2627572691421896	1.2
321.99806514355623	1200	39.840309161253394	0.0	605884	3091.9542202302514	1.2627572691421896	1.2
324.5223541819768	1200	41.31602012283282	0.0	587506	2524.2890384205843	1.2627572691421896	1.2

