35422.017675714764	750	4.0	2.943433872988283	450283	2943.4338729882834	0.7	-11.906765653849618
35423.79860666643	750	6.219069048327484	0.0	398865	1780.930951672515	0.7	0.75
35425.56814155838	750	8.449534156378364	0.0	350812	1769.534891949121	0.7	0.75
35428.91959479177	1200	9.098080922984082	0.0	617681	3351.453233394282	0.7	0.75
35432.30322106852	1200	9.714454646240306	0.0	652874	3383.6262767437765	0.7	1.2
35434.85305957886	1200	11.164616135899486	0.0	520315	2549.8385103408186	0.7	1.2
35437.52911476478	1200	12.488560949976513	0.0	561791	2676.0551859229745	0.7	1.2
35440.446203304185	1200	13.571472410570662	0.0	709534	2917.0885394058487	0.7	1.2
35443.0406933947	1200	14.976982320060667	0.0	584846	2594.4900905099944	0.7	1.2
35445.50546354584	1200	16.51221216892076	0.0	560821	2464.770151139907	0.7	1.2
35449.6272012352	1850	16.39047447955872	0.0	939819	4121.737689362044	0.7	1.2000000000000002
35453.77147128541	1850	16.246204429347124	0.0	917428	4144.270050211593	0.7	1.85
35458.180651521114	1850	15.837024193640744	0.0	946851	4409.180235706382	0.7	1.85
35464.34751815361	1850	13.670157561144856	0.0	1036454	6166.866632495888	0.7	1.85
35470.51761837246	1850	11.50005734229794	0.0	821631	6170.100218846917	0.7	1.85
35474.20391827388	1850	11.813757440877616	0.0	923170	3686.2999014203233	0.7	1.85
35478.37702052026	1850	11.640655194496654	0.0	966699	4173.102246380962	0.7	1.85
35482.33834751055	1850	11.679328204206206	0.0	885714	3961.3269902904485	0.7	1.85
35486.427612918174	1850	11.590062796585869	0.0	987708	4089.2654076203357	0.7	1.85
35490.4328850804	1850	11.584790634359473	0.0	923755	4005.2721622263957	0.7	1.85
35494.238484082496	1850	11.779191632263696	0.0	891604	3805.599002095776	0.7	1.85
35498.538230003425	1850	11.479445711340786	0.0	955231	4299.745920922911	0.7	1.85
35503.14918998958	1850	10.868485725191249	0.0	968026	4610.959986149537	0.7	1.85
35507.32545292369	1850	10.69222279108354	0.0	874175	4176.262934107711	0.7	1.85
35511.87369383802	1850	10.14398187675341	0.0	897976	4548.240914330129	0.7	1.85
35516.72424913458	1850	9.293426580185116	0.0	905935	4850.555296568293	0.7	1.85
35525.07655280155	1850	4.9411229132223164	0.0	1076599	8352.3036669628	0.7	1.85
35528.27033558541	1200	5.747340129360495	0.0	487160	3193.782783861821	0.7	0.5499999999999999
35531.159756290435	750	6.857919424335179	0.0	400396	2889.420705025316	0.7	0.3
35534.43554042945	750	7.582135285321266	0.0	400508	3275.784139013913	0.7	0.75
35538.16279584529	750	7.854879869485758	0.0	358218	3727.2554158355083	0.7	0.75
35542.75510574879	750	7.262569965981434	0.0	400322	4592.309903504324	0.7	0.75
35546.59862471557	750	7.419050999201623	0.0	369834	3843.518966779811	0.7	0.75
35550.132194744925	750	7.885480969848655	0.0	412837	3533.5700293529685	0.7	0.75
35553.81119192571	750	8.206483789062647	0.0	401088	3678.997180786009	0.7	0.75
35560.02039141824	750	5.997284296534303	0.0	365161	6209.1994925283425	0.7	0.75
35565.12451523339	750	4.893160481381578	0.0	321064	5104.123815152725	0.7	0.75
35568.03158492113	300	5.98609079363753	0.0	124011	2907.0696877440487	0.75	-0.15000000000000002
35570.88603405635	300	7.131641658420131	0.0	144254	2854.449135217399	0.75	0.3
35574.263003690976	300	7.754672023794522	0.0	149991	3376.9696346256087	0.75	0.3
35577.192291978026	300	8.82538373674567	0.0	147968	2929.2882870488525	0.75	0.3
35579.67111405665	300	10.346561658123743	0.0	161857	2478.822078621926	0.75	0.3
35582.02620259822	300	11.991473116552049	0.0	145210	2355.088541571693	0.75	0.3
35585.7334818548	300	12.284193859973614	0.0	172312	3707.2792565784343	0.75	0.3
35589.43393262787	300	12.58374308689508	0.0	167025	3700.4507730785344	0.75	0.3
35591.64583337956	300	14.371842335210701	0.0	160064	2211.9007516843794	0.75	0.3
35595.283272427674	750	14.734403287099893	0.0	331053	3637.4390481108085	0.75	0.3
35600.73272841163	1850	13.28494730314224	0.0	846370	5449.455983957653	0.75	0.75
35607.479928794266	750	10.537746920505157	0.0	450283	6747.200382637082	0.75	0.75
35613.16041891018	750	8.85725680459222	0.0	398865	5680.490115912937	0.75	0.75
35618.96169297014	750	7.055982744630394	0.0	350812	5801.2740599618255	0.75	0.75
35623.001073531945	750	7.016602182815611	0.0	382355	4039.3805618147826	0.75	0.75
35627.26913791932	750	6.748537795438395	0.0	411561	4268.064387377217	0.75	0.75
35630.479405845435	750	7.538269869325317	0.0	318564	3210.267926113078	0.75	0.75
35635.72031697866	750	6.297358736103708	0.0	352642	5240.911133221609	0.75	0.75
35638.05656240877	750	7.961113305988478	0.0	437162	2336.2454301152306	0.75	0.75
35639.97543219957	750	10.042243515183715	0.0	374758	1918.8697908047639	0.75	0.75
35641.856936410375	750	12.160739304381645	0.0	362795	1881.5042108020707	0.75	0.75
35643.70447328995	750	14.313202424806807	0.0	353220	1847.536879574838	0.75	0.75
35646.03813668141	750	15.979539033353694	0.0	405134	2333.6633914531117	0.7	0.75
35648.23512240828	750	17.78255330648451	0.0	386351	2196.985726869189	0.7	0.75
35652.27758258347	1200	17.74009313128797	0.0	687371	4042.4601751965392	0.7	0.75
35655.64496013798	1200	18.372715576785204	0.0	526950	3367.3775545027647	0.7	1.2
35658.92264754961	1200	19.095028165147852	0.0	587876	3277.687411637356	0.7	1.2
35662.71261763598	1200	19.30505807877971	0.0	617242	3789.9700863681414	0.7	1.2
35666.73028739609	1200	19.287388318672136	0.0	581493	4017.669760107572	0.7	1.2
35670.64877649548	1200	19.368899219279832	0.0	639204	3918.4890993923023	0.7	1.2
35673.52262339148	1200	20.49505232328006	0.0	586839	2873.846895999774	0.7	1.2
35676.78910686963	1200	21.22856884512662	0.0	601738	3266.483478153436	0.7	1.2
35679.488566384825	1200	22.52910932993207	0.0	616206	2699.459515194552	0.7	1.2
35683.67020192348	1850	22.347473791268943	0.0	968026	4181.635538663129	0.7	1.2000000000000002
35687.34127779116	1850	22.676397923594493	0.0	874175	3671.0758676744495	0.7	1.85
35691.85011285299	1850	22.167562861759034	0.0	897976	4508.835061835459	0.7	1.85
35696.08448199557	1850	21.933193719178693	0.0	905935	4234.369142580341	0.7	1.85
35703.18881078434	2850	18.828864930406546	0.0	1547572	7104.328788772145	0.7	1.85
35707.833309154514	2850	18.184366560237837	0.0	1141971	4644.498370168708	0.7	2.85
35713.84638417258	2850	16.171291542167737	0.0	1498470	6013.075018070103	0.7	2.85
35720.57051347936	2850	13.447162235392899	0.0	1561263	6724.129306774838	0.7	2.85
35725.13877837416	1850	12.878897340595778	0.0	873429	4568.264894797122	0.7	0.8500000000000001

