26559.47955967697	750	4.0	1.9680897620528024	450283	1968.0897620528024	0.8	-7.71278597682705
26562.812653943885	1200	4.666905733083127	0.0	611087	3333.094266916872	0.8	0.75
26564.902142514813	1200	6.577417162155643	0.0	571051	2089.488570927484	0.8	1.2
26567.031269376967	1200	8.44829030000142	0.0	617681	2129.126862154225	0.8	1.2
26569.201928538278	1200	10.27763113869224	0.0	652874	2170.659161309181	0.8	1.2
26570.94172475022	1200	12.537834926747575	0.0	520315	1739.7962119446643	0.8	1.2
26576.778372540277	1850	10.701187136691466	0.0	905515	5836.647790056109	0.8	1.2000000000000002
26587.943754790285	1850	4.0	0.464195113313981	1060487	11165.382250005447	0.8	-0.1460389872501182
26590.306144878792	1200	5.637609911488649	0.0	584846	2362.3900885113503	0.8	0.5499999999999999
26592.614253397638	1200	7.329501392642662	0.0	560821	2308.108518845987	0.8	1.2
26594.90864348865	1200	9.035111301632925	0.0	607410	2294.3900910097354	0.8	1.2
26597.15664252159	1200	10.787112268692798	0.0	594078	2247.999032940128	0.8	1.2
26599.37847721263	1200	12.565277577654298	0.0	624282	2221.8346910384994	0.8	1.2
26602.203783776113	1200	13.739971014171973	0.0	687371	2825.306563482325	0.8	1.2
26604.647968888246	1200	15.295785902039519	0.0	526950	2444.185112132455	0.8	1.2
26611.218918334074	1850	12.724836456212536	0.0	923170	6570.949445826983	0.8	1.2000000000000002
26617.305940090326	1850	10.637814699962131	0.0	966699	6087.021756250404	0.8	1.85
26622.470953604894	1850	9.472801185391571	0.0	885714	5165.01351457056	0.8	1.85
26626.91747189502	1850	9.026282895265817	0.0	987708	4446.518290125755	0.8	1.85
26631.655486750726	1850	8.28826803955895	0.0	923755	4738.014855706866	0.8	1.85
26635.612691103845	1850	8.331063686439542	0.0	891604	3957.204353119408	0.8	1.85
26641.593821066544	1850	6.349933723740666	0.0	955231	5981.129962698877	0.8	1.85
26644.911292305576	1200	7.0324624847065555	0.0	656471	3317.4712390341097	0.8	0.5499999999999999
26647.802065625045	1200	8.141689165239953	0.0	536667	2890.7733194666025	0.8	1.2
26649.944075373925	1200	9.999679416361683	0.0	587236	2142.0097488782685	0.8	1.2
26652.68889320871	1200	11.254861581576863	0.0	590335	2744.81783478482	0.8	1.2
26656.99995653822	1200	10.943798252068198	0.0	696376	4311.063329508665	0.8	1.2
26662.239718901128	1200	9.70403588915806	0.0	487160	5239.762362910138	0.8	1.2
26665.50992997744	1200	10.433824812844442	0.0	622896	3270.2110763136193	0.8	1.2
26669.140896298097	1200	10.802858492187072	0.0	641447	3630.966320657369	0.8	1.2
26671.569162290965	1200	12.374592499316895	0.0	570392	2428.265992870177	0.8	1.2
26675.495626091284	1200	12.448128698999223	0.0	620283	3926.463800317672	0.8	1.2
26679.940674373676	1200	12.003080416605892	0.0	584349	4445.048282393332	0.8	1.2
26683.176537290954	1200	12.767217499327506	0.0	670129	3235.8629172783853	0.8	1.2
26686.06947081494	1200	13.87428397534126	0.0	690253	2892.933523986245	0.8	1.2
26688.702242675943	1200	15.241512114338557	0.0	598727	2632.7718610027036	0.8	1.2
26692.855932263697	1850	15.087822526582466	0.0	728962	4153.689587756091	0.8	1.2000000000000002
26697.95306305928	1850	13.990691730997668	0.0	938587	5097.1307955848	0.8	1.85
26702.174838733907	1850	13.768916056370898	0.0	908665	4221.77567462677	0.8	1.85
26705.524527939237	1850	14.419226851039769	0.0	930577	3349.6892053311294	0.8	1.85
26709.5840211288	1850	14.359733661477957	0.0	858450	4059.4931895618106	0.8	1.85
26714.535897567457	1850	13.40785722281977	0.0	1025005	4951.876438658189	0.8	1.85
26718.41342246716	1850	13.530332323116038	0.0	886255	3877.524899703732	0.8	1.85
26722.396625884445	1850	13.547128905832334	0.0	973972	3983.203417283704	0.8	1.85
26726.82954130629	1850	13.11421348398583	0.0	958994	4432.915421846504	0.8	1.85
26732.565393416553	2850	11.378361373723594	0.0	1483527	5735.852110262235	0.8	1.85
26736.34380417894	2850	11.599950611336066	0.0	1231456	3778.4107623875275	0.8	2.85
26740.749311910196	2850	11.194442880082141	0.0	1364537	4405.507731253925	0.8	2.85
26742.413818080273	750	13.529936710007892	0.0	450283	1664.5061700742483	0.8	0.75
26745.638860303854	1850	14.304894486427346	0.0	957685	3225.0422235805477	0.8	0.75
26749.311631267447	1850	14.632123522833215	0.0	877771	3672.7709635941305	0.8	1.85
26752.679281570898	1850	15.264473219382824	0.0	933276	3367.6503034503917	0.8	1.85
26756.376478143062	1850	15.567276647216744	0.0	996749	3697.19657216608	0.8	1.85
26759.238804439832	1850	16.70495035044583	0.0	801058	2862.3262967709143	0.8	1.85
26764.090247607928	2850	15.853507182350835	0.0	1388403	4851.443168094995	0.8	1.85
26769.96663466563	2850	13.977120124649076	0.0	1638769	5876.387057701759	0.8	2.85
26774.386104728903	2850	13.557650061375503	0.0	1348011	4419.470063273573	0.8	2.85
26778.621273610293	2850	13.322481179986148	0.0	1429765	4235.168881389354	0.8	2.85
26782.951229108723	2850	12.99252568155622	0.0	1354548	4329.9554984299275	0.8	2.85
26787.978142962842	2850	11.965611827436474	0.0	1519951	5026.913854119746	0.8	2.85

