23698.252331820488	750	4.0	3.478694088168143	450283	3478.694088168143	0.7	-14.208384579123015
23700.70274916572	750	5.54958265476585	0.0	398865	2450.4173452341497	0.7	0.75
23702.69305815187	750	7.559273668615107	0.0	350812	1990.3089861507428	0.7	0.75
23705.136903832692	750	9.115427987794604	0.0	382355	2443.8456808205033	0.7	0.75
23709.947290879903	1200	8.305040940583208	0.0	652874	4810.387047211398	0.7	0.75
23714.957381703654	1200	7.29495011683404	0.0	520315	5010.090823749167	0.7	1.2
23720.426653385548	750	5.825678434940264	0.0	352642	5469.271681893776	0.7	0.3
23726.951032625086	750	4.0	0.6987008045957563	437162	6524.379239536021	0.7	-2.2544134597617522
23729.036522587718	300	5.914510037369054	0.0	150710	2085.489962630946	0.7	-0.15000000000000002
23731.892824753824	300	7.058207871260668	0.0	139105	2856.302166108386	0.7	0.3
23734.94835181689	300	8.002680808198132	0.0	141840	3055.527063062535	0.75	0.3
23737.259892758797	300	9.69113986628974	0.0	156148	2311.5409419083926	0.75	0.3
23740.13037896395	300	10.820653661138234	0.0	160746	2870.4862051515065	0.75	0.3
23741.58778793872	300	13.363244686371472	0.0	179801	1457.408974766762	0.75	0.3
23742.512448200527	300	16.438584424561515	0.0	140051	924.6602618099549	0.75	0.3
23743.408262841494	300	19.542769783594746	0.0	138313	895.8146409667659	0.75	0.3
23745.755879122364	750	21.195153502723013	0.0	360831	2347.6162808717345	0.75	0.3
23749.899744199032	750	21.051288426055706	0.0	372963	4143.865076667305	0.75	0.75
23755.999576230934	750	18.95145639415765	0.0	405596	6099.832031898057	0.75	0.75
23759.029914144052	750	19.921118481037666	0.0	350713	3030.3379131199827	0.75	0.75
23762.589597581227	750	20.361435043859796	0.0	386472	3559.6834371778687	0.75	0.75
23767.866855184366	750	19.084177440722566	0.0	399894	5277.257603137229	0.75	0.75
23771.263067807744	750	19.687964817342014	0.0	401853	3396.212623380555	0.75	0.75
23773.986353702385	750	20.964678922703825	0.0	343800	2723.28589463819	0.75	0.75
23777.13356545557	750	21.81746716951801	0.0	359903	3147.2117531858134	0.75	0.75
23780.15089384871	750	22.800138776379693	0.0	379700	3017.3283931383203	0.75	0.75
23784.366973398115	750	22.584059226974297	0.0	425781	4216.079549405396	0.75	0.75
23788.905145551882	1200	22.0458870732085	0.0	487160	4538.172153765795	0.75	0.75
23794.376448077583	1200	20.574584547511083	0.0	622896	5471.302525697418	0.75	1.2
23800.227635978114	1200	18.723396646980817	0.0	641447	5851.187900530265	0.75	1.2
23805.51148072529	1200	17.439551899804187	0.0	570392	5283.84474717663	0.75	1.2
23811.94685083693	1200	15.004181788168294	0.0	620283	6435.3701116358925	0.75	1.2
23818.191845093686	1200	12.759187531412895	0.0	584349	6244.9942567554	0.75	1.2
23822.341533901654	750	12.609498723445496	0.0	412837	4149.6888079674	0.75	0.3
23830.170071999917	1200	8.780960625182727	0.0	690253	7828.538098262769	0.75	0.75
23833.572144995465	750	9.378887629636113	0.0	365161	3402.0729955466163	0.75	0.3
23836.911794287316	750	10.03923833778704	0.0	321064	3339.6492918490712	0.75	0.75
23840.83513606406	750	10.115896561043094	0.0	361565	3923.3417767439482	0.75	0.75
23844.23439263553	750	10.716639989572307	0.0	378327	3399.2565714707853	0.75	0.75
23847.79446090561	750	11.156571719490893	0.0	390680	3560.068270081415	0.75	0.75
23852.14959665191	750	10.801435973191422	0.0	345516	4355.13574629947	0.75	0.75
23855.885613118295	750	11.065419506810393	0.0	384505	3736.01646638103	0.75	0.75
23858.423222307243	750	12.527810317861675	0.0	372093	2537.6091889487184	0.75	0.75
23861.63412344195	750	13.316909183154106	0.0	438281	3210.9011347075684	0.75	0.75
23865.75893647469	750	13.192096150415049	0.0	398987	4124.813032739057	0.75	0.75
23873.870245878144	1200	9.080786746958188	0.0	638661	8111.309403456863	0.75	0.75
23877.6642450681	1200	9.286787557004791	0.0	538612	3793.9991899533957	0.75	1.2
23883.866506397484	1850	7.084526227619171	0.0	846370	6202.26132938562	0.75	1.2000000000000002
23886.618725187236	750	8.332307437869659	0.0	450283	2752.218789749513	0.75	0.75
23890.951420939375	750	7.999611685728918	0.0	398865	4332.69575214074	0.75	0.75
23894.656472501138	750	8.294560123968893	0.0	350812	3705.0515617600245	0.75	0.75
23898.223659223295	750	8.727373401809848	0.0	382355	3567.186722159046	0.75	0.75
23904.8831445383	750	6.067888086805102	0.0	411561	6659.485315004746	0.75	0.75
23908.383652898185	750	6.567379726922823	0.0	318564	3500.5083598822785	0.75	0.75
23911.808657169484	750	7.142375455625733	0.0	352642	3425.004271297091	0.75	0.75
23917.652901269248	750	5.298131355858846	0.0	437162	5844.244099766886	0.75	0.75
23924.687364945425	750	4.0	1.7363323203139645	374758	7034.463676172811	0.75	-6.716228977350047
23927.348765928655	300	5.3385990167681046	0.0	139105	2661.4009832318957	0.75	-0.15000000000000002
23930.060299399654	300	6.6270655457678584	0.0	141840	2711.5334710002467	0.75	0.3
23932.79070835004	300	7.896656595384691	0.0	156148	2730.408950383168	0.75	0.3
23935.017464628545	300	9.669900316880526	0.0	160746	2226.7562785041664	0.75	0.3
23936.861323177123	300	11.826041768302002	0.0	179801	1843.8585485785213	0.75	0.3
23938.238619705673	300	14.44874523974999	0.0	140051	1377.2965285520127	0.75	0.3
23939.57827721716	300	17.109087728266072	0.0	138313	1339.6575114839186	0.75	0.3
23940.655546223697	300	20.031818721728513	0.0	143509	1077.26900653756	0.75	0.3
23943.213861526754	750	21.473503418669363	0.0	372963	2558.315303059148	0.75	0.3
23945.970425085605	750	22.716939859820336	0.0	405596	2756.5635588490263	0.75	0.75
23950.481579569976	1200	22.205785375447658	0.0	586839	4511.15448437268	0.75	0.75
23956.172810520748	1200	20.514554424678703	0.0	601738	5691.230950768952	0.75	1.2
23961.334501669095	1200	19.352863276330563	0.0	616206	5161.691148348143	0.75	1.2
23971.3250862029	1200	13.362278742523635	0.0	656471	9990.584533806927	0.75	1.2
23982.70278200295	1200	5.984582942474168	0.0	536667	11377.695800049467	0.75	1.2
23989.856559956374	750	4.0	1.1691950109455593	359903	7153.777953419727	0.75	-4.7275385470659055
23992.85676767138	300	4.999792284990148	0.0	153938	3000.2077150098526	0.75	-0.15000000000000002
23995.912810136844	300	5.943749819525195	0.0	181901	3056.0424654649532	0.75	0.3
23997.828155523137	300	8.028404433231453	0.0	111155	1915.3453862937415	0.75	0.3
24000.528912740596	300	9.327647215772364	0.0	153605	2700.7572174590896	0.75	0.3
24003.30008573737	300	10.556474218999407	0.0	149029	2771.1729967729575	0.75	0.3
24006.015743213822	300	11.840816742547014	0.0	157421	2715.657476452392	0.75	0.3
24008.353052650218	300	13.503507306151018	0.0	157488	2337.309436395997	0.75	0.3
24010.391442622473	300	15.465117333896842	0.0	143881	2038.3899722541748	0.75	0.3
24012.53562070397	300	17.320939252398038	0.0	163444	2144.1780814988024	0.75	0.3
24015.286512403112	300	18.570047553255737	0.0	179328	2750.8916991423034	0.75	0.3
24016.686989747403	300	21.16957020896633	0.0	159914	1400.4773442894057	0.75	0.3
24019.073647640147	750	22.782912316222987	0.0	321064	2386.657892743343	0.75	0.3

