32504.24661559598	750	4.0	7.862962959107444	450283	7862.962959107444	0.75	-33.06074072416201
32505.81194471484	300	6.434670881144126	0.0	155580	1565.3291188558746	0.75	-0.15000000000000002
32507.21471873007	300	9.03189686591194	0.0	139857	1402.7740152321862	0.75	0.3
32509.101318212586	300	11.1452973833924	0.0	155432	1886.5994825195382	0.75	0.3
32510.56829354965	300	13.678322046325858	0.0	163442	1466.9753370665421	0.75	0.3
32511.47666723585	300	16.76994836013036	0.0	126289	908.373686195497	0.75	0.3
32513.510404140103	300	18.736211455873285	0.0	153295	2033.7369042570776	0.75	0.3
32520.644048986353	750	15.602566609623988	0.0	437162	7133.644846249299	0.75	0.3
32523.5338161813	750	16.712799414675725	0.0	374758	2889.7671949482587	0.75	0.75
32527.312696022378	750	16.933919573602502	0.0	362795	3778.8798410732243	0.75	0.75
32531.174903121897	750	17.07171247408352	0.0	353220	3862.20709951898	0.75	0.75
32535.848254275865	750	16.39836132011511	0.0	405134	4673.35115396841	0.75	0.75
32537.86139864738	750	18.38521694860153	0.0	386351	2013.1443715135783	0.75	0.75
32540.697005001985	750	19.549610593995173	0.0	434409	2835.6063546063547	0.75	0.75
32543.232746111596	750	21.013869484381424	0.0	337059	2535.7411096137503	0.75	0.75
32545.903836658203	750	22.342778937776654	0.0	366214	2671.0905466047698	0.75	0.75
32550.29162668989	1200	21.9549889060888	0.0	617242	4387.790031687852	0.75	0.75
32552.91957611847	1200	23.32703947750971	0.0	581493	2627.949428579089	0.7	1.2
32555.631116742003	1200	24.615498853974536	0.0	639204	2711.540623535178	0.7	1.2
32558.24102350548	1200	26.005592090494982	0.0	586839	2609.9067634795524	0.7	1.2
32561.925324544893	1850	26.321291051085915	0.0	891604	3684.301039409067	0.7	1.2000000000000002
32566.204216252794	1850	26.042399343185668	0.0	955231	4278.891707900245	0.7	1.85
32571.683611074022	1850	24.56300452195362	0.0	968026	5479.394821232048	0.7	1.85
32576.384955067562	1850	23.861660528414305	0.0	874175	4701.3439935393135	0.7	1.85
32584.910072889066	1850	19.336542706911917	0.0	897976	8525.117821502387	0.7	1.85
32598.349442977204	1850	9.897172618775446	0.0	905935	13439.370088136471	0.7	1.85
32605.919175305968	1850	6.327440290012302	0.0	1076599	7569.732328763144	0.7	1.85
32607.735894931393	1200	8.510720664584525	0.0	487160	1816.7196254277767	0.7	0.5499999999999999
32610.647993976687	1200	9.598621619293715	0.0	622896	2912.0990452908095	0.7	1.2
32614.388893998614	1200	9.857721597365481	0.0	641447	3740.9000219282325	0.7	1.2
32619.07287837587	1200	9.173737220108215	0.0	570392	4683.984377257267	0.7	1.2
32624.137783325255	1200	8.108832270728119	0.0	620283	5064.904949380096	0.7	1.2
32626.610338669612	750	9.63627692636874	0.0	369834	2472.5553443593776	0.7	0.3
32629.590644109638	750	10.655971486345667	0.0	412837	2980.3054400230735	0.7	0.75
32635.350682613356	1200	8.89593298262516	0.0	690253	5760.038503720507	0.7	0.75
32639.56409116605	1200	8.682524429934503	0.0	598727	4213.408552690657	0.7	1.2
32643.482080386613	1200	8.76453520936954	0.0	487812	3917.989220564962	0.7	1.2
32647.471635650683	1200	8.774979945299572	0.0	575591	3989.5552640699684	0.7	1.2
32653.24861280554	1200	6.998002790443335	0.0	605884	5776.977154856237	0.7	1.2
32657.424533099213	750	6.822082496769113	0.0	390680	4175.920293674222	0.7	0.3
32659.297172582676	750	8.949443013305107	0.0	345516	1872.6394834640066	0.7	0.75
32661.24725613622	750	10.999359459760923	0.0	384505	1950.0835535441831	0.7	0.75
32662.95600242217	750	13.290613173810817	0.0	372093	1708.7462859501063	0.7	0.75
32665.92472833681	1200	14.321887259169593	0.0	634861	2968.7259146412234	0.7	0.75
32670.048273473185	1200	14.198342122794427	0.0	630203	4123.5451363751645	0.7	1.2
32686.707294526183	1850	4.0	2.460678930204562	982064	16659.02105299899	0.7	-9.380919399879616
32688.514678977666	750	6.192615548517101	0.0	331053	1807.384451482899	0.7	-0.3500000000000001
32690.617652839457	1200	8.08964168672559	0.0	550906	2102.9738617915104	0.7	0.75
32692.21596296949	750	10.491331556692895	0.0	450283	1598.3101300326946	0.7	0.75
32693.167294830448	750	13.539999695731531	0.0	398865	951.3318609613654	0.7	0.75
32694.03239420513	750	16.67490032105113	0.0	350812	865.0993746804003	0.7	0.75
32695.862716573152	1200	18.844577953030107	0.0	617681	1830.3223680210235	0.7	0.75
32697.80157433563	1200	20.90572019055318	0.0	652874	1938.8577624769262	0.7	1.2
32699.326751090484	1200	23.3805434356978	0.0	520315	1525.1767548553787	0.8	1.2
32702.32614831084	1850	24.381146215343012	0.0	905515	2999.3972203547883	0.8	1.2000000000000002
32707.385030531874	2850	23.322263994311736	0.0	1638769	5058.882221031276	0.8	1.85
32711.89243085457	2850	22.81486367161491	0.0	1348011	4507.400322696826	0.8	2.85
32721.529504962706	2850	17.17778956348126	0.0	1429765	9637.07410813365	0.8	2.85
32735.612004320978	2850	7.09529020520776	0.0	1354548	14082.499358273499	0.8	2.85
32742.569734901044	1850	4.137559625144127	0.0	917428	6957.730580063633	0.8	0.8500000000000001
32744.48285848615	750	6.224436040040606	0.0	386351	1913.1235851035221	0.8	-0.3500000000000001
32747.391132643916	1200	7.316161882274224	0.0	687371	2908.2741577663824	0.8	0.75
32750.343773060933	1200	8.363521465258104	0.0	526950	2952.6404170161195	0.8	1.2
32752.328069273222	1200	10.37922525297016	0.0	587876	1984.2962122879458	0.8	1.2
32754.815114991074	1200	11.892179535119173	0.0	617242	2487.045717850988	0.8	1.2
32758.212302690397	1200	12.494991835793734	0.0	581493	3397.187699325439	0.8	1.2
32762.192243421796	1200	12.515051104396164	0.0	639204	3979.9407313975685	0.8	1.2
32769.236785534544	1200	9.470508991648757	0.0	586839	7044.542112747409	0.8	1.2
32781.662257038384	1200	4.0	2.954962512188351	601738	12425.471503837107	0.8	-11.506338802409909
32788.42076036754	750	4.0	2.7585033291498813	399894	6758.503329149881	0.8	-11.561564315344489
32792.36482148666	750	4.0559388808759405	0.0	401853	3944.0611191240596	0.8	0.75
32794.331522072505	300	6.0892382950297925	0.0	137654	1966.7005858461475	0.8	-0.15000000000000002
32797.32700840845	300	7.09375195908399	0.0	146754	2995.4863359458022	0.8	0.3
32800.918193686084	300	7.502566681447937	0.0	153938	3591.1852776360533	0.75	0.3
32804.71264077025	300	7.708119597281763	0.0	181901	3794.447084166175	0.75	0.3

