32183.579141939856	750	4.0	5.693969597015465	450283	5693.969597015464	0.75	-23.734069267166497
32185.38247853503	300	6.1966634048252285	0.0	155580	1803.336595174772	0.75	-0.15000000000000002
32186.87145067016	300	8.707691269693635	0.0	139857	1488.9721351315945	0.75	0.3
32188.45495982975	300	11.12418211010765	0.0	155432	1583.509159585983	0.75	0.3
32190.164880433655	300	13.414261506198569	0.0	163442	1709.920603909083	0.75	0.3
32193.34295647084	750	14.236185469015979	0.0	318564	3178.076037182592	0.75	0.3
32197.02595123777	750	14.553190702083322	0.0	352642	3682.9947669326557	0.75	0.75
32201.525576765085	750	14.053565174767915	0.0	437162	4499.625527315407	0.75	0.75
32205.106552700294	750	14.472589239560872	0.0	374758	3580.975935207043	0.75	0.75
32208.82253072668	750	14.75661121317609	0.0	362795	3715.978026384783	0.75	0.75
32212.76855898763	750	14.810582952223687	0.0	353220	3946.0282609524015	0.75	0.75
32217.060242144576	750	14.518899795279566	0.0	405134	4291.683156944123	0.75	0.75
32222.091007262436	750	13.488134677420708	0.0	386351	5030.765117858857	0.75	0.75
32227.86390398279	750	11.715237957061689	0.0	434409	5772.89672035902	0.75	0.75
32231.556330334413	750	12.022811605439177	0.0	337059	3692.4263516225114	0.75	0.75
32236.101165867123	750	11.477976072729616	0.0	366214	4544.835532709562	0.75	0.75
32241.506603291225	750	10.072538648628017	0.0	360831	5405.437424101599	0.75	0.75
32246.923489917113	750	8.655652022738836	0.0	372963	5416.886625889179	0.75	0.75
32251.628129613036	750	7.951012326813959	0.0	405596	4704.639695924878	0.75	0.75
32255.806688916025	750	7.772453023827413	0.0	350713	4178.559302986546	0.75	0.75
32262.572714159312	750	5.006427780538804	0.0	386472	6766.02524328861	0.75	0.75
32266.16129323127	300	5.417848708581239	0.0	157812	3588.579071957564	0.75	-0.15000000000000002
32270.478877290065	300	5.100264649784448	0.0	163927	4317.584058796791	0.75	0.3
32273.004228921887	300	6.574913017964016	0.0	137654	2525.3516318204324	0.75	0.3
32275.01875917874	300	8.560382761111738	0.0	146754	2014.530256852279	0.75	0.3
32276.702551824837	300	10.876590115012469	0.0	153938	1683.7926460992699	0.75	0.3
32278.64946515942	300	12.929676780430004	0.0	181901	1946.9133345824657	0.75	0.3
32279.94069582261	300	15.638446117236649	0.0	111155	1291.230663193356	0.75	0.3
32281.704639408283	300	17.874502531565586	0.0	153605	1763.9435856710588	0.75	0.3
32282.945132769135	300	20.634009170713036	0.0	149029	1240.4933608525516	0.75	0.3
32286.937428337566	750	20.641713602281076	0.0	358218	3992.2955684319563	0.75	0.3
32291.682724585437	750	19.896417354411245	0.0	400322	4745.296247869833	0.75	0.75
32296.79237496785	750	18.786766971998674	0.0	369834	5109.65038241257	0.75	0.75
32307.708623720708	750	11.870518219137391	0.0	412837	10916.248752861282	0.75	0.75
32319.203658192408	750	4.375483747438372	0.0	401088	11495.03447169902	0.75	0.75
32322.034589827475	300	5.544552112372811	0.0	159914	2830.93163506556	0.75	-0.15000000000000002
32323.92553002849	300	7.653611911358253	0.0	131610	1890.9402010145586	0.75	0.3
32325.81782123459	300	9.761320705258113	0.0	124011	1892.2912061001405	0.75	0.3
32328.15210348526	300	11.427038454586333	0.0	144254	2334.2822506717803	0.75	0.3
32330.38485227222	300	13.19428966762672	0.0	149991	2232.7487869596143	0.75	0.3
32332.31972926554	300	15.259412674308365	0.0	147968	1934.8769933183537	0.75	0.3
32333.633615733874	300	17.945526205973554	0.0	161857	1313.886468334809	0.75	0.3
32334.810914588536	300	20.76822735131141	0.0	145210	1177.298854662145	0.75	0.3
32336.003531257626	300	23.57561068222434	0.0	172312	1192.6166690870666	0.75	0.3
32339.79597753053	1200	23.78316440931912	0.0	630203	3792.446272905221	0.75	0.29999999999999993
32348.35732314717	1850	19.221818792680295	0.0	982064	8561.345616638824	0.75	1.2000000000000002
32355.32430033672	1850	16.254841603126962	0.0	830730	6966.977189553333	0.7	1.85
32377.758901223144	2850	4.0	6.179759283294501	1364537	22434.600886421464	0.7	-24.722964918166355
32387.429740061794	750	4.0	5.6708388386465955	450283	9670.838838646596	0.7	-23.63460700618036
32392.034266512903	300	4.0	0.6045264511108198	155580	4604.52645111082	0.75	-2.7494637397765254
32395.997376787047	300	4.036889725856965	0.0	139857	3963.110274143035	0.75	0.3
32398.932298155527	300	5.101968357377676	0.0	155432	2934.921368479289	0.75	0.3
32401.98493333014	300	6.049333182766155	0.0	163442	3052.635174611521	0.75	0.3
32403.91659547352	300	8.11767103938331	0.0	126289	1931.6621433828445	0.75	0.3
32407.047278336817	300	8.986988176088117	0.0	153295	3130.682863295195	0.75	0.3
32410.978611979055	300	9.055654533847768	0.0	173849	3931.333642240348	0.75	0.3
32413.79794611657	300	10.236320396334133	0.0	150710	2819.3341375136347	0.75	0.3
32416.92654013525	300	11.107726377653927	0.0	139105	3128.594018680205	0.75	0.3
32421.471228193528	300	10.563038319375085	0.0	141840	4544.688058278843	0.75	0.3
32426.242741742117	300	9.791524770790334	0.0	156148	4771.513548584751	0.75	0.3
32431.29836024746	300	8.735906265447596	0.0	160746	5055.618505342739	0.75	0.3
32436.126207087356	300	7.908059425548663	0.0	179801	4827.8468398989335	0.75	0.3
32439.163324078258	300	8.870942434648928	0.0	140051	3037.116990899734	0.75	0.3
32441.614904357124	300	10.41936215578264	0.0	138313	2451.58027886629	0.75	0.3
32443.852283521723	300	12.181982991182082	0.0	143509	2237.3791646005584	0.75	0.3
32445.398088802536	300	14.636177710368402	0.0	150616	1545.8052808136795	0.75	0.3
32447.11793279452	300	16.916333718381527	0.0	165384	1719.8439919868738	0.75	0.3
32449.10305936503	300	18.931207147877803	0.0	140881	1985.1265705037274	0.75	0.3
32451.307764374535	300	20.726502138367113	0.0	157671	2204.705009510689	0.75	0.3
32453.05114491181	300	22.983121601090225	0.0	157812	1743.380537276889	0.75	0.3
32456.700995504354	750	23.333271008548138	0.0	401853	3649.8505925420864	0.75	0.3
32461.316580119492	750	22.717686393409256	0.0	343800	4615.584615138882	0.75	0.75
32471.281544816808	750	16.75272169609471	0.0	359903	9964.964697314545	0.75	0.75
32483.043389375413	750	8.990877137489388	0.0	379700	11761.844558605324	0.75	0.75
32491.05335786161	750	4.9809086512911405	0.0	425781	8009.968486198247	0.75	0.75
32492.204633075486	300	7.829633437414177	0.0	111155	1151.275213876964	0.75	-0.15000000000000002
32494.282476498116	300	9.75179001478398	0.0	153605	2077.843422630198	0.75	0.3
32496.383652636876	300	11.650613876027041	0.0	149029	2101.1761387569377	0.75	0.3

