1.9602828539084163	750	4.0	1.9602828539084163	450283	1960.2828539084162	1	-7.67921627180619
4.1449709726747885	750	5.815311881233627	0.0	398865	2184.6881187663726	0.9049658558858393	0.75
5.706482167053255	750	8.253800686855161	0.0	350812	1561.5111943784655	0.9049658558858393	0.75
7.14691736650655	750	10.813365487401867	0.0	382355	1440.4351994532958	0.9049658558858393	0.75
9.915048098371296	1200	12.045234755537123	0.0	652874	2768.130731864744	0.9049658558858393	0.75
12.44457755255691	1200	13.51570530135151	0.0	520315	2529.529454185615	0.9049658558858393	1.2
15.180258489789798	1200	14.78002436411862	0.0	561791	2735.6809372328876	0.9049658558858393	1.2
17.346544130816078	1200	16.613738723092343	0.0	709534	2166.2856410262793	0.9049658558858393	1.2
19.849709351967405	1200	18.110573501941012	0.0	584846	2503.165221151328	0.9049658558858393	1.2
23.28914217345279	1200	18.67114068045563	0.0	560821	3439.432821485384	0.9049658558858393	1.2
28.569279275502204	1200	17.391003578406213	0.0	607410	5280.137102049416	0.9049658558858393	1.2
33.429327865315265	1200	16.53095498859315	0.0	594078	4860.048589813062	0.9049658558858393	1.2
38.342668034073576	1200	15.61761481983484	0.0	624282	4913.340168758312	0.9049658558858393	1.2
44.585419938892414	1200	13.374862915016001	0.0	687371	6242.751904818838	0.9049658558858393	1.2
47.919960710135435	750	14.040322143772988	0.0	337059	3334.5407712430138	0.9049658558858393	0.3
50.5639022730259	750	15.396380580882521	0.0	366214	2643.9415628904667	0.9049658558858393	0.75
52.87335143248122	750	17.086931421427202	0.0	360831	2309.449159455321	0.9049658558858393	0.75
55.12781216579006	750	18.83247068811836	0.0	372963	2254.4607333088447	0.9049658558858393	0.75
56.77783412748019	750	21.182448726428234	0.0	405596	1650.0219616901277	0.9049658558858393	0.75
58.32213258145291	750	23.638150272455512	0.0	350713	1544.2984539727217	0.9049658558858393	0.75
60.22353887499885	750	25.736743978909573	0.0	386472	1901.4062935459388	0.6677079489870709	0.75
64.78290872870122	1850	25.177374125207198	0.0	955231	4559.369853702375	0.6677079489870709	0.75
69.95089385053383	1850	24.0093890033746	0.0	968026	5167.985121832602	0.6677079489870709	1.85
74.47136929478965	1850	23.488913559118778	0.0	874175	4520.475444255822	0.6677079489870709	1.85
79.10980684432758	1850	22.850476009580845	0.0	897976	4638.43754953793	0.6677079489870709	1.85
82.99653000352185	1850	22.96375285038657	0.0	905935	3886.7231591942755	0.6677079489870709	1.85
87.7498088349606	1850	22.21047401894783	0.0	1076599	4753.278831438736	0.6677079489870709	1.85
92.6822955953075	1850	21.27798725860093	0.0	758197	4932.486760346904	0.6677079489870709	1.85
98.14547050360972	1850	19.814812350298723	0.0	972798	5463.174908302208	0.6677079489870709	1.85
101.9373691403202	1850	20.022913713588245	0.0	975811	3791.8986367104767	0.6677079489870709	1.85
105.3708221472003	1850	20.589460706708135	0.0	873429	3433.453006880109	0.6677079489870709	1.85
108.62289451029466	1850	21.33738834361378	0.0	954453	3252.072363094354	0.6677079489870709	1.85
111.41561520055141	1850	22.544667653357028	0.0	885062	2792.720690256753	0.6677079489870709	1.85
115.69002571490496	1850	22.270257139003483	0.0	1035329	4274.410514353545	0.6677079489870709	1.85
119.62518731307097	1850	22.335095540837465	0.0	1026056	3935.1615981660184	0.6677079489870709	1.85
121.45727504327114	1850	24.503007810637303	0.0	943942	1832.0877302001613	0.6677079489870709	1.85
124.00901529327042	2850	25.951267560638016	0.0	1139291	2551.740249999289	0.6677079489870709	1.85
128.09967327745804	2850	25.860609576450397	0.0	1499009	4090.6579841876205	0.6677079489870709	2.85
131.92884805660537	2850	26.03143479730307	0.0	1427478	3829.174779147325	0.6677079489870709	2.85
135.99492386375775	2850	25.96535899015069	0.0	1402287	4066.0758071523824	0.6677079489870709	2.85
139.52390581125678	2850	26.436377042651664	0.0	1339500	3528.9819474990236	0.6677079489870709	2.85
143.2038115427817	2850	26.75647131112676	0.0	1527299	3679.9057315249056	0.6677079489870709	2.85
146.3953427941949	2850	27.56494005971354	0.0	1343002	3191.5312514132197	0.6677079489870709	2.85
151.3329042773842	4300	26.627378576524254	0.0	2219102	4937.561483189284	0.6677079489870709	2.8499999999999996
157.66736233630795	4300	24.292920517600514	0.0	2124950	6334.458058923742	0.6677079489870709	4.3
163.47056836236806	4300	22.489714491540386	0.0	2246506	5803.206026060125	0.6677079489870709	4.3
171.49655621191687	4300	18.46372664199158	0.0	1961140	8025.987849548807	0.6677079489870709	4.3
181.0241972899666	4300	12.936085563941862	0.0	2155012	9527.641078049717	0.6677079489870709	4.3
182.64706887755878	750	15.313213976349688	0.0	450283	1622.871587592174	0.6677079489870709	0.75
184.85025495759402	1200	17.11002789631447	0.0	611087	2203.186080035218	0.6677079489870709	0.75
187.87302385504827	1850	18.087258998860214	0.0	877771	3022.7688974542552	0.6677079489870709	1.2000000000000002
193.32013117164072	1850	16.640151682267728	0.0	933276	5447.107316592486	0.6677079489870709	1.85
197.4878860537286	1850	16.47239680017984	0.0	996749	4167.7548820878865	0.6677079489870709	1.85
201.6239538063722	1850	16.336329047536235	0.0	801058	4136.067752643607	0.6677079489870709	1.85
206.31106100226663	1850	15.64922185164184	0.0	905515	4687.107195894395	0.6677079489870709	1.85
211.69562888628764	1850	14.264653967620843	0.0	1060487	5384.567884020997	0.6677079489870709	1.85

