5674.113442606763	750	4.0	2.100206826790785	450283	2100.2068267907853	0.75	-8.280889355200376
5676.6315687125	750	5.481873894263046	0.0	398865	2518.126105736954	0.75	0.75
5678.5070802405535	750	7.60636236620974	0.0	350812	1875.511528053306	0.75	0.75
5680.400955293148	750	9.712487313614304	0.0	382355	1893.8750525954374	0.75	0.75
5682.2005728731565	750	11.912869733607005	0.0	411561	1799.6175800072979	0.75	0.75
5684.488503960415	1200	13.6249386463487	0.0	520315	2287.931087258307	0.75	0.75
5686.869897277968	1200	15.243545328795022	0.0	561791	2381.393317553676	0.7	1.2
5690.569738709968	1200	15.543703896794852	0.0	709534	3699.84143200017	0.7	1.2
5693.4331980621	1200	16.68024454466295	0.0	584846	2863.4593521319025	0.7	1.2
5697.192002082706	1850	16.92144052405824	0.0	913888	3758.8040206047067	0.7	1.2000000000000002
5700.506462519283	1850	17.606980087481446	0.0	939819	3314.460436576793	0.7	1.85
5703.526230407103	1850	18.58721219966093	0.0	917428	3019.767887820521	0.7	1.85
5707.289532280152	1850	18.8239103266113	0.0	946851	3763.3018730496256	0.7	1.85
5711.727207221274	1850	18.386235385490707	0.0	1036454	4437.674941120592	0.7	1.85
5715.308967083973	1850	18.804475522791453	0.0	821631	3581.7598626992544	0.7	1.85
5719.503395778742	1850	18.610046828022668	0.0	923170	4194.428694768786	0.7	1.85
5723.538497428833	1850	18.574945177931543	0.0	966699	4035.1016500911232	0.7	1.85
5726.933231115871	1850	19.180211490893015	0.0	885714	3394.733687038528	0.7	1.85
5731.7614317127955	1850	18.352010893969418	0.0	987708	4828.200596923596	0.7	1.85
5736.544720763148	1850	17.568721843616565	0.0	923755	4783.289050352853	0.7	1.85
5739.471947908802	1850	18.64149469796281	0.0	891604	2927.227145653754	0.7	1.85
5742.922828593804	1850	19.19061401296014	0.0	955231	3450.8806850026685	0.7	1.85
5747.080395698602	1850	19.03304690816188	0.0	968026	4157.56710479826	0.7	1.85
5750.806025686943	1850	19.30741691982152	0.0	874175	3725.629988340359	0.7	1.85
5755.541899532326	1850	18.57154307443823	0.0	897976	4735.873845383289	0.7	1.85
5773.630702842845	2850	4.482739763920396	0.0	1480464	18088.803310517837	0.7	1.85
5778.299832819929	1200	4.0	0.18639021316426987	696376	4669.129977084665	0.7	-1.2514779166063605
5779.763917014476	750	6.535915805452976	0.0	277716	1464.0841945470247	0.7	0.3
5781.771080140817	750	8.52875267911196	0.0	400396	2007.1631263410159	0.7	0.75
5785.09410927785	750	9.205723542079046	0.0	400508	3323.0291370329146	0.7	0.75
5786.988486668819	750	11.311346151110255	0.0	358218	1894.3773909687893	0.7	0.75
5788.821639046778	750	13.478193773150576	0.0	400322	1833.1523779596807	0.7	0.75
5790.300451295738	750	15.999381524190193	0.0	369834	1478.8122489603816	0.7	0.75
5792.3910448190045	750	17.908788000923536	0.0	412837	2090.593523266655	0.7	0.75
5795.38362831885	1200	18.91620450107848	0.0	690253	2992.5834998450578	0.7	0.75
5798.233349634449	1850	20.066483185479417	0.0	943942	2849.7213155990607	0.7	1.2000000000000002
5800.449509115736	1850	21.85032370419224	0.0	728962	2216.159481287181	0.7	1.85
5803.818856381219	1850	22.480976438709657	0.0	938587	3369.3472654825787	0.7	1.85
5806.88027782294	1850	23.41955499698893	0.0	908665	3061.42144172073	0.7	1.85
5811.533507605896	2850	22.766325214032655	0.0	1402287	4653.229782956274	0.7	1.85
5817.226761720044	2850	21.073071099884118	0.0	1339500	5693.254114148538	0.7	2.85
5824.2978697771	2850	18.001963042829427	0.0	1527299	7071.10805705469	0.7	2.85
5829.437379992187	2850	16.862452827741798	0.0	1343002	5139.510215087628	0.7	2.85
5835.5045943708965	2850	14.795238449031956	0.0	1587250	6067.214378709843	0.7	2.85
5841.545661839329	2850	12.754170980600078	0.0	1464921	6041.067468431878	0.7	2.85
5847.705729548182	2850	10.594103271747267	0.0	1483527	6160.067708852812	0.7	2.85
5852.41707520566	2850	9.882757614269554	0.0	1231456	4711.345657477711	0.7	2.85
5859.195797151067	2850	7.104035668861677	0.0	1364537	6778.721945407878	0.7	2.85
5861.909333028219	750	8.39049979170904	0.0	450283	2713.5358771526353	0.7	0.75
5863.4562958159995	750	10.843537003928969	0.0	398865	1546.9627877800722	0.7	0.75
5865.360097903784	1200	12.939734916144815	0.0	571051	1903.8020877841536	0.7	0.75
5868.297188660934	1850	14.002644158994611	0.0	933276	2937.090757150203	0.7	1.2000000000000002
5871.575152270932	1850	14.724680548995904	0.0	996749	3277.963609998708	0.7	1.85
5874.497892538401	1850	15.801940281527502	0.0	801058	2922.7402674684026	0.7	1.85
5877.0733271649015	1850	17.226505655027687	0.0	905515	2575.434626499815	0.7	1.85
5880.096869891202	1850	18.202962928727445	0.0	1060487	3023.5427263002443	0.7	1.85
5883.809133286464	1850	18.490699533465165	0.0	852833	3712.26339526228	0.7	1.85
5891.4328287244525	2850	14.86700409547734	0.0	1429765	7623.695437987827	0.7	1.85
5899.236752809959	2850	11.063080009970497	0.0	1354548	7803.924085506842	0.7	2.85

