17457.503180832224	750	4.0	3.1328471558220468	450283	3132.8471558220467	0.7	-12.7212427700348
17459.959909300054	750	5.54327153216687	0.0	398865	2456.72846783313	0.7	0.75
17461.998569230156	750	7.504611602065916	0.0	350812	2038.6599301009546	0.7	0.75
17464.428492873583	750	9.074687958642482	0.0	382355	2429.923643423433	0.7	0.75
17467.228577591	750	10.27460324122569	0.0	411561	2800.084717416791	0.7	0.75
17469.43214875073	750	12.071032081493824	0.0	318564	2203.571159731866	0.7	0.75
17474.33583179396	1200	11.167349038262415	0.0	561791	4903.68304323141	0.7	0.75
17480.277482482637	1200	9.225698349585857	0.0	709534	5941.650688676558	0.7	1.2
17485.55217119729	1200	7.951009634931884	0.0	584846	5274.688714653973	0.7	1.2
17489.406444568165	1200	8.09673626406052	0.0	560821	3854.2733708713645	0.7	1.2
17495.133244089735	1200	6.369936742491444	0.0	607410	5726.799521569074	0.7	1.2
17498.062542368676	750	7.440638463550087	0.0	405134	2929.2982789413577	0.7	0.3
17501.72670377771	750	7.776477054519452	0.0	386351	3664.1614090306352	0.7	0.75
17504.85342444679	750	8.649756385439819	0.0	434409	3126.7206690796324	0.7	0.75
17507.534982505604	750	9.968198326621323	0.0	337059	2681.558058818497	0.7	0.75
17510.146331131997	750	11.356849700226372	0.0	366214	2611.348626394951	0.7	0.75
17512.836512633243	750	12.666668198982686	0.0	360831	2690.1815012436864	0.7	0.75
17515.81798681354	750	13.685194018681974	0.0	372963	2981.4741803007128	0.7	0.75
17519.570187821548	750	13.932993010673595	0.0	405596	3752.201008008378	0.7	0.75
17522.474391379314	750	15.028789452905295	0.0	350713	2904.2035577683	0.7	0.75
17525.68716185097	750	15.816018981252226	0.0	386472	3212.7704716530707	0.7	0.75
17531.01893717156	1200	14.484243660664244	0.0	616206	5331.775320587983	0.7	0.75
17537.2880518275	1200	12.215129004723723	0.0	656471	6269.1146559405215	0.7	1.2

