25270.07840649213	750	4.0	4.722418988271614	450283	4722.418988271614	1	-19.55640164956794
25271.554012310407	300	6.524394181725228	0.0	155580	1475.6058182747722	0.6107575781632446	-0.15000000000000002
25272.754473054865	300	9.323933437271	0.0	139857	1200.460744454228	0.6107575781632446	0.3
25273.902638927546	300	12.175767564590338	0.0	155432	1148.1658726806618	0.6107575781632446	0.3
25276.825030039832	750	13.25337645230531	0.0	411561	2922.391112285027	0.6107575781632446	0.3
25279.43821183599	750	14.64019465614395	0.0	318564	2613.1817961613597	0.6107575781632446	0.75
25282.154933322396	750	15.92347316973761	0.0	352642	2716.7214864063412	0.6107575781632446	0.75
25285.481659306355	750	16.596747185778746	0.0	437162	3326.725983958862	0.6107575781632446	0.75
25288.597772169258	750	17.48063432287646	0.0	374758	3116.1128629022865	0.6107575781632446	0.75
25292.24274466282	750	17.83566182931458	0.0	362795	3644.972493561881	0.6107575781632446	0.75
25296.275894993858	750	17.802511498278193	0.0	353220	4033.150331036388	0.6107575781632446	0.75
25300.870980745003	750	17.207425747130337	0.0	405134	4595.085751147856	0.6107575781632446	0.75
25307.448381313403	750	14.630025178730076	0.0	386351	6577.4005684002595	0.6107575781632446	0.75
25314.904651113644	750	11.17375537848828	0.0	434409	7456.2698002417965	0.6107575781632446	0.75
25318.550799012242	750	11.527607479889246	0.0	337059	3646.1478985990343	0.6107575781632446	0.75
25321.6606284871	750	12.417778005029277	0.0	366214	3109.829474859969	0.6107575781632446	0.75
25324.441430753708	750	13.636975738423164	0.0	360831	2780.8022666061133	0.6107575781632446	0.75
25328.337008320235	750	13.741398171895257	0.0	372963	3895.5775665279048	0.6107575781632446	0.75
25334.38489986422	750	11.693506627912138	0.0	405596	6047.891543983119	0.6107575781632446	0.75
25339.424434118428	750	10.65397237370426	0.0	350713	5039.534254207878	0.6107575781632446	0.75
25344.110078415455	750	9.968328076679786	0.0	386472	4685.644297024475	0.14429508923983386	0.75
25348.95214037816	750	9.126266113975962	0.0	399894	4842.061962703822	0.14429508923983386	0.75
25353.31346770376	750	8.764938788374081	0.0	401853	4361.327325601879	0.14429508923983386	0.75
25357.173432419837	750	8.90497407229738	0.0	343800	3859.964716076701	0.14429508923983386	0.75
25361.881278059238	750	8.197128432898829	0.0	359903	4707.845639398552	0.14429508923983386	0.75
25367.94648865784	750	6.1319178342956695	0.0	379700	6065.21059860316	0.14429508923983386	0.75
25374.369078541316	750	4.0	0.29067204918119116	425781	6422.58988347686	0.14429508923983386	-0.4998898114791219
25375.884238572817	300	6.484839968500635	0.0	111155	1515.160031499365	0.14429508923983386	-0.15000000000000002
25378.090207048426	300	8.278871492890314	0.0	153605	2205.968475610321	0.14429508923983386	0.3
25380.222891356258	300	10.14618718506341	0.0	149029	2132.6843078269053	0.14429508923983386	0.3
25382.337220459798	300	12.03185808152365	0.0	157421	2114.3291035397597	0.14429508923983386	0.3
25384.666611205914	300	13.702467335408175	0.0	157488	2329.390746115473	0.14429508923983386	0.3
25386.5470780371	300	15.82200050422259	0.0	143881	1880.466831185585	0.14429508923983386	0.3
25392.343756071972	750	14.025322469347532	0.0	412837	5796.678034875056	0.14429508923983386	0.3
25399.635634833096	750	10.733443708226002	0.0	401088	7291.878761121532	0.14429508923983386	0.75
25407.875519518017	750	6.493559023301167	0.0	365161	8239.884684924835	0.14429508923983386	0.75
25411.8811057471	300	6.487972794219633	0.0	131610	4005.5862290815326	0.14429508923983386	-0.15000000000000002
25414.150464789585	300	8.218613751736491	0.0	124011	2269.3590424831414	0.14429508923983386	0.3
25416.599534551922	300	9.76954398939713	0.0	144254	2449.0697623393603	0.14429508923983386	0.3
25419.95425465708	300	10.414823884236704	0.0	149991	3354.7201051604284	0.14429508923983386	0.3
25423.56605900606	300	10.803019535257745	0.0	147968	3611.804348978958	0.14429508923983386	0.3
25427.64908978455	300	10.719988756766757	0.0	161857	4083.030778490987	0.14429508923983386	0.3
25431.651079174924	300	10.717999366392794	0.0	145210	4001.989390373963	0.14429508923983386	0.3
25436.42931820093	300	9.939760340386819	0.0	172312	4778.239026005974	0.14429508923983386	0.3
25439.996990798063	300	10.372087743253703	0.0	167025	3567.6725971331184	0.14429508923983386	0.3
25442.76728932072	300	11.601789220598707	0.0	160064	2770.298522654993	0.14429508923983386	0.3
25447.804437339102	750	10.56464120221748	0.0	331053	5037.148018381227	0.14429508923983386	0.3
25455.174361258934	1200	7.194717282381444	0.0	550906	7369.9239198360365	0.14429508923983386	0.75
25461.219498579547	750	5.149579961768673	0.0	450283	6045.137320612772	0.14429508923983386	0.75
25463.665084749653	300	6.70399379166124	0.0	155580	2445.5861701074323	0.14429508923983386	-0.15000000000000002
25466.01323207405	300	8.355846467267387	0.0	139857	2348.147324393853	0.14429508923983386	0.3
25469.16388015578	300	9.205198385535518	0.0	155432	3150.648081731869	0.14429508923983386	0.3
25473.121138552553	300	9.247939988759775	0.0	163442	3957.2583967757423	0.14429508923983386	0.3
25475.416649017396	300	10.952429523916766	0.0	126289	2295.5104648430092	0.14429508923983386	0.3
25479.679703556958	300	10.689374984356135	0.0	153295	4263.0545395606305	0.14429508923983386	0.3
25484.797883539522	300	9.57119500179246	0.0	173849	5118.1799825636745	0.14429508923983386	0.3
25487.73656756738	300	10.632510973939732	0.0	150710	2938.6840278527284	0.14429508923983386	0.3
25490.131037084815	300	12.238041456505012	0.0	139105	2394.4695174347207	0.14429508923983386	0.3
25492.807912404263	300	13.561166137058436	0.0	141840	2676.875319446577	0.14429508923983386	0.3
25495.616879057274	300	14.752199484045281	0.0	156148	2808.9666530131544	0.14429508923983386	0.3
25498.2655437109	300	16.103534830419587	0.0	160746	2648.664653625695	0.14429508923983386	0.3
25501.45263807201	300	16.916440469309	0.0	179801	3187.0943611105877	0.14429508923983386	0.3
25504.875567537816	300	17.493511003506523	0.0	140051	3422.9294658024755	0.14429508923983386	0.3
25508.95910426584	300	17.409974275481858	0.0	138313	4083.536728024667	0.14429508923983386	0.3
25512.61538185566	300	17.753696685660664	0.0	143509	3656.2775898211958	0.14429508923983386	0.3
25515.80076349044	300	18.568315050881175	0.0	150616	3185.38163477949	0.14429508923983386	0.3
25519.070539081404	300	19.29853945991754	0.0	165384	3269.775590963636	0.14429508923983386	0.3
25521.62711350482	300	20.74196503650147	0.0	140881	2556.5744234160684	0.14429508923983386	0.3
25524.20123753659	300	22.16784100473378	0.0	157671	2574.124031767686	0.14429508923983386	0.3
25526.692657819563	300	23.67642072175788	0.0	157812	2491.420282975906	0.14429508923983386	0.3
25530.928285500322	750	23.44079304099919	0.0	401853	4235.6276807586855	0.14429508923983386	0.3
25536.707158451187	750	21.661920090133968	0.0	343800	5778.872950865221	0.14429508923983386	0.75
25540.870727071964	750	21.498351469358763	0.0	359903	4163.568620775206	0.14429508923983386	0.75
25545.947103241746	750	20.421975299575443	0.0	379700	5076.376169783322	0.14429508923983386	0.75
25550.73311034307	750	19.63596819825156	0.0	425781	4786.007101323881	0.14429508923983386	0.75
25552.767743575692	750	21.6013349656269	0.0	277716	2034.6332326246593	0.14429508923983386	0.75
25555.498031677307	750	22.871046864012236	0.0	400396	2730.2881016146694	0.14429508923983386	0.75
25561.171970487954	1200	21.19710805336297	0.0	641447	5673.938810649261	0.14429508923983386	0.75
25570.517106449213	1200	15.851972092106127	0.0	570392	9345.135961256845	0.14429508923983386	1.2
25579.586503188297	1200	10.782575353021363	0.0	620283	9069.396739084765	0.14429508923983386	1.2

