2.8598146493896546	750	4.0	2.8598146493896546	450283	2859.8146493896547	1	-11.547202992375514
4.738513361645439	750	6.121301287744215	0.0	398865	1878.6987122557848	0.7550706912173206	0.75
6.302302196102046	750	8.55751245328761	0.0	350812	1563.788834456606	0.7550706912173206	0.75
8.453740829336498	750	10.406073820053155	0.0	382355	2151.438633234453	0.7550706912173206	0.75
10.431731315911918	750	12.428083333477735	0.0	411561	1977.9904865754206	0.7550706912173206	0.75
12.734949047641411	1200	14.124865601748242	0.0	520315	2303.217731729491	0.7550706912173206	0.75
14.627387393332908	1200	16.232427256056745	0.0	561791	1892.4383456914989	0.7550706912173206	1.2
17.044356583148037	1200	17.815458066241618	0.0	709534	2416.969189815127	0.7550706912173206	1.2
19.027803830242203	1200	19.832010819147456	0.0	584846	1983.4472470941641	0.7550706912173206	1.2
23.471045508621188	1850	19.388769140768478	0.0	913888	4443.241678378983	0.7550706912173206	1.2000000000000002
27.736317501667294	1850	19.123497147722368	0.0	939819	4265.271993046106	0.7550706912173206	1.85
32.732755709245254	1850	18.127058940144412	0.0	917428	4996.438207577958	0.7550706912173206	1.85
37.630265134167594	1850	17.229549515222068	0.0	946851	4897.509424922346	0.7550706912173206	1.85
43.85900515428592	1850	15.000809495103745	0.0	1036454	6228.740020118322	0.7550706912173206	1.85
47.89089703177633	1850	14.968917617613325	0.0	821631	4031.8918774904187	0.7550706912173206	1.85
51.66130410762183	1850	15.198510541767828	0.0	923170	3770.4070758454973	0.7550706912173206	1.85
55.78410758031601	1850	15.075707069073644	0.0	966699	4122.803472694184	0.7550706912173206	1.85
59.58423732264884	1850	15.27557732674081	0.0	885714	3800.1297423328324	0.7550706912173206	1.85
65.38084428080018	1850	13.478970368589483	0.0	987708	5796.606958151328	0.7550706912173206	1.85
69.43756533545042	1850	13.422249313939238	0.0	923755	4056.7210546502442	0.7550706912173206	1.85
73.04172827249927	1850	13.818086376890385	0.0	891604	3604.1629370488513	0.670477182684845	1.85
77.04548130000266	1850	13.814333349386985	0.0	955231	4003.7530275034005	0.670477182684845	1.85
80.91895373857636	1850	13.940860910813273	0.0	968026	3873.472438573711	0.670477182684845	1.85
84.10272852713979	1850	14.757086122249852	0.0	874175	3183.774788563421	0.670477182684845	1.85
87.41570142265695	1850	15.444113226732696	0.0	897976	3312.972895517156	0.670477182684845	1.85
91.24326225254131	1850	15.616552396848329	0.0	905935	3827.5608298843663	0.670477182684845	1.85
95.6940027467192	1850	15.165811902670438	0.0	1076599	4450.740494177892	0.670477182684845	1.85
98.48898564931046	1850	16.370829000079183	0.0	758197	2794.982902591254	0.670477182684845	1.85
102.26192099787967	1850	16.597893651509963	0.0	972798	3772.9353485692177	0.670477182684845	1.85
105.99474797599215	1850	16.86506667339747	0.0	975811	3732.8269781124886	0.670477182684845	1.85
110.02085308576281	1850	16.83896156362682	0.0	873429	4026.1051097706522	0.670477182684845	1.85
114.79581285522568	1850	16.064001794163946	0.0	954453	4774.959769462876	0.670477182684845	1.85
117.84855546109846	1850	17.01125918829117	0.0	885062	3052.7426058727756	0.670477182684845	1.85
121.1635042077397	1850	17.69631044164992	0.0	1035329	3314.9487466412484	0.670477182684845	1.85
126.04048980488538	1850	16.819324844504248	0.0	1026056	4876.985597145669	0.670477182684845	1.85
129.75778941809375	1850	17.102025231295883	0.0	943942	3717.299613208363	0.670477182684845	1.85
132.37909972565504	1850	18.48071492373457	0.0	728962	2621.310307561314	0.670477182684845	1.85
136.09495717966823	1850	18.7648574697214	0.0	938587	3715.857454013168	0.670477182684845	1.85
139.96593736480116	1850	18.893877284588452	0.0	908665	3870.980185132946	0.670477182684845	1.85
145.21709956150085	1850	17.64271508788874	0.0	930577	5251.162196699711	0.670477182684845	1.85
149.7097071610844	1850	17.150107488305196	0.0	858450	4492.607599583546	0.670477182684845	1.85
155.2427308729974	1850	15.617083776392196	0.0	1025005	5533.023711913	0.670477182684845	1.85
161.0509094741417	1850	13.8089051752479	0.0	886255	5808.178601144295	0.670477182684845	1.85
171.56285651662623	1850	7.296958132763359	0.0	973972	10511.947042484542	0.670477182684845	1.85
176.92123356210365	1200	5.938581087285947	0.0	630203	5358.377045477412	0.670477182684845	0.5499999999999999
178.7403992986476	750	8.11941535074199	0.0	393804	1819.1657365439557	0.670477182684845	0.3
181.26231510593644	1200	9.597499543453159	0.0	538612	2521.915807288832	0.670477182684845	0.75
184.49878020101755	1850	10.361034448372031	0.0	846370	3236.465095081128	0.670477182684845	1.2000000000000002
186.1031792918437	750	12.756635357545893	0.0	450283	1604.399090826139	0.670477182684845	0.75
187.6267466826554	750	15.23306796673417	0.0	398865	1523.5673908117224	0.670477182684845	0.75
189.62128650449	1200	17.23852814489958	0.0	571051	1994.5398218345929	0.670477182684845	0.75
192.28051176472212	1850	18.57930288466747	0.0	933276	2659.2252602321064	0.670477182684845	1.2000000000000002
195.08693974668373	1850	19.77287490270586	0.0	996749	2806.4279819616136	0.670477182684845	1.85
197.2302844502262	1850	21.629530199163376	0.0	801058	2143.3447035424833	0.670477182684845	1.85
199.6062218162914	1850	23.253592833098196	0.0	905515	2375.93736606518	0.670477182684845	1.85
202.42085195899597	1850	24.438962690393605	0.0	1060487	2814.630142704592	0.670477182684845	1.85
204.27608918915948	1850	26.583725460230113	0.0	852833	1855.23723016349	0.670477182684845	1.85
206.97188514690347	1850	27.88792950248611	0.0	913888	2695.795957744004	0.670477182684845	1.85
208.96301016458253	1850	29.896804484807074	0.0	939819	1991.1250176790338	0.670477182684845	1.85
213.60230323820267	4300	29.25751141118693	0.0	2102452	4639.293073620144	0.670477182684845	1.8499999999999996
224.17323773225496	4300	22.68657691713464	0.0	2209463	10570.93449405229	0.670477182684845	4.3

