2.4304790559882594	750	4.0	2.4304790559882594	450283	2430.4790559882595	1	-9.701059940749515
3.5003668984202276	300	6.930112157568032	0.0	155580	1069.8878424319682	1.4624322275176216	-0.15000000000000002
4.63050600917195	300	9.79997304681631	0.0	139857	1130.1391107517218	1.4624322275176216	0.3
5.751312245254517	300	12.679166810733745	0.0	155432	1120.8062360825668	1.4624322275176216	0.3
6.82771079780075	300	15.602768258187512	0.0	163442	1076.3985525462326	1.4624322275176216	0.3
8.85097892926594	750	17.57950012672232	0.0	318564	2023.2681314651904	1.4624322275176216	0.3
10.951844305080767	750	19.478634750907492	0.0	352642	2100.865375814826	1.4624322275176216	0.75
14.106762899192502	750	20.323716156795758	0.0	437162	3154.918594111734	1.4624322275176216	0.75
17.84554237035352	750	20.58493668563474	0.0	374758	3738.779471161018	1.4624322275176216	0.75
20.465241031703204	750	21.965238024285057	0.0	362795	2619.6986613496833	1.4624322275176216	0.75
23.51215841112708	750	22.918320644861183	0.0	353220	3046.9173794238723	1.4624322275176216	0.75
29.211383732650052	750	21.21909532333821	0.0	405134	5699.225321522971	1.4624322275176216	0.75
39.28677796365898	750	15.143701092329282	0.0	386351	10075.394231008928	1.4624322275176216	0.75
49.1595076636803	750	9.270971392307962	0.0	434409	9872.72970002132	1.4624322275176216	0.75
51.89442012128889	300	10.536058934699371	0.0	140051	2734.912457608591	1.4624322275176216	-0.15000000000000002
53.4428909446748	300	12.987588111313457	0.0	138313	1548.4708233859144	1.4624322275176216	0.3
54.8388378388656	300	15.591641217122655	0.0	143509	1395.9468941908015	1.4624322275176216	0.3
56.73460000831679	300	17.695879047671465	0.0	150616	1895.7621694511915	1.4624322275176216	0.3
59.11300501274714	300	19.317474043241116	0.0	165384	2378.4050044303485	1.4624322275176216	0.3
60.42775670177422	300	22.002722354214043	0.0	140881	1314.7516890270747	1.4624322275176216	0.3
63.36070241181315	750	23.069776644175107	0.0	386472	2932.9457100389336	0.6601148703266899	0.3
68.74229908324106	750	21.6881799727472	0.0	399894	5381.59667142791	0.6601148703266899	0.75
71.38144502130417	750	23.049034034684084	0.0	401853	2639.1459380631154	0.6601148703266899	0.75
73.07309784192493	750	25.357381214063327	0.0	343800	1691.6528206207538	0.6601148703266899	0.75
75.00479434110183	750	27.425684714886426	0.0	359903	1931.696499176902	0.6601148703266899	0.75
77.32094659000263	750	29.10953246598562	0.0	379700	2316.152248900806	0.6601148703266899	0.75
79.1747067955204	750	31.25577226046786	0.0	425781	1853.7602055177592	0.6601148703266899	0.75
82.98642993891507	1850	31.444049117073185	0.0	758197	3811.7231433946768	0.6601148703266899	0.75
86.83784577936939	1850	31.592633276618866	0.0	972798	3851.4158404543186	0.6601148703266899	1.85
90.89133695306052	1850	31.539142102927727	0.0	975811	4053.491173691137	0.6601148703266899	1.85
94.44998735084579	1850	31.98049170514245	0.0	873429	3558.650397785274	0.6601148703266899	1.85
99.42320211099982	1850	31.0072769449884	0.0	954453	4973.214760154054	0.6601148703266899	1.85
103.08228579453767	1850	31.34819326145056	0.0	885062	3659.0836835378395	0.6601148703266899	1.85
111.62906132611187	1850	26.801417729876366	0.0	1035329	8546.77553157419	0.6601148703266899	1.85
120.90854164363647	1850	21.521937412351786	0.0	1026056	9279.480317524585	0.6601148703266899	1.85
131.45994057521338	1850	14.970538480774882	0.0	943942	10551.398931576901	0.6601148703266899	1.85
135.29893064731291	1850	15.131548408675343	0.0	728962	3838.9900720995415	0.6601148703266899	1.85
141.32091048007058	1850	13.10956857591769	0.0	938587	6021.979832757652	0.6601148703266899	1.85
146.29996017835737	1200	12.130518877630875	0.0	605884	4979.049698286816	0.6601148703266899	0.5499999999999999
147.9682040333565	750	14.462275022631735	0.0	390680	1668.24385499914	0.6601148703266899	0.3
150.27804769680455	750	16.15243135918371	0.0	345516	2309.8436634480263	0.6601148703266899	0.75
156.01607544392516	1200	14.41440361206308	0.0	641452	5738.02774712063	0.6601148703266899	0.75
160.49897002385214	1200	13.931509032136113	0.0	599477	4482.894579926966	0.6601148703266899	1.2
165.48150798796559	1200	12.948971068022649	0.0	634861	4982.537964113465	0.6601148703266899	1.2
169.9564238613483	1200	12.474055194639933	0.0	630203	4474.915873382718	0.6601148703266899	1.2
174.83174019642485	1200	11.59873885956337	0.0	638661	4875.316335076562	0.6601148703266899	1.2
178.8261256479364	1200	11.604353408051834	0.0	538612	3994.3854515115386	0.6601148703266899	1.2
187.35471953039078	2850	7.075759525597458	0.0	1364537	8528.593882454375	0.6601148703266899	1.2000000000000002
190.93222842675513	750	7.498250629233106	0.0	450283	3577.508896364351	0.6601148703266899	0.75
193.74211705470637	750	8.688362001281867	0.0	398865	2809.8886279512403	0.6601148703266899	0.75
196.9001000713206	750	9.530378984667635	0.0	350812	3157.983016614231	0.6601148703266899	0.75
200.48119491800088	750	9.949284137987368	0.0	382355	3581.0948466802674	0.6601148703266899	0.75
203.613618968585	750	10.816860087403224	0.0	411561	3132.424050584144	0.6601148703266899	0.75
205.82555262112817	750	12.60492643486007	0.0	318564	2211.9336525431527	0.6601148703266899	0.75
207.2763658696569	750	15.154113186331335	0.0	352642	1450.813248528736	0.6601148703266899	0.75
209.35996637312158	750	17.070512682866678	0.0	437162	2083.600503464657	0.6601148703266899	0.75
211.0091702900473	750	19.421308765940942	0.0	374758	1649.2039169257346	0.6601148703266899	0.75
212.3433633825865	750	22.087115673401776	0.0	362795	1334.1930925391664	0.6601148703266899	0.75
216.83591233551218	1850	21.594566720476077	0.0	939819	4492.548952925701	0.6601148703266899	0.75
221.22705187887837	1850	21.20342717710988	0.0	917428	4391.139543366198	0.6601148703266899	1.85
225.12682774648863	1850	21.30365130949965	0.0	946851	3899.7758676102308	0.6601148703266899	1.85
229.72695293749646	1850	20.703526118491787	0.0	1036454	4600.125191007862	0.6601148703266899	1.85
233.06272135048513	1850	21.36775770550312	0.0	821631	3335.768412988665	0.6601148703266899	1.85
236.3385271838414	1850	22.091951872146872	0.0	923170	3275.8058333562494	0.6601148703266899	1.85
239.85356386689452	1850	22.576915189093754	0.0	966699	3515.0366830531157	0.6601148703266899	1.85
243.62970667655895	1850	22.800772379429326	0.0	885714	3776.1428096644254	0.6601148703266899	1.85
247.58004090777575	1850	22.850438148212508	0.0	987708	3950.33423121682	0.6601148703266899	1.85
250.8549231128551	1850	23.575555943133168	0.0	923755	3274.8822050793374	0.6601148703266899	1.85
253.4068431460776	1850	25.023635909910663	0.0	891604	2551.9200332225037	0.6601148703266899	1.85
256.1935416592253	1850	26.236937396762986	0.0	955231	2786.6985131476754	0.6601148703266899	1.85
261.2053020208049	2850	25.225177035183364	0.0	1505760	5011.760361579622	0.6601148703266899	1.85
265.38710644818343	2850	25.043372607804873	0.0	1323990	4181.804427378493	0.6601148703266899	2.85
270.3462066158878	2850	24.084272440100484	0.0	1383735	4959.100167704385	0.6601148703266899	2.85
274.5545455242415	2850	23.875933531746792	0.0	1480464	4208.338908353692	0.6601148703266899	2.85
279.80374869951964	2850	22.626730356468666	0.0	1547572	5249.203175278124	0.6601148703266899	2.85
284.88353929170114	2850	21.546939764287178	0.0	1141971	5079.790592181487	0.6601148703266899	2.85
291.60068296880877	2850	18.829796087179602	0.0	1498470	6717.143677107577	0.6601148703266899	2.85

