2456.4482823528865	750	4.0	2.993897582587049	450283	2993.897582587049	1	-12.12375960512431
2458.972121833512	750	5.4761605193743845	0.0	398865	2523.8394806256156	0.0	0.75
2461.1685671143887	1200	7.2797152384978	0.0	571051	2196.445280876585	0.0	0.75
2462.868003629952	1200	9.580278722934352	0.0	617681	1699.4365155634475	0.0	1.2
2466.0527093891037	1850	10.395572963782787	0.0	996749	3184.705759151566	0.0	1.2000000000000002
2468.503253173387	1850	11.945029179499823	0.0	801058	2450.543784282963	0.0	1.85
2472.4096152384154	2850	12.038667114470773	0.0	1388403	3906.362065029051	0.0	1.85
2477.9463244071144	2850	10.501957945772059	0.0	1638769	5536.709168698713	0.0	2.85
2482.739920997053	2850	9.708361355833143	0.0	1348011	4793.596589938917	0.0	2.85
2487.8706545622304	2850	8.57762779065568	0.0	1429765	5130.733565177464	0.0	2.85
2493.247505790006	2850	7.2007765628800025	0.0	1354548	5376.851227775676	0.0	2.85
2499.6027611229847	2850	4.845521229901324	0.0	1519951	6355.255332978678	0.0	2.85
2503.1772960992666	1850	5.2709862536196415	0.0	946851	3574.5349762816827	0.0	0.8500000000000001
2506.8781792536674	1850	5.570103099218764	0.0	1036454	3700.883154400877	0.0	1.85
2510.291730944042	1850	6.156551408844799	0.0	821631	3413.5516903739654	0.0	1.85
2513.7104916645653	1850	6.737790688321329	0.0	923170	3418.76072052347	0.0	1.85
2517.6455154944174	1850	6.802766858468909	0.0	966699	3935.0238298524205	0.0	1.85
2521.563549838818	1850	6.884732514068512	0.0	885714	3918.034344400398	0.0	1.85
2525.540414851506	1850	6.907867501380283	0.0	987708	3976.8650126882294	0.0	1.85
2529.2809813220497	1850	7.167301030836316	0.0	923755	3740.5664705439667	0.0	1.85
2533.0618126409254	1850	7.386469711960668	0.0	891604	3780.831318875648	0.0	1.85
2537.2484859624083	1850	7.199796390478154	0.0	955231	4186.673321482514	0.0	1.85
2542.8567922651328	1850	5.59149008775392	0.0	968026	5608.306302724233	0.0	1.85
2548.2429714202863	1850	4.205310932600122	0.0	874175	5386.179155153798	0.0	1.85
2551.5650208037805	1200	4.883261549105996	0.0	587236	3322.0493834941262	0.0	0.5499999999999999
2554.7481557107326	1200	5.700126642153886	0.0	590335	3183.1349069521107	0.0	1.2
2559.021540368584	1200	5.426741984302392	0.0	696376	4273.384657851493	0.0	1.2
2563.590341704103	1200	4.857940648783093	0.0	487160	4568.8013355193	0.0	1.2
2568.701676829181	1200	4.0	0.2533944762947622	622896	5111.335125077855	0.0	0.1104037519325225
2571.2155065795073	1200	5.486170249674115	0.0	641447	2513.829750325885	0.0	1.2
2573.2407574100966	1200	7.46091941908481	0.0	570392	2025.250830589304	0.0	1.2
2575.743754981059	1200	8.957921848122782	0.0	620283	2502.997570962028	0.0	1.2
2578.1061752918445	1200	10.595501537336764	0.0	584349	2362.4203107860176	0.0	1.2
2580.805659521883	1200	11.896017307298125	0.0	670129	2699.4842300386395	0.0	1.2
2587.33460582015	2850	9.367071009031212	0.0	1492672	6528.946298266913	0.0	1.2000000000000002
2592.8052058477456	2850	7.896470981435404	0.0	1439896	5470.6000275958095	0.0	2.85
2597.468985115629	2850	7.232691713552011	0.0	1139291	4663.779267883392	0.0	2.85
2604.689079588407	2850	4.012597240774375	0.0	1499009	7220.094472777637	0.0	2.85
2608.394961505093	1850	4.306715324088548	0.0	908665	3705.8819166858275	0.0	0.8500000000000001
2612.056174143611	1850	4.645502685570349	0.0	930577	3661.2126385181987	0.0	1.85
2615.600614601594	1850	5.10106222758724	0.0	858450	3544.440457983109	0.0	1.85
2618.9323058005943	1850	5.769371028586979	0.0	1025005	3331.6911990002613	0.0	1.85
2622.587251069394	1850	6.114425759787293	0.0	886255	3654.945268799686	0.0	1.85
2626.138012383893	1850	6.563664445288234	0.0	973972	3550.761314499059	0.0	1.85
2629.678448992429	1850	7.023227836752683	0.0	958994	3540.4366085355514	0.0	1.85
2635.3637086022854	2850	5.337968226895965	0.0	1483527	5685.259609856717	0.0	1.85
2640.730624190357	2850	4.0	0.028947361175634796	1231456	5366.9155880716	0.0	2.7255263469447706
2647.3504887938584	2850	4.0	2.619864603501337	1364537	6619.864603501337	0.0	-8.415417795055749
2649.5803529947884	750	5.770135799069947	0.0	450283	2229.864200930053	0.0	0.75
2653.9058862406137	1850	5.4446025532449385	0.0	957685	4325.533245825009	0.0	0.75
2657.8674450739363	1850	5.483043719922385	0.0	877771	3961.558833322553	0.0	1.85
2661.8264434142548	1850	5.524045379604022	0.0	933276	3958.998340318363	0.0	1.85
2666.650237734285	1850	4.700251059573785	0.0	996749	4823.794320030237	0.0	1.85

