3.5388403668140223	750	4.0	3.5388403668140223	450283	3538.840366814022	1	-14.467013577300294
4.991239436964218	300	6.5476009298498035	0.0	155580	1452.399070150196	0.753941197058281	-0.15000000000000002
6.329743518856207	300	9.209096847957815	0.0	139857	1338.5040818919888	0.753941197058281	0.3
7.699578066585312	300	11.83926230022871	0.0	155432	1369.8345477291064	0.753941197058281	0.3
9.256183114302432	300	14.28265725251159	0.0	163442	1556.6050477171186	0.753941197058281	0.3
12.714156917635995	750	14.824683449178027	0.0	318564	3457.973803333563	0.753941197058281	0.3
16.67096678364775	750	14.867873583166274	0.0	352642	3956.8098660117525	0.753941197058281	0.75
20.759935651468858	750	14.778904715345165	0.0	437162	4088.9688678211096	0.753941197058281	0.75
25.434475829007003	750	14.10436453780702	0.0	374758	4674.540177538144	0.753941197058281	0.75
28.22911574548718	750	15.309724621326842	0.0	362795	2794.639916480181	0.753941197058281	0.75
30.875329679794266	750	16.663510687019755	0.0	353220	2646.2139343070835	0.753941197058281	0.75
34.0201051301499	750	17.51873523666412	0.0	405134	3144.775450355637	0.753941197058281	0.75
37.39036972325354	750	18.148470643560486	0.0	386351	3370.2645931036354	0.753941197058281	0.75
41.87713539164542	750	17.66170497516861	0.0	434409	4486.765668391875	0.753941197058281	0.75
45.19260134062935	750	18.34623902618468	0.0	337059	3315.46594898393	0.753941197058281	0.75
48.44975629939952	750	19.089084067414515	0.0	366214	3257.154958770167	0.753941197058281	0.75
50.960299472580125	750	20.57854089423391	0.0	360831	2510.5431731806057	0.753941197058281	0.75
53.21016436580747	750	22.32867600100656	0.0	372963	2249.8648932273486	0.753941197058281	0.75
55.701778690237404	750	23.837061676576628	0.0	405596	2491.6143244299296	0.753941197058281	0.75
59.305494111799305	1200	24.233346255014727	0.0	586839	3603.7154215619025	0.753941197058281	0.75
62.914891524855825	1200	24.623948841958214	0.0	601738	3609.397413056516	0.7650777837709358	1.2
67.38470515029448	1200	24.15413521651956	0.0	616206	4469.813625438651	0.7650777837709358	1.2
70.79994179327211	1200	24.738898573541935	0.0	656471	3415.236642977627	0.7650777837709358	1.2
74.75109731182866	1200	24.787743054985384	0.0	536667	3951.1555185565485	0.7650777837709358	1.2
80.53014767528178	1200	23.008692691532268	0.0	587236	5779.050363453116	0.7650777837709358	1.2
87.71519369131721	1200	19.823646675496843	0.0	590335	7185.046016035429	0.7650777837709358	1.2
97.40717701352492	1200	14.131663353289149	0.0	696376	9691.983322207694	0.7650777837709358	1.2
104.10238476193136	1200	11.436455604882699	0.0	487160	6695.2077484064475	0.7650777837709358	1.2
109.58057844130668	750	9.958261925507381	0.0	400396	5478.19367937532	0.7650777837709358	0.3
114.2938666314444	750	9.244973735369676	0.0	400508	4713.288190137704	0.7650777837709358	0.75
118.62687172153208	750	8.911968645281995	0.0	358218	4333.00509008768	0.7650777837709358	0.75
124.85111301583423	750	6.68772735097985	0.0	400322	6224.2412943021445	0.7650777837709358	0.75
127.41889720747004	300	8.119943159344029	0.0	143881	2567.7841916358216	0.7650777837709358	-0.15000000000000002
129.7839000494019	300	9.754940317412183	0.0	163444	2365.002841931846	0.7650777837709358	0.3
131.3348282333738	300	12.204012133440283	0.0	179328	1550.9281839719013	0.7650777837709358	0.3
132.61899686986325	300	14.919843496950815	0.0	159914	1284.1686364894679	0.7650777837709358	0.3
133.69428081742373	300	17.844559549390326	0.0	131610	1075.2839475604915	0.7650777837709358	0.3
134.69229662334473	300	20.84654374346934	0.0	124011	998.0158059209809	0.7650777837709358	0.3
137.3537094511874	750	22.185130915626686	0.0	378327	2661.4128278426533	0.7650777837709358	0.3
139.90423443585067	750	23.634605930963435	0.0	390680	2550.5249846632523	0.7650777837709358	0.75
142.33912457558924	750	25.199715791224868	0.0	345516	2434.8901397385666	0.7650777837709358	0.75
146.54147989271104	1200	24.99736047410307	0.0	641452	4202.3553171218	0.7650777837709358	0.75
150.82116012608566	1200	24.71768024072844	0.0	599477	4279.680233374626	0.7650777837709358	1.2
156.75644502500657	1200	22.782395341807515	0.0	634861	5935.284898920928	0.7650777837709358	1.2
161.71824282101466	1200	21.82059754579942	0.0	630203	4961.797796008094	0.7650777837709358	1.2
166.07562681436775	1200	21.46321355244633	0.0	638661	4357.38399335309	0.7650777837709358	1.2
170.71000372437786	1850	20.828836642436222	0.0	830730	4634.376910010109	0.7650777837709358	1.2000000000000002
178.7196739930494	2850	16.81916637376466	0.0	1364537	8009.67026867156	0.7650777837709358	1.85
181.7131993191567	750	17.825641047657385	0.0	450283	2993.525326107276	0.7650777837709358	0.75
186.4855945405577	1200	17.053245826256365	0.0	611087	4772.395221401019	0.7650777837709358	0.75
190.80181127000458	1200	16.737029096809497	0.0	571051	4316.216729446871	0.7650777837709358	1.2
199.10508691882413	1200	12.433753447989938	0.0	617681	8303.275648819557	0.7650777837709358	1.2
205.87185942052025	750	9.666980946293792	0.0	411561	6766.772501696148	0.7650777837709358	0.3
210.6409025645389	750	8.897937802275132	0.0	318564	4769.04314401866	0.7650777837709358	0.75
212.75042378848883	300	10.7884165783252	0.0	153295	2109.521223949931	0.7650777837709358	-0.15000000000000002
215.22828009693987	300	12.310560269874166	0.0	173849	2477.8563084510347	0.7650777837709358	0.3
217.93726928103038	300	13.601571085783686	0.0	150710	2708.989184090481	0.7650777837709358	0.3
221.41867317753082	300	14.120167189283228	0.0	139105	3481.4038965004584	0.7650777837709358	0.3
224.48423537610537	300	15.054604990708649	0.0	141840	3065.5621985745784	0.7650777837709358	0.3
228.04841607159526	300	15.490424295218792	0.0	156148	3564.1806954898575	0.7650777837709358	0.3
231.2057130346638	300	16.33312733215022	0.0	160746	3157.296963068571	0.7650777837709358	0.3
233.75489009652418	300	17.78395027028985	0.0	179801	2549.1770618603714	0.7650777837709358	0.3
235.9053879741658	300	19.633452392648252	0.0	140051	2150.4978776416	0.7650777837709358	0.3
238.11898358926817	300	21.41985677754588	0.0	138313	2213.5956151023715	0.7650777837709358	0.3
240.32331615054315	300	23.215524216270897	0.0	143509	2204.332561274985	0.7650777837709358	0.3
243.242583478726	300	24.296256888088042	0.0	150616	2919.2673281828534	0.7650777837709358	0.3
246.83876589493383	300	24.70007447188021	0.0	165384	3596.182416207834	0.7650777837709358	0.3
250.69082690133365	300	24.8480134654804	0.0	140881	3852.0610063998097	0.7650777837709358	0.3
253.94258792192173	300	25.596252444892322	0.0	157671	3251.761020588079	0.7650777837709358	0.3
256.46309302341575	300	27.075747343398284	0.0	157812	2520.5051014940373	0.7650777837709358	0.3
259.104377681557	300	28.434462685257035	0.0	163927	2641.2846581412477	0.7650777837709358	0.3
261.5094529989547	300	30.02938736785935	0.0	137654	2405.075317397687	0.7650777837709358	0.3
264.5761612630241	300	30.962679103789917	0.0	146754	3066.708264069431	0.7650777837709358	0.3
268.2140663242664	300	31.324774042547624	0.0	153938	3637.905061242294	0.7650777837709358	0.3
269.9356869408738	300	33.603153425940256	0.0	181901	1721.6206166073687	0.7650777837709358	0.3
270.8731617398295	300	36.66567862698452	0.0	111155	937.4747989557309	0.7650777837709358	0.3
272.22057222713596	300	39.31826813967808	0.0	153605	1347.4104873064448	0.7650777837709358	0.3
275.7395695963367	750	39.79927077047736	0.0	400508	3518.9973692007247	0.7650777837709358	0.3
278.39293947203583	750	41.1459008947782	0.0	358218	2653.369875699156	0.7650777837709358	0.75
281.5072720853448	750	42.03156828146923	0.0	400322	3114.332613308975	0.7650777837709358	0.75
285.80866138551073	1200	41.73017898130332	0.0	584349	4301.389300165906	0.7650777837709358	0.75
291.9351125511048	1200	39.60372781570928	0.0	670129	6126.4511655940405	0.7650777837709358	1.2
298.5185176970605	1200	37.02032266975361	0.0	690253	6583.405145955673	0.7650777837709358	1.2
302.0691898779514	1200	37.469650488862676	0.0	598727	3550.6721808909356	0.7650777837709358	1.2
305.2114489754579	1200	38.32739139135617	0.0	487812	3142.259097506503	0.7650777837709358	1.2
309.0776345298482	1200	38.461205836965945	0.0	575591	3866.1855543902298	0.7650777837709358	1.2
312.75337178816244	1200	38.785468578651695	0.0	605884	3675.737258314251	0.7650777837709358	1.2
315.85848337384704	1200	39.680356992967106	0.0	587506	3105.1115856845836	0.7650777837709358	1.2
322.5556757038648	1850	36.98316466294935	0.0	858450	6697.192330017755	0.7650777837709358	1.2000000000000002

