24508.156351053527	750	4.0	5.057839080863765	450283	5057.839080863765	0.75	-20.99870804771419
24509.587088568584	300	6.569262484946178	0.0	155580	1430.7375150538228	0.75	-0.15000000000000002
24510.985676804423	300	9.170674249107659	0.0	139857	1398.5882358385181	0.75	0.3
24514.62532867267	750	9.531022380861073	0.0	382355	3639.651868246587	0.75	0.3
24518.286104362007	750	9.87024669152268	0.0	411561	3660.7756893383903	0.75	0.75
24521.108718017687	750	11.047633035842832	0.0	318564	2822.6136556798506	0.75	0.75
24524.221612052304	750	11.934739001227312	0.0	352642	3112.894034615519	0.75	0.75
24527.92896968195	750	12.227381371578854	0.0	437162	3707.3576296484566	0.75	0.75
24531.234739732572	750	12.921611320960993	0.0	374758	3305.770050617861	0.75	0.75
24535.239993610332	750	12.916357443198281	0.0	362795	4005.253877762713	0.75	0.75
24539.670871771046	750	12.485479282485379	0.0	353220	4430.878160712901	0.75	0.75
24543.25942826515	750	12.896922788378749	0.0	405134	3588.556494106629	0.75	0.75
24546.729692536155	750	13.42665851737406	0.0	386351	3470.2642710046885	0.75	0.75
24551.14071471398	750	13.015636339552646	0.0	434409	4411.022177821415	0.75	0.75
24554.093098020894	750	14.063253032639619	0.0	337059	2952.383306913028	0.75	0.75
24559.00066415558	750	13.155686897951337	0.0	366214	4907.566134688282	0.75	0.75
24563.534784354364	750	12.621566699170153	0.0	360831	4534.1201987811855	0.75	0.75
24569.04878988942	750	11.107561164113223	0.0	372963	5514.005535056929	0.75	0.75
24574.091087940917	750	10.065263112617888	0.0	405596	5042.298051495336	0.75	0.75
24577.05735535754	750	11.09899569598983	0.0	350713	2966.2674166280576	0.75	0.75
24580.214546067644	750	11.941804985887181	0.0	386472	3157.1907101026477	0.75	0.75
24584.103783059218	750	12.052567994314254	0.0	399894	3889.236991572928	0.75	0.75
24588.498386898307	750	11.657964155220663	0.0	401853	4394.603839093591	0.75	0.75
24591.177359816058	750	12.978991237471183	0.0	343800	2678.9729177494805	0.75	0.75
24595.712999915933	750	12.443351137594222	0.0	359903	4535.6400998769595	0.75	0.75
24598.9326567385	750	13.22369431502787	0.0	379700	3219.656822566351	0.75	0.75
24602.52333923253	750	13.633011820996808	0.0	425781	3590.682494031064	0.75	0.75
24604.748289112715	750	15.408061940815818	0.0	277716	2224.949880180989	0.75	0.75
24607.374508229048	750	16.78184282448359	0.0	400396	2626.219116332231	0.75	0.75
24610.757957340153	750	17.3983937133805	0.0	400508	3383.449111103089	0.75	0.75
24615.968732797763	750	16.187618255767962	0.0	358218	5210.775457612541	0.75	0.75
24623.111971532955	750	13.04437952057519	0.0	400322	7143.238735192771	0.75	0.75
24627.855810944504	750	12.300540109026342	0.0	369834	4743.839411548846	0.75	0.75
24632.663132078305	750	11.493218975226041	0.0	412837	4807.321133800302	0.75	0.75
24638.164842607897	750	9.99150844563326	0.0	401088	5501.71052959278	0.75	0.75
24642.696249957502	750	9.460101096026454	0.0	365161	4531.407349606806	0.75	0.75
24647.218307606006	750	8.93804344752151	0.0	321064	4522.057648504944	0.75	0.75
24648.419485790328	300	11.736865263200725	0.0	124011	1201.1781843207839	0.75	-0.15000000000000002
24649.983935549553	300	14.172415503974797	0.0	144254	1564.4497592259281	0.75	0.3
24651.412703713737	300	16.743647339791067	0.0	149991	1428.7681641837285	0.75	0.3
24655.890958038337	750	16.265393015192263	0.0	345516	4478.254324598805	0.75	0.3
24662.205399803992	750	13.95095124953688	0.0	384505	6314.441765655381	0.75	0.75
24667.87286098256	750	12.283490070969146	0.0	372093	5667.4611785677325	0.75	0.75
24674.815681200118	750	9.340669853411457	0.0	438281	6942.82021755769	0.75	0.75
24681.197036795314	750	6.959314258212085	0.0	398987	6381.355595199372	0.75	0.75
24687.463629474027	750	4.6927215794997235	0.0	393804	6266.592678712361	0.75	0.75
24689.358494720753	300	6.797856332773403	0.0	137507	1894.8652467263205	0.75	-0.15000000000000002
24693.40553377463	750	6.750817278895714	0.0	314107	4047.039053877688	0.75	0.3
24700.38773320293	750	4.0	0.23138214940702345	450283	6982.199428302738	0.75	-0.24494324245020083
24702.687132401235	300	5.7006008016944545	0.0	155580	2299.399198305546	0.75	-0.15000000000000002
24704.092025595695	300	8.295707607233432	0.0	139857	1404.893194461023	0.75	0.3
24705.433549752826	300	10.954183450101645	0.0	155432	1341.5241571317854	0.75	0.3
24706.90195443394	300	13.485778768989558	0.0	163442	1468.4046811120877	0.75	0.3
24708.17680114108	300	16.210932061849853	0.0	126289	1274.8467071397047	0.75	0.3
24709.998332569376	300	18.38940063355444	0.0	153295	1821.5314282954128	0.75	0.3
24716.33825716042	750	16.04947604250688	0.0	437162	6339.924591047563	0.75	0.3
24724.343547656357	750	12.044185546570057	0.0	374758	8005.290495936821	0.75	0.75
24727.845097234836	750	12.54263596808826	0.0	362795	3501.5495784817954	0.75	0.75
24731.03221763472	750	13.35551556820187	0.0	353220	3187.120399886391	0.75	0.75
24736.16508418977	750	12.222649013150827	0.0	405134	5132.866555051043	0.75	0.75
24740.80192769203	750	11.585805510893817	0.0	386351	4636.843502257009	0.75	0.75
24744.98218454976	750	11.405548653161576	0.0	434409	4180.256857732241	0.75	0.75
24748.558722992802	750	11.82901021011807	0.0	337059	3576.538443043504	0.75	0.75
24752.202424993353	750	12.185308209572264	0.0	366214	3643.702000545806	0.75	0.75
24755.964582892688	750	12.423150310237771	0.0	360831	3762.157899334491	0.75	0.75
24762.136961653392	750	10.250771549532868	0.0	372963	6172.378760704906	0.75	0.75
24765.759211910023	750	10.628521292901654	0.0	405596	3622.2502566312123	0.75	0.75
24768.281377175583	750	12.106356027340675	0.0	350713	2522.165265560979	0.75	0.75
24771.653270378207	750	12.73446282471997	0.0	386472	3371.8932026207053	0.75	0.75
24774.472713133735	750	13.91502006919321	0.0	399894	2819.44275552676	0.75	0.75
24777.57860232824	750	14.809130874686813	0.0	401853	3105.889194506398	0.75	0.75
24779.675628375222	750	16.712104827704877	0.0	343800	2097.0260469819377	0.75	0.75
24784.056052284905	750	16.33168091802058	0.0	359903	4380.423909684293	0.75	0.75
24789.406378126543	750	14.981355076382483	0.0	379700	5350.3258416381	0.75	0.75
24798.894220721064	750	9.493512481861943	0.0	425781	9487.84259452054	0.75	0.75
24805.270509367478	750	7.117223835446619	0.0	277716	6376.2886464153235	0.75	0.75
24808.89648324556	750	7.491249957363089	0.0	400396	3625.9738780835296	0.75	0.75
24812.27845607267	750	8.109277130253892	0.0	400508	3381.972827109198	0.75	0.75
24814.926424839494	750	9.461308363429287	0.0	358218	2647.9687668246042	0.75	0.75
24819.229548810537	750	9.158184392385847	0.0	400322	4303.123971043439	0.75	0.75
24821.00960670138	300	11.378126501542177	0.0	143881	1780.0578908436714	0.75	-0.15000000000000002

