4.594934407378574	750	4.0	4.594934407378574	450283	4594.934407378574	1	-19.008217951727868
5.578397118862336	300	7.016537288516239	0.0	155580	983.462711483761	0.7374636462626418	-0.15000000000000002
6.698231330091057	300	9.896703077287517	0.0	139857	1119.8342112287223	0.7374636462626418	0.3
7.9021949006387455	300	12.692739506739828	0.0	155432	1203.9635705476885	0.7374636462626418	0.3
13.100971661251767	750	11.493962746126806	0.0	411561	5198.776760613022	0.7374636462626418	0.3
15.542459983822585	750	13.052474423555989	0.0	318564	2441.4883225708177	0.7374636462626418	0.75
19.646824115366122	750	12.948110292012455	0.0	352642	4104.364131543534	0.7374636462626418	0.75
25.665316504035147	750	10.92961790334343	0.0	437162	6018.492388669024	0.7374636462626418	0.75
33.82779492172325	750	6.767139485655326	0.0	374758	8162.478417688105	0.7374636462626418	0.75
36.73994455007628	300	7.8549898573023	0.0	139105	2912.1496283530255	0.7374636462626418	-0.15000000000000002
38.63160696705434	300	9.963327440324246	0.0	141840	1891.6624169780541	0.7374636462626418	0.3
40.15470386023361	300	12.440230547144974	0.0	156148	1523.0968931792715	0.7374636462626418	0.3
41.5637139643996	300	15.031220442978986	0.0	160746	1409.0101041659893	0.7374636462626418	0.3
43.09101251419493	300	17.503921893183648	0.0	179801	1527.298549795337	0.7374636462626418	0.3
44.32781161927346	300	20.267122788105123	0.0	140051	1236.7991050785245	0.7374636462626418	0.3
47.56267081542146	750	21.03226359195712	0.0	366214	3234.8591961480065	0.7374636462626418	0.3
51.616920765309104	750	20.978013642069474	0.0	360831	4054.2499498876446	0.7374636462626418	0.75
56.04533873821238	750	20.549595669166198	0.0	372963	4428.417972903272	0.7374636462626418	0.75
60.529244588145744	750	20.06568981923283	0.0	405596	4483.90584993337	0.7374636462626418	0.75
68.78768755551489	750	15.807246851863688	0.0	350713	8258.442967369141	0.7374636462626418	0.75
80.06286139480689	750	8.532073012571695	0.0	386472	11275.173839291994	0.848271565165162	0.75
84.9385335997547	300	7.656400807623862	0.0	157812	4875.672204947833	0.848271565165162	-0.15000000000000002
89.1299156626328	300	7.465018744745762	0.0	163927	4191.3820628780995	0.848271565165162	0.3
91.1796415957605	300	9.415292811618057	0.0	137654	2049.7259331277046	0.848271565165162	0.3
92.43804337194236	300	12.156891035436198	0.0	146754	1258.4017761818602	0.848271565165162	0.3
93.65950181570173	300	14.93543259167683	0.0	153938	1221.4584437593671	0.848271565165162	0.3
95.16694891786004	300	17.427985489518534	0.0	181901	1507.447102158298	0.848271565165162	0.3
96.19191031821533	300	20.403024089163228	0.0	111155	1024.9614003553052	0.848271565165162	0.3
99.48454917586761	750	21.110385231510953	0.0	400396	3292.638857652272	0.848271565165162	0.3
106.51921143959781	1200	18.075722967780756	0.0	641447	7034.662263730201	0.848271565165162	0.75
108.85336810327163	750	19.741566304106936	0.0	358218	2334.156663673823	0.848271565165162	0.3
111.63847748703583	750	20.956456920342745	0.0	400322	2785.1093837641874	0.848271565165162	0.75
114.04505366531022	750	22.549880742068357	0.0	369834	2406.5761782743893	0.848271565165162	0.75
116.74428504995606	750	23.850649357422512	0.0	412837	2699.2313846458414	0.848271565165162	0.75
121.30617984218706	1200	23.28875456519151	0.0	690253	4561.8947922310035	0.848271565165162	0.75
125.23642200351325	1200	23.358512403865316	0.0	598727	3930.2421613261927	0.848271565165162	1.2
127.90379038260659	1200	24.691144024771983	0.0	487812	2667.3683790933324	0.848271565165162	1.2
131.03168407836426	1200	25.5632503290143	0.0	575591	3127.893695757685	0.848271565165162	1.2
135.2260072299155	1200	25.368927177463057	0.0	605884	4194.3231515512425	0.848271565165162	1.2
139.34415656982497	1200	25.250777837553606	0.0	587506	4118.149339909451	0.848271565165162	1.2
143.03876671818293	1200	25.556167689195664	0.0	566904	3694.6101483579428	0.848271565165162	1.2
147.087413500341	1200	25.507520907037573	0.0	641452	4048.6467821580873	0.848271565165162	1.2
150.97532969455082	1200	25.61960471282774	0.0	599477	3887.916194209833	0.848271565165162	1.2
154.90507248474134	1200	25.68986192263725	0.0	634861	3929.7427901904925	0.848271565165162	1.2
159.14007870064674	1200	25.454855706731866	0.0	630203	4235.006215905385	0.848271565165162	1.2
162.85111355918536	1200	25.743820848193252	0.0	638661	3711.0348585386128	0.848271565165162	1.2
170.72126536797194	2850	21.87366903940666	0.0	1231456	7870.15180878659	0.848271565165162	1.2000000000000002
180.2222516063785	2850	16.3726828010001	0.0	1364537	9500.98623840656	0.848271565165162	2.85
182.7432912167815	750	17.851643190597084	0.0	450283	2521.039610403015	0.848271565165162	0.75
185.7135233538334	750	18.88141105354517	0.0	398865	2970.2321370519176	0.848271565165162	0.75
189.44100913802424	750	19.153925269354357	0.0	350812	3727.4857841908115	0.848271565165162	0.75
192.42397952201696	750	20.170954885361606	0.0	382355	2982.97038399275	0.848271565165162	0.75
196.0085095451057	750	20.58642486227288	0.0	411561	3584.5300230887246	0.848271565165162	0.75
198.51175935245016	750	22.083175054928446	0.0	318564	2503.249807344433	0.848271565165162	0.75
200.74630302796987	750	23.848631379408733	0.0	352642	2234.543675519716	0.848271565165162	0.75
203.60384710308327	750	24.991087304295327	0.0	437162	2857.544075113406	0.848271565165162	0.75
206.66803370333653	750	25.92690070404208	0.0	374758	3064.1866002532493	0.848271565165162	0.75
210.8800584219619	750	25.714875985416683	0.0	362795	4212.024718625398	0.848271565165162	0.75
215.99947262541582	750	24.59546178196276	0.0	353220	5119.41420345392	0.848271565165162	0.75
223.29641888045487	750	21.29851552692371	0.0	405134	7296.946255039054	0.848271565165162	0.75
229.2182684678242	750	19.376665939554364	0.0	386351	5921.849587369344	0.848271565165162	0.75
233.6965011603894	750	18.898433246989182	0.0	434409	4478.232692565184	0.848271565165162	0.75
236.5442030713288	750	20.050731336049775	0.0	337059	2847.7019109394064	0.848271565165162	0.75
239.56162912026147	750	21.03330528711711	0.0	366214	3017.4260489326643	0.848271565165162	0.75
242.49210348213938	750	22.102830925239207	0.0	360831	2930.474361877904	0.848271565165162	0.75
245.546204839158	750	23.048729568220583	0.0	372963	3054.1013570186237	0.848271565165162	0.75
248.67097473864462	750	23.923959668734	0.0	405596	3124.7698994865864	0.848271565165162	0.75
251.34325644529238	750	25.25167796208624	0.0	350713	2672.2817066477587	0.848271565165162	0.75
254.51451688539453	750	26.080417521984103	0.0	386472	3171.260440102138	0.848271565165162	0.75
258.0837766587738	750	26.511157748604816	0.0	399894	3569.2597733792873	0.848271565165162	0.75
261.43056871733813	750	27.16436569004046	0.0	401853	3346.7920585643533	0.848271565165162	0.75
264.21697982093946	750	28.37795458643911	0.0	343800	2786.411103601349	0.848271565165162	0.75
267.84276847266455	750	28.752165934714085	0.0	359903	3625.788651725026	0.848271565165162	0.75
272.41166039965594	750	28.18327400772269	0.0	379700	4568.891926991393	0.848271565165162	0.75
277.27562309303886	750	27.319311314339746	0.0	425781	4863.962693382947	0.848271565165162	0.75
280.6386668507754	750	27.956267556603176	0.0	277716	3363.0437577365706	0.848271565165162	0.75
285.27379337847	750	27.3211410289086	0.0	400396	4635.126527694577	0.848271565165162	0.75
288.72463704386433	750	27.870297363514275	0.0	400508	3450.843665394321	0.848271565165162	0.75
292.0921674958757	750	28.502766911502952	0.0	358218	3367.5304520113255	0.848271565165162	0.75
297.17419168837955	750	27.420742718999076	0.0	400322	5082.024192503877	0.848271565165162	0.75
300.6919564212102	750	27.902977986168427	0.0	369834	3517.7647328306516	0.848271565165162	0.75
304.5237708464896	750	28.071163560889023	0.0	412837	3831.814425279404	0.848271565165162	0.75
308.7280456641407	750	27.866888743237894	0.0	401088	4204.274817651127	0.848271565165162	0.75
313.94222826602567	750	26.65270614135296	0.0	365161	5214.182601884931	0.848271565165162	0.75
318.7897155704178	750	25.805218836960805	0.0	321064	4847.487304392156	0.848271565165162	0.75
321.8980784657099	750	26.696855941668762	0.0	361565	3108.362895292044	0.848271565165162	0.75
325.86392384140805	750	26.73101056597058	0.0	378327	3965.8453756981835	0.848271565165162	0.75

