2.7039540741785544	750	4.0	2.7039540741785544	450283	2703.9540741785545	1	-10.877002518967783
4.7274583905787075	750	5.976495683599848	0.0	398865	2023.504316400153	0.718938412551857	0.75
6.341678158234028	750	8.362275915944526	0.0	350812	1614.2197676553199	0.718938412551857	0.75
8.051637944695226	750	10.652316129483326	0.0	382355	1709.9597864611994	0.718938412551857	0.75
12.817970740399744	1200	9.88598333377881	0.0	652874	4766.332795704517	0.718938412551857	0.75
16.686878362359096	1200	10.017075711819457	0.0	520315	3868.907621959353	0.718938412551857	1.2
23.3004383602271	1200	7.403515713951452	0.0	561791	6613.559997868004	0.718938412551857	1.2
26.11855346590412	750	8.585400608274432	0.0	437162	2818.1151056770223	0.718938412551857	0.3
28.494030535621228	750	10.209923538557327	0.0	374758	2375.477069717104	0.718938412551857	0.75
30.59047181134901	750	12.113482262829546	0.0	362795	2096.4412757277805	0.718938412551857	0.75
32.682719735914624	750	14.02123433826393	0.0	353220	2092.247924565615	0.718938412551857	0.75
34.7977114207579	750	15.906242653420653	0.0	405134	2114.9916848432777	0.718938412551857	0.75
37.71536981407753	1200	16.988584260101018	0.0	624282	2917.6583933196334	0.718938412551857	0.75
40.889584563464474	1200	17.814369510714076	0.0	687371	3174.214749386941	0.718938412551857	1.2
43.640066101145926	1200	19.063887973032628	0.0	526950	2750.48153768145	0.718938412551857	1.2
48.52959563171222	1200	18.17435844246634	0.0	587876	4889.529530566291	0.718938412551857	1.2
53.8964611049938	1200	16.807492969184764	0.0	617242	5366.865473281575	0.718938412551857	1.2
57.59174938146705	1200	17.11220469271151	0.0	581493	3695.288276473252	0.718938412551857	1.2
60.50960247737237	1200	18.194351596806186	0.0	639204	2917.8530959053237	0.718938412551857	1.2
69.50582100252217	1200	13.198133071656391	0.0	586839	8996.218525149796	0.718938412551857	1.2
73.95238399363731	750	12.75157008054124	0.0	386472	4446.562991115152	0.6294022878892811	0.3
77.14434425545878	750	13.559609818719771	0.0	399894	3191.9602618214685	0.6294022878892811	0.75
81.51623399136881	750	13.187720082809756	0.0	401853	4371.8897359100165	0.6294022878892811	0.75
83.82985292070501	750	14.874101153473559	0.0	343800	2313.618929336196	0.6294022878892811	0.75
86.39878851859085	750	16.305165555587703	0.0	359903	2568.935597885856	0.6294022878892811	0.75
88.83926381846655	750	17.86469025571199	0.0	379700	2440.47529987571	0.6294022878892811	0.75
91.86390580550602	750	18.84004826867253	0.0	425781	3024.6419870394598	0.6294022878892811	0.75
93.534697996605	750	21.169256077573547	0.0	277716	1670.7921910989828	0.6294022878892811	0.75
97.59297000798679	1200	21.110984066191754	0.0	622896	4058.2720113817904	0.6294022878892811	0.75
101.76071986168158	1200	20.94323421249697	0.0	641447	4167.749853694782	0.6294022878892811	1.2
105.83600327576809	1200	20.86795079841045	0.0	570392	4075.283414086523	0.6294022878892811	1.2
111.67503384614183	1200	19.028920228036714	0.0	620283	5839.030570373735	0.6294022878892811	1.2
115.34839709809296	1200	19.355556976085587	0.0	584349	3673.363251951127	0.6294022878892811	1.2
120.36215299651221	1200	18.34180107766634	0.0	670129	5013.755898419247	0.6294022878892811	1.2
124.12313782405317	1200	18.580816250125363	0.0	690253	3760.9848275409768	0.6294022878892811	1.2
131.95328194543765	1200	14.750672128740867	0.0	598727	7830.144121384494	0.6294022878892811	1.2
139.14168713942016	1200	11.56226693475836	0.0	487812	7188.405193982506	0.6294022878892811	1.2
143.98169480144725	750	10.722259272731277	0.0	361565	4840.007662027085	0.6294022878892811	0.3
148.47176131501314	750	10.232192759165397	0.0	378327	4490.06651356588	0.6294022878892811	0.75
152.01143896520185	750	10.692515108976693	0.0	390680	3539.6776501887034	0.6294022878892811	0.75
154.65302680265407	750	12.050927271524484	0.0	345516	2641.587837452208	0.6294022878892811	0.75
157.0289457435208	750	13.675008330657729	0.0	384505	2375.9189408667553	0.6294022878892811	0.75
159.26523974398236	750	15.438714330196188	0.0	372093	2236.2940004615402	0.6294022878892811	0.75
161.65680978121185	750	17.047144292966703	0.0	438281	2391.570037229486	0.6294022878892811	0.75
163.7003109648692	750	19.00364310930934	0.0	398987	2043.5011836573613	0.6294022878892811	0.75
168.491320744443	1850	18.21263332973554	0.0	982064	4791.009779573806	0.6294022878892811	0.75
173.98189238582157	2850	16.722061688356973	0.0	1231456	5490.571641378561	0.6294022878892811	1.85
180.99445171769386	2850	13.709502356484682	0.0	1364537	7012.559331872293	0.6294022878892811	2.85
183.99464821866627	750	14.709305855512259	0.0	450283	3000.1965009724217	0.6294022878892811	0.75
187.45724659552172	1200	15.246707478656813	0.0	611087	3462.598376855447	0.6294022878892811	0.75
191.17524510779177	1200	15.528708966386775	0.0	571051	3717.998512270037	0.6294022878892811	1.2
195.52230160913348	1200	15.181652465045069	0.0	617681	4347.056501341707	0.6294022878892811	1.2
202.45719687345866	1200	12.246757200719902	0.0	652874	6934.895264325167	0.6294022878892811	1.2
208.1438996428132	1200	10.56005443136534	0.0	520315	5686.70276935456	0.6294022878892811	1.2
211.08563163722403	750	11.618322436954536	0.0	352642	2941.7319944108062	0.6294022878892811	0.3
214.56743846742293	750	12.136515606755633	0.0	437162	3481.806830198902	0.6294022878892811	0.75
217.50848109396432	750	13.195472980214268	0.0	374758	2941.0426265413635	0.6294022878892811	0.75
220.51648278432998	750	14.187471289848595	0.0	362795	3008.0016903656715	0.6294022878892811	0.75
225.36924013726545	750	13.334713936913138	0.0	353220	4852.757352935458	0.6294022878892811	0.75
230.22655828251243	750	12.47739579166618	0.0	405134	4857.318145246961	0.6294022878892811	0.75
234.89730969779094	750	11.806644376387641	0.0	386351	4670.751415278536	0.6294022878892811	0.75
241.85903417659034	750	8.844919897588253	0.0	434409	6961.724478799388	0.6294022878892811	0.75
246.30933174034902	750	8.394622333829542	0.0	337059	4450.2975637587115	0.6294022878892811	0.75
252.09649393383475	750	6.607460140343821	0.0	366214	5787.162193485721	0.6294022878892811	0.75
254.86027728761565	300	7.843676786562941	0.0	143509	2763.783353780879	0.6294022878892811	-0.15000000000000002
258.2601379855705	300	8.44381608860807	0.0	150616	3399.860697954873	0.6294022878892811	0.3
262.6283310406547	300	8.075623033523872	0.0	165384	4368.193055084197	0.6294022878892811	0.3
266.423258763104	300	8.280695311074563	0.0	140881	3794.927722449308	0.6294022878892811	0.3
269.57949404580955	300	9.124460028368974	0.0	157671	3156.235282705589	0.6294022878892811	0.3
271.8297355137316	300	10.874218560446893	0.0	157812	2250.2414679220806	0.6294022878892811	0.3
273.87396614289725	300	12.829987931281218	0.0	163927	2044.2306291656744	0.6294022878892811	0.3
276.15195201342914	300	14.552002060749334	0.0	137654	2277.9858705318848	0.6294022878892811	0.3
278.86359145427974	300	15.840362619898725	0.0	146754	2711.6394408506103	0.6294022878892811	0.3
285.30440073486534	750	13.399553339313108	0.0	379700	6440.809280585618	0.6294022878892811	0.3
294.9918587452955	750	7.712095328882959	0.0	425781	9687.45801043015	0.6294022878892811	0.75
297.35956861914167	300	9.344385455036798	0.0	111155	2367.709873846161	0.6294022878892811	-0.15000000000000002
300.3338133474153	300	10.370140726763125	0.0	153605	2974.244728273671	0.6294022878892811	0.3
302.97048494450695	300	11.733469129671484	0.0	149029	2636.671597091642	0.6294022878892811	0.3
305.6608758617584	300	13.043078212420017	0.0	157421	2690.3909172514673	0.6294022878892811	0.3
308.8948958489584	300	13.809058225220031	0.0	157488	3234.0199871999866	0.6294022878892811	0.3
311.0414165886386	300	15.662537485539895	0.0	143881	2146.520739680135	0.6294022878892811	0.3
312.94916331987133	300	17.75479075430709	0.0	163444	1907.7467312328067	0.6294022878892811	0.3
314.53910915801663	300	20.164844916161826	0.0	179328	1589.9458381452666	0.6294022878892811	0.3
315.9317251365727	300	22.77222893760571	0.0	159914	1392.615978556117	0.6294022878892811	0.3
318.2369915545953	300	24.466962519583113	0.0	131610	2305.2664180225956	0.6294022878892811	0.3
322.8409698681283	750	23.862984206050083	0.0	361565	4603.978313533031	0.6294022878892811	0.3

