2482.464314999897	750	4.0	10.535228578788095	450283	10535.228578788096	0.75	-44.551482888788804
2483.8551619484297	300	6.609153051467327	0.0	155580	1390.8469485326723	0.75	-0.15000000000000002
2485.5377538865278	300	8.926561113369436	0.0	139857	1682.5919380978908	0.75	0.3
2487.8176419658926	300	10.646673034004781	0.0	155432	2279.888079364655	0.75	0.3
2493.080197756651	750	9.38411724324622	0.0	411561	5262.5557907585635	0.75	0.3
2497.008559698604	750	9.455755301293665	0.0	318564	3928.361941952553	0.75	0.75
2502.858540190633	750	7.605774809264675	0.0	352642	5849.980492028991	0.75	0.75
2513.4769138895717	750	4.0	3.012598889674097	437162	10618.373698938773	0.75	-12.204175225598616
2517.6216624169615	300	4.0	0.14474852738999744	150710	4144.748527389997	0.75	-0.772418667776989
2520.1702305976187	300	5.451431819343086	0.0	139105	2548.5681806569137	0.75	0.3
2522.545581245894	300	7.076081171067566	0.0	141840	2375.35064827552	0.75	0.3
2525.4203729831215	300	8.201289433840472	0.0	156148	2874.7917372270954	0.75	0.3
2528.522783094051	300	9.098879322910657	0.0	160746	3102.410110929816	0.75	0.3
2531.462391441906	300	10.159270975055719	0.0	179801	2939.6083478549376	0.75	0.3
2534.113204012276	300	11.508458404685843	0.0	140051	2650.812570369876	0.75	0.3
2536.75349584681	300	12.868166570151965	0.0	138313	2640.291834533879	0.75	0.3
2540.2847140758067	300	13.336948341155141	0.0	143509	3531.2182289968237	0.75	0.3
2542.9604898186712	300	14.661172598290461	0.0	150616	2675.775742864679	0.75	0.3
2545.043274946166	300	16.578387470795544	0.0	165384	2082.785127494918	0.75	0.3
2546.661306418121	300	18.960355998840694	0.0	140881	1618.0314719548494	0.75	0.3
2548.2977651683796	300	21.323897248582206	0.0	157671	1636.4587502584889	0.75	0.3
2549.8326726268338	300	23.788989790127815	0.0	157812	1534.9074584543876	0.75	0.3
2555.1942934465947	750	22.42736897036683	0.0	401853	5361.620819760985	0.75	0.3
2562.197876671668	750	19.42378574529354	0.0	343800	7003.583225073294	0.75	0.75
2568.16564005048	750	17.45602236648223	0.0	359903	5967.76337881131	0.75	0.75
2573.37606570261	750	16.24559671435155	0.0	379700	5210.425652130681	0.75	0.75
2577.914123656092	750	15.707538760869545	0.0	425781	4538.057953482003	0.75	0.75
2581.3322417458076	750	16.289420671153845	0.0	277716	3418.1180897156996	0.75	0.75
2589.685270491387	750	11.936391925574501	0.0	400396	8353.028745579346	0.75	0.75
2599.8211346804515	750	5.800527736510423	0.0	400508	10135.864189064077	0.75	0.75
2603.484035106098	300	6.1376273108637704	0.0	157421	3662.900425646652	0.75	-0.15000000000000002
2606.795175574104	300	6.8264868428573795	0.0	157488	3311.140468006391	0.75	0.3
2610.7488822771384	300	6.872780139822942	0.0	143881	3953.7067030344374	0.75	0.3
2616.255474107792	300	5.3661883091692	0.0	163444	5506.591830653742	0.75	0.3
2621.2645810488953	300	4.357081368066037	0.0	179328	5009.106941103162	0.75	0.3
2624.7150917291033	300	4.906570687858068	0.0	159914	3450.5106802079695	0.75	0.3
2627.4988299770957	300	6.122832439865589	0.0	131610	2783.7382479924777	0.75	0.3
2629.907446388444	300	7.714216028517431	0.0	124011	2408.6164113481595	0.75	0.3
2631.896606953974	300	9.725055462987282	0.0	144254	1989.160565530148	0.75	0.3
2634.858514237627	300	10.763148179334216	0.0	149991	2961.9072836530663	0.75	0.3
2638.793451857657	300	10.828210559304093	0.0	147968	3934.9376200301226	0.75	0.3
2642.7336432831953	300	10.888019133766068	0.0	161857	3940.1914255380234	0.75	0.3
2645.9425345855784	300	11.679127831383028	0.0	145210	3208.8913023830414	0.75	0.3
2649.1663194463504	300	12.455342970611163	0.0	172312	3223.7848607718647	0.75	0.3
2651.6687475701306	300	13.95291484683106	0.0	167025	2502.428123780104	0.75	0.3
2653.962993345362	300	15.658669071599647	0.0	160064	2294.2457752314135	0.75	0.3
2658.728233541226	750	14.89342887573599	0.0	331053	4765.2401958636565	0.75	0.3
2664.9789104368033	1200	12.642751980158533	0.0	550906	6250.676895577456	0.75	0.75
2673.029824633193	750	8.591837783768584	0.0	450283	8050.91419638995	0.75	0.75
2678.7221149064226	750	6.899547510539074	0.0	398865	5692.29027322951	0.75	0.75
2680.146427493718	300	9.475234923244063	0.0	139857	1424.3125872950109	0.75	-0.15000000000000002
2681.6741776357653	300	11.947484781196989	0.0	155432	1527.750142047075	0.75	0.3
2683.1100727677745	300	14.511589649187444	0.0	163442	1435.895132009543	0.75	0.3
2684.2064948301227	300	17.41516758683911	0.0	126289	1096.4220623483334	0.75	0.3
2685.5249810878895	300	20.096681329072098	0.0	153295	1318.4862577670149	0.75	0.3
2688.874920636158	750	20.746741780803493	0.0	437162	3349.9395482686045	0.75	0.3
2692.0620389174846	750	21.559623499476555	0.0	374758	3187.1182813269374	0.75	0.75
2694.6894022777433	750	22.93226013921803	0.0	362795	2627.363360258524	0.75	0.75
2697.4094537259484	750	24.21220869101319	0.0	353220	2720.051448204842	0.75	0.75
2701.163291169018	750	24.458371247943848	0.0	405134	3753.83744306934	0.75	0.75
2708.236992041592	1200	21.384670375369854	0.0	624282	7073.700872573994	0.75	0.75
2720.410828965766	1200	13.210833451195859	0.0	687371	12173.836924173995	0.75	1.2
2724.3018345193636	750	13.319827897598245	0.0	337059	3891.005553597614	0.75	0.3
2727.9901462354105	750	13.631516181551131	0.0	366214	3688.311716047114	0.75	0.75
2732.2388360223076	750	13.382826394653858	0.0	360831	4248.689786897273	0.75	0.75
2736.2754558486804	750	13.346206568281366	0.0	372963	4036.6198263724914	0.75	0.75
2740.1529478699945	750	13.468714546967178	0.0	405596	3877.492021314188	0.75	0.75
2743.5519400086177	750	14.069722408343967	0.0	350713	3398.9921386232104	0.75	0.75
2747.3193042134953	750	14.30235820346652	0.0	386472	3767.3642048774477	0.75	0.75
2751.6216218943177	750	14.000040522644325	0.0	399894	4302.317680822193	0.75	0.75
2755.973499997902	750	13.648162419060053	0.0	401853	4351.878103584271	0.75	0.75
2759.5993682240605	750	14.022294192901276	0.0	343800	3625.8682261587787	0.75	0.75
2763.2236439951635	750	14.398018421798573	0.0	359903	3624.2757711027016	0.75	0.75
2766.404338962084	750	15.217323454878201	0.0	379700	3180.6949669203723	0.75	0.75
2770.4177809013095	750	15.203881515652164	0.0	425781	4013.4419392260393	0.75	0.75
2773.6574499819503	750	15.964212435011365	0.0	277716	3239.6690806407964	0.75	0.75
2781.2942766408337	750	12.327385776127947	0.0	400396	7636.8266588834185	0.75	0.75
2791.84133271868	750	5.780329698281397	0.0	400508	10547.05607784655	0.75	0.75

