4712.733819288858	750	4.0	3.445995646227827	450283	3445.9956462278274	0.7	-14.067781278779655
4715.303317450714	750	5.430501838145294	0.0	398865	2569.4981618547067	0.7	0.75
4718.229985109152	750	6.503834179706132	0.0	350812	2926.6676584391616	0.7	0.75
4727.074463444823	750	4.0	2.3406441559638598	382355	8844.478335669992	0.7	-9.314769870644596
4736.752988437618	750	4.0	5.678524992795501	411561	9678.524992795501	0.7	-23.667657469020654
4738.99725573046	300	5.7557327071575255	0.0	126289	2244.2672928424745	0.7	-0.15000000000000002
4742.043987164196	300	6.709001273422737	0.0	153295	3046.7314337347884	0.7	0.3
4745.560170715638	300	7.192817721979689	0.0	173849	3516.1835514430477	0.7	0.3
4747.823833514943	300	8.929154922675504	0.0	150710	2263.662799304185	0.7	0.3
4750.803522836584	300	9.94946560103411	0.0	139105	2979.6893216413946	0.75	0.3
4753.20696747262	300	11.54602096499853	0.0	141840	2403.4446360355796	0.75	0.3
4755.936606808828	300	12.816381628790849	0.0	156148	2729.639336207681	0.75	0.3
4759.604396386354	300	13.148592051265199	0.0	160746	3667.7895775256493	0.75	0.3
4763.205782228977	300	13.547206208642152	0.0	179801	3601.3858426230468	0.75	0.3
4764.848730718772	300	15.90425771884809	0.0	140051	1642.9484897940622	0.75	0.3
4766.357212258745	300	18.39577617887488	0.0	138313	1508.4815399732115	0.75	0.3
4768.443574233646	300	20.309414203973	0.0	143509	2086.3619749018817	0.75	0.3
4770.824911709581	300	21.9280767280377	0.0	150616	2381.3374759353014	0.75	0.3
4773.132561934811	300	23.620426502808304	0.0	165384	2307.6502252293935	0.75	0.3
4775.62568970461	300	25.127298733009738	0.0	140881	2493.127769798566	0.75	0.3
4780.34732314012	750	24.4056652974996	0.0	386472	4721.633435510138	0.75	0.3
4784.301524003176	750	24.451464434443512	0.0	399894	3954.200863056087	0.75	0.75
4787.956936609049	750	24.796051828569876	0.0	401853	3655.412605873635	0.75	0.75
4791.829276985986	750	24.92371145163281	0.0	343800	3872.3403769370675	0.75	0.75
4796.353298263008	750	24.399690174610743	0.0	359903	4524.021277022064	0.75	0.75
4800.939539016524	750	23.813449421094745	0.0	379700	4586.240753515999	0.75	0.75
4804.684504874747	750	24.06848356287113	0.0	425781	3744.965858223615	0.75	0.75
4807.504956891728	750	25.24803154588959	0.0	277716	2820.4520169815414	0.75	0.75
4811.182181930815	750	25.570806506803294	0.0	400396	3677.225039086298	0.75	0.75
4815.208126871293	750	25.544861566325533	0.0	400508	4025.9449404777606	0.75	0.75
4818.843681499061	750	25.909306938557158	0.0	358218	3635.5546277683734	0.75	0.75
4823.1423903912155	750	25.610598046402185	0.0	400322	4298.708892154973	0.75	0.75
4826.869150943063	750	25.883837494554907	0.0	369834	3726.760551847277	0.75	0.75
4835.317867641263	1200	21.43512079635523	0.0	670129	8448.716698199678	0.75	0.75
4847.946618940718	1200	12.806369496900551	0.0	690253	12628.751299454678	0.75	1.2
4854.659387584127	1200	10.0936008534902	0.0	598727	6712.7686434103525	0.75	1.2
4858.694284529198	1200	10.058703908419627	0.0	487812	4034.8969450705717	0.75	1.2
4861.777310678175	750	10.975677759442991	0.0	361565	3083.026148976636	0.75	0.3
4865.2077592965425	750	11.545229141076089	0.0	378327	3430.448618366904	0.75	0.75
4869.610778576876	750	11.142209860742309	0.0	390680	4403.0192803337795	0.75	0.75
4873.244902790428	750	11.508085647191287	0.0	345516	3634.124213551022	0.75	0.75
4876.406962960354	750	12.346025477264277	0.0	384505	3162.0601699270096	0.75	0.75
4879.815285753033	750	12.937702684584936	0.0	372093	3408.3227926793406	0.75	0.75
4885.430753707322	750	11.322234730296138	0.0	438281	5615.467954288797	0.75	0.75
4888.57662475642	750	12.176363681198177	0.0	398987	3145.8710490979606	0.75	0.75
4894.215166344233	1200	10.537822093385708	0.0	638661	5638.5415878124695	0.75	0.75
4900.199192268861	1200	8.553796168757486	0.0	538612	5984.025924628222	0.75	1.2
4907.514832870143	1850	5.238155567475733	0.0	846370	7315.640601281753	0.75	1.2000000000000002
4911.753591732997	750	4.999396704623129	0.0	450283	4238.758862852605	0.75	0.75
4915.916325624238	750	4.836662813382003	0.0	398865	4162.733891241125	0.75	0.75
4917.597175696347	300	7.155812741272871	0.0	139857	1680.8500721091323	0.75	-0.15000000000000002
4920.449176685664	300	8.303811751955724	0.0	155432	2852.000989317148	0.75	0.3
4926.475363722312	750	6.277624715307045	0.0	411561	6026.187036648678	0.75	0.3
4929.545867559138	750	7.2071208784813825	0.0	318564	3070.5038368256623	0.75	0.75
4932.607091242127	750	8.145897195492045	0.0	352642	3061.2236829893363	0.75	0.75
4936.140599169354	750	8.612389268264774	0.0	437162	3533.507927227271	0.75	0.75
4939.754223871479	750	8.998764566140364	0.0	374758	3613.6247021244103	0.75	0.75
4943.430015523722	750	9.322972913896379	0.0	362795	3675.791652243984	0.75	0.75
4946.730837814789	750	10.022150622829846	0.0	353220	3300.822291066533	0.75	0.75
4950.347887063454	750	10.405101374163955	0.0	405134	3617.049248665892	0.75	0.75
4953.8667862243865	750	10.886202213232357	0.0	386351	3518.8991609315976	0.75	0.75
4957.954194756637	750	10.798793680982628	0.0	434409	4087.4085322497294	0.75	0.75
4961.342169746945	750	11.41081869067397	0.0	337059	3387.974990308658	0.75	0.75
4965.1262423265025	750	11.62674611111599	0.0	366214	3784.07257955798	0.75	0.75
4969.33648808792	750	11.416500349699506	0.0	360831	4210.245761416484	0.75	0.75
4972.932366125429	750	11.820622312190322	0.0	372963	3595.8780375091824	0.75	0.75
4977.338466618333	750	11.41452181928594	0.0	405596	4406.100492904383	0.75	0.75
4983.315995625092	750	9.436992812527464	0.0	350713	5977.529006758476	0.75	0.75
4987.980163153398	750	8.772825284221621	0.0	386472	4664.167528305844	0.75	0.75
4992.6029475170135	750	8.150040920606228	0.0	399894	4622.784363615393	0.75	0.75
4996.862889040454	750	7.890099397165539	0.0	401853	4259.941523440689	0.75	0.75
5001.332332255651	750	7.420656181969772	0.0	343800	4469.443215195767	0.75	0.75
5003.963546336257	300	8.789442101362459	0.0	146754	2631.2140806073116	0.75	-0.15000000000000002
5005.784316004303	300	10.968672433316625	0.0	153938	1820.7696680458337	0.75	0.3
5007.09209440761	300	13.660894030010619	0.0	181901	1307.778403306007	0.75	0.3
5007.926754888501	300	16.8262335491194	0.0	111155	834.6604808912155	0.75	0.3
5010.766191390436	750	17.98679704718385	0.0	400396	2839.4365019355555	0.75	0.3
5015.8517726137015	1200	16.901215823918598	0.0	641447	5085.581223265251	0.75	0.75
5020.400557996646	1200	16.352430440973066	0.0	570392	4548.7853829455335	0.75	1.2
5024.829017969878	1200	15.92397046774236	0.0	620283	4428.459973230705	0.75	1.2
5029.313234849314	1200	15.439753588306441	0.0	584349	4484.216879435918	0.75	1.2
5034.397566807617	1200	14.355421630002114	0.0	670129	5084.331958304328	0.75	1.2

