33765.04785958098	750	4.0	6.819045761582508	450283	6819.045761582508	0.7	-28.571896774804785
33769.43306949871	750	4.0	0.38520991773324387	398865	4385.209917733244	0.7	-0.9064026462529486
33772.98387437864	750	4.449195120072236	0.0	350812	3550.8048799277644	0.7	0.75
33775.66432120345	750	5.768748295259807	0.0	382355	2680.446824812428	0.7	0.75
33777.4468387412	750	7.98623075750711	0.0	411561	1782.5175377526973	0.7	0.75
33778.68857130356	750	10.744498195142741	0.0	318564	1241.7325623643678	0.7	0.75
33780.3420603007	750	13.091009198004839	0.0	352642	1653.4889971379039	0.7	0.75
33782.71519429308	750	14.717875205624647	0.0	437162	2373.133992380192	0.7	0.75
33784.46679898612	750	16.96627051258114	0.0	374758	1751.6046930435054	0.7	0.75
33786.18880409139	750	19.244265407306745	0.0	362795	1722.0051052743968	0.7	0.75
33788.62534385703	1200	20.807725641672477	0.0	607410	2436.5397656342666	0.7	0.75
33792.28018314338	1850	21.152886355316646	0.0	917428	3654.8392863558315	0.7	1.2000000000000002
33796.351294411594	1850	21.08177508711026	0.0	946851	4071.1112682063876	0.7	1.85
33800.82866194073	1850	20.60440755797188	0.0	1036454	4477.367529138379	0.7	1.85
33804.31674077082	1850	21.116328727888874	0.0	821631	3488.0788300830045	0.7	1.85
33813.358889968054	1850	16.07417953065112	0.0	923170	9042.149197237757	0.7	1.85
33825.72308360744	1850	7.709985891270584	0.0	966699	12364.193639380534	0.7	1.85
33830.8502311057	1200	6.582838393009114	0.0	581493	5127.14749826147	0.7	0.5499999999999999

