1992.1440087690128	750	4.0	1.7282306058808998	450283	1728.2306058809	0.7	-6.681391605287869
1992.8217825914055	300	7.32222617760719	0.0	155580	677.7738223928094	0.7	-0.15000000000000002
1994.5181103039288	750	9.625898465083829	0.0	350812	1696.3277125233612	0.7	0.3
1996.3491418530377	750	11.794866915974838	0.0	382355	1831.0315491089887	0.7	0.75
1998.1148181760632	750	14.029190592949371	0.0	411561	1765.6763230254676	0.7	0.75
1999.5357084447503	750	16.608300324262114	0.0	318564	1420.8902686872598	0.7	0.75
2001.001226660578	1200	19.142782108434716	0.0	561791	1465.5182158273942	0.7	0.75
2003.0111001997218	1850	21.13290856929069	0.0	1060487	2009.8735391440225	0.7	1.2000000000000002
2005.9634846208253	2850	22.180524148187047	0.0	1348011	2952.384421103646	0.7	1.85
2009.0808659949987	2850	23.063142774013667	0.0	1429765	3117.38137417338	0.75	2.85
2011.9738192115344	2850	24.170189557477826	0.0	1354548	2892.953216535845	0.75	2.85
2015.8534546210958	4300	24.290554147916293	0.0	2102452	3879.6354095615297	0.8	2.8499999999999996
2020.0246098938494	4300	24.119398875162886	0.0	2209463	4171.155272753406	0.8	4.3
2024.9842082245577	4300	23.159800544454523	0.0	2275376	4959.598330708362	0.8	4.3
2030.2927542427626	4300	21.851254526249576	0.0	2005399	5308.546018204945	0.8	4.3
2035.5769873033646	4300	20.567021465647798	0.0	2152483	5284.23306060178	0.8	4.3
2042.2942950142467	4300	17.849713754765713	0.0	2289689	6717.307710882087	0.8	4.3
2047.2602346682424	4300	16.883774100769696	0.0	2059512	4965.939653996015	0.8	4.3
2052.542884231665	4300	15.601124537347092	0.0	2220726	5282.649563422604	0.8	4.3
2061.100408029895	4300	11.043600739117263	0.0	2156729	8557.52379822983	0.8	4.3
2065.6605824447897	4300	10.483426324222586	0.0	2039773	4560.1744148946755	0.8	4.3
2070.4700895590854	4300	9.673919209927092	0.0	2176469	4809.507114295493	0.8	4.3
2074.967404334773	4300	9.17660443423918	0.0	2221506	4497.314775687912	0.8	4.3
2079.177518750488	4300	8.966490018523956	0.0	2044075	4210.114415715226	0.8	4.3
2085.7344267831636	4300	6.409581985848394	0.0	2186790	6556.908032675562	0.8	4.3
2090.0612999675022	2850	6.0827088015100665	0.0	1480464	4326.873184338328	0.8	1.4000000000000001
2093.3327823210957	2850	6.811226447916908	0.0	1547572	3271.482353593158	0.8	2.85
2096.54483442077	2850	7.599174348242709	0.0	1141971	3212.052099674199	0.8	2.85
2100.3209000400666	2850	7.823108728945532	0.0	1498470	3776.065619297178	0.8	2.85
2105.3766175661476	2850	6.767391202864288	0.0	1561263	5055.717526081244	0.8	2.85
2111.518898448156	2850	4.6251103208559075	0.0	1341201	6142.280882008381	0.8	2.85
2116.180486791029	1850	4.0	0.03647802201695777	954453	4661.588342872865	0.8	0.6931445053270817
2119.9879905470157	1850	4.1924962440134514	0.0	885062	3807.5037559865486	0.8	1.85
2123.010478512435	1850	5.170008278594494	0.0	1035329	3022.4879654189576	0.8	1.85
2125.4179264383347	1850	6.762560352694224	0.0	1026056	2407.44792590027	0.8	1.85
2127.954578699249	1850	8.225908091780246	0.0	943942	2536.6522609139784	0.8	1.85
2131.087623809406	1850	9.092862981622853	0.0	728962	3133.0451101573926	0.8	1.85
2136.8611300041684	1850	7.319356786860468	0.0	938587	5773.506194762384	0.8	1.85
2145.341909230254	1850	4.0	1.1614224392247698	908665	8480.779226085238	0.8	-3.14411648866651

