12311.344963706852	750	4.0	6.650702047500183	450283	6650.702047500184	0.75	-27.84801880425079
12314.553295748228	300	4.7916679586228605	0.0	155580	3208.33204137714	0.75	-0.15000000000000002
12317.306393527197	300	6.038570179654275	0.0	139857	2753.0977789685853	0.75	0.3
12320.895882854415	300	6.449080852435839	0.0	155432	3589.4893272184354	0.75	0.3
12324.390206119544	300	6.9547575873057905	0.0	163442	3494.323265130049	0.75	0.3
12325.9457681952	300	9.399195511649754	0.0	126289	1555.5620756560363	0.75	0.3
12328.199356899579	300	11.145606807272678	0.0	153295	2253.5887043770767	0.75	0.3
12330.774590711342	300	12.570372995509178	0.0	173849	2575.233811763499	0.75	0.3
12337.226308123898	750	10.118655582953284	0.0	374758	6451.717412555894	0.75	0.3
12342.977171615486	750	8.367792091364361	0.0	362795	5750.863491588923	0.75	0.75
12344.902209700022	300	10.44275400682948	0.0	141840	1925.038084534881	0.75	-0.15000000000000002
12347.061736996267	300	12.28322671058437	0.0	156148	2159.527296245108	0.75	0.3
12349.102923712184	300	14.242039994666293	0.0	160746	2041.1867159180788	0.75	0.3
12351.140612247058	300	16.20435145979446	0.0	179801	2037.688534871834	0.75	0.3
12352.711340762	300	18.633622944850643	0.0	140051	1570.7285149438167	0.75	0.3
12354.285355465625	300	21.059608241227078	0.0	138313	1574.0147036235637	0.75	0.3
12358.55944587286	750	20.785517833992404	0.0	360831	4274.090407234672	0.75	0.3
12362.909937054772	750	20.435026652080317	0.0	372963	4350.49118191209	0.75	0.75
12367.9893862723	750	19.355577434552604	0.0	405596	5079.449217527711	0.75	0.75
12372.893562345305	750	18.45140136154702	0.0	350713	4904.176073005583	0.75	0.75
12376.995711897096	750	18.34925180975603	0.0	386472	4102.149551790992	0.75	0.75
12380.460791397523	750	18.884172309328903	0.0	399894	3465.0795004271295	0.75	0.75
12383.804954259269	750	19.540009447583422	0.0	401853	3344.1628617454803	0.75	0.75
12388.220445349483	750	19.124518357370434	0.0	343800	4415.4910902129905	0.75	0.75
12393.083046595242	750	18.26191711161084	0.0	359903	4862.601245759598	0.75	0.75
12397.028848004697	750	18.316115702156583	0.0	379700	3945.8014094542514	0.75	0.75
12400.629970462453	750	18.714993244400194	0.0	425781	3601.1224577563908	0.75	0.75
12403.912424585658	750	19.432539121193813	0.0	277716	3282.454123206384	0.75	0.75
12409.577128732522	750	17.767834974329823	0.0	400396	5664.704146863988	0.75	0.75
12416.89158436929	750	14.453379337562225	0.0	400508	7314.4556367676	0.75	0.75
12420.6500193274	750	14.694944379451918	0.0	358218	3758.434958110306	0.75	0.75
12424.32877037677	750	15.016193330082633	0.0	400322	3678.751049369285	0.75	0.75
12428.811442506403	750	14.53352120044949	0.0	369834	4482.672129633144	0.75	0.75
12437.746547197414	750	9.59841650943841	0.0	412837	8935.10469101108	0.75	0.75
12445.84341440708	750	5.5015492997737825	0.0	401088	8096.867209664627	0.75	0.75
12449.133905562428	300	6.2110581444256185	0.0	159914	3290.4911553481647	0.75	-0.15000000000000002
12450.577155166811	300	8.767808540044912	0.0	131610	1443.2496043807064	0.75	0.3
12451.871877285515	300	11.473086421338834	0.0	124011	1294.7221187060795	0.75	0.3
12453.364885200232	300	13.980078506622988	0.0	144254	1493.0079147158463	0.75	0.3
12454.768567152672	300	16.576396554184146	0.0	149991	1403.6819524388397	0.75	0.3
12456.144461242571	300	19.20050246428402	0.0	147968	1375.8940899001234	0.75	0.3
12457.519519010186	300	21.825444696669127	0.0	161857	1375.0577676148946	0.75	0.3
12460.392391134243	750	22.95257257261228	0.0	372093	2872.8721240568484	0.75	0.3
12465.545019706113	1200	21.79994400074315	0.0	634861	5152.62857186913	0.75	0.75
12477.607946733717	1200	13.737016973139813	0.0	630203	12062.927027603339	0.75	1.2
12490.984661577091	1200	4.3603021297663584	0.0	638661	13376.714843373455	0.75	1.2
12492.488247316729	300	6.856716390128296	0.0	137507	1503.5857396380613	0.75	-0.6000000000000001
12495.263398270274	750	8.08156543658458	0.0	314107	2775.1509535437162	0.75	0.3
12500.459325654152	750	6.885638052704669	0.0	450283	5195.927383879911	0.75	0.75
12504.10672831491	750	7.2382353919478595	0.0	398865	3647.4026607568107	0.75	0.75
12507.126955504364	750	8.218008202494213	0.0	350812	3020.227189453646	0.75	0.75
12510.818959862487	750	8.52600384436986	0.0	382355	3692.0043581243517	0.75	0.75
12515.931193929677	750	7.413769777180669	0.0	411561	5112.234067189192	0.75	0.75
12519.305955791937	750	8.039007914920022	0.0	318564	3374.761862260648	0.75	0.75
12522.707782396556	750	8.637181310302656	0.0	352642	3401.8266046173653	0.75	0.75
12526.465284103811	750	8.879679603046046	0.0	437162	3757.5017072566097	0.75	0.75
12529.385386943764	750	9.959576763092723	0.0	374758	2920.102839953323	0.75	0.75
12532.682624177372	750	10.662339529484832	0.0	362795	3297.237233607891	0.75	0.75
12536.054621102301	750	11.290342604555455	0.0	353220	3371.9969249293767	0.75	0.75
12539.6324951926	750	11.712468514255532	0.0	405134	3577.8740902999234	0.75	0.75
12542.996717806795	750	12.348245900062862	0.0	386351	3364.2226141926685	0.75	0.75
12546.310037009987	750	13.034926696869537	0.0	434409	3313.319203193326	0.75	0.75
12550.016363633076	750	13.328600073781978	0.0	337059	3706.3266230875593	0.75	0.75
12556.106356906494	750	11.238606800362923	0.0	366214	6089.993273419055	0.75	0.75
12561.743279800627	750	9.601683906229152	0.0	360831	5636.922894133772	0.75	0.75
12565.581183870656	750	9.763779836200104	0.0	372963	3837.904070029047	0.75	0.75
12571.085271290272	750	8.259692416584658	0.0	405596	5504.087419615448	0.75	0.75
12575.536173421126	750	7.808790285731387	0.0	350713	4450.90213085327	0.75	0.75
12580.085458565141	750	7.259505141716119	0.0	386472	4549.285144015269	0.75	0.75
12584.816251594802	750	6.528712112056446	0.0	399894	4730.793029659672	0.75	0.75
12590.532054392594	750	4.812909314265088	0.0	401853	5715.802797791358	0.75	0.75
12592.170979904427	300	7.173983802429046	0.0	137654	1638.925511836042	0.75	-0.15000000000000002
12593.969697490958	300	9.375266215898728	0.0	146754	1798.7175865303175	0.75	0.3
12596.198774783019	300	11.14618892383798	0.0	153938	2229.077292060746	0.75	0.3
12598.891146516411	300	12.453817190447134	0.0	181901	2692.371733390847	0.75	0.3
12600.586886718827	300	14.758076988029087	0.0	111155	1695.740202418048	0.75	0.3
12602.795017946919	300	16.549945759937554	0.0	153605	2208.1312280915317	0.75	0.3
12604.496436673715	300	18.84852703314085	0.0	149029	1701.4187267967025	0.75	0.3
12605.700705633826	300	21.64425807303054	0.0	157421	1204.2689601103104	0.75	0.3
12608.590923900612	750	22.754039806244656	0.0	400322	2890.2182667858833	0.75	0.3
12610.70272693964	750	24.64223676721541	0.0	369834	2111.803039029243	0.75	0.75
12615.811754454324	1200	23.533209252532934	0.0	670129	5109.027514682476	0.75	0.75
12627.066933864891	1200	16.27802984196608	0.0	690253	11255.179410566854	0.75	1.2

