30720.902200299264	750	4.0	2.184991174137217	450283	2184.991174137217	0.75	-8.645462048790034
30721.582371667184	300	7.319828632077841	0.0	155580	680.1713679221592	0.75	-0.15000000000000002
30722.20740591821	300	10.694794381052903	0.0	139857	625.034251024937	0.75	0.3
30723.87082890416	750	13.031371395099162	0.0	382355	1663.4229859537418	0.75	0.3
30725.944255553088	750	14.957944746170986	0.0	411561	2073.4266489281763	0.75	0.75
30727.788931112445	750	17.113269186814833	0.0	318564	1844.675559356156	0.7	0.75
30736.97667521045	750	11.925525088809353	0.0	352642	9187.74409800548	0.7	0.75
30749.060822484556	1200	4.0	0.158622185298178	709534	12084.14727410753	0.7	0.0679246032178345
30750.45749803089	300	6.60332445366757	0.0	150710	1396.6755463324298	0.7	-0.6000000000000001
30752.045810695286	300	9.015011789269044	0.0	139105	1588.3126643985254	0.7	0.3
30754.101658125448	300	10.959164359106955	0.0	141840	2055.847430162089	0.7	0.3
30756.577499638497	300	12.483322846058396	0.0	156148	2475.841513048559	0.7	0.3
30758.99913209536	300	14.0616903891982	0.0	160746	2421.6324568601967	0.7	0.3
30760.485919274048	300	16.57490321051027	0.0	179801	1486.7871786879296	0.7	0.3
30761.35562944142	300	19.705193043139648	0.0	140051	869.7101673706237	0.7	0.3
30762.205238049202	300	22.855584435355805	0.0	138313	849.6086077838401	0.7	0.3
30764.07279748802	750	24.988024996536573	0.0	360831	1867.5594388192324	0.7	0.3
30765.860081418887	750	27.200741065673647	0.0	372963	1787.2839308629268	0.7	0.75
30767.915722354097	750	29.14510013046672	0.0	405596	2055.6409352069277	0.7	0.75
30771.327223226068	1200	29.73359925849706	0.0	586839	3411.5008719696602	0.7	0.75
30776.969118933655	1850	28.091703550909955	0.0	891604	5641.895707587104	0.7	1.2000000000000002
30787.958798973847	1850	21.102023510716823	0.0	955231	10989.680040193132	0.7	1.85
30793.108280213393	1850	19.952542271171822	0.0	968026	5149.481239544998	0.7	1.85
30797.06171784792	1850	19.999104636649374	0.0	874175	3953.4376345224487	0.7	1.85
30801.817316261986	1850	19.24350622258325	0.0	897976	4755.598414066127	0.7	1.85
30806.34008250411	1850	18.720739980459907	0.0	905935	4522.766242123339	0.7	1.85
30811.56816558231	1850	17.492656902259004	0.0	1076599	5228.083078200903	0.7	1.85
30814.525381499006	1850	18.535440985562378	0.0	758197	2957.2159166966258	0.7	1.85
30819.034504566545	1850	18.02631791802193	0.0	972798	4509.123067540449	0.7	1.85
30823.74432245271	1850	17.316500031859768	0.0	975811	4709.8178861621645	0.7	1.85
30827.420844105327	1850	17.639978379244006	0.0	873429	3676.5216526157596	0.7	1.85
30830.488072441025	1850	18.572750043543042	0.0	954453	3067.228335700965	0.7	1.85
30833.409160865285	1850	19.6516616192859	0.0	885062	2921.0884242571424	0.7	1.85
30838.70942639904	1850	18.35139608553014	0.0	1035329	5300.265533755758	0.7	1.85
30842.115595748528	1850	18.94522673604087	0.0	1026056	3406.1693494892706	0.7	1.85
30845.063314809373	1850	19.997507675196204	0.0	943942	2947.7190608446663	0.7	1.85
30847.437663596284	1850	21.623158888286568	0.0	728962	2374.348786909637	0.7	1.85
30850.501088945384	1850	22.559733539186535	0.0	938587	3063.4253491000363	0.7	1.85
30855.915720769106	2850	21.145101715463998	0.0	1427478	5414.631823722533	0.7	1.85
30862.533312798874	2850	18.527509685697535	0.0	1402287	6617.592029766463	0.7	2.85
30867.49867679249	2850	17.56214569208256	0.0	1339500	4965.3639936149775	0.7	2.85
30872.407886776364	2850	16.652935708205188	0.0	1527299	4909.209983877373	0.7	2.85
30877.399381558153	2850	15.661440926417031	0.0	1343002	4991.494781788155	0.7	2.85
30887.482583703255	2850	9.578238781315566	0.0	1587250	10083.202145101466	0.7	2.85
30891.783548757172	1850	9.277273727395833	0.0	958994	4300.965053919731	0.7	0.8500000000000001
30896.468910888496	1850	8.591911596070604	0.0	982064	4685.362131325229	0.7	1.85
30906.027284005006	1850	4.0	0.966461520438661	830730	9558.373116509265	0.7	-2.305784537886242
30913.941184511423	1850	4.0	3.9139005064184396	846370	7913.900506418439	0.7	-14.979772177599289
30918.002417292246	750	4.0	0.061232780823069786	450283	4061.23278082307	0.7	0.4866990424607999
30921.962424169946	750	4.039993122297455	0.0	398865	3960.0068777025454	0.7	0.75
30925.28349205009	750	4.718925242154865	0.0	350812	3321.06788014259	0.7	0.75
30929.14532759237	750	4.8570896998745425	0.0	382355	3861.8355422803215	0.7	0.75
30932.789854538332	750	5.2125627539108255	0.0	411561	3644.5269459637175	0.7	0.75
30934.623504725932	750	7.378912566309533	0.0	318564	1833.650187601293	0.7	0.75
30936.612354568344	750	9.390062723897893	0.0	352642	1988.84984241164	0.7	0.75
30942.073434798574	750	7.928982493664606	0.0	437162	5461.080230233287	0.7	0.75
30947.11079699538	750	6.891620296856815	0.0	374758	5037.3621968077905	0.7	0.75
30949.307440860663	750	8.694976431577867	0.0	362795	2196.6438652789475	0.7	0.75
30951.3088104505	750	10.693606841737415	0.0	353220	2001.3695898404503	0.7	0.75
30954.42755087626	750	11.574866415980416	0.0	405134	3118.7404257569992	0.7	0.75
30957.579537228714	750	12.42288006352629	0.0	386351	3151.986352454128	0.7	0.75
30961.161540551933	750	12.840876740307474	0.0	434409	3582.0033232188152	0.7	0.75
30964.074292063335	750	13.928125228909982	0.0	337059	2912.7515113974914	0.7	0.75
30967.256234953456	750	14.746182338787326	0.0	366214	3181.9428901226556	0.7	0.75
30970.901290449066	750	15.101126843174418	0.0	360831	3645.05549561291	0.7	0.75
30973.140759072805	750	16.861658219435586	0.0	372963	2239.468623738831	0.7	0.75
30976.083336246225	750	17.919081046017926	0.0	405596	2942.5771734176597	0.7	0.75
30978.73501911275	750	19.267398179491554	0.0	350713	2651.6828665263765	0.7	0.75
30982.90831459887	1200	19.09410269337125	0.0	601738	4173.295486120299	0.7	0.75
30989.617028704713	1200	16.385388587528052	0.0	616206	6708.7141058432035	0.7	1.2
30993.000494639302	1200	17.001922652939975	0.0	656471	3383.4659345880777	0.7	1.2
30995.25091052815	1200	18.751506764094987	0.0	536667	2250.4158888449915	0.7	1.2
30997.563867133198	1200	20.438550159047736	0.0	587236	2312.956605047249	0.7	1.2
31000.207003389707	1200	21.795413902536694	0.0	590335	2643.1362565110435	0.7	1.2
31003.927203776253	1200	22.075213515994353	0.0	696376	3720.20038654234	0.7	1.2
31006.498779333662	1200	23.503637958583287	0.0	487160	2571.5755574110653	0.7	1.2
31017.62082137939	1850	16.381595912856746	0.0	972798	11122.04204572654	0.7	1.2000000000000002
31023.37592661475	1200	14.626490677495942	0.0	641447	5755.105235360806	0.7	0.5499999999999999

