4.782926972877741	750	4.0	4.782926972877741	450283	4782.926972877741	1	-19.816585983374285
6.52821120901827	300	6.254715763859471	0.0	155580	1745.2842361405292	0.5638234459407054	-0.15000000000000002
8.490958327137594	300	8.291968645740148	0.0	139857	1962.7471181193237	0.5638234459407054	0.3
10.628717909524934	300	10.154209063352807	0.0	155432	2137.75958238734	0.5638234459407054	0.3
12.505014245970447	300	12.277912726907294	0.0	163442	1876.2963364455136	0.5638234459407054	0.3
13.620339709161135	300	15.162587263716606	0.0	126289	1115.3254631906873	0.5638234459407054	0.3
14.792477853778216	300	17.990449119099527	0.0	153295	1172.138144617082	0.5638234459407054	0.3
18.59038255474066	750	18.192544418137086	0.0	437162	3797.904700962443	0.5638234459407054	0.3
22.00380815028267	750	18.779118822595077	0.0	374758	3413.4255955420076	0.5638234459407054	0.75
25.15495988590481	750	19.627967086972934	0.0	362795	3151.15173562214	0.5638234459407054	0.75
31.166984686302982	750	17.61594228657476	0.0	353220	6012.024800398171	0.5638234459407054	0.75
36.17071785357239	750	16.612209119305348	0.0	405134	5003.7331672694145	0.5638234459407054	0.75
38.99442267897451	750	17.78850429390323	0.0	386351	2823.7048254021165	0.5638234459407054	0.75
42.249321134693645	750	18.533605838184094	0.0	434409	3254.898455719135	0.5638234459407054	0.75
44.621202347280274	750	20.161724625597465	0.0	337059	2371.881212586631	0.5638234459407054	0.75
47.46834452923265	750	21.31458244364509	0.0	366214	2847.1421819523734	0.5638234459407054	0.75
50.314234202072065	750	22.46869277080567	0.0	360831	2845.8896728394184	0.5638234459407054	0.75
55.12345041455363	1200	21.659476558324105	0.0	581493	4809.216212481565	0.5638234459407054	0.75
62.68391184720635	1200	18.099015125671382	0.0	639204	7560.461432652722	0.5638234459407054	1.2
67.76121275324347	1200	17.021714219634276	0.0	586839	5077.30090603711	0.5638234459407054	1.2
73.5362458994485	1200	15.246681073429238	0.0	601738	5775.033146205039	0.46501978857896664	1.2
84.69572223532201	1200	8.087204737555725	0.0	616206	11159.476335873513	0.46501978857896664	1.2
89.49602453674866	750	7.286902436129073	0.0	401853	4800.302301426652	0.46501978857896664	0.3
92.05237899530358	750	8.730547977574146	0.0	343800	2556.354458554927	0.46501978857896664	0.75
95.36608285879412	750	9.416844114083615	0.0	359903	3313.7038634905316	0.46501978857896664	0.75
98.77703488823164	750	10.005892084646092	0.0	379700	3410.9520294375234	0.46501978857896664	0.75
103.97650155671188	750	8.806425416165853	0.0	425781	5199.466668480237	0.46501978857896664	0.75
107.95945821577166	750	8.823468757106069	0.0	277716	3982.9566590597838	0.46501978857896664	0.75
115.6313211772495	750	5.151605795628241	0.0	400396	7671.862961477829	0.46501978857896664	0.75
119.51758480569289	300	5.265342167184844	0.0	149029	3886.263628443396	0.46501978857896664	-0.15000000000000002
123.96988902943804	300	4.8130379434397	0.0	157421	4452.304223745145	0.46501978857896664	0.3
127.19757590877299	300	5.5853510641047395	0.0	157488	3227.68687933496	0.46501978857896664	0.3
130.31931816489842	300	6.463608807979301	0.0	143881	3121.742256125439	0.46501978857896664	0.3
135.1188381650503	300	5.664088807827431	0.0	163444	4799.52000015187	0.46501978857896664	0.3
138.56281575861811	300	6.220111214259632	0.0	179328	3443.9775935677985	0.46501978857896664	0.3
139.68824480097481	300	9.094682171902944	0.0	159914	1125.4290423566872	0.46501978857896664	0.3
140.58252522511907	300	12.200401747758688	0.0	131610	894.2804241442572	0.46501978857896664	0.3
141.38998868247361	300	15.392938290404182	0.0	124011	807.4634573545057	0.46501978857896664	0.3
142.2728064963809	300	18.510120476496898	0.0	144254	882.8178139072837	0.46501978857896664	0.3
144.73616199853163	750	20.04676497434615	0.0	390680	2463.355502150745	0.46501978857896664	0.3
146.45457539419115	750	22.328351578686647	0.0	345516	1718.413395659502	0.46501978857896664	0.75
148.35516903612944	750	24.427757936748343	0.0	384505	1900.5936419383052	0.46501978857896664	0.75
152.86293527411922	1850	23.919991698758555	0.0	886255	4507.7662379897865	0.46501978857896664	0.75
158.86084087633438	1850	21.922086096543403	0.0	973972	5997.90560221515	0.46501978857896664	1.85
166.01408756225703	1850	18.76883941062074	0.0	958994	7153.246685922665	0.46501978857896664	1.85
170.67067737620073	1850	18.112249596677046	0.0	982064	4656.58981394369	0.46501978857896664	1.85
178.3034736483261	2850	14.479453324551702	0.0	1231456	7632.796272125344	0.46501978857896664	1.85
186.09655907382955	2850	10.686367899048236	0.0	1364537	7793.085425503468	0.46501978857896664	2.85
188.48840900616318	750	12.29451796671462	0.0	450283	2391.8499323336146	0.46501978857896664	0.75
191.81647938909293	1200	12.966447583784856	0.0	611087	3328.0703829297645	0.46501978857896664	0.75
194.97459048455943	1200	13.80833648831838	0.0	571051	3158.111095466475	0.46501978857896664	1.2
198.34757593207988	1200	14.435351040797919	0.0	617681	3372.9854475204606	0.46501978857896664	1.2
201.63075225670775	1200	15.152174716170038	0.0	652874	3283.1763246278824	0.46501978857896664	1.2
205.2653534317973	1200	15.517573541080486	0.0	520315	3634.601175089551	0.46501978857896664	1.2
209.42888681342419	1200	15.354040159453595	0.0	561791	4163.533381626893	0.46501978857896664	1.2
216.7002677881041	1200	12.082659184773684	0.0	709534	7271.380974679911	0.46501978857896664	1.2
223.35947795203128	1200	9.423449020846505	0.0	584846	6659.210163927179	0.46501978857896664	1.2
226.83383833976453	750	9.949088633113245	0.0	362795	3474.3603877332607	0.46501978857896664	0.3
230.08583285935936	750	10.697094113518421	0.0	353220	3251.994519594823	0.46501978857896664	0.75
235.31379238154642	750	9.469134591331349	0.0	405134	5227.959522187073	0.46501978857896664	0.75
237.7657786828286	300	11.017148290049194	0.0	160746	2451.9863012821543	0.46501978857896664	-0.15000000000000002
240.11315383984683	300	12.669773133030937	0.0	179801	2347.3751570182585	0.46501978857896664	0.3
241.92943096134346	300	14.853496011534302	0.0	140051	1816.277121496634	0.46501978857896664	0.3
242.9151289466609	300	17.86779802621685	0.0	138313	985.6979853174505	0.46501978857896664	0.3
243.9561493759006	300	20.826777596977166	0.0	143509	1041.020429239686	0.46501978857896664	0.3
246.8159215518158	750	21.967005421061984	0.0	372963	2859.7721759151777	0.46501978857896664	0.3
250.3189789515542	750	22.46394802132357	0.0	405596	3503.057399738415	0.46501978857896664	0.75
256.2931433258991	1200	20.48978364697865	0.0	586839	5974.164374344918	0.46501978857896664	0.75
262.93016881320085	1200	17.852758159676924	0.0	601738	6637.0254873017275	0.46501978857896664	1.2
270.3786860303623	1200	14.40424094251546	0.0	616206	7448.517217161465	0.46501978857896664	1.2
277.50462701953313	1200	11.27829995334466	0.0	656471	7125.940989170798	0.46501978857896664	1.2
281.88485726639624	750	10.898069706481568	0.0	343800	4380.2302468630905	0.46501978857896664	0.3
286.1177917202984	750	10.665135252579365	0.0	359903	4232.934453902204	0.46501978857896664	0.75
291.42222742262015	750	9.36069955025761	0.0	379700	5304.435702321754	0.46501978857896664	0.75
298.04679185623604	750	6.736135116641732	0.0	425781	6624.564433615878	0.46501978857896664	0.75
299.4562085486054	300	9.326718424272412	0.0	111155	1409.416692369319	0.46501978857896664	-0.15000000000000002
301.2279813374436	300	11.554945635434184	0.0	153605	1771.7727888382287	0.46501978857896664	0.3
302.8508185935976	300	13.93210837928028	0.0	149029	1622.837256153903	0.46501978857896664	0.3
304.7341840960221	300	16.04874287685572	0.0	157421	1883.3655024245595	0.46501978857896664	0.3
306.7113129152705	300	18.07161405760733	0.0	157488	1977.1288192483905	0.46501978857896664	0.3
310.67594365484786	750	18.106983318029982	0.0	369834	3964.630739577348	0.46501978857896664	0.3
314.1986715863926	750	18.584255386485232	0.0	412837	3522.727931544754	0.46501978857896664	0.75
317.54133563689487	750	19.24159133598301	0.0	401088	3342.664050502222	0.46501978857896664	0.75
320.81083380554423	750	19.97209316733364	0.0	365161	3269.4981686493725	0.46501978857896664	0.75

