2.009934342455404	750	4.0	2.009934342455404	450283	2009.9343424554038	1	-7.892717672558236
4.738178095105792	750	5.271756247349612	0.0	398865	2728.243752650388	0.7955078755194682	0.75
9.774060409521965	750	4.235873932933438	0.0	350812	5035.882314416174	0.7955078755194682	0.75
10.748931509319842	300	7.261002833135563	0.0	155432	974.8710997978754	0.7955078755194682	-0.15000000000000002
11.973838179882549	300	10.036096162572855	0.0	163442	1224.9066705627065	0.7955078755194682	0.3
13.07743423290117	300	12.932500109554233	0.0	126289	1103.596053018622	0.7955078755194682	0.3
14.201453833666845	300	15.80848050878856	0.0	153295	1124.019600765674	0.7955078755194682	0.3
16.406512468323875	750	17.603421874131527	0.0	437162	2205.0586346570312	0.7955078755194682	0.3
18.13552968487108	750	19.87440465758432	0.0	374758	1729.0172165472075	0.7955078755194682	0.75
19.784880197878703	750	22.225054144576703	0.0	362795	1649.3505130076205	0.7955078755194682	0.75
21.165519003365855	750	24.844415339089547	0.0	353220	1380.6388054871531	0.7955078755194682	0.75
23.576675467222024	1200	26.43325887523338	0.0	594078	2411.1564638561676	0.7955078755194682	0.75
26.421938090627336	1200	27.587996251828066	0.0	624282	2845.262623405315	0.7955078755194682	1.2
29.30789315296879	1200	28.70204118948661	0.0	687371	2885.9550623414534	0.7955078755194682	1.2
31.639374942699778	1200	30.370559399755624	0.0	526950	2331.481789730988	0.7955078755194682	1.2
34.010286242777234	1200	31.999648099678165	0.0	587876	2370.911300077459	0.7955078755194682	1.2
38.102522646613096	1850	31.907411695842296	0.0	966699	4092.2364038358664	0.7955078755194682	1.2000000000000002
43.53712538808405	2850	30.472808954371338	0.0	1358801	5434.602741470957	0.7955078755194682	1.85
49.79976747810671	2850	28.210166864348682	0.0	1537156	6262.642090022658	0.7955078755194682	2.85
55.04303519746831	2850	26.966899144987075	0.0	1336050	5243.267719361607	0.7955078755194682	2.85
60.77755805672111	2850	25.232376285734272	0.0	1415116	5734.522859252801	0.6916161503064444	2.85
68.23165954813345	2850	21.778274794321945	0.0	1468126	7454.101491412331	0.6916161503064444	2.85
80.67381088222466	2850	13.336123460230732	0.0	1505760	12442.151334091212	0.6916161503064444	2.85
84.95989517137224	1850	13.050039171083158	0.0	874175	4286.084289147573	0.6916161503064444	0.8500000000000001
88.08083120982744	1200	13.929103132627967	0.0	587236	3120.936038455193	0.6916161503064444	0.5499999999999999
91.49324468453358	1200	14.516689657921827	0.0	590335	3412.4134747061407	0.6916161503064444	1.2
94.76580326427592	1200	15.244131078179489	0.0	696376	3272.5585797423373	0.6916161503064444	1.2
97.74473429303335	1200	16.265200049422077	0.0	487160	2978.9310287574117	0.6916161503064444	1.2
101.28093887533673	1200	16.728995467118686	0.0	622896	3536.2045823033914	0.6916161503064444	1.2
105.03026000061904	1200	16.979674341836372	0.0	641447	3749.321125282312	0.6916161503064444	1.2
108.99575876919724	1200	17.014175573258168	0.0	570392	3965.498768578204	0.6916161503064444	1.2
112.57793602245606	1200	17.431998319999362	0.0	620283	3582.1772532588084	0.6916161503064444	1.2
115.21513291133854	1200	18.79480143111687	0.0	584349	2637.1968888824913	0.6916161503064444	1.2
118.04765554191086	1200	19.962278800544553	0.0	670129	2832.5226305723154	0.6916161503064444	1.2
120.95681350782948	1200	21.053120834625926	0.0	690253	2909.157965918629	0.6916161503064444	1.2
123.77732606397831	1200	22.23260827847711	0.0	598727	2820.512556148817	0.6916161503064444	1.2
127.76330019513082	1850	22.246634147324595	0.0	728962	3985.974131152515	0.6916161503064444	1.2000000000000002
133.73944936086963	1850	20.27048498158581	0.0	938587	5976.149165738783	0.6916161503064444	1.85
138.76168590978895	1850	19.248248432666493	0.0	908665	5022.236548919317	0.6916161503064444	1.85
143.8438556624235	1850	18.16607868003192	0.0	930577	5082.169752634574	0.6916161503064444	1.85
152.1701340171775	1850	13.839800325277915	0.0	858450	8326.278354754004	0.6916161503064444	1.85
161.23953260525386	1850	8.770401737201556	0.0	1025005	9069.398588076358	0.6916161503064444	1.85
163.3328715724274	750	10.67706277002802	0.0	372093	2093.338967173536	0.6916161503064444	-0.3500000000000001
165.91084947172484	750	12.099084870730545	0.0	438281	2577.977899297475	0.6916161503064444	0.75
169.26896643966234	750	12.740967902793066	0.0	398987	3358.1169679374775	0.6916161503064444	0.75
173.6891021346599	1200	12.320832207795505	0.0	638661	4420.135694997562	0.6916161503064444	0.75
176.8920272905279	1200	13.117907051927515	0.0	538612	3202.9251558679903	0.6916161503064444	1.2
189.5445722377048	2850	4.465362104750573	0.0	1364537	12652.544947176943	0.6916161503064444	1.2000000000000002
193.1664142740831	750	4.8435200683722845	0.0	450283	3621.842036378289	0.6916161503064444	0.75
197.50336330428394	750	4.50657103817144	0.0	398865	4336.9490302008435	0.6916161503064444	0.75
198.5151313668513	300	7.494802975604087	0.0	139857	1011.7680625673544	0.6916161503064444	-0.15000000000000002
199.44183576827592	300	10.568098574179457	0.0	155432	926.7044014246281	0.6916161503064444	0.3
201.9597354060831	750	12.050198936372293	0.0	411561	2517.8996378071633	0.6916161503064444	0.3
206.13300318341882	750	11.87693115903654	0.0	318564	4173.267777335754	0.6916161503064444	0.75
213.17551776203595	750	8.83441658041942	0.0	352642	7042.514578617121	0.6916161503064444	0.75
221.13980153751535	750	4.870132804939996	0.0	437162	7964.283775479424	0.6916161503064444	0.75
223.29090988501423	300	6.719024457441139	0.0	150710	2151.1083474988573	0.6916161503064444	-0.15000000000000002
225.06789918883052	300	8.942035153624863	0.0	139105	1776.989303816276	0.6916161503064444	0.3
226.83830826702086	300	11.17162607543452	0.0	141840	1770.4090781903424	0.6916161503064444	0.3
228.7660993751781	300	13.243834967277278	0.0	156148	1927.7911081572413	0.6916161503064444	0.3
230.7332081812662	300	15.276726161189165	0.0	160746	1967.1088060881136	0.6916161503064444	0.3
233.33637023156606	300	16.673564110889306	0.0	179801	2603.1620502998567	0.6916161503064444	0.3
235.54403998125298	300	18.46589436120241	0.0	140051	2207.6697496868983	0.6916161503064444	0.3
237.6792575988809	300	20.33067674357451	0.0	138313	2135.2176176278986	0.6916161503064444	0.3
239.68241510405534	300	22.327519238400058	0.0	143509	2003.1575051744503	0.6916161503064444	0.3
242.01906762213974	300	23.99086672031566	0.0	150616	2336.6525180843983	0.6916161503064444	0.3
244.390193577522	300	25.61974076493339	0.0	165384	2371.1259553822692	0.6916161503064444	0.3
246.37440424751117	300	27.63553009494421	0.0	140881	1984.2106699891776	0.6916161503064444	0.3
248.55045809695292	300	29.459476245502447	0.0	157671	2176.0538494417665	0.6916161503064444	0.3
250.81587675349655	300	31.194057588958824	0.0	157812	2265.4186565436207	0.6916161503064444	0.3
257.2708050132405	750	28.739129329214883	0.0	401853	6454.928259743942	0.6916161503064444	0.3
261.54678195832383	750	28.463152384131572	0.0	343800	4275.976945083313	0.6916161503064444	0.75
265.69554952953683	750	28.314384812918522	0.0	359903	4148.767571213053	0.6916161503064444	0.75
270.1494102724241	750	27.860524070031293	0.0	379700	4453.860742887227	0.6916161503064444	0.75
275.2304976216812	750	26.77943672077421	0.0	425781	5081.087349257082	0.6916161503064444	0.75
280.19183058542944	750	25.81810375702595	0.0	277716	4961.332963748265	0.6916161503064444	0.75
287.2661492259203	750	22.74378511653515	0.0	400396	7074.318640490798	0.6916161503064444	0.75
291.1878962613129	750	22.822038081142466	0.0	400508	3921.747035392684	0.6916161503064444	0.75
294.37752214285655	750	23.632412199598868	0.0	358218	3189.6258815435976	0.6916161503064444	0.75
297.95023404448483	750	24.05970029797055	0.0	400322	3572.711901628316	0.6916161503064444	0.75
302.2162485436972	750	23.793685798758254	0.0	369834	4266.014499212296	0.6916161503064444	0.75
305.4995739104285	750	24.510360432026932	0.0	412837	3283.3253667313234	0.6916161503064444	0.75
309.364497707775	750	24.64543663468046	0.0	401088	3864.9237973464715	0.6916161503064444	0.75
313.08364291661314	750	24.926291425842297	0.0	365161	3719.145208838161	0.6916161503064444	0.75
318.45583784821423	750	23.554096494241186	0.0	321064	5372.194931601113	0.6916161503064444	0.75
322.55968880569867	750	23.450245536756793	0.0	361565	4103.850957484392	0.6916161503064444	0.75
324.69711238469927	750	25.312821957756153	0.0	378327	2137.423579000638	0.6916161503064444	0.75

