10175.746503579661	750	4.0	1.4326655545084757	450283	1432.6655545084757	1	-5.410461884386445
10177.911941242313	1200	5.834562337347541	0.0	611087	2165.4376626524595	0.0	0.75
10180.234323830793	1200	7.512179748867241	0.0	571051	2322.3825884803	0.0	1.2
10183.974106120202	1200	7.77239745945735	0.0	617681	3739.7822894098913	0.0	1.2
10187.214142068517	1850	8.532361511144101	0.0	996749	3240.0359483132484	0.0	1.2000000000000002
10189.683542600782	1850	10.062960978877749	0.0	801058	2469.400532266353	0.0	1.85
10192.577657611655	1850	11.16884596800467	0.0	905515	2894.115010873081	0.0	1.85
10196.192430003031	1850	11.554073576627687	0.0	1060487	3614.772391376983	0.0	1.85
10201.519452459404	2850	10.22705112025549	0.0	1348011	5327.022456372197	0.0	1.85
10207.781246326933	2850	7.965257252727327	0.0	1429765	6261.793867528163	0.0	2.85
10211.354427890596	1850	8.392075689065178	0.0	939819	3573.1815636621486	0.0	0.8500000000000001
10214.434851852715	1850	9.311651726945373	0.0	917428	3080.423962119806	0.0	1.85
10217.490523984272	1850	10.255979595387817	0.0	946851	3055.6721315575564	0.0	1.85
10220.976223600275	1850	10.770279979384133	0.0	1036454	3485.6996160036824	0.0	1.85

