7291.967152342889	750	4.0	6.212365695121308	450283	6212.365695121308	0.75	-25.963172489021623
7297.320420177636	750	4.0	1.3532678347468645	398865	5353.2678347468645	0.75	-5.069051689411517
7302.089578696121	750	4.0	0.7691585184850456	350812	4769.1585184850455	0.75	-2.557381629485696
7307.15906413258	750	4.0	1.0694854364601014	382355	5069.4854364601015	0.75	-3.8487873767784357
7312.155627010119	750	4.0	0.9965628775384685	411561	4996.5628775384685	0.75	-3.535220373415415
7313.88746447025	300	6.268162539869757	0.0	126289	1731.837460130243	0.75	-0.15000000000000002
7315.2436772283845	300	8.911949781734783	0.0	153295	1356.2127581349737	0.75	0.3
7316.480649787607	300	11.674977222512553	0.0	173849	1236.9725592222317	0.75	0.3
7317.39242346989	300	14.76320354022938	0.0	150710	911.7736822831716	0.75	0.3
7320.0397137246955	750	16.115913285424075	0.0	362795	2647.290254805307	0.75	0.3
7322.829106247368	750	17.326520762751244	0.0	353220	2789.39252267283	0.75	0.75
7328.843780815678	750	15.311846194441834	0.0	405134	6014.674568309409	0.75	0.75
7334.727398559823	750	13.428228450297182	0.0	386351	5883.6177441446525	0.75	0.75
7344.721025615713	750	7.43460139440636	0.0	434409	9993.627055890822	0.75	0.75
7353.360542817286	750	4.0	1.2049158071666461	337059	8639.517201573006	0.75	-4.431137970816578
7355.918304972418	300	5.442237844868883	0.0	138313	2557.7621551311167	0.75	-0.15000000000000002
7357.1896213588125	300	8.170921458473739	0.0	143509	1271.3163863951438	0.75	0.3
7358.528728523323	300	10.83181429396394	0.0	150616	1339.107164509799	0.75	0.3
7360.033429058489	300	13.327113758797507	0.0	165384	1504.7005351664316	0.75	0.3
7361.373010394319	300	15.987532422966856	0.0	140881	1339.5813358306518	0.75	0.3
7362.806844942721	300	18.553697874564882	0.0	157671	1433.834548401973	0.75	0.3
7364.016543425952	300	21.343999391334254	0.0	157812	1209.6984832306275	0.75	0.3
7367.677013004894	750	21.683529812391043	0.0	401853	3660.4695789432117	0.75	0.3
7370.509107363644	750	22.851435453641297	0.0	343800	2832.0943587497445	0.75	0.75
7375.478961785584	1200	21.88158103170115	0.0	587236	4969.854421940148	0.75	0.75
7382.324032994378	1200	19.036509822906545	0.0	590335	6845.071208794605	0.75	1.2
7400.763436527874	1200	4.597106289411677	0.0	696376	18439.403533494868	0.75	1.2
7404.160300667532	300	5.200242149752309	0.0	111155	3396.864139659368	0.75	-0.6000000000000001
7408.40728900083	300	4.953253816455773	0.0	153605	4246.988333296535	0.75	0.3
7411.806613646184	300	5.55392917110154	0.0	149029	3399.3246453542333	0.75	0.3
7414.391772259651	300	6.968770557634682	0.0	157421	2585.158613466859	0.75	0.3
7416.748608874611	300	8.611933942675156	0.0	157488	2356.8366149595254	0.75	0.3
7419.012809671776	300	10.347733145509055	0.0	143881	2264.2007971661005	0.75	0.3
7421.216657172309	300	12.143885644975958	0.0	163444	2203.8475005330965	0.75	0.3
7425.072155595576	300	12.288387221708737	0.0	179328	3855.4984232672223	0.75	0.3
7427.938571207239	300	13.421971610045848	0.0	159914	2866.415611662889	0.75	0.3
7430.064280506643	300	15.296262310642877	0.0	131610	2125.7092994029726	0.75	0.3
7431.831872569342	300	17.52867024794464	0.0	124011	1767.592062698235	0.75	0.3
7433.812778351206	300	19.54776446607957	0.0	144254	1980.9057818650688	0.75	0.3
7435.8849672961405	300	21.475575521145817	0.0	149991	2072.1889449337546	0.75	0.3
7439.704077222224	300	21.65646559506204	0.0	147968	3819.1099260837764	0.75	0.3
7442.315180128265	300	23.04536268902157	0.0	161857	2611.102906040468	0.75	0.3
7444.665958982353	300	24.69458383493348	0.0	145210	2350.778854088093	0.75	0.3
7447.153589490899	300	26.206953326387644	0.0	172312	2487.6305085458316	0.75	0.3
7450.471298482972	750	26.889244334314295	0.0	398987	3317.7089920733506	0.75	0.3
7454.484949969094	750	26.87559284819314	0.0	393804	4013.6514861211535	0.75	0.75
7462.831272962375	1850	22.529269854911423	0.0	830730	8346.322993281721	0.75	0.75
7476.837719670629	2850	12.522823146657153	0.0	1364537	14006.446708254269	0.75	1.85
7480.302800193555	750	13.057742623730926	0.0	450283	3465.080522926226	0.75	0.75
7482.743687847761	750	14.616854969524882	0.0	398865	2440.887654206044	0.75	0.75
7484.877487733779	750	16.483055083506855	0.0	350812	2133.7998860180296	0.75	0.75
7487.786580058138	750	17.573962759148174	0.0	382355	2909.0923243586794	0.75	0.75
7490.4771240188475	750	18.883418798438942	0.0	411561	2690.5439607092285	0.75	0.75
7492.681648274541	750	20.67889454274542	0.0	318564	2204.524255693524	0.75	0.75
7496.028619248562	1200	21.3319235687244	0.0	561791	3346.970974021022	0.75	0.75
7499.880720626092	1200	21.479822191194074	0.0	709534	3852.1013775303245	0.75	1.2
7503.326665022558	1200	22.03387779472769	0.0	584846	3445.944396466383	0.75	1.2
7506.840185484429	1200	22.520357332856776	0.0	560821	3513.5204618709145	0.75	1.2
7514.1549582661355	1850	19.205584551149972	0.0	939819	7314.772781706804	0.75	1.2000000000000002
7519.478301804417	1850	17.882241012868857	0.0	917428	5323.343538281114	0.75	1.85
7525.806657795224	1850	15.553885022061301	0.0	946851	6328.355990807556	0.75	1.85
7533.419683777647	1850	11.940859039638234	0.0	1036454	7613.025982423069	0.75	1.85
7536.993957315709	1200	12.366585501576617	0.0	526950	3574.2735380616155	0.75	0.5499999999999999
7540.509199544348	1200	12.851343272936857	0.0	587876	3515.242228639759	0.75	1.2
7544.142899466603	1200	13.217643350681225	0.0	617242	3633.6999222556337	0.75	1.2
7547.270703179303	1200	14.089839637981058	0.0	581493	3127.8037127001667	0.75	1.2
7551.194773828825	1200	14.165768988459908	0.0	639204	3924.0706495211502	0.75	1.2
7554.572710837279	1200	14.78783198000517	0.0	586839	3377.937008454738	0.75	1.2
7558.557674078659	1200	14.802868738625016	0.0	601738	3984.9632413801532	0.75	1.2
7562.28047926809	1200	15.080063549194383	0.0	616206	3722.805189430631	0.75	1.2
7566.7142655740745	1200	14.6462772432095	0.0	656471	4433.786305984883	0.75	1.2
7570.281887869916	1200	15.078654947368	0.0	536667	3567.6222958415015	0.75	1.2
7574.100250680474	1200	15.260292136809177	0.0	587236	3818.3628105588214	0.75	1.2
7579.025162740556	1200	14.335380076727706	0.0	590335	4924.912060081472	0.75	1.2
7587.015602589868	1200	10.344940227415387	0.0	696376	7990.439849312318	0.75	1.2
7596.398768060954	1200	4.96177475632914	0.0	487160	9383.165471086248	0.75	1.2

