8179.912080302661	750	4.0	3.9127276647253035	450283	3912.7276647253034	0.75	-16.074728958318804
8181.343673322767	300	6.568406979893699	0.0	155580	1431.593020106301	0.75	-0.15000000000000002
8182.510174076066	300	9.401906226594866	0.0	139857	1166.500753298834	0.75	0.3
8183.658619403825	300	12.253460898835879	0.0	155432	1148.4453277589848	0.75	0.3
8186.183217568094	750	13.728862734566606	0.0	411561	2524.5981642692727	0.75	0.3
8188.1878904167315	750	15.72418988592967	0.0	318564	2004.6728486369348	0.75	0.75
8190.911523291823	750	17.000557010837984	0.0	352642	2723.632875091688	0.75	0.75
8197.978859335559	1200	13.93322096710148	0.0	709534	7067.336043736503	0.75	0.75
8204.216222567366	1200	11.695857735294428	0.0	584846	6237.363231807052	0.75	1.2
8207.52078204213	1200	12.391298260530796	0.0	560821	3304.5594747636337	0.75	1.2
8211.11827959311	1200	12.79380070954966	0.0	607410	3597.497550981133	0.75	1.2
8214.542226391102	1200	13.369853911558252	0.0	594078	3423.94679799141	0.75	1.2
8218.085056805638	1200	13.827023497024046	0.0	624282	3542.830414534207	0.75	1.2
8222.432170375838	1200	13.479909926824076	0.0	687371	4347.113570199968	0.75	1.2
8226.555788522955	1200	13.35629177970522	0.0	526950	4123.618147118857	0.75	1.2
8233.073944543117	1200	10.838135759543734	0.0	587876	6518.156020161485	0.75	1.2
8239.814261771957	1200	8.097818530705123	0.0	617242	6740.317228838612	0.75	1.2
8247.480068913193	1200	4.432011389468487	0.0	581493	7665.807141236635	0.75	1.2
8251.014662230218	750	4.897418072443248	0.0	405596	3534.5933170252392	0.75	0.3
8254.217877127576	750	5.694203175085835	0.0	350713	3203.2148973574135	0.75	0.75
8257.519317473047	750	6.392762829616062	0.0	386472	3301.4403454697735	0.75	0.75
8261.058451208939	750	6.8536290937238915	0.0	399894	3539.1337358921696	0.75	0.75
8264.890999010195	750	7.0210812924676995	0.0	401853	3832.547801256193	0.75	0.75
8270.470694027179	750	5.441386275483082	0.0	343800	5579.695016984617	0.75	0.75
8277.51468702834	750	4.0	1.6026067256781389	359903	7043.993001161221	0.75	-6.1412089204159965
8280.254567813517	300	5.26011921482347	0.0	153938	2739.8807851765305	0.75	-0.15000000000000002
8284.876797285608	300	4.637889742732757	0.0	181901	4622.229472090713	0.75	0.3
8287.19021441349	300	6.3244726148519295	0.0	111155	2313.417127880827	0.75	0.3
8290.298948336154	300	7.215738692185634	0.0	153605	3108.7339226662953	0.75	0.3
8293.8003533106	300	7.714333717740025	0.0	149029	3501.40497444561	0.75	0.3
8297.996735704588	300	7.517951323752834	0.0	157421	4196.38239398719	0.75	0.3
8303.642063175736	300	5.8726238526057575	0.0	157488	5645.327471147077	0.75	0.3
8308.536494458696	300	4.978192569644146	0.0	143881	4894.431282961612	0.75	0.3
8311.521878437212	300	5.992808591128454	0.0	163444	2985.383978515691	0.75	0.3
8314.401053609405	300	7.113633418936625	0.0	179328	2879.175172191829	0.75	0.3
8316.649985892975	300	8.864701135367461	0.0	159914	2248.932283569164	0.75	0.3
8318.193585222585	300	11.321101805756436	0.0	131610	1543.599329611024	0.75	0.3
8319.435170059247	300	14.079516969094161	0.0	124011	1241.584836662274	0.75	0.3
8320.716944787677	300	16.797742240665073	0.0	144254	1281.7747284290872	0.75	0.3
8321.793078331631	300	19.721608696710646	0.0	149991	1076.1335439544268	0.75	0.3
8322.93517246412	300	22.5795145642207	0.0	147968	1142.094132489945	0.75	0.3
8326.951176567918	750	22.56351046042306	0.0	384505	4016.004103797637	0.75	0.3
8332.056571275205	750	21.458115753136447	0.0	372093	5105.394707286614	0.75	0.75
8343.341976486838	750	14.172710541503724	0.0	438281	11285.405211632724	0.75	0.75
8355.854521641631	750	5.660165386710601	0.0	398987	12512.545154793122	0.75	0.75
8360.240475322975	300	5.2742117053667	0.0	160064	4385.953681343901	0.75	-0.15000000000000002
8364.11093494853	300	5.403752079810633	0.0	137507	3870.4596255560687	0.75	0.3
8366.83594235982	300	6.678744668522565	0.0	118421	2725.0074112880675	0.75	0.3
8374.694334852205	750	4.0	1.1796478238633963	450283	7858.392492385961	0.75	-4.3224856426126035
8377.808320082637	300	4.88601476956701	0.0	155580	3113.9852304329897	0.75	-0.15000000000000002
8381.42290774743	300	5.271427104773648	0.0	139857	3614.5876647933633	0.75	0.3
8384.400863147383	300	6.2934717048228075	0.0	155432	2977.95539995084	0.75	0.3
8385.830284918111	300	8.864049934093076	0.0	163442	1429.4217707297312	0.75	0.3
8386.68840727774	300	12.005927574464888	0.0	126289	858.1223596281881	0.75	0.3
8387.673937144058	300	15.020397708146994	0.0	153295	985.5298663178926	0.75	0.3
8388.828685347995	300	17.86564950420988	0.0	173849	1154.7482039371148	0.75	0.3
8389.961035448328	300	20.73329940387689	0.0	150710	1132.3501003329861	0.75	0.3
8392.28439695841	750	22.409937893792954	0.0	362795	2323.3615100839384	0.75	0.3
8394.388176146156	750	24.306158706045917	0.0	353220	2103.7791877470377	0.75	0.75
8397.137794219238	750	25.556540632965614	0.0	405134	2749.618073080303	0.75	0.75
8403.744174738968	1850	22.950160113235327	0.0	946851	6606.380519730285	0.75	0.75
8409.53883278476	1850	21.155502067443987	0.0	1036454	5794.65804579134	0.75	1.85
8414.182054253788	1850	20.512280598413394	0.0	821631	4643.221469030591	0.75	1.85
8418.95201053087	1850	19.74232432133416	0.0	923170	4769.956277079235	0.75	1.85
8424.372982147173	1850	18.32135270502913	0.0	966699	5420.971616305028	0.75	1.85
8430.831169506571	1850	15.863165345631565	0.0	885714	6458.187359397564	0.75	1.85
8438.701247159002	1850	11.993087693200902	0.0	987708	7870.077652430663	0.75	1.85
8443.927719375371	1850	10.766615476831841	0.0	923755	5226.472216369059	0.75	1.85
8447.257113593543	1200	11.437221258660761	0.0	601738	3329.3942181710786	0.75	0.5499999999999999
8452.016079651565	1200	10.678255200640274	0.0	616206	4758.966058020487	0.75	1.2
8456.142849887661	1200	10.551484964542539	0.0	656471	4126.770236097737	0.75	1.2
8458.739617570913	1200	11.954717281291764	0.0	536667	2596.767683250775	0.75	1.2
8462.462058591667	1200	12.232276260537397	0.0	587236	3722.441020754366	0.75	1.2
8466.325348349052	1200	12.368986503153778	0.0	590335	3863.28975738362	0.75	1.2
8470.89869883072	1200	11.795636021485885	0.0	696376	4573.350481667892	0.75	1.2
8473.519827323864	1200	13.174507528342918	0.0	487160	2621.1284931429677	0.75	1.2
8477.37990612103	1200	13.314428731175896	0.0	622896	3860.0787971670215	0.75	1.2
8482.094330043841	1200	12.60000480836491	0.0	641447	4714.423922810988	0.75	1.2
8487.866101520429	1200	10.82823333177773	0.0	570392	5771.771476587178	0.75	1.2
8492.828018001943	1200	9.866316850264527	0.0	620283	4961.916481513204	0.75	1.2
8497.83842465111	1200	8.855910201096835	0.0	584349	5010.40664916769	0.75	1.2
8503.526967696902	1200	7.167367155305296	0.0	670129	5688.543045791538	0.75	1.2

