2.7931852023610926	750	4.0	2.7931852023610926	450283	2793.1852023610927	1	-11.260696370152697
4.285031200393132	750	6.508154001967959	0.0	398865	1491.84599803204	0.5350236112415971	0.75
5.541824588919491	750	9.2513606134416	0.0	350812	1256.793388526359	0.5350236112415971	0.75
7.56642414537224	1200	11.226761056988853	0.0	617681	2024.5995564527486	0.5350236112415971	0.75
10.193868059862682	1200	12.599317142498412	0.0	652874	2627.4439144904413	0.5350236112415971	1.2
12.570953716935009	1200	14.222231485426086	0.0	520315	2377.0856570723263	0.5350236112415971	1.2
16.489262470981803	1850	14.303922731379288	0.0	905515	3918.3087540467986	0.5350236112415971	1.2000000000000002
21.71312326659351	1850	13.080061935767585	0.0	1060487	5223.860795611703	0.5350236112415971	1.85
31.23962341594831	1850	7.553561786412783	0.0	852833	9526.5001493548	0.5350236112415971	1.85
39.478851713080616	1200	4.0	0.6856665107195203	560821	8239.228297132304	0.5350236112415971	-2.3983659960939376
40.566625284803735	300	6.91222642827688	0.0	141840	1087.7735717231199	0.5350236112415971	-0.6000000000000001
41.79869335246874	300	9.680158360611873	0.0	156148	1232.068067665006	0.5350236112415971	0.3
42.93984878340894	300	12.539002929671675	0.0	160746	1141.1554309401977	0.5350236112415971	0.3
45.47365876441717	750	14.00519294866344	0.0	434409	2533.8099810082354	0.5350236112415971	0.3
47.15813320263704	750	16.320718510443577	0.0	337059	1684.4744382198623	0.5350236112415971	0.75
51.54288851096075	1200	15.93596320211986	0.0	587876	4384.755308323717	0.5350236112415971	0.75
54.638976708502135	1200	16.83987500457847	0.0	617242	3096.0881975413895	0.5350236112415971	1.2
56.8961470179342	1200	18.582704695146408	0.0	581493	2257.1703094320615	0.5350236112415971	1.2
59.58012380107771	1200	19.898727912002897	0.0	639204	2683.976783143508	0.5350236112415971	1.2
63.01278939177553	1850	20.46606232130508	0.0	923755	3432.6655906978167	0.5350236112415971	1.2000000000000002
65.51701108930827	1850	21.961840623772332	0.0	891604	2504.2216975327483	0.6004643171554496	1.85
68.5915840120889	1850	22.887267700991696	0.0	955231	3074.5729227806355	0.6004643171554496	1.85
71.71330843088059	1850	23.76554328220002	0.0	968026	3121.724418791675	0.6004643171554496	1.85
76.1240351148534	2850	23.354816598227206	0.0	1323990	4410.7266839728145	0.6004643171554496	1.85
81.61208445021364	2850	21.866767262866954	0.0	1383735	5488.049335360255	0.6004643171554496	2.85
88.5226083302442	2850	18.956243382836394	0.0	1480464	6910.52388003056	0.6004643171554496	2.85
94.6936984989499	2850	16.785153214130688	0.0	1547572	6171.090168705707	0.6004643171554496	2.85
99.85495682296319	2850	15.623894890117406	0.0	1141971	5161.258324013283	0.6004643171554496	2.85
102.70578541229546	1850	16.773066300785132	0.0	972798	2850.828589332274	0.6004643171554496	0.8500000000000001
107.11198653247823	1850	16.36686518060237	0.0	975811	4406.201120182764	0.6004643171554496	1.85
110.82725560094197	1850	16.651596112138638	0.0	873429	3715.26906846373	0.6004643171554496	1.85
114.63041392776418	1850	16.84843778531642	0.0	954453	3803.1583268222225	0.6004643171554496	1.85
118.0450047057759	1850	17.433847007304706	0.0	885062	3414.590778011714	0.6004643171554496	1.85
122.12371893933224	1850	17.355132773748366	0.0	1035329	4078.71423355634	0.6004643171554496	1.85
128.42728558426654	1850	15.051566128814061	0.0	1026056	6303.566644934305	0.6004643171554496	1.85
131.71196799718172	1850	15.76688371589888	0.0	943942	3284.682412915182	0.6004643171554496	1.85
134.02931150707255	1850	17.449540206008038	0.0	728962	2317.3435098908412	0.6004643171554496	1.85
137.07523918181073	1850	18.40361253126987	0.0	938587	3045.927674738165	0.6004643171554496	1.85
140.35657691900866	1850	19.122274794071927	0.0	908665	3281.337737197943	0.6004643171554496	1.85
143.0914220790318	1850	20.387429634048804	0.0	930577	2734.8451600231224	0.6004643171554496	1.85
145.50452276092722	1850	21.974328952153396	0.0	858450	2413.1006818954065	0.6004643171554496	1.85
152.6368379203505	2850	18.84201379273011	0.0	1527299	7132.315159423282	0.6004643171554496	1.85
159.55818885783975	2850	15.920662855240833	0.0	1343002	6921.350937489277	0.6004643171554496	2.85
167.67689242937766	2850	11.801959283702953	0.0	1587250	8118.7035715378815	0.6004643171554496	2.85
170.34324536746252	1850	13.135606345618095	0.0	958994	2666.352938084857	0.6004643171554496	0.8500000000000001
173.3010855285888	1850	14.17776618449181	0.0	982064	2957.8401611262843	0.6004643171554496	1.85
177.75065107345355	2850	13.728200639627078	0.0	1231456	4449.565544864734	0.6004643171554496	1.85
187.5882440102401	2850	7.890607702840514	0.0	1364537	9837.592936786563	0.6004643171554496	2.85
192.7822295358767	750	6.696622177203943	0.0	450283	5193.985525636572	0.6004643171554496	0.75
194.97569924185984	750	8.503152471220805	0.0	398865	2193.469705983138	0.6004643171554496	0.75
196.60024900723857	750	10.87860270584207	0.0	350812	1624.5497653787354	0.6004643171554496	0.75
198.74315275818	750	12.735698954900654	0.0	382355	2142.9037509414147	0.6004643171554496	0.75
201.04528834394895	750	14.43356336913169	0.0	411561	2302.1355857689623	0.6004643171554496	0.75
202.57454551858285	750	16.904306194497767	0.0	318564	1529.257174633923	0.6004643171554496	0.75
204.54092042614317	750	18.937931286937456	0.0	352642	1966.3749075603125	0.6004643171554496	0.75
206.31112519426284	750	21.167726518817823	0.0	437162	1770.2047681196348	0.6004643171554496	0.75
208.77599123933012	1200	22.702860473750523	0.0	584846	2464.8660450672996	0.6004643171554496	0.75
212.28364198568255	1850	23.195209727398108	0.0	913888	3507.650746352413	0.6004643171554496	1.2000000000000002
215.46743611507253	1850	24.011415598008135	0.0	939819	3183.7941293899735	0.6004643171554496	1.85
218.77722145325941	1850	24.70163025982125	0.0	917428	3309.785338186885	0.6004643171554496	1.85
221.40483750667448	1850	26.074014206406154	0.0	946851	2627.616053415096	0.6004643171554496	1.85
226.80930356079017	2850	24.66954815229047	0.0	1578343	5404.466054115685	0.6004643171554496	1.85

