27947.568237177264	750	4.0	1.1482833162359447	450283	1148.2833162359448	0.75	-4.187618259814562
27948.021955577955	300	7.546281599307435	0.0	155580	453.71840069256433	0.75	-0.15000000000000002
27948.435417812318	300	11.132819364945245	0.0	139857	413.46223436218986	0.75	0.3
27949.472787914277	750	14.095449262986898	0.0	382355	1037.3701019583482	0.75	0.3
27951.991384737623	1200	15.576852439641629	0.0	652874	2518.596823345269	0.75	0.75
27955.30674568041	1200	16.26149149685355	0.0	520315	3315.3609427880783	0.7	1.2
27957.5644544909	1200	18.003782686363582	0.0	561791	2257.7088104899676	0.7	1.2
27961.832197803364	1850	17.736039373899164	0.0	1060487	4267.743312464421	0.7	1.2000000000000002
27966.282354403844	1850	17.28588277342022	0.0	852833	4450.156600478943	0.7	1.85
27969.164171618966	1850	18.40406555829636	0.0	913888	2881.81721512386	0.7	1.85
27971.35467744252	1850	20.213559734740485	0.0	939819	2190.505823555877	0.7	1.85
27973.855761983436	1850	21.71247519382715	0.0	917428	2501.0845409133344	0.7	1.85
27977.073608845578	1850	22.49462833168788	0.0	946851	3217.8468621392713	0.7	1.85
27989.334658008087	2850	14.233579169177393	0.0	1578343	12261.049162510488	0.7	1.85
27997.77902177992	1850	9.789215397344716	0.0	821631	8444.363771832675	0.7	0.8500000000000001
28001.89149626038	1850	9.67674091688161	0.0	923170	4112.474480463106	0.7	1.85
28005.018164842513	1850	10.550072334749714	0.0	966699	3126.668582131896	0.7	1.85
28007.888579640097	1850	11.679657537162475	0.0	885714	2870.4147975872397	0.7	1.85
28011.082871260216	1850	12.48536591704621	0.0	987708	3194.291620116267	0.7	1.85
28014.354071962087	1850	13.2141652151731	0.0	923755	3271.200701873109	0.7	1.85
28017.192618851077	1850	14.37561832618633	0.0	891604	2838.54688898677	0.7	1.85
28019.771392761086	1850	15.796844416178704	0.0	955231	2578.7739100076255	0.7	1.85
28023.359967845143	1850	16.208269332121414	0.0	968026	3588.5750840572914	0.7	1.85
28026.666340455286	1850	16.90189672197596	0.0	874175	3306.372610145454	0.7	1.85
28029.93301732607	1850	17.63521985118876	0.0	897976	3266.6768707871943	0.7	1.85
28032.49633028777	1850	19.07190688949266	0.0	905935	2563.3129616961032	0.7	1.85
28035.94941687056	2850	19.618820306700208	0.0	1547572	3453.0865827924545	0.7	1.85
28038.933542375496	2850	20.634694801762365	0.0	1141971	2984.125504937842	0.7	2.85
28043.031440320698	2850	20.536796856561462	0.0	1498470	4097.897945200904	0.7	2.85
28047.621774958294	2850	19.946462218963244	0.0	1561263	4590.334637598216	0.7	2.85
28051.14398129874	2850	20.42425587851606	0.0	1341201	3522.2063404471824	0.7	2.85
28054.96380402028	2850	20.604433156973812	0.0	1497683	3819.82272154225	0.7	2.85
28058.029872610834	2850	21.538364566421848	0.0	1358081	3066.0685905519636	0.7	2.85
28061.89429284813	2850	21.67394432912797	0.0	1587293	3864.420237293879	0.7	2.85
28066.202472415425	2850	21.365764761833507	0.0	1492672	4308.179567294465	0.7	2.85
28069.47822688845	2850	22.090010288811996	0.0	1439896	3275.754473021511	0.7	2.85
28073.352258211085	2850	22.21597896617798	0.0	1139291	3874.031322634016	0.7	2.85
28077.71498621695	2850	21.853250960309307	0.0	1499009	4362.728005868676	0.7	2.85
28082.400495826	2850	21.167741351256584	0.0	1427478	4685.509609052722	0.7	2.85
28089.135336714404	2850	18.43290046285162	0.0	1402287	6734.840888404963	0.7	2.85
28094.387200110083	2850	17.181037067175968	0.0	1339500	5251.863395675651	0.7	2.85
28098.970536780504	2850	16.59770039675316	0.0	1527299	4583.336670422807	0.7	2.85
28102.953956448055	2850	16.614280729199987	0.0	1343002	3983.419667553174	0.7	2.85
28107.88468109006	2850	15.683556087194141	0.0	1587250	4930.724642005843	0.7	2.85
28113.270083652296	2850	14.298153524959183	0.0	1464921	5385.402562234959	0.7	2.85
28118.772074558758	2850	12.796162618497242	0.0	1483527	5501.990906461941	0.7	2.85
28122.974280418708	2850	12.59395675854382	0.0	1231456	4202.20585995342	0.7	2.85
28126.527341214827	2850	13.040895962423734	0.0	1364537	3553.0607961200863	0.7	2.85

