33458.55452191252	750	4.0	4.043612194844198	450283	4043.6121948441983	0.75	-16.63753243783005
33462.157018642436	750	4.397503270086706	0.0	398865	3602.496729913294	0.7	0.75
33464.357016922804	750	6.197504989719165	0.0	350812	2199.998280367541	0.7	0.75
33467.35686370291	750	7.197658209616832	0.0	382355	2999.8467801023326	0.7	0.75
33471.802086105046	750	6.752435807479209	0.0	411561	4445.222402137623	0.7	0.75
33475.4934782493	750	7.061043663226303	0.0	318564	3691.3921442529067	0.7	0.75
33480.212236909734	750	6.3422850027864754	0.0	352642	4718.7586604398275	0.7	0.75
33484.28436217071	750	6.270159741814874	0.0	437162	4072.125260971601	0.7	0.75
33486.556292974215	750	7.998228938306548	0.0	374758	2271.930803508326	0.7	0.75
33489.37307852386	750	9.181443388663931	0.0	362795	2816.785549642618	0.7	0.75
33491.98606925547	750	10.568452657051399	0.0	353220	2612.9907316125314	0.7	0.75
33496.6140637124	750	9.940458200124155	0.0	405134	4627.994456927246	0.7	0.75
33499.412543500606	750	11.141978411918304	0.0	386351	2798.47978820585	0.7	0.75
33502.30735649739	750	12.247165415137344	0.0	434409	2894.81299678096	0.7	0.75
33506.70292714955	750	11.851594762977577	0.0	337059	4395.570652159768	0.7	0.75
33511.86290806301	750	10.691613849513788	0.0	366214	5159.980913463789	0.7	0.75
33516.361614407055	750	10.192907505474144	0.0	360831	4498.706344039642	0.7	0.75
33520.21079877942	750	10.343723133103904	0.0	372963	3849.1843723702405	0.7	0.75
33523.425045585995	750	11.129476326526465	0.0	405596	3214.2468065774397	0.7	0.75
33527.37160235971	750	11.182919552815324	0.0	350713	3946.5567737111405	0.7	0.75
33533.34467907861	750	9.209842833912772	0.0	386472	5973.076718902554	0.7	0.75
33538.04077739442	750	8.51374451810992	0.0	399894	4696.098315802849	0.7	0.75
33547.16925135407	750	4.0	0.6147294415433534	401853	9128.473959653275	0.7	-1.8933365986364197
33548.841846861564	300	6.327404492504347	0.0	137654	1672.595507495653	0.7	-0.15000000000000002
33550.104721252814	300	9.064530101256766	0.0	146754	1262.8743912475832	0.7	0.3
33551.311786901075	300	11.857464452996942	0.0	153938	1207.065648259824	0.7	0.3
33552.75179194337	300	14.417459410701444	0.0	181901	1440.0050422954969	0.7	0.3
33553.85787639009	300	17.311374963979368	0.0	111155	1106.0844467220759	0.7	0.3
33555.65698926489	300	19.51226208917708	0.0	153605	1799.1128748022854	0.7	0.3
33557.57997649157	300	21.589274862493706	0.0	149029	1922.9872266833768	0.7	0.3
33558.89113686469	300	24.278114489383036	0.0	157421	1311.1603731106698	0.7	0.3
33563.81908725598	750	23.350164098091625	0.0	400322	4927.950391291411	0.7	0.3
33569.35986957271	750	21.809381781355217	0.0	369834	5540.782316736406	0.7	0.75
33571.34056290918	750	23.82868844488739	0.0	412837	1980.6933364678248	0.7	0.75
33572.89098241771	750	26.278268936352582	0.0	401088	1550.4195085348078	0.7	0.75
33575.4066332079	1200	27.762618146158303	0.0	598727	2515.6507901942778	0.7	0.75
33577.60654760054	1200	29.562703753526254	0.0	487812	2199.9143926320494	0.7	1.2
33580.27488187628	1200	30.89436947778775	0.0	575591	2668.334275738504	0.7	1.2
33583.51581976751	1850	31.65343158654865	0.0	908665	3240.9378912391016	0.7	1.2000000000000002
33586.60230848943	1850	32.56694286462713	0.0	930577	3086.4887219215184	0.7	1.85
33589.50725108248	1850	33.66200027158453	0.0	858450	2904.942593042598	0.7	1.85
33600.39475768024	1850	26.774493673830403	0.0	1025005	10887.506597754133	0.7	1.85
33606.3969115054	1850	24.772339848667098	0.0	886255	6002.153825163303	0.7	1.85
33610.362967684305	1850	24.806283669763026	0.0	973972	3966.0561789040744	0.7	1.85
33613.92017420963	1850	25.249077144446833	0.0	958994	3557.206525316192	0.7	1.85
33617.54372535818	1850	25.625525995894474	0.0	982064	3623.5511485523584	0.7	1.85
33628.54713059317	4300	18.62212076089714	0.0	1961140	11003.405234997335	0.7	1.8499999999999996
33640.94878522838	4300	10.22046612569159	0.0	2155012	12401.654635205548	0.7	4.3
33642.898092309384	750	12.271159044682364	0.0	450283	1949.3070810092274	0.7	0.75
33644.59584466481	750	14.573406689260533	0.0	398865	1697.752355421829	0.7	0.75
33646.10104903143	750	17.068202322635237	0.0	350812	1505.2043666252969	0.7	0.75
33651.21780180286	1850	15.951449551204645	0.0	933276	5116.75277143059	0.7	0.75
33657.1256863395	1850	14.043565014558554	0.0	996749	5907.88453664609	0.7	1.85
33661.15860872151	1850	14.010642632552841	0.0	801058	4032.9223820057136	0.7	1.85
33665.75614485699	1850	13.413106497074073	0.0	905515	4597.5361354787665	0.7	1.85
33669.973221919834	1850	13.19602943422671	0.0	1060487	4217.077062847361	0.7	1.85
33675.8547998026	1850	11.31445155146923	0.0	852833	5881.577882757481	0.7	1.85
33682.45695026438	1850	8.71230108968636	0.0	913888	6602.15046178287	0.7	1.85
33685.89559102587	1200	9.273660328198904	0.0	607410	3438.640761487456	0.7	0.5499999999999999
33688.46414621758	1200	10.705105136489294	0.0	594078	2568.555191709611	0.7	1.2
33692.593660745464	1200	10.57559060860176	0.0	624282	4129.514527887535	0.7	1.2
33697.387458944286	1200	9.781792409781236	0.0	687371	4793.798198820524	0.7	1.2
33699.866126841494	1200	11.303124512571069	0.0	526950	2478.6678972101677	0.7	1.2
33702.29873720423	1200	12.870514149830003	0.0	587876	2432.610362741066	0.7	1.2
33704.87722884948	1200	14.29202250458151	0.0	617242	2578.491645248492	0.7	1.2
33708.14394143538	1200	15.025309918678467	0.0	581493	3266.7125859030425	0.7	1.2
33711.68036901854	1200	15.488882335519529	0.0	639204	3536.427583158939	0.7	1.2
33714.92776478832	1200	16.241486565734494	0.0	586839	3247.3957697850356	0.7	1.2
33717.97670585693	1200	17.192545497132873	0.0	601738	3048.9410686016186	0.7	1.2
33720.42796164636	1200	18.741289707694957	0.0	616206	2451.255789437917	0.7	1.2
33722.717373297484	1200	20.451878056576273	0.0	656471	2289.411651118683	0.7	1.2
33725.10746314819	1200	22.061788205867384	0.0	536667	2390.089850708891	0.7	1.2
33728.39864851431	1200	22.77060283975116	0.0	587236	3291.185366116225	0.7	1.2
33731.08294727026	1200	24.086304083798858	0.0	590335	2684.298755952298	0.7	1.2
33734.17444235745	1200	24.994808996607052	0.0	696376	3091.495087191807	0.7	1.2
33737.11405960774	1850	26.055191746320265	0.0	758197	2939.6172502867844	0.7	1.2000000000000002
33741.34615701479	1850	25.82309433926455	0.0	972798	4232.097407055715	0.7	1.85
33745.87330511623	1850	25.295946237833274	0.0	975811	4527.148101431274	0.7	1.85
33749.2469259567	1850	25.922325397361472	0.0	873429	3373.6208404718027	0.7	1.85
33752.16455771075	1850	27.004693643310482	0.0	954453	2917.6317540509917	0.7	1.85
33758.22881381939	2850	24.940437534665506	0.0	1358081	6064.256108644977	0.7	1.85

