6548.458977021412	750	4.0	5.4395307625425735	450283	5439.530762542574	0.75	-22.639982278933065
6550.852603889339	300	5.606373132073677	0.0	155580	2393.6268679263235	0.75	-0.15000000000000002
6553.024229921649	300	7.4347470997634195	0.0	139857	2171.626032310258	0.75	0.3
6555.978729901815	300	8.480247119597157	0.0	155432	2954.4999801662616	0.75	0.3
6558.348543242945	300	10.110433778467936	0.0	163442	2369.8133411292224	0.75	0.3
6559.364664817091	300	13.094312204322456	0.0	126289	1016.1215741454799	0.75	0.3
6560.439931767035	300	16.019045254378536	0.0	153295	1075.2669499439207	0.75	0.3
6563.460359397355	750	16.998617624058227	0.0	437162	3020.4276303203083	0.75	0.3
6566.069113098401	750	18.38986392301169	0.0	374758	2608.7537010465367	0.75	0.75
6568.561482757586	750	19.89749426382763	0.0	362795	2492.369659184056	0.75	0.75
6571.179452107917	750	21.27952491349602	0.0	353220	2617.969350331617	0.75	0.75
6577.537102471112	1200	18.92187455030116	0.0	594078	6357.650363194857	0.75	0.75
6582.605094311466	1200	17.853882709947136	0.0	624282	5067.991840354024	0.75	1.2
6591.47149752671	1200	12.987479494703601	0.0	687371	8866.403215243534	0.75	1.2
6597.406844179117	1200	11.052132842296134	0.0	526950	5935.346652407467	0.75	1.2
6603.125097762517	1200	9.333879258896316	0.0	587876	5718.253583399818	0.75	1.2
6605.984010993837	750	10.47496602757677	0.0	360831	2858.9132313195464	0.75	0.3
6608.605266775704	750	11.853710245708855	0.0	372963	2621.2557818679147	0.75	0.75
6611.450488996004	750	13.008488025407791	0.0	405596	2845.222220301064	0.75	0.75
6614.089687008601	750	14.369290012811371	0.0	350713	2639.19801259642	0.75	0.75
6616.939241491609	750	15.519735529802528	0.0	386472	2849.554483008843	0.75	0.75
6620.021395985157	750	16.43758103625477	0.0	399894	3082.154493547758	0.75	0.75
6625.053803342873	1200	15.405173678538695	0.0	656471	5032.407357716076	0.75	0.75
6630.220247236662	1200	14.23872978475067	0.0	536667	5166.443893788023	0.75	1.2
6634.797165565502	1200	13.66181145591034	0.0	587236	4576.91832884033	0.75	1.2
6638.762448933658	1200	13.696528087755006	0.0	590335	3965.2833681553366	0.75	1.2
6646.743754107435	1200	9.715222913977042	0.0	696376	7981.305173777963	0.75	1.2

