3.791441730238546	750	4.0	3.791441730238546	450283	3791.441730238546	1	-15.553199440025747
5.178487984810731	300	6.6129537454278156	0.0	155580	1387.046254572185	0.42661758459734184	-0.15000000000000002
6.195714049287424	300	9.595727680951125	0.0	139857	1017.2260644766923	0.42661758459734184	0.3
8.494712570072132	750	11.296729160166416	0.0	382355	2298.998520784708	0.42661758459734184	0.3
11.216833029697359	750	12.57460870054119	0.0	411561	2722.1204596252264	0.42661758459734184	0.75
13.502218819912784	750	14.289222910325766	0.0	318564	2285.3857902154255	0.42661758459734184	0.75
15.52116067783813	750	16.270281052400417	0.0	352642	2018.9418579253465	0.42661758459734184	0.75
17.41783514831397	750	18.373606581924577	0.0	437162	1896.6744704758405	0.42661758459734184	0.75
18.613658843727404	750	21.177782886511146	0.0	374758	1195.8236954134325	0.42661758459734184	0.75
22.023706924903177	1850	21.767734805335373	0.0	913888	3410.048081175775	0.42661758459734184	0.75
27.637353962562777	1850	20.15408776767577	0.0	939819	5613.647037659602	0.42661758459734184	1.85
32.69749214874297	1850	19.09394958149558	0.0	917428	5060.13818618019	0.42661758459734184	1.85
37.92043710745356	1850	17.871004622784987	0.0	946851	5222.944958710593	0.42661758459734184	1.85
44.15027375587843	1850	15.641167974360123	0.0	1036454	6229.836648424866	0.42661758459734184	1.85
51.11146677833515	1850	12.679974951903409	0.0	821631	6961.193022456716	0.42661758459734184	1.85
58.048069965034045	1200	9.743371765204511	0.0	587876	6936.603186698898	0.42661758459734184	0.5499999999999999
64.11414896243723	1200	7.677292767801326	0.0	617242	6066.078997403185	0.42661758459734184	1.2
66.96952372403689	750	8.821918006201672	0.0	372963	2855.374761599653	0.42661758459734184	0.3
69.99053540972979	750	9.80090632050878	0.0	405596	3021.011685692892	0.42661758459734184	0.75
71.99960843457188	750	11.791833295666684	0.0	350713	2009.0730248420969	0.42661758459734184	0.75
74.43287214259973	750	13.358569587638828	0.0	386472	2433.2637080278564	0.6995528021007995	0.75
77.90377392527509	750	13.887667804963472	0.0	399894	3470.9017826753548	0.6995528021007995	0.75
80.75632626457521	750	15.035115465663344	0.0	401853	2852.552339300127	0.6995528021007995	0.75
82.74499073839424	750	17.04645099184432	0.0	343800	1988.6644738190225	0.6995528021007995	0.75
84.37717485930094	750	19.41426687093761	0.0	359903	1632.184120906712	0.6995528021007995	0.75
88.09996714658175	1200	19.691474583656788	0.0	590335	3722.792287280818	0.6995528021007995	0.75
92.31749431176057	1200	19.47394741847797	0.0	696376	4217.527165178819	0.6995528021007995	1.2
96.396724589125	1200	19.394717141113535	0.0	487160	4079.230277364431	0.6995528021007995	1.2
102.24179865003289	1200	17.549643080205662	0.0	622896	5845.074060907873	0.6995528021007995	1.2
109.11956922422235	1200	14.671872506016198	0.0	641447	6877.770574189466	0.6995528021007995	1.2
114.85656356827427	1200	12.934878161964265	0.0	570392	5736.994344051932	0.6995528021007995	1.2
118.2067647858542	750	13.584676944384338	0.0	400322	3350.201217579926	0.6995528021007995	0.3
121.6874823224077	750	14.103959407830844	0.0	369834	3480.7175365534954	0.6995528021007995	0.75
126.6999398448438	750	13.091501885394745	0.0	412837	5012.457522436098	0.6995528021007995	0.75
131.47752721461544	750	12.313914515623102	0.0	401088	4777.587369771642	0.6995528021007995	0.75
136.04765397493088	750	11.74378775530767	0.0	365161	4570.126760315432	0.6995528021007995	0.75
140.7379500791125	750	11.053491651126052	0.0	321064	4690.296104181618	0.6995528021007995	0.75
146.7949363324015	750	8.996505397837046	0.0	361565	6056.986253289008	0.6995528021007995	0.75
154.19849798956807	750	5.59294374067047	0.0	378327	7403.561657166575	0.6995528021007995	0.75
158.23008718426314	300	5.5613545459754175	0.0	149991	4031.5891946950524	0.6995528021007995	-0.15000000000000002
161.86497688373225	300	5.926464846506289	0.0	147968	3634.889699469129	0.6995528021007995	0.3
164.98780851801718	300	6.803633212221372	0.0	161857	3122.831634284918	0.6995528021007995	0.3
166.75046227052187	300	9.040979459716677	0.0	145210	1762.6537525046963	0.6995528021007995	0.3
168.29728384214752	300	11.494157888091014	0.0	172312	1546.8215716256625	0.6995528021007995	0.3
170.06988370012434	300	13.721558030114199	0.0	167025	1772.599857976813	0.6995528021007995	0.3
171.46582845726346	300	16.325613272975094	0.0	160064	1395.9447571391047	0.6995528021007995	0.3
176.85002588885948	1200	14.941415841379065	0.0	538612	5384.197431596031	0.6995528021007995	0.29999999999999993
184.09409389175795	1850	11.697347838480578	0.0	846370	7244.068002898485	0.6995528021007995	1.2000000000000002
187.57065261905672	750	12.220789111181814	0.0	450283	3476.5587272987655	0.6995528021007995	0.75
190.57329075018257	750	13.218150980055968	0.0	398865	3002.638131125844	0.6995528021007995	0.75
193.62105570722846	750	14.17038602301007	0.0	350812	3047.7649570458975	0.6995528021007995	0.75
197.4665830082848	750	14.32485872195373	0.0	382355	3845.5273010563415	0.6995528021007995	0.75
199.94274689699512	750	15.848694833243401	0.0	411561	2476.1638887103272	0.6995528021007995	0.75
202.11810428431272	750	17.67333744592579	0.0	318564	2175.357387317614	0.6995528021007995	0.75
204.35832703836326	750	19.433114691875264	0.0	352642	2240.222754050527	0.6995528021007995	0.75
208.53426063510673	1200	19.257181095131788	0.0	709534	4175.9335967434745	0.6995528021007995	0.75
212.495557407071	1200	19.295884323167524	0.0	584846	3961.2967719642666	0.6995528021007995	1.2
216.45841510020958	1200	19.33302663002893	0.0	560821	3962.8576931385924	0.6995528021007995	1.2
221.7185044295324	1200	18.072937300706137	0.0	607410	5260.089329322794	0.6995528021007995	1.2
225.88808814615552	1200	17.903353584083003	0.0	594078	4169.583716623132	0.6995528021007995	1.2
231.02523467290118	1200	16.766207057337326	0.0	624282	5137.14652674568	0.6995528021007995	1.2
234.6326060184876	1200	17.158835711750932	0.0	687371	3607.371345586391	0.6995528021007995	1.2
237.39965341068088	1200	18.391788319557637	0.0	526950	2767.047392193298	0.6995528021007995	1.2
240.29562281553817	1200	19.495818914700358	0.0	587876	2895.969404857277	0.6995528021007995	1.2
243.20949207874872	1200	20.5819496514898	0.0	617242	2913.869263210557	0.6995528021007995	1.2
246.04209270397163	1200	21.749349026266913	0.0	581493	2832.60062522289	0.6995528021007995	1.2
250.49739227024398	1200	21.29404945999456	0.0	639204	4455.2995662723515	0.6995528021007995	1.2
254.57761340605254	1200	21.213828324186036	0.0	586839	4080.2211358085233	0.6995528021007995	1.2
258.8808218761962	1200	20.91061985404236	0.0	601738	4303.208470143682	0.6995528021007995	1.2
261.6967342859754	1200	22.094707444263136	0.0	616206	2815.9124097792237	0.6995528021007995	1.2
264.65631479781	1200	23.135126932428552	0.0	656471	2959.580511834581	0.6995528021007995	1.2
267.0654804450564	1200	24.725961285182123	0.0	536667	2409.16564724643	0.6995528021007995	1.2
270.2663899919124	1200	25.525051738326145	0.0	587236	3200.909546855979	0.6995528021007995	1.2
275.27369433480715	1850	24.51774739543134	0.0	905935	5007.304342894802	0.6995528021007995	1.2000000000000002
282.1275294805253	1850	21.66391224971321	0.0	1076599	6853.835145718132	0.6995528021007995	1.85
287.105088536405	1850	20.68635319383351	0.0	758197	4977.5590558796985	0.6995528021007995	1.85
291.612828565986	1850	20.17861316425254	0.0	972798	4507.740029580971	0.6995528021007995	1.85
297.17805143922396	1850	18.613390291014515	0.0	975811	5565.2228732380245	0.6995528021007995	1.85
302.03998410862687	1850	17.751457621611685	0.0	873429	4861.932669402833	0.6995528021007995	1.85
307.4672153524278	1850	16.324226377810746	0.0	954453	5427.231243800938	0.6995528021007995	1.85
311.6550414791612	1850	16.13640025107738	0.0	885062	4187.826126733367	0.6995528021007995	1.85
317.2390992056764	1850	14.552342524562128	0.0	1035329	5584.0577265152515	0.6995528021007995	1.85
325.8900485803553	1850	9.901393149883207	0.0	1026056	8650.949374678921	0.6995528021007995	1.85

