1.384287999087403	750	4.0	1.384287999087403	450283	1384.287999087403	1	-5.202438396075833
2.658509009404068	750	6.725778989683334	0.0	398865	1274.2210103166653	0.7593233516573586	0.75
4.970019470786601	1200	8.414268528300804	0.0	571051	2311.510461382532	0.7593233516573586	0.75
7.062198206277051	1200	10.32208979281035	0.0	617681	2092.1787354904513	0.7593233516573586	1.2
9.295666113202216	1200	12.088621885885185	0.0	652874	2233.4679069251642	0.7593233516573586	1.2
11.856807510610292	1850	13.527480488477112	0.0	801058	2561.141397408076	0.7593233516573586	1.2000000000000002
15.000025524586848	1850	14.384262474500554	0.0	905515	3143.218013976557	0.7593233516573586	1.85
18.203919434056502	1850	15.180368565030902	0.0	1060487	3203.893909469652	0.7593233516573586	1.85
20.857287051063935	1850	16.527000948023467	0.0	852833	2653.3676170074336	0.7593233516573586	1.85
24.037201577539168	1850	17.347086421548237	0.0	913888	3179.914526475232	0.7593233516573586	1.85
28.59574197555793	1850	16.788546023529474	0.0	939819	4558.540398018764	0.7593233516573586	1.85
31.553094933719546	1850	17.83119306536786	0.0	917428	2957.352958161614	0.7593233516573586	1.85
36.648237329255615	1850	16.736050669831787	0.0	946851	5095.142395536072	0.7593233516573586	1.85
46.269141377245205	1850	11.115146621842195	0.0	1036454	9620.904047989592	0.7593233516573586	1.85
52.614941549304646	1200	8.76934644978276	0.0	526950	6345.8001720594375	0.7593233516573586	0.5499999999999999
56.3300036987474	750	9.054284300340013	0.0	366214	3715.062149442745	0.7593233516573586	0.3
59.70429211733263	750	9.679995881754781	0.0	360831	3374.2884185852317	0.7593233516573586	0.75
63.670417834600364	750	9.71387016448705	0.0	372963	3966.125717267733	0.7593233516573586	0.75
68.45228039843414	750	8.932007600653261	0.0	405596	4781.862563833788	0.7593233516573586	0.75
72.24729410033889	750	9.136993898748521	0.0	350713	3795.0137019047393	0.7593233516573586	0.75
75.06021919616794	750	10.324068802919479	0.0	386472	2812.9250958290436	0.642911332904165	0.75
77.84311928332976	750	11.541168715757667	0.0	399894	2782.9000871618127	0.642911332904165	0.75
80.75032498458931	750	12.633963014498113	0.0	401853	2907.2057012595546	0.642911332904165	0.75
82.91449595566374	750	14.469792043423698	0.0	343800	2164.1709710744135	0.642911332904165	0.75
85.21387316737794	750	16.170414831709486	0.0	359903	2299.37721171421	0.642911332904165	0.75
87.11343799314027	750	18.270850005947164	0.0	379700	1899.5648257623275	0.642911332904165	0.75
91.62021172336401	1200	17.764076275723433	0.0	696376	4506.77373022373	0.642911332904165	0.75
94.85955009477564	1200	18.524737904311806	0.0	487160	3239.3383714116303	0.642911332904165	1.2
99.84862742199536	1200	17.535660577092077	0.0	622896	4989.077327219728	0.642911332904165	1.2
104.68651909329255	1200	16.697768905794895	0.0	641447	4837.891671297181	0.642911332904165	1.2
110.56830559459601	1200	14.815982404491434	0.0	570392	5881.786501303461	0.642911332904165	1.2
115.12808162543082	1200	14.256206373656612	0.0	620283	4559.776030834822	0.642911332904165	1.2
117.73069893761685	750	15.65358906147059	0.0	369834	2602.6173121860215	0.642911332904165	0.3
120.19042386908977	750	17.193864129997674	0.0	412837	2459.72493147292	0.642911332904165	0.75
122.6920316164773	750	18.692256382610147	0.0	401088	2501.607747387525	0.642911332904165	0.75
126.17639528183618	1200	19.207892717251262	0.0	598727	3484.3636653588833	0.642911332904165	0.75
128.56508628452266	1200	20.819201714564773	0.0	487812	2388.6910026864894	0.642911332904165	1.2
131.73451399899542	1200	21.64977400009203	0.0	575591	3169.4277144727425	0.642911332904165	1.2
135.17422958879197	1200	22.210058410295474	0.0	605884	3439.7155897965567	0.642911332904165	1.2
137.93268401812182	1200	23.45160398096562	0.0	587506	2758.4544293298563	0.642911332904165	1.2
141.35600783894162	1200	24.028280160145837	0.0	566904	3423.32382081978	0.642911332904165	1.2
145.89302928126452	1200	23.491258717822944	0.0	641452	4537.021442322893	0.642911332904165	1.2
148.6788380852719	1200	24.705449913815553	0.0	599477	2785.808804007394	0.642911332904165	1.2
154.93246183642873	1850	22.451826162658723	0.0	973972	6253.623751156829	0.642911332904165	1.2000000000000002
162.453670068115	1850	18.93061793097247	0.0	958994	7521.208231686252	0.642911332904165	1.85
168.14810384322004	1850	17.236184155867413	0.0	982064	5694.433775105057	0.642911332904165	1.85
172.00446394018857	1850	17.37982405889887	0.0	830730	3856.3600969685444	0.642911332904165	1.85
177.85788544672033	2850	15.526402552367134	0.0	1364537	5853.421506531738	0.642911332904165	1.85
179.73268430467607	750	17.65160369441138	0.0	450283	1874.7988579557523	0.642911332904165	0.75
181.35862796486447	750	20.02566003422301	0.0	398865	1625.9436601883708	0.642911332904165	0.75
185.06454288739326	1850	20.319745111694182	0.0	877771	3705.9149225288256	0.642911332904165	0.75
189.15341045539606	1850	20.23087754369141	0.0	933276	4088.8675680027704	0.642911332904165	1.85
194.22797931490373	1850	19.156308684183724	0.0	996749	5074.568859507687	0.642911332904165	1.85
199.3068111917671	1850	18.077476807320338	0.0	801058	5078.831876863386	0.642911332904165	1.85
208.72984724281167	1850	12.654440756275783	0.0	905515	9423.036051044555	0.642911332904165	1.85
217.2792333579417	1850	8.105054641145749	0.0	1060487	8549.386115130033	0.642911332904165	1.85
220.93256841040014	1200	8.451719588687311	0.0	584846	3653.3350524584384	0.642911332904165	0.5499999999999999
222.75333980133286	750	10.630948197754577	0.0	362795	1820.7713909327344	0.642911332904165	0.3
224.97415377978956	750	12.41013421929787	0.0	353220	2220.8139784567074	0.642911332904165	0.75
227.3218520317242	750	14.062435967363221	0.0	405134	2347.6982519346484	0.642911332904165	0.75
230.21341273589078	750	15.170875263196644	0.0	386351	2891.5607041665767	0.642911332904165	0.75
236.9877749283321	1200	12.396513070755326	0.0	687371	6774.362192441317	0.642911332904165	0.75
241.89332603855328	1200	11.49096196053414	0.0	526950	4905.551110221187	0.642911332904165	1.2
247.6294979020634	1200	9.754790097024014	0.0	587876	5736.171863510126	0.642911332904165	1.2
250.38960484654666	750	10.994683152540766	0.0	360831	2760.1069444832483	0.642911332904165	0.3
253.11062276895592	750	12.273665230131506	0.0	372963	2721.017922409259	0.642911332904165	0.75
255.75837024610504	750	13.625917752982389	0.0	405596	2647.747477149118	0.642911332904165	0.75
258.95851690754046	750	14.425771091546991	0.0	350713	3200.146661435397	0.642911332904165	0.75
263.5408628731859	750	13.843425125901518	0.0	386472	4582.3459656454725	0.642911332904165	0.75
271.8513671557524	750	9.532920843334983	0.0	399894	8310.504282566535	0.642911332904165	0.75
277.9742376725286	750	7.410050326558829	0.0	401853	6122.870516776155	0.642911332904165	0.75
280.83064411725456	750	8.553643881832826	0.0	343800	2856.4064447260025	0.642911332904165	0.75
283.318890455019	750	10.065397544068412	0.0	359903	2488.2463377644135	0.642911332904165	0.75
285.92965934464877	750	11.454628654438675	0.0	379700	2610.768889629737	0.642911332904165	0.75
288.19216600965115	750	13.192121989436282	0.0	425781	2262.506665002393	0.642911332904165	0.75
289.7869361411199	750	15.597351857967535	0.0	277716	1594.7701314687472	0.642911332904165	0.75
291.7135514234397	750	17.670736575647776	0.0	400396	1926.615282319757	0.642911332904165	0.75
296.0060905676224	1200	17.37819743146509	0.0	641447	4292.539144182687	0.642911332904165	0.75
298.5618374062095	1200	18.822450592877978	0.0	570392	2555.7468385871125	0.642911332904165	1.2
302.41352970821066	1200	18.97075829087681	0.0	620283	3851.692302001169	0.642911332904165	1.2
305.20879843224407	1200	20.175489566843446	0.0	584349	2795.2687240333617	0.642911332904165	1.2
307.62430585851655	1200	21.759982140570973	0.0	670129	2415.507426272474	0.642911332904165	1.2

