18414.326748724685	750	4.0	3.974865311257283	450283	3974.865311257283	1	-16.341920838406317
18415.503867748106	300	6.822880976576757	0.0	155580	1177.1190234232433	0.9271284272913057	-0.15000000000000002
18416.38605757106	300	9.94069115362493	0.0	139857	882.1898229518268	0.9271284272913057	0.3
18417.392537142077	300	12.934211582611233	0.0	155432	1006.4795710136967	0.9271284272913057	0.3
18419.59124778964	750	14.735500935048588	0.0	411561	2198.710647562646	0.9271284272913057	0.3
18421.046938882155	750	17.27980984253595	0.0	318564	1455.6910925126379	0.9271284272913057	0.75
18422.68328336739	750	19.64346535729707	0.0	352642	1636.344485238879	0.9271284272913057	0.75
18425.718302078207	1200	20.608446646483948	0.0	709534	3035.0187108131204	0.9271284272913057	0.75
18430.02759430633	1200	20.299154418359752	0.0	584846	4309.292228124197	0.9271284272913057	1.2
18432.203810496845	1200	22.122938227847275	0.0	560821	2176.216190512478	0.9271284272913057	1.2
18435.168788718594	1200	23.157960006094996	0.0	607410	2964.9782217522757	0.9271284272913057	1.2
18438.2846661596	1200	24.042082565092514	0.0	594078	3115.8774410024807	0.9271284272913057	1.2
18441.202347177714	1200	25.124401546978877	0.0	624282	2917.68101811364	0.9271284272913057	1.2
18444.853286140697	1200	25.473462583996483	0.0	687371	3650.938962982392	0.9271284272913057	1.2
18447.71785992284	1200	26.608888801852828	0.0	526950	2864.573782143657	0.9271284272913057	1.2
18450.634401813288	1200	27.692346911404865	0.0	587876	2916.541890447961	0.9271284272913057	1.2
18453.942112805948	1200	28.384635918743495	0.0	617242	3307.710992661371	0.9271284272913057	1.2
18456.438738900168	1200	29.88800982452454	0.0	581493	2496.6260942189506	0.9271284272913057	1.2
18460.84449560049	1850	29.482253124202888	0.0	987708	4405.756700321654	0.9271284272913057	1.2000000000000002
18465.55388234255	1850	28.772866382142197	0.0	923755	4709.386742060691	0.9271284272913057	1.85
18470.28350962678	1850	28.043239097908067	0.0	891604	4729.62728423413	0.10753666712049964	1.85
18476.7363869714	2850	25.590361753290235	0.0	1468126	6452.877344617829	0.10753666712049964	1.85
18481.86186982997	2850	24.464878894720723	0.0	1505760	5125.482858569512	0.10753666712049964	2.85
18486.78626707247	2850	23.540481652216293	0.0	1323990	4924.397242504425	0.10753666712049964	2.85
18492.266370585654	2850	22.060378139034096	0.0	1383735	5480.103513182197	0.10753666712049964	2.85
18499.701692023846	2850	18.625056700841057	0.0	1480464	7435.3214381930375	0.10753666712049964	2.85
18506.720003787468	2850	15.606744937218263	0.0	1547572	7018.311763622794	0.10753666712049964	2.85
18511.377135576095	2850	14.949613148590414	0.0	1141971	4657.13178862785	0.10753666712049964	2.85
18524.619993574444	2850	5.706755150241115	0.0	1498470	13242.857998349298	0.10753666712049964	2.85
18530.479508909495	1850	4.0	0.15276018480724543	975811	5859.515335048361	0.10753666712049964	0.19313120532884476
18533.69785774206	1200	4.781651167434281	0.0	570392	3218.348832565719	0.10753666712049964	0.5499999999999999
18537.394411210647	1200	5.08509769884505	0.0	620283	3696.553468589231	0.10753666712049964	1.2
18541.561575785374	1200	4.917933124120905	0.0	584349	4167.164574724144	0.10753666712049964	1.2
18545.375678800792	750	5.103830108703145	0.0	412837	3814.103015417761	0.10753666712049964	0.3
18551.295614851377	750	4.0	0.816105941882378	401088	5919.936050585523	0.10753666712049964	-2.759255550094225
18555.228989505318	750	4.066625346061113	0.0	365161	3933.3746539388867	0.10753666712049964	0.75
18557.608792953262	750	5.686821898113448	0.0	321064	2379.8034479476655	0.10753666712049964	0.75
18560.56620963747	750	6.729405213906087	0.0	361565	2957.4166842073605	0.10753666712049964	0.75
18563.217672709794	750	8.077942141583131	0.0	378327	2651.463072322956	0.10753666712049964	0.75
18569.017982386657	750	6.277632464719313	0.0	390680	5800.309676863818	0.10753666712049964	0.75
18572.76389172351	750	6.531723127866337	0.0	345516	3745.909336852976	0.10753666712049964	0.75
18577.03313860597	750	6.262476245406686	0.0	384505	4269.246882459651	0.10753666712049964	0.75
18579.707616388456	750	7.587998462924108	0.0	372093	2674.4777824825774	0.10753666712049964	0.75
18582.629313651323	750	8.666301200055685	0.0	438281	2921.6972628684225	0.10753666712049964	0.75
18585.193546729188	750	10.102068122189934	0.0	398987	2564.23307786575	0.10753666712049964	0.75
18587.871296441597	750	11.424318409783837	0.0	393804	2677.749712406098	0.10753666712049964	0.75
18594.911156509825	1850	8.384458341555714	0.0	830730	7039.860068228123	0.10753666712049964	0.75
18605.25426137319	2850	4.0	1.9586465218102804	1364537	10343.104863365994	0.10753666712049964	-6.572180043784206
18608.0085123205	750	5.2457490526902895	0.0	450283	2754.2509473097107	0.10753666712049964	0.75
18611.198693098308	750	6.055568274883588	0.0	398865	3190.180777806702	0.10753666712049964	0.75
18613.910278498282	750	7.343982874910269	0.0	350812	2711.5853999733185	0.10753666712049964	0.75
18617.95406338088	750	7.300197992311387	0.0	382355	4043.784882598882	0.10753666712049964	0.75
18624.869399469793	750	4.384861903397472	0.0	411561	6915.336088913915	0.10753666712049964	0.75
18627.65959880378	750	5.59466256941083	0.0	318564	2790.1993339866417	0.10753666712049964	0.75
18632.54857510961	750	4.705686263583649	0.0	352642	4888.976305827181	0.10753666712049964	0.75
18634.622711371907	300	6.631550001285066	0.0	173849	2074.136262298582	0.10753666712049964	-0.15000000000000002
18635.91373603865	300	9.34052533454431	0.0	150710	1291.024666740755	0.10753666712049964	0.3
18638.999289221967	750	10.254972151222479	0.0	362795	3085.553183321833	0.10753666712049964	0.3
18641.842113698538	750	11.4121476746526	0.0	353220	2842.8244765698787	0.10753666712049964	0.75
18644.818712995308	750	12.435548377883451	0.0	405134	2976.599296769149	0.10753666712049964	0.75
18648.69090627262	750	12.563355100572544	0.0	386351	3872.193277310907	0.10753666712049964	0.75
18654.48496042541	1200	10.769300947783567	0.0	687371	5794.054152788977	0.10753666712049964	0.75
18659.336372479287	1200	9.917888893906813	0.0	526950	4851.412053876752	0.10753666712049964	1.2
18664.2924082922	1200	8.961853080992475	0.0	587876	4956.03581291434	0.10753666712049964	1.2
18670.543475083585	1200	6.710786289605863	0.0	617242	6251.066791386611	0.10753666712049964	1.2
18675.253785547797	1200	6.000475825395688	0.0	581493	4710.310464210175	0.10753666712049964	1.2
18680.94049562193	1200	4.313765751263292	0.0	639204	5686.710074132397	0.10753666712049964	1.2
18684.125923827844	750	5.128337545352481	0.0	350713	3185.428205910811	0.10753666712049964	0.3
18686.697672013423	750	6.556589359768578	0.0	386472	2571.7481855839023	0.10753666712049964	0.75
18690.903200611476	750	6.351060761717542	0.0	399894	4205.528598051036	0.10753666712049964	0.75
18695.942925454117	750	5.311335919074536	0.0	401853	5039.724842643006	0.10753666712049964	0.75
18698.736092333682	750	6.518169039509712	0.0	343800	2793.166879564824	0.10753666712049964	0.75
18701.72518360937	750	7.52907776382009	0.0	359903	2989.0912756896223	0.10753666712049964	0.75
18704.430385760326	750	8.823875612864171	0.0	379700	2705.2021509559186	0.10753666712049964	0.75
18706.79048952106	750	10.463771852129705	0.0	425781	2360.1037607344665	0.10753666712049964	0.75
18708.397694645504	750	12.856566727686085	0.0	277716	1607.2051244436216	0.10753666712049964	0.75
18710.564681027226	750	14.689580345965867	0.0	400396	2166.9863817202177	0.10753666712049964	0.75
18713.230399261603	750	16.023862111587718	0.0	400508	2665.718234378148	0.10753666712049964	0.75
18717.229645880507	1200	16.02461549268854	0.0	570392	3999.2466188991802	0.10753666712049964	0.75
18725.093888447132	1850	12.16037292606293	0.0	954453	7864.242566625609	0.10753666712049964	1.2000000000000002
18732.030680536314	1850	9.223580836879238	0.0	885062	6936.79208918369	0.10753666712049964	1.85

