37211.60307835979	750	4.0	3.974865311257283	450283	3974.865311257283	0.7	-16.341920838406317
37214.191241527005	750	5.411836832786868	0.0	398865	2588.163167213131	0.7	0.75
37216.183466837036	750	7.419611522757528	0.0	350812	1992.2253100293408	0.7	0.75
37217.9561659733	750	9.64691238649601	0.0	382355	1772.6991362615167	0.7	0.75
37219.84621337602	750	11.756864983776255	0.0	411561	1890.047402719756	0.7	0.75
37222.1269681043	1200	13.476110255492943	0.0	520315	2280.7547282833134	0.7	0.75
37225.35087961543	1200	14.252198744360912	0.0	561791	3223.9115111320293	0.7	1.2
37229.09093119093	1200	14.512147168855806	0.0	709534	3740.051575505106	0.7	1.2
37231.9555555324	1200	15.647522827391716	0.0	584846	2864.6243414640912	0.7	1.2
37234.86276046152	1200	16.74031789826872	0.0	560821	2907.2049291229964	0.7	1.2
37237.7211960365	1200	17.881882323281218	0.0	607410	2858.435574987503	0.7	1.2
37242.52236806009	1850	17.080710299697987	0.0	917428	4801.17202358323	0.7	1.2000000000000002
37247.38684954012	1850	16.21622881966505	0.0	946851	4864.481480032936	0.7	1.85
37252.54429296291	1850	15.058785396869586	0.0	1036454	5157.443422795464	0.7	1.85
37256.04476349134	1850	15.558314868448509	0.0	821631	3500.4705284210777	0.7	1.85
37260.35126682084	1850	15.251811538949328	0.0	923170	4306.503329499182	0.7	1.85
37265.69257386058	1850	13.91050449921392	0.0	966699	5341.307039735409	0.7	1.85
37269.96285962353	1850	13.640218736261541	0.0	885714	4270.285762952377	0.7	1.85
37274.115890012115	1850	13.487188347676241	0.0	987708	4153.0303885853	0.7	1.85
37277.32998004034	1850	14.273098319446918	0.0	923755	3214.0900282293246	0.7	1.85
37280.46618122961	1850	15.13689713017846	0.0	891604	3136.2011892684595	0.7	1.85
37283.999573409135	1850	15.603504950662611	0.0	955231	3533.3921795158476	0.7	1.85
37288.02082930651	1850	15.582249053287109	0.0	968026	4021.2558973755013	0.7	1.85
37291.846998670044	1850	15.75607968974923	0.0	874175	3826.169363537879	0.7	1.85
37296.52098872398	1850	15.082089635808067	0.0	897976	4673.990053941162	0.7	1.85
37300.63257523709	1850	14.970503122703057	0.0	905935	4111.58651310501	0.7	1.85
37305.66840067297	1850	13.934677686815059	0.0	1076599	5035.825435887999	0.7	1.85
37308.45847877075	1850	15.144599589040242	0.0	758197	2790.0780977748177	0.7	1.85
37318.67997464245	1850	8.923103717338975	0.0	972798	10221.495871701265	0.7	1.85
37322.392826110845	1200	9.210252248937216	0.0	641447	3712.85146840176	0.7	0.5499999999999999
37326.043149592675	1200	9.559928767110916	0.0	570392	3650.3234818263018	0.7	1.2
37329.49634882457	1200	10.106729535215877	0.0	620283	3453.1992318950406	0.7	1.2
37332.86506629737	1200	10.738012062418417	0.0	584349	3368.7174727974602	0.7	1.2
37337.40317197552	1200	10.19990638426496	0.0	670129	4538.105678153457	0.7	1.2
37343.13507711246	1200	8.468001247321794	0.0	690253	5731.9051369431645	0.7	1.2
37351.605046265846	1200	4.0	0.001967906062882321	598727	8469.969153384676	0.7	1.191538003929606
37352.63117761942	300	6.973868646430177	0.0	131610	1026.1313535698232	0.7	-0.6000000000000001
37355.329290700414	750	8.275755565436704	0.0	361565	2698.1130809934725	0.7	0.3
37358.34161754327	750	9.263428722578515	0.0	378327	3012.3268428581882	0.7	0.75
37361.46495246072	750	10.140093805130105	0.0	390680	3123.334917448409	0.7	0.75
37366.749920431146	750	8.855125834703841	0.0	345516	5284.9679704262635	0.7	0.75
37370.959072462276	750	8.645973803573918	0.0	384505	4209.152031129924	0.7	0.75
37374.85346622709	750	8.751580038760595	0.0	372093	3894.3937648133206	0.7	0.75
37377.935649505955	750	9.669396759895443	0.0	438281	3082.1832788651523	0.7	0.75
37380.51847261908	750	11.086573646773514	0.0	398987	2582.8231131219286	0.7	0.75
37383.11233711053	750	12.492709155324018	0.0	393804	2593.864491449496	0.7	0.75
37386.63008159597	1200	12.97496466988036	0.0	538612	3517.744485443661	0.7	0.75
37398.57110347155	2850	5.033942794302569	0.0	1364537	11941.02187557779	0.7	1.2000000000000002
37401.607223943545	750	5.997822322303116	0.0	450283	3036.1204719994535	0.7	0.75
37404.088393644815	750	7.516652621034096	0.0	398865	2481.16970126902	0.7	0.75
37406.44419652514	750	9.160849740706473	0.0	350812	2355.8028803276234	0.7	0.75
37409.588047669335	750	10.016998596514648	0.0	382355	3143.8511441918254	0.7	0.75
37413.35570415874	750	10.249342107110609	0.0	411561	3767.656489404038	0.7	0.75
37417.899870713605	750	9.70517555224043	0.0	318564	4544.16655487018	0.7	0.75
37422.8207297542	750	8.784316511644265	0.0	352642	4920.859040596163	0.7	0.75
37427.560923528465	750	8.044122737382292	0.0	437162	4740.193774261973	0.7	0.75
37432.233683642626	750	7.3713626232177445	0.0	374758	4672.760114164547	0.7	0.75
37435.330018726585	750	8.275027539259106	0.0	362795	3096.3350839586374	0.7	0.75
37438.33206110688	750	9.272985158967913	0.0	353220	3002.0423802911932	0.7	0.75
37441.059327777395	750	10.545718488447731	0.0	405134	2727.26667052018	0.7	0.75
37444.86567704368	750	10.739369222163088	0.0	386351	3806.349266284644	0.7	0.75
37448.69858578001	750	10.906460485827159	0.0	434409	3832.908736335929	0.7	0.75
37451.50420100303	750	12.10084526280368	0.0	337059	2805.6152230234784	0.7	0.75
37454.616935389	750	12.988110876833682	0.0	366214	3112.73438597	0.7	0.75
37458.730240878154	750	12.874805387677165	0.0	360831	4113.305489156517	0.7	0.75
37461.357145532995	750	14.247900732837879	0.0	372963	2626.9046548392857	0.7	0.75
37464.67852474467	750	14.926521521164442	0.0	405596	3321.3792116734357	0.7	0.75
37468.83075369088	750	14.774292574951652	0.0	350713	4152.228946212792	0.7	0.75
37471.92940232902	750	15.675643936817291	0.0	386472	3098.6486381343607	0.7	0.75
37475.069005365294	750	16.53604090054324	0.0	399894	3139.6030362740503	0.7	0.75
37479.031929703924	750	16.573116561919914	0.0	401853	3962.9243386233293	0.7	0.75
37482.00594597004	750	17.599100295797797	0.0	343800	2974.0162661221157	0.7	0.75
37484.5340016056	750	19.071044660243704	0.0	359903	2528.055635554095	0.7	0.75
37488.52904784317	750	19.07599842266757	0.0	379700	3995.0462375761344	0.7	0.75
37493.79114543737	750	17.813900828470388	0.0	425781	5262.097594197182	0.7	0.75
37496.02065272328	750	19.584393542558022	0.0	277716	2229.5072859123698	0.7	0.75
37499.33278318134	750	20.27226308449832	0.0	400396	3312.130458059701	0.7	0.75
37502.18760813466	750	21.417438131173775	0.0	400508	2854.824953324549	0.7	0.75
37504.14148733001	750	23.463558935828793	0.0	358218	1953.879195344981	0.7	0.75
37507.54424410155	1200	24.060802164290806	0.0	620283	3402.7567715379864	0.7	0.75
37511.39266118901	1200	24.21238507682202	0.0	584349	3848.417087468785	0.7	1.2
37515.7927441993	1200	23.812302066539033	0.0	670129	4400.083010282989	0.7	1.2
37524.56398347649	1850	19.04106278934648	0.0	1026056	8771.239277192552	0.7	1.2000000000000002
37532.20599956046	1850	15.39904670537405	0.0	943942	7642.016083972432	0.7	1.85

