726218.8928521875	750	4.0	15.335856484344838	450283	15335.856484344838	0.8	-65.1941828826828
726231.5052313701	750	4.0	8.612379182605507	398865	12612.379182605506	0.8	-36.283230485203674
726235.9478085852	300	4.0	0.44257721517506615	139857	4442.577215175066	0.8	-2.0530820252527846
726240.8762187593	300	4.0	0.9284101740284068	155432	4928.410174028407	0.8	-3.692163748322149
726246.0544858836	300	4.0	1.1782671242958396	163442	5178.2671242958395	0.8	-4.76654863447211
726250.0738347466	300	4.0	0.01934886296176819	126289	4019.348862961768	0.8	0.21679988926439678
726254.9355852074	300	4.0	0.8617504608297176	153295	4861.750460829718	0.75	-3.4055269815677858
726260.4384792084	300	4.0	1.502894000879256	173849	5502.894000879256	0.75	-6.162444203780801
726265.219595435	300	4.0	0.781116226567382	150710	4781.116226567382	0.75	-3.0587997742397426
726269.6387154183	300	4.0	0.4191199833896599	139105	4419.11998338966	0.75	-1.5022159285755374
726274.1431486051	300	4.0	0.5044331867581276	141840	4504.433186758128	0.75	-1.8690627030599487
726279.0938930582	300	4.0	0.9507444532283434	156148	4950.744453228343	0.75	-3.7882011488818765
726284.1880635113	300	4.0	1.0941704528949658	160746	5094.170452894966	0.75	-4.404932947448353
726289.8766190063	300	4.0	1.6885554950105626	179801	5688.5554950105625	0.75	-6.960788628545419
726294.3252476882	300	4.0	0.44862868188566335	140051	4448.628681885663	0.75	-1.6291033321083523
726298.4567244415	300	4.0	0.13147675333482495	138313	4131.476753334825	0.75	-0.26535003933974727
726302.2851521515	300	4.171572290082031	0.0	143509	3828.4277099179694	0.75	0.3
726306.2992133459	300	4.157511095613358	0.0	150616	4014.0611944686734	0.75	0.3
726310.6990118838	300	4.0	0.24228744229766927	165384	4399.798537911027	0.75	-0.7418360018799777
726314.4587967349	300	4.240215148869037	0.0	140881	3759.784851130963	0.75	0.3
726318.6571331838	300	4.0418786999322025	0.0	157671	4198.336448936834	0.75	0.3
726322.8591525259	300	4.0	0.16014064211306686	157812	4202.01934204527	0.75	-0.3886047610861875
726327.2208945017	300	4.0	0.3617419757905291	163927	4361.741975790529	0.75	-1.255490495899275
726330.8963907282	300	4.324503773414572	0.0	137654	3675.4962265854274	0.75	0.3
726334.8095772193	300	4.411317282384034	0.0	146754	3913.186491030539	0.75	0.3
726338.9104084201	300	4.310486081488254	0.0	153938	4100.83120089578	0.75	0.3
726343.7416278479	300	4.0	0.5207333462952892	181901	4831.219427783543	0.75	-1.9391533890697434
726346.7249752483	300	5.016652599516881	0.0	111155	2983.3474004831182	0.75	0.3
726350.8171085527	300	4.924519295111237	0.0	153605	4092.133304405645	0.75	0.3
726354.7897176099	300	4.95191023796942	0.0	149029	3972.6090571418167	0.75	0.3
726358.9815241065	300	4.7601037413525065	0.0	157421	4191.806496616913	0.75	0.3
726363.1750806303	300	4.566547217513854	0.0	157488	4193.5565238386525	0.75	0.3
726367.0132249093	300	4.728402938543843	0.0	143881	3838.1442789700113	0.75	0.3
726371.3623510172	300	4.379276830635401	0.0	163444	4349.126107908442	0.75	0.3
726376.1263641758	300	4.0	0.38473632787151835	179328	4764.013158506919	0.75	-1.3543662098475289
726380.3832873569	300	4.0	0.25692318115116175	159914	4256.923181151162	0.75	-0.8047696789499954
726383.9009154562	300	4.482371900700974	0.0	131610	3517.628099299026	0.75	0.3
726387.2200591249	300	5.163228232118255	0.0	124011	3319.143668582718	0.75	0.3
726391.0679460926	300	5.315341264286923	0.0	144254	3847.886967831332	0.75	0.3
726395.0656824063	300	5.317604950618051	0.0	149991	3997.736313668872	0.75	0.3
726399.0105783457	300	5.372709011121977	0.0	147968	3944.8959394960743	0.75	0.3
726403.3182523163	300	5.065035040540391	0.0	161857	4307.673970581585	0.75	0.3
726407.1911098219	300	5.192177535037682	0.0	145210	3872.8575055027095	0.75	0.3
726411.7718663986	300	4.611420958437016	0.0	172312	4580.756576600666	0.75	0.3
726416.2145275435	300	4.1687598134980295	0.0	167025	4442.661144938986	0.75	0.3
726420.4753686961	300	4.0	0.09208133904508486	160064	4260.841152543115	0.75	-0.0959497578938649
726424.1470253108	300	4.328343385378686	0.0	137507	3671.6566146213145	0.75	0.3
726427.3201592455	300	5.155209450669393	0.0	118421	3173.1339347092926	0.75	0.3
726439.1614653274	750	4.0	6.686096631213924	450283	11841.306081883316	0.75	-28.00021551421987
726443.3051852551	300	4.0	0.14371992773301825	155580	4143.719927733018	0.75	-0.7679956892519785
726447.0382234216	300	4.266961833571432	0.0	139857	3733.0381664285683	0.75	0.3
726451.1780776175	300	4.1271076376118065	0.0	155432	4139.854195959625	0.75	0.3
726455.5271514858	300	4.0	0.2219662306780765	163442	4349.073868289883	0.75	-0.6544547919157289
726458.9057960799	300	4.621355405878164	0.0	126289	3378.6445941218353	0.75	0.3
726462.9898322434	300	4.537319242349222	0.0	153295	4084.0361635289432	0.75	0.3
726467.6107349668	300	4.0	0.08358348111431678	173849	4620.902723463539	0.75	-0.059408968791562156
726471.5871695027	300	4.023565464110125	0.0	150710	3976.434535889875	0.75	0.3
726475.1844540847	300	4.426280882145612	0.0	139105	3597.284581964513	0.75	0.3
726478.8508934298	300	4.759841537004556	0.0	141840	3666.439345141056	0.75	0.3
726482.8791120626	300	4.731622904283986	0.0	156148	4028.21863272057	0.75	0.3
726487.0235916097	300	4.587143357089653	0.0	160746	4144.479547194333	0.75	0.3
726491.6498788396	300	4.0	0.03914387285752036	179801	4626.287229947174	0.75	0.13168134671266243
726495.2710831312	300	4.378795708359067	0.0	140051	3621.204291640934	0.75	0.3
726498.8483419098	300	4.801536929844579	0.0	138313	3577.258778514488	0.75	0.3
726502.5569820957	300	5.0928967438473425	0.0	143509	3708.640185997235	0.75	0.3
726506.4453235256	300	5.204555314012562	0.0	150616	3888.3414298347807	0.75	0.3
726510.7070753914	300	4.942803448129817	0.0	165384	4261.751865882745	0.75	0.3
726514.3492663205	300	5.300612519034941	0.0	140881	3642.1909290948756	0.75	0.3
726518.4159941686	300	5.233884670841657	0.0	157671	4066.7278481932844	0.75	0.3
726522.4862872167	300	5.1635916227917384	0.0	157812	4070.293048049918	0.75	0.3
726526.711198684	300	4.93868015542754	0.0	163927	4224.911467364199	0.75	0.3
726530.2717945781	300	5.378084261349375	0.0	137654	3560.595894078165	0.75	0.3
726534.062484931	300	5.587393908438838	0.0	146754	3790.690352910537	0.75	0.3
726537.9987263709	300	5.651152468646413	0.0	153938	3936.2414397924254	0.75	0.3
726542.5977841313	300	5.052094708126587	0.0	181901	4599.057760519826	0.75	0.3
726545.439263537	300	6.210615302457672	0.0	111155	2841.479405668914	0.75	0.3
726549.3353495799	300	6.314529259474688	0.0	153605	3896.086042982984	0.75	0.3
726553.1177517603	300	6.532127079208999	0.0	149029	3782.402180265689	0.75	0.3
726557.1086406049	300	6.5412382346243545	0.0	157421	3990.888844584644	0.75	0.3
726561.101193964	300	6.548684875441357	0.0	157488	3992.553359182997	0.75	0.3
726564.7557017987	300	6.894177040732626	0.0	143881	3654.507834708732	0.75	0.3
726568.8962230526	300	6.753655786806576	0.0	163444	4140.52125392605	0.75	0.3
726573.4313584839	300	6.2185203555637605	0.0	179328	4535.135431242815	0.75	0.3
726577.4841821777	300	6.165696661819541	0.0	159914	4052.82369374422	0.75	0.3
726580.8338354059	300	6.816043433623905	0.0	131610	3349.6532281956356	0.75	0.3
726583.9947028663	300	7.655175973083149	0.0	124011	3160.8674605407564	0.75	0.3
726587.6584773271	300	7.991401512326876	0.0	144254	3663.7744607562736	0.75	0.3
726591.4647789558	300	8.185099883649029	0.0	149991	3806.301628677847	0.75	0.3
726595.220822181	300	8.429056658440825	0.0	147968	3756.0432252082046	0.75	0.3
726599.3219167981	300	8.327962041344396	0.0	161857	4101.094617096428	0.75	0.3
726603.0094416462	300	8.640437193184772	0.0	145210	3687.524848159625	0.75	0.3
726607.3702750711	300	8.279603768241024	0.0	172312	4360.833424943746	0.75	0.3
726611.5997609039	300	8.05011793555828	0.0	167025	4229.485832682744	0.75	0.3
726615.6563111228	300	7.993567716593868	0.0	160064	4056.5502189644117	0.75	0.3
726619.1524664792	300	8.497412360241789	0.0	137507	3496.15535635208	0.75	0.3
726622.1744587665	300	9.47542007290682	0.0	118421	3021.9922873349697	0.75	0.3
726633.176128902	750	4.0	1.5262500626450128	450283	11001.670135551833	0.75	-5.812875269373555
726636.4903659138	300	4.685762988145627	0.0	155580	3314.2370118543736	0.75	-0.15000000000000002
726639.4777491622	300	5.698379739868746	0.0	139857	2987.383248276881	0.75	0.3
726642.788909512	300	6.387219390038761	0.0	155432	3311.1603498299846	0.75	0.3
726646.2665837999	300	6.90954510226718	0.0	163442	3477.674287771581	0.75	0.3
726648.9719119782	300	8.204216923901859	0.0	126289	2705.328178365323	0.75	0.3
726652.238647823	300	8.93748107911322	0.0	153295	3266.7358447886377	0.75	0.3
726655.9326655006	300	9.243463401559092	0.0	173849	3694.017677554127	0.75	0.3
726658.7379622941	300	10.43816660792088	0.0	150710	2805.2967936382124	0.75	0.3
726661.2730032697	300	11.903125632293367	0.0	139105	2535.0409756275126	0.75	0.3
726663.8563138047	300	13.319815097208313	0.0	141840	2583.3105350850537	0.75	0.3
726666.6921438486	300	14.483985053268231	0.0	156148	2835.8300439400805	0.75	0.3
726669.6091232288	300	15.567005673172476	0.0	160746	2916.979380095756	0.75	0.3
726672.86240113	300	16.313727771883507	0.0	179801	3253.277901288971	0.75	0.3
726675.4141379021	300	17.76199099982205	0.0	140051	2551.7367720614557	0.75	0.3
726677.9352010016	300	19.24092790027877	0.0	138313	2521.063099543281	0.75	0.3
726680.5479674398	300	20.62816146218288	0.0	143509	2612.7664380958895	0.75	0.3
726683.2861641371	300	21.889964764831145	0.0	150616	2738.196697351738	0.75	0.3
726686.2849988067	300	22.891130095242126	0.0	165384	2998.834669589019	0.75	0.3
726688.8513841105	300	24.324744791425733	0.0	140881	2566.3853038163948	0.75	0.3
726691.7140933279	300	25.46203557415701	0.0	157671	2862.7092172687217	0.75	0.3
726694.5792910306	300	26.596837871373292	0.0	157812	2865.1977027837174	0.75	0.3
726697.5524113498	300	27.623717552105894	0.0	163927	2973.120319267397	0.75	0.3
726700.0618438682	300	29.11428503379937	0.0	137654	2509.432518306528	0.75	0.3
726702.7318807709	300	30.4442481311917	0.0	146754	2670.0369026076705	0.75	0.3
726709.513142828	750	27.662986074142946	0.0	379700	6781.262057048752	0.75	0.3
726717.1076807787	750	24.06844812336003	0.0	425781	7594.537950782918	0.75	0.75
726722.0890442063	750	23.08708469582421	0.0	277716	4981.36342753582	0.75	0.75
726729.2355665202	750	19.940562381907718	0.0	400396	7146.522313916492	0.75	0.75
726736.3840655035	750	16.792063398645983	0.0	400508	7148.498983261736	0.75	0.75
726742.7861953207	750	14.389933581548565	0.0	358218	6402.129817097419	0.75	0.75
726749.9314116208	750	11.24471728130661	0.0	400322	7145.216300241956	0.75	0.75
726756.5385502873	750	8.6375786149738	0.0	369834	6607.13866633281	0.75	0.75
726759.50314622	300	9.672982682257771	0.0	163444	2964.595932716029	0.75	-0.15000000000000002
726762.7480762231	300	10.42805267918577	0.0	179328	3244.9300030720005	0.75	0.3
726765.6503717738	300	11.525757128511833	0.0	159914	2902.295550673937	0.75	0.3
726768.0531347428	300	13.122994159514764	0.0	131610	2402.7629689970668	0.75	0.3
726770.3217842265	300	14.854344675825873	0.0	124011	2268.6494836888933	0.75	0.3
726772.9476990454	300	16.228429856817417	0.0	144254	2625.9148190084557	0.75	0.3
726775.6748652218	300	17.501263680365483	0.0	149991	2727.166176451934	0.75	0.3
726778.3663278082	300	18.809801093962033	0.0	147968	2691.4625864034488	0.75	0.3
726781.3029150423	300	19.873213859914788	0.0	161857	2936.587234047247	0.75	0.3
726783.945702146	300	21.230426756137994	0.0	145210	2642.7871037767954	0.75	0.3
726786.8788832921	300	22.297245610063193	0.0	172312	2933.1811460748004	0.75	0.3
726793.1360951209	750	20.040033781207338	0.0	398987	6257.211828855855	0.75	0.3
726799.3130625085	750	17.863066393671527	0.0	393804	6176.967387535811	0.75	0.75
726807.7319818656	1200	13.444147036490193	0.0	538612	8418.919357181336	0.75	0.75
726820.91568393	1850	4.26044497204015	0.0	846370	13183.702064450043	0.75	1.2000000000000002
726827.9670726568	750	4.0	2.7909437547421776	450283	7051.3887267823275	0.75	-11.251058145391363
726830.4557992979	300	5.511273358948051	0.0	155580	2488.7266410519487	0.75	-0.15000000000000002
726832.7010987055	300	7.265973951327519	0.0	139857	2245.2994076205323	0.75	0.3
726835.1875339753	300	8.77953868155	0.0	155432	2486.4352697775194	0.75	0.3
726837.7979819742	300	10.169090682663173	0.0	163442	2610.447998886827	0.75	0.3
726839.8332183721	300	12.133854284849768	0.0	126289	2035.236397813405	0.75	0.3
726842.2865680986	300	13.680504558406403	0.0	153295	2453.3497264433636	0.75	0.3
726845.0581397518	300	14.90893290510752	0.0	173849	2771.571653298883	0.75	0.3
726847.4714678922	300	16.495604764774967	0.0	150710	2413.3281403325564	0.75	0.3
726849.7051246566	300	18.26194800038667	0.0	139105	2233.6567643882972	0.75	0.3
726851.9811253429	300	19.985947314136457	0.0	141840	2276.0006862502146	0.75	0.3
726854.4786458953	300	21.48842676170697	0.0	156148	2497.5205524294875	0.75	0.3
726857.0473537795	300	22.919718877386774	0.0	160746	2568.707884320198	0.75	0.3
726859.9110757154	300	24.055996941483823	0.0	179801	2863.7219359029527	0.75	0.3
726865.2095034883	750	22.757569168593164	0.0	337059	5298.427772890659	0.75	0.3
726870.95931592	750	21.007756736878303	0.0	366214	5749.812431714862	0.75	0.75
726879.4573232926	750	16.509749364306575	0.0	360831	8498.007372571727	0.75	0.75
726886.6438601093	750	13.323212547710213	0.0	372963	7186.536816596362	0.75	0.75
726894.4521948412	750	9.514877815674547	0.0	405596	7808.334732035666	0.75	0.75
726901.2147742031	750	6.7522984537567154	0.0	350713	6762.579361917831	0.75	0.75
726904.299079634	300	7.667993022897448	0.0	157671	3084.3054308592677	0.75	-0.15000000000000002
726907.3860717167	300	8.581000940302914	0.0	157812	3086.9920825945337	0.75	0.3
726910.5895806458	300	9.377492011175383	0.0	163927	3203.5089291275326	0.75	0.3
726913.2924768017	300	10.674595855385784	0.0	137654	2702.8961557895977	0.75	0.3
726916.1687667927	300	11.798305864199573	0.0	146754	2876.28999118621	0.75	0.3
726919.1819426425	300	12.78513001438817	0.0	153938	3013.1758498114045	0.75	0.3
726922.7279329781	300	13.239139678950886	0.0	181901	3545.990335437282	0.75	0.3
726924.925910096	300	15.0411625609827	0.0	111155	2197.977117968186	0.75	0.3
726927.9327408748	300	16.034331782290753	0.0	153605	3006.8307786919463	0.75	0.3
726930.8523793248	300	17.11469333225539	0.0	149029	2919.638450035364	0.75	0.3
726933.9319211887	300	18.035151468302622	0.0	157421	3079.5418639527675	0.75	0.3
726937.0127396886	300	18.95433296841891	0.0	157488	3080.818499883709	0.75	0.3
726939.8342867689	300	20.132785888122207	0.0	143881	2821.5470802967084	0.75	0.3
726943.0285924867	300	20.93848017025803	0.0	163444	3194.3057178641743	0.75	0.3
726950.7510305803	750	17.216042076680377	0.0	401088	7722.438093577653	0.75	0.3
726957.7889060009	750	14.178166656102075	0.0	365161	7037.875420578301	0.75	0.75
726963.986545382	750	11.98052727502756	0.0	321064	6197.639381074516	0.75	0.75
726970.9559016562	750	9.011171000832361	0.0	361565	6969.356274195199	0.75	0.75
726973.7845559783	300	10.182516678711155	0.0	144254	2828.6543221212073	0.75	-0.15000000000000002
726976.7225246337	300	11.244548023219577	0.0	149991	2937.968655491577	0.75	0.3
726979.6219465059	300	12.3451261511354	0.0	147968	2899.421872084177	0.75	0.3
726982.7860131011	300	13.181059555993691	0.0	161857	3164.0665951417095	0.75	0.3
726985.6328833031	300	14.334189354022028	0.0	145210	2846.8702019716643	0.75	0.3
726988.9961622662	300	14.970910390850474	0.0	172312	3363.278963171554	0.75	0.3
726992.2587013164	300	15.708371340617589	0.0	167025	3262.539050232885	0.75	0.3
726999.8423481246	750	12.124724532427729	0.0	393804	7583.64680818986	0.75	0.3
727006.230320585	750	9.736752072037085	0.0	331053	6387.972460390644	0.75	0.75
727012.2953994262	750	7.671673230836661	0.0	314107	6065.078841200424	0.75	0.75
727020.9552122157	750	4.0	0.9881395586021299	450283	8659.81278943879	0.75	-3.499000101989158
727023.999675173	300	4.955537042746701	0.0	155580	3044.462957253299	0.75	-0.15000000000000002
727026.7445478803	300	6.210664335377022	0.0	139857	2744.8727073696787	0.75	0.3
727029.786190806	300	7.169021409732371	0.0	155432	3041.642925644651	0.75	0.3
727032.9804584152	300	7.974753800403449	0.0	163442	3194.267609328922	0.75	0.3
727035.4668028195	300	9.488409396183357	0.0	126289	2486.3444042200917	0.75	0.3
727038.4677267752	300	10.487485440455472	0.0	153295	3000.9239557278856	0.75	0.3
727041.8602921476	300	11.094920067942752	0.0	173849	3392.5653725127186	0.75	0.3
727044.8119608215	300	12.14325139402808	0.0	150710	2951.668673914672	0.75	0.3
727047.5425047196	300	13.412707495913155	0.0	139105	2730.5438981149255	0.75	0.3
727050.3251620396	300	14.630050175841115	0.0	141840	2782.6573200720395	0.75	0.3
727053.3804478209	300	15.574764394576249	0.0	156148	3055.2857812648676	0.75	0.3
727056.5233451247	300	16.431867090767025	0.0	160746	3142.897303809222	0.75	0.3
727060.0293214981	300	16.925890717344345	0.0	179801	3505.976373422679	0.75	0.3
727062.7778907334	300	18.17732148205522	0.0	140051	2748.569235289123	0.75	0.3
727065.4933436516	300	19.461868563900087	0.0	138313	2715.452918155133	0.75	0.3
727068.3078025443	300	20.64740967116025	0.0	143509	2814.458892739836	0.75	0.3
727071.2576801172	300	21.697532098402423	0.0	150616	2949.8775727578277	0.75	0.3
727074.4889511141	300	22.466261101343807	0.0	165384	3231.2709970586166	0.75	0.3
727077.2533353916	300	23.701876823925105	0.0	140881	2764.384277418704	0.75	0.3
727080.3376408225	300	24.617571393065834	0.0	157671	3084.3054308592677	0.75	0.3
727083.4246329052	300	25.5305793104713	0.0	157812	3086.992082594534	0.75	0.3
727086.6281418343	300	26.32707038134377	0.0	163927	3203.5089291275326	0.75	0.3
727093.2589990441	750	23.696213171524484	0.0	343800	6630.8572098192835	0.75	0.3
727100.1966871255	750	20.758525090123698	0.0	359903	6937.6880814007845	0.75	0.75
727107.511592543	750	17.443619672530964	0.0	379700	7314.905417592735	0.75	0.75
727115.704537667	750	13.250674548464456	0.0	425781	8192.945124066508	0.75	0.75
727121.076212655	750	11.87899956044185	0.0	277716	5371.674988022607	0.75	0.75
727128.7854651954	750	8.16974702006139	0.0	400396	7709.252540380459	0.75	0.75
727131.7051036455	300	9.250108570026027	0.0	149029	2919.6384500353633	0.75	-0.15000000000000002
727134.7846455093	300	10.17056670607326	0.0	157421	3079.541863952768	0.75	0.3
727137.8654640092	300	11.08974820618955	0.0	157488	3080.818499883709	0.75	0.3
727140.6870110895	300	12.268201125892842	0.0	143881	2821.5470802967084	0.75	0.3
727143.8813168074	300	13.073895408028667	0.0	163444	3194.3057178641743	0.75	0.3
727147.3782805122	300	13.576931703193088	0.0	179328	3496.9637048355803	0.75	0.3
727150.5053246653	300	14.449887550048699	0.0	159914	3127.0441531443885	0.75	0.3
727153.0930568276	300	15.862155387790654	0.0	131610	2587.7321622580453	0.75	0.3
727155.5359956102	300	17.419216605222594	0.0	124011	2442.9387825680606	0.75	0.3
727158.3646499322	300	18.59056228310139	0.0	144254	2828.6543221212073	0.75	0.3
727161.3026185877	300	19.652593627609814	0.0	149991	2937.968655491577	0.75	0.3
727164.2020404598	300	20.75317175552564	0.0	147968	2899.4218720841764	0.75	0.3
727167.3661070551	300	21.58910516038393	0.0	161857	3164.06659514171	0.75	0.3
727170.212977257	300	22.742234958412265	0.0	145210	2846.8702019716643	0.75	0.3
727173.5762562202	300	23.378955995240712	0.0	172312	3363.278963171554	0.75	0.3
727181.2586612976	750	19.696550917945284	0.0	398987	7682.405077295423	0.75	0.3
727188.8423081057	750	16.112904109755426	0.0	393804	7583.646808189858	0.75	0.75
727195.2302805661	750	13.724931649364784	0.0	331053	6387.972460390643	0.75	0.75
727205.8073909269	1200	7.147821288594854	0.0	550906	10577.11036076993	0.75	0.75
727214.4672037163	750	4.0	1.5119915008439384	450283	8659.812789438793	0.75	-5.751563453628935
727217.5116666736	300	4.955537042746701	0.0	155580	3044.462957253299	0.75	-0.15000000000000002
727220.2565393809	300	6.210664335377022	0.0	139857	2744.872707369679	0.75	0.3
727223.2981823066	300	7.1690214097323715	0.0	155432	3041.64292564465	0.75	0.3
727226.4924499159	300	7.97475380040345	0.0	163442	3194.267609328922	0.75	0.3
727228.9787943201	300	9.488409396183357	0.0	126289	2486.3444042200917	0.75	0.3
727231.9797182758	300	10.487485440455472	0.0	153295	3000.9239557278856	0.75	0.3
727235.3722836482	300	11.094920067942752	0.0	173849	3392.5653725127186	0.75	0.3
727238.3239523221	300	12.14325139402808	0.0	150710	2951.668673914672	0.75	0.3
727241.0544962202	300	13.412707495913155	0.0	139105	2730.543898114926	0.75	0.3
727243.8371535402	300	14.630050175841115	0.0	141840	2782.6573200720395	0.75	0.3
727246.8924393215	300	15.574764394576247	0.0	156148	3055.285781264868	0.75	0.3
727250.0353366253	300	16.431867090767025	0.0	160746	3142.897303809222	0.75	0.3
727253.5413129987	300	16.925890717344345	0.0	179801	3505.976373422679	0.75	0.3
727256.2898822341	300	18.17732148205522	0.0	140051	2748.569235289123	0.75	0.3
727259.0053351523	300	19.461868563900087	0.0	138313	2715.4529181551325	0.75	0.3
727261.819794045	300	20.64740967116025	0.0	143509	2814.458892739836	0.75	0.3
727264.7696716178	300	21.697532098402423	0.0	150616	2949.877572757828	0.75	0.3
727268.0009426147	300	22.466261101343804	0.0	165384	3231.270997058617	0.75	0.3
727270.7653268923	300	23.7018768239251	0.0	140881	2764.384277418704	0.75	0.3
727273.8496323231	300	24.61757139306583	0.0	157671	3084.3054308592677	0.75	0.3
727276.9366244058	300	25.530579310471296	0.0	157812	3086.992082594534	0.75	0.3
727280.1401333349	300	26.327070381343766	0.0	163927	3203.5089291275326	0.75	0.3
727286.7709905447	750	23.69621317152448	0.0	343800	6630.857209819284	0.75	0.3
727293.7086786261	750	20.758525090123694	0.0	359903	6937.6880814007845	0.75	0.75
727301.0235840436	750	17.44361967253096	0.0	379700	7314.905417592733	0.75	0.75
727309.2165291676	750	13.250674548464456	0.0	425781	8192.945124066504	0.75	0.75
727314.5882041557	750	11.878999560441851	0.0	277716	5371.674988022606	0.75	0.75
727322.297456696	750	8.169747020061392	0.0	400396	7709.252540380459	0.75	0.75
727323.3756538653	300	11.091549850811303	0.0	149029	1078.1971692500886	0.75	-0.15000000000000002
727324.4741041423	300	13.993099573801397	0.0	157421	1098.4502770099066	0.75	0.3
727325.5729878823	300	16.89421583385732	0.0	157488	1098.8837399440745	0.75	0.3
727326.583839829	300	19.883363887125547	0.0	143881	1010.8519467317724	0.75	0.3
727327.7212564829	300	22.745947233212743	0.0	163444	1137.4166539128016	0.75	0.3
727330.3961338162	750	24.07106989978614	0.0	401088	2674.8773334266034	0.7	0.3
727332.838577973	750	25.62862574301408	0.0	365161	2442.4441567720596	0.7	0.75
727336.0745245527	1200	26.39267916327722	0.0	487812	3235.946579736861	0.7	0.75
727339.8783658026	1200	26.58883791341596	0.0	575591	3803.841249861257	0.7	1.2
727343.8781905251	1200	26.58901319094647	0.0	605884	3999.8247224694933	0.7	1.2
727347.7591170117	1200	26.70808670435966	0.0	587506	3880.9264865868095	0.7	1.2
727351.5067568808	1200	26.960446835231497	0.0	566904	3747.6398691281597	0.7	1.2
727355.736692195	1200	26.730511521083077	0.0	641452	4229.935314148421	0.7	1.2
727359.6950662156	1200	26.772137500392905	0.0	599477	3958.3740206901725	0.7	1.2
727366.0762716025	1850	24.390932113564638	0.0	973972	6381.2053868282665	0.7	1.2000000000000002
727372.3605753799	1850	22.10662833610904	0.0	958994	6284.303777455601	0.7	1.85
727378.7941327379	1850	19.673070978186928	0.0	982064	6433.557357922112	0.7	1.85
727386.8411555894	2850	15.626048126562864	0.0	1231456	8047.022851624062	0.7	1.85
727395.7491587506	2850	10.718044965356503	0.0	1364537	8908.003161206361	0.7	2.85
727398.7423078609	750	11.724895855118024	0.0	450283	2993.1491102384794	0.7	0.75
727402.7757938914	1200	11.691409824492169	0.0	611087	4033.486030625855	0.7	0.75
727406.5502631753	1200	11.91694054061782	0.0	571051	3774.4692838743504	0.7	1.2
727410.6264097221	1200	11.840793993754593	0.0	617681	4076.1465468632264	0.7	1.2
727414.9302407621	1200	11.536962953724572	0.0	652874	4303.83104003002	0.7	1.2
727418.3764686218	1200	12.090735094147963	0.0	520315	3446.2278595766097	0.7	1.2
727422.0910294463	1200	12.376174269533253	0.0	561791	3714.5608246147103	0.7	1.2
727426.7614277976	1200	11.705775918309802	0.0	709534	4670.398351223451	0.7	1.2
727430.6251451586	1200	11.842058557169068	0.0	584846	3863.717361140735	0.7	1.2
727434.3334304751	1200	12.133773240705747	0.0	560821	3708.285316463322	0.7	1.2
727438.3431278012	1200	12.124075914690875	0.0	607410	4009.6973260148725	0.7	1.2
727442.2665724729	1200	12.200631242979405	0.0	594078	3923.444671711469	0.7	1.2
727446.3854248232	1200	12.08177889270658	0.0	624282	4118.852350272824	0.7	1.2
727450.9124375175	1200	11.55476619834829	0.0	687371	4527.012694358291	0.7	1.2
727454.4015911468	1200	12.065612569096983	0.0	526950	3489.1536292513083	0.7	1.2
727458.284911384	1200	12.1822923319782	0.0	587876	3883.3202371187817	0.7	1.2
727462.3582177781	1200	12.108985937773179	0.0	617242	4073.306394205021	0.7	1.2
727466.2002425839	1200	12.266961132128941	0.0	581493	3842.024805644238	0.7	1.2
727470.4156342461	1200	12.051569469861262	0.0	639204	4215.391662267679	0.7	1.2
727474.2922455121	1200	12.174958203828037	0.0	586839	3876.611266033226	0.7	1.2
727478.2652472894	1200	12.201956426508703	0.0	601738	3973.001777319335	0.7	1.2
727482.3318511822	1200	12.135352533793204	0.0	616206	4066.603892715498	0.7	1.2
727486.658953359	1200	11.808250356834792	0.0	656471	4327.102176958412	0.7	1.2
727490.2109720529	1200	12.256231662937058	0.0	536667	3552.018693897736	0.7	1.2
727494.9879591669	1200	11.479244548998405	0.0	587236	4776.987113938653	0.7	1.2
727513.5057966416	1200	4.0	7.038592925719644	590335	18517.83747471805	0.7	-29.065949580594467
727524.3950129154	750	4.0	6.889216273788747	425781	10889.216273788747	0.7	-29.32362997729161
727527.2177213407	300	5.177291574687412	0.0	111155	2822.708425312588	0.7	-0.15000000000000002
727531.1726926254	300	5.2223202899451024	0.0	153605	3954.9712847423084	0.7	0.3
727535.0122258151	300	5.38278710031025	0.0	149029	3839.533189634852	0.7	0.3
727539.063462784	300	5.331550131361198	0.0	157421	4051.2369689490515	0.75	0.3
727543.1389204345	300	5.256092480966019	0.0	157488	4075.45765039518	0.75	0.3
727547.0231782162	300	5.371834699211913	0.0	143881	3884.2577817541064	0.75	0.3
727551.4246877198	300	4.970325195656765	0.0	163444	4401.509503555148	0.75	0.3
727556.2461750564	300	4.148837858993827	0.0	179328	4821.487336662939	0.75	0.3
727560.5543502771	300	4.0	0.15933736158030115	159914	4308.175220574128	0.75	-0.3851506547952949
727564.1141590541	300	4.4401912229088065	0.0	131610	3559.8087770911934	0.75	0.3
727567.47304794	300	5.081302337141343	0.0	124011	3358.8888857674638	0.75	0.3
727571.3671679561	300	5.187182320953265	0.0	144254	3894.120016188078	0.75	0.3
727575.4129760123	300	5.141374264690936	0.0	149991	4045.8080562623286	0.75	0.3
727579.405295328	300	5.149054949071837	0.0	147968	3992.3193156190996	0.75	0.3
727583.7648440647	300	4.789506212397958	0.0	161857	4359.548736673879	0.75	0.3
727587.6842410143	300	4.870109262915305	0.0	145210	3919.396949482654	0.75	0.3
727592.2168814531	300	4.3374688241404264	0.0	172312	4532.640438774878	0.75	0.3
727596.0776527423	300	4.476697534913544	0.0	167025	3860.7712892268814	0.75	0.3
727599.780855111	300	4.773495166173467	0.0	160064	3703.2023687400783	0.75	0.3
727602.9734581206	300	5.580892156637644	0.0	137507	3192.603009535823	0.75	0.3
727605.7340311896	300	6.820319087686669	0.0	118421	2760.5730689509746	0.75	0.3
727615.925795606	750	4.0	3.3714453288081505	450283	10191.76441649482	0.75	-13.747214913875046
727618.9748893105	300	4.9509062954696965	0.0	155580	3049.0937045303035	0.75	-0.15000000000000002
727621.7140700183	300	6.211725587777531	0.0	139857	2739.1807076921655	0.75	0.3
727624.7493870618	300	7.176408544240143	0.0	155432	3035.317043537389	0.75	0.3
727627.9370027924	300	7.988792813696638	0.0	163442	3187.615730543504	0.75	0.3
727630.418207397	300	9.507588209038053	0.0	126289	2481.204604658586	0.75	0.3
727633.4128924438	300	10.51290316227121	0.0	153295	2994.6850467668437	0.75	0.3
727636.798382386	300	11.127413220033244	0.0	173849	3385.489942237966	0.75	0.3
727639.7439173571	300	12.181878248910696	0.0	150710	2945.5349711225485	0.75	0.3
727642.4687998609	300	13.456995745042326	0.0	139105	2724.88250386837	0.75	0.3
727645.2456844758	300	14.680111130192468	0.0	141840	2776.8846148498587	0.75	0.3
727648.2946152346	300	15.63118037131221	0.0	156148	3048.9307588802576	0.75	0.3
727651.4309703835	300	16.494825222562525	0.0	160746	3136.355148749685	0.75	0.3
727654.9296290878	300	16.996166518144737	0.0	179801	3498.658704417791	0.75	0.3
727657.6724984279	300	18.253297178083137	0.0	140051	2742.8693400616016	0.75	0.3
727660.3823221852	300	19.543473420795145	0.0	138313	2709.8237572879907	0.75	0.3
727663.1909404465	300	20.734855159426782	0.0	143509	2808.618261368362	0.75	0.3
727666.1346881422	300	21.791107463782204	0.0	150616	2943.747695644574	0.75	0.3
727669.3592282236	300	22.566567382406507	0.0	165384	3224.5400813756983	0.75	0.3
727672.1178788258	300	23.807916780145774	0.0	140881	2758.650602260737	0.75	0.3
727675.1957672501	300	24.730028355808546	0.0	157671	3077.888424337226	0.75	0.3
727678.2763365877	300	25.64945901825436	0.0	157812	3080.5693375541873	0.75	0.3
727681.4731738993	300	26.452621706787262	0.0	163927	3196.8373114670953	0.75	0.3
727684.1704677147	300	27.75532789141401	0.0	137654	2697.2938153732553	0.75	0.3
727687.0407850071	300	28.885010598917702	0.0	146754	2870.317292496307	0.75	0.3
727690.0476957788	300	29.878099827338755	0.0	153938	3006.9107715789455	0.75	0.3
727693.5862829778	300	30.33951262820026	0.0	181901	3538.5871991384956	0.75	0.3
727695.7797362305	300	32.14605937549555	0.0	111155	2193.4532527047104	0.75	0.3
727698.7803154836	300	33.14548012236517	0.0	153605	3000.5792531303764	0.75	0.3
727701.6938886453	300	34.231906960588105	0.0	149029	2913.5731617770703	0.75	0.3
727704.7670236774	300	35.15877192847954	0.0	157421	3073.1350321085706	0.75	0.3
727712.4585736124	750	31.46722199344059	0.0	400322	7691.549935038953	0.75	0.3
727719.5704378583	750	28.355357747470602	0.0	369834	7111.864245969984	0.75	0.75
727727.4999426084	750	24.425852997465164	0.0	412837	7929.504750005438	0.75	0.75
727735.2060569372	750	20.71973866863761	0.0	401088	7706.114328827553	0.75	0.75
727742.2290707757	750	17.69672483020565	0.0	365161	7023.013838431961	0.75	0.75
727748.4136432656	750	15.512152340201737	0.0	321064	6184.572490003914	0.75	0.75
727756.1657454342	750	11.760050171548443	0.0	361565	7752.102168653295	0.75	0.75
727765.8235563877	750	6.102239218228504	0.0	378327	9657.810953319939	0.75	0.75
727769.800887384	300	6.1249082219183615	0.0	149991	3977.330996310143	0.75	-0.15000000000000002
727773.7301507259	300	6.195644879924015	0.0	147968	3929.2633419943454	0.75	0.3
727777.9953938766	300	5.930401729311667	0.0	161857	4265.2431506123485	0.75	0.3
727781.6394717139	300	6.286323892018492	0.0	145210	3644.077837293175	0.75	0.3
727786.1070247456	300	5.818770860330995	0.0	172312	4467.553031687497	0.75	0.3
727790.2697112156	300	5.656084390302623	0.0	167025	4162.686470028371	0.75	0.3
727794.2622460285	300	5.663549577318812	0.0	160064	3992.534812983811	0.75	0.3
727797.7860141229	300	6.139781482968159	0.0	137507	3523.768094350653	0.75	0.3
727800.8961673084	300	7.029628297377641	0.0	118421	3110.1531855905173	0.75	0.3
727812.4209614176	750	4.0	4.49516581171621	450283	11524.794109093851	0.75	-18.579212990379702
727816.6247731801	300	4.0	0.20381176262437747	155580	4203.8117626243775	0.75	-1.0263905792848231
727820.4090556325	300	4.215717547567492	0.0	139857	3784.2824524325083	0.75	0.3
727824.5383094576	300	4.086463722661991	0.0	155432	4129.2538249055015	0.75	0.3
727828.7566780552	300	4.0	0.13190487498236145	163442	4218.368597644352	0.75	-0.26719096242415424
727831.964183127	300	4.792494928129448	0.0	126289	3207.5050718705515	0.75	0.3
727837.6066974705	300	4.0	0.8500194154166538	153295	5642.514343546102	0.75	-3.3550834862916115

