101995.48939247514	750	4.0	23.468245173716976	450283	23468.245173716976	0.8	-100.163454246983
101999.41753268993	1200	4.071859785208521	0.0	611087	3928.1402147914787	0.8	0.75
102000.52942714674	750	6.9599653283861445	0.0	350812	1111.8944568223765	0.8	0.3
102004.95028180559	1200	6.539110669547314	0.0	617681	4420.854658838831	0.8	0.75
102009.50048350319	1200	5.988908971950339	0.0	652874	4550.201697596975	0.8	1.2
102013.85469962379	1200	5.634692851360007	0.0	520315	4354.216120590332	0.8	1.2
102023.94146559638	750	4.0	4.452073121236637	352642	10086.765972596644	0.8	-18.84391442131754
102029.94114483842	300	4.0	1.9996792420499496	173849	5999.67924204995	0.8	-8.748620740814781
102034.85475523472	300	4.0	0.913610396292791	150710	4913.610396292791	0.8	-3.628524704059001
102037.1813525664	300	5.673402668313583	0.0	139105	2326.5973316864165	0.75	0.3
102039.90014270825	300	6.954612526461222	0.0	141840	2718.7901418523616	0.75	0.3
102042.30011825271	300	8.554636982010335	0.0	156148	2399.9755444508855	0.75	0.3
102047.46921717889	300	7.385538055819458	0.0	160746	5169.098926190878	0.75	0.3
102051.83637361563	300	7.018381619071905	0.0	179801	4367.156436747553	0.75	0.3
102054.4257150075	300	8.42904022721474	0.0	140051	2589.341391857165	0.75	0.3
102056.37682705281	300	10.477928181913194	0.0	138313	1951.1120453015474	0.75	0.3
102061.72659805077	300	9.128157183953194	0.0	143509	5349.77099796	0.75	0.3
102064.7405238678	300	10.114231366917474	0.0	150616	3013.9258170357184	0.75	0.3
102068.97480803965	300	9.879947195069628	0.0	165384	4234.284171847848	0.75	0.3
102071.32773578832	300	11.527019446405086	0.0	140881	2352.927748664542	0.75	0.3
102073.10763702859	300	13.747118206125078	0.0	157671	1779.9012402800067	0.75	0.3
102075.471225029	300	15.383530205712317	0.0	157812	2363.5880004127607	0.75	0.3
102077.93744802238	300	16.91730721234258	0.0	163927	2466.222993369741	0.75	0.3
102081.85175335505	300	17.003001879684152	0.0	137654	3914.305332658422	0.75	0.3
102084.72366814465	300	18.131087090060422	0.0	146754	2871.9147896237337	0.75	0.3
102089.17528337712	300	17.679471857601218	0.0	153938	4451.615232459204	0.75	0.3
102093.26648574864	300	17.58826948607569	0.0	181901	4091.202371525526	0.75	0.3
102094.22984650743	300	20.624908727278086	0.0	111155	963.3607587976022	0.75	0.3
102095.19377652745	300	23.66097870725328	0.0	153605	963.9300200248086	0.75	0.3
102096.13137365616	300	26.723381578551233	0.0	149029	937.5971287020424	0.75	0.3
102097.07476970777	300	29.77998552692921	0.0	157421	943.3960516220253	0.75	0.3
102098.7803960101	750	32.07435922459193	0.0	400322	1705.6263023372826	0.7	0.3
102099.75568214194	750	35.09907309275438	0.0	369834	975.2861318375546	0.7	0.75
102100.89014306378	750	37.964612170917015	0.0	412837	1134.460921837367	0.7	0.75
102103.29306120606	1200	39.56169402864278	0.0	690253	2402.9181422742295	0.7	0.75
102113.20100987867	1850	33.65374535603193	0.0	943942	9907.948672610853	0.7	1.2000000000000002
102121.42254277201	1850	29.43221246269411	0.0	728962	8221.532893337822	0.7	1.85
102147.32997112955	1850	7.524784105159743	0.0	938587	25907.42835753437	0.7	1.85
102152.02907467734	300	6.825680557378701	0.0	144254	4699.103547781042	0.7	-1.25
102163.00563975597	300	4.0	4.15088452124735	149991	10976.56507862605	0.7	-17.548803441363603
102174.28255689962	300	4.0	7.276917143663987	147968	11276.917143663986	0.7	-30.99074371775514
102180.55391932618	300	4.0	2.2713624265607195	161857	6271.3624265607195	0.75	-9.466858434211092

