415086.6837832293	750	4.0	3.7103064296388837	450283	3710.306429638884	0.75	-15.2043176474472
415087.9579963847	300	6.725786844695872	0.0	155580	1274.213155304128	0.75	-0.15000000000000002
415089.1115217045	300	9.572261524851616	0.0	139857	1153.5253198442565	0.75	0.3
415090.3845988298	300	12.29918439954482	0.0	155432	1273.0771253067953	0.75	0.3
415091.7191597408	300	14.964623488571577	0.0	163442	1334.5609109732438	0.75	0.3
415092.7685387431	300	17.915244486320624	0.0	126289	1049.3790022509513	0.75	0.3
415095.5553758398	750	19.1284073895681	0.0	352642	2786.837096752528	0.7	0.3
415098.9909781756	750	19.692805053798313	0.0	437162	3435.602335769785	0.7	0.75
415103.5601849311	1200	19.123598298257768	0.0	584846	4569.206755540545	0.7	0.75
415107.94497870904	1200	18.738804520324766	0.0	560821	4384.7937779330005	0.7	1.2
415112.6873839839	1200	17.99639924546116	0.0	607410	4742.405274863609	0.7	1.2
415117.32745444844	1200	17.356328780897808	0.0	594078	4640.070464563349	0.7	1.2
415122.19936714304	1200	16.48441608633828	0.0	624282	4871.91269455953	0.7	1.2
415127.5555433275	1200	15.128239901902274	0.0	687371	5356.176184436005	0.7	1.2
415131.6803474295	1200	15.003435799912879	0.0	526950	4124.804101989395	0.7	1.2
415136.2728120964	1200	14.410971132940457	0.0	587876	4592.4646669724225	0.7	1.2
415141.1163107626	1200	13.567472466786194	0.0	617242	4843.4986661542625	0.7	1.2
415145.6944259697	1200	12.989357259695874	0.0	581493	4578.115207090322	0.7	1.2
415150.7189622458	1200	11.964820983536123	0.0	639204	5024.536276159751	0.7	1.2
415155.33843121625	1200	11.345352013120868	0.0	586839	4619.468970415255	0.7	1.2
415160.097373284	1200	10.58640994535516	0.0	601738	4758.942067765709	0.7	1.2
415164.9731463205	1200	9.710636908824519	0.0	616206	4875.773036530641	0.7	1.2
415170.4527211435	1200	8.231062085872413	0.0	656471	5479.574822952107	0.7	1.2
415175.0210749963	1200	7.662708233056002	0.0	536667	4568.35385281641	0.7	1.2
415178.1110830957	750	8.57270013363833	0.0	359903	3090.008099417673	0.7	0.3
415181.3666611691	750	9.31712206024386	0.0	379700	3255.578073394471	0.7	0.75
415184.64755402313	750	10.036229206222515	0.0	425781	3280.892854021344	0.7	0.75
415186.70434391766	750	11.97943931168498	0.0	277716	2056.7898945375373	0.7	0.75
415189.63437332405	750	13.049409905337301	0.0	400396	2930.029406347678	0.7	0.75
415192.5651999494	750	14.118583280002644	0.0	400508	2930.8266253346583	0.7	0.75
415195.1950052268	750	15.488778002519721	0.0	358218	2629.8052774829234	0.7	0.75
415198.1245078992	750	16.55927533014558	0.0	400322	2929.502672374138	0.7	0.75
415200.83699617453	750	17.846787054870134	0.0	369834	2712.4882752754456	0.7	0.75
415205.6869922685	1200	16.99679096088727	0.0	670129	4849.996093982865	0.7	0.75
415210.6802315312	1200	16.003551698208067	0.0	690253	4993.239262679207	0.7	1.2
415215.02198628493	1200	15.661796944478443	0.0	598727	4341.754753729624	0.7	1.2
415218.57424511056	1200	16.10953811879269	0.0	487812	3552.2588256857553	0.7	1.2
415222.75131719926	1200	15.932466030087838	0.0	575591	4177.072088704848	0.7	1.2
415227.1440156699	1200	15.539767559484844	0.0	605884	4392.698470602995	0.7	1.2
415231.11073671066	1200	15.573046518680352	0.0	587506	3966.721040804493	0.7	1.2
415234.9105833493	1200	15.773199880070639	0.0	566904	3799.846638609713	0.7	1.2
415238.5013666568	1200	16.18241657257577	0.0	641452	3590.783307494868	0.7	1.2
415241.10754043574	1200	17.57624279364853	0.0	599477	2606.173778927242	0.7	1.2
415243.8628210745	1200	18.820962154919222	0.0	634861	2755.280638729305	0.7	1.2
415247.9839861183	1850	18.699797111141812	0.0	958994	4121.1650437774115	0.7	1.2000000000000002
415252.20236728387	1850	18.481415945511767	0.0	982064	4218.381165630045	0.7	1.85
415257.2570816093	2850	17.426701620123247	0.0	1231456	5054.714325388519	0.7	1.85
415262.1248230079	2850	16.5589602214977	0.0	1364537	4867.741398625549	0.7	2.85
415264.0939745346	750	18.58980869479353	0.0	450283	1969.1515267041707	0.7	0.75
415266.4332098397	1200	20.250573389657614	0.0	611087	2339.2353051359187	0.7	0.75
415269.32227236585	1850	21.361510863504805	0.0	877771	2889.062526152808	0.7	1.2000000000000002
415272.2085757183	1850	22.47520751111725	0.0	933276	2886.3033523875542	0.7	1.85
415276.7749544145	2850	21.90882881486227	0.0	1472558	4566.378696254982	0.7	1.85
415281.95158068003	2850	20.73220254940303	0.0	1224260	5176.626265459239	0.7	2.85
415286.87517092755	2850	19.80861230189949	0.0	1388403	4923.590247503542	0.7	2.85
415292.80691518704	2850	17.87686804236389	0.0	1638769	5931.744259535605	0.7	2.85
415297.5250661911	2850	17.158717038373307	0.0	1348011	4718.151003990582	0.7	2.85
415302.18807673984	2850	16.495706489599478	0.0	1429765	4663.010548773831	0.7	2.85
415307.548515889	2850	15.13526734047394	0.0	1354548	5360.4391491255365	0.7	2.85
415312.6306679188	2850	14.053115310663054	0.0	1519951	5082.152029810886	0.7	2.85
415317.21108669724	2850	13.472696532223221	0.0	1422919	4580.418778439833	0.7	2.85
415322.44288546295	2850	12.240897766514824	0.0	1578343	5231.798765708399	0.7	2.85
415326.69306730805	2850	11.99071592138768	0.0	1231445	4250.181845127142	0.7	2.85
415331.487796576	2850	11.195986653435131	0.0	1471065	4794.72926795255	0.7	2.85
415336.32900599326	2850	10.35477723622018	0.0	1491626	4841.209417214951	0.7	2.85
415340.5720231897	2850	10.111760039814254	0.0	1358801	4243.017196405926	0.7	2.85
415345.78736799123	2850	8.896415238281472	0.0	1537156	5215.34480153278	0.7	2.85
415350.19855841104	2850	8.485224818419356	0.0	1336050	4411.190419862115	0.7	2.85
415354.71152413246	2850	7.972259097015322	0.0	1415116	4512.9657214040335	0.7	2.85
415357.965126843	1850	8.718656386448307	0.0	955231	3253.6027105670155	0.7	0.8500000000000001
415361.4006634916	1850	9.283119737933381	0.0	968026	3435.5366485149257	0.7	1.85
415364.3324841515	1850	10.351299077932852	0.0	874175	2931.8206600005287	0.7	1.85
415367.14893687813	1850	11.534846351307415	0.0	897976	2816.452726625437	0.7	1.85
415370.081140752	1850	12.602642477408244	0.0	905935	2932.203873899171	0.7	1.85
415375.6309449285	2850	11.052838300885083	0.0	1547572	5549.80417652316	0.7	1.85
415382.757264817	2850	7.926518412428641	0.0	1141971	7126.319888456442	0.7	2.85
415385.9155705457	1850	8.768212683667166	0.0	972798	3158.3057287614765	0.7	0.8500000000000001
415389.5176528241	1850	9.166130405287705	0.0	975811	3602.0822783794615	0.7	1.85
415392.4818309897	1850	10.201952239700084	0.0	873429	2964.1781655876202	0.7	1.85
415395.8146660918	1850	10.869117137637193	0.0	954453	3332.8351020628897	0.7	1.85
415398.83341285243	1850	11.850370377003829	0.0	885062	3018.7467606333644	0.7	1.85
415401.9932297532	1850	12.690553476184412	0.0	1035329	3159.8169008194163	0.7	1.85
415405.10052881716	1850	13.58325441219684	0.0	1026056	3107.299063987572	0.7	1.85
415412.04638917843	1850	10.637394050911764	0.0	943942	6945.8603612850775	0.7	1.85
415414.6941430466	1850	11.989640182726758	0.0	728962	2647.7538681850056	0.7	1.85
415418.03370212106	1850	12.650081108237092	0.0	938587	3339.559074489665	0.7	1.85
415421.106627281	1850	13.577155948315024	0.0	908665	3072.925159922068	0.7	1.85
415424.29109501815	1850	14.392688211203744	0.0	930577	3184.4677371112816	0.7	1.85
415427.1137576946	1850	15.570025534752222	0.0	858450	2822.662676451522	0.7	1.85
415430.9381523941	1850	15.745630835307162	0.0	1025005	3824.3946994450594	0.7	1.85
415433.79023126647	1850	16.89355196291399	0.0	886255	2852.078872393175	0.7	1.85
415436.8853723942	1850	17.798410835226182	0.0	973972	3095.141127687805	0.7	1.85
415439.85289325396	1850	18.83088997538809	0.0	958994	2967.5208598380914	0.7	1.85
415447.95425891475	4300	14.729524314605946	0.0	2246506	8101.365660782145	0.7	1.8499999999999996
415454.735949731	4300	11.94783349834007	0.0	1961140	6781.690816265875	0.7	4.3
415462.4736496876	4300	8.21013354178748	0.0	2155012	7737.699956552591	0.7	4.3
415464.0961854738	750	10.58759775555665	0.0	450283	1622.5357862308283	0.7	0.75
415465.5538236305	750	13.129959598856043	0.0	398865	1457.6381567006074	0.7	0.75
415469.5784520581	1200	13.105331171280735	0.0	571051	4024.6284275753083	0.7	0.75
415471.96500196686	1200	14.7187812625204	0.0	617681	2386.549908760335	0.7	1.2
415475.2730997753	1850	15.410683454020603	0.0	996749	3308.0978084997964	0.7	1.2000000000000002
415477.8119446879	1850	16.871838541415055	0.0	801058	2538.8449126055502	0.7	1.85
415480.67927682446	1850	18.004506404824532	0.0	905515	2867.3321365905213	0.7	1.85
415484.5142151606	1850	18.16956806870338	0.0	1060487	3834.938336121152	0.7	1.85
415490.8671105902	2850	15.816672639108925	0.0	1348011	6352.895429594456	0.7	1.85
415495.91170649097	2850	14.772076738339267	0.0	1429765	5044.595900769659	0.7	2.85
415500.61649900844	2850	14.067284220916637	0.0	1354548	4704.79251742263	0.7	2.85
415505.8252054648	2850	12.858577764563929	0.0	1519951	5208.70645635271	0.7	2.85
415510.80441344576	2850	11.879369783597918	0.0	1422919	4979.20798096601	0.7	2.85
415516.26679638505	2850	10.41698684431999	0.0	1578343	5462.382939277928	0.7	2.85
415519.1490721967	1850	11.534711032714906	0.0	821631	2882.2758116050854	0.7	0.8500000000000001
415522.33096915943	1850	12.352814069963577	0.0	923170	3181.8969627513293	0.7	1.85
415526.31102049025	1850	12.372762739159151	0.0	966699	3980.051330804424	0.7	1.85
415529.4753634636	1850	13.208419765751819	0.0	885714	3164.342973407334	0.7	1.85
415533.07252337656	1850	13.611259852783373	0.0	987708	3597.159912968445	0.7	1.85
415536.52252654417	1850	14.161256685210587	0.0	923755	3450.003167572786	0.7	1.85
415539.38073270407	1850	15.303050525298831	0.0	891604	2858.2061599117555	0.7	1.85
415542.81611692114	1850	15.867666308210321	0.0	955231	3435.3842170885114	0.7	1.85
415545.7116029947	1850	16.97218023463049	0.0	968026	2895.486073579829	0.7	1.85
415548.334125136	1850	18.349658093312335	0.0	874175	2622.5221413181534	0.7	1.85
415551.0258720544	1850	19.657911174935226	0.0	897976	2691.74691837711	0.7	1.85
415555.41177476203	2850	19.272008467325836	0.0	1480464	4385.902707609391	0.7	1.85
415560.5913820338	2850	18.092401195580482	0.0	1547572	5179.607271745354	0.7	2.85
415564.21658512315	2850	18.467198106138618	0.0	1141971	3625.2030894418635	0.7	2.85
415568.94981666666	2850	17.733966562638713	0.0	1498470	4733.231543499905	0.7	2.85
415573.6959708396	2850	16.987812389730465	0.0	1561263	4746.15417290825	0.7	2.85
415577.94710981194	2850	16.736673417317004	0.0	1341201	4251.13897241346	0.7	2.85
415582.8857657182	2850	15.798017511102236	0.0	1497683	4938.655906214768	0.7	2.85
415586.9824243932	2850	15.701358836113872	0.0	1358081	4096.658674988364	0.7	2.85
415591.9253444559	2850	14.758438773322943	0.0	1587293	4942.920062790929	0.7	2.85
415596.6404157217	2850	14.043367507587707	0.0	1492672	4715.071265735236	0.7	2.85
415601.01986912	2850	13.66391410930546	0.0	1439896	4379.453398282248	0.7	2.85
415604.79926062323	2850	13.884522606061658	0.0	1139291	3779.391503243801	0.7	2.85
415609.66406495776	2850	13.019718271525504	0.0	1499009	4864.804334536156	0.7	2.85
415614.43353965157	2850	12.250243577673164	0.0	1427478	4769.47469385234	0.7	2.85
415619.00022908865	2850	11.683554140590742	0.0	1402287	4566.68943708242	0.7	2.85
415623.3636730105	2850	11.320110218777142	0.0	1339500	4363.443921813601	0.7	2.85
415628.4901984728	2850	10.193584756421394	0.0	1527299	5126.525462355747	0.7	2.85
415633.1381829923	2850	9.545600236951985	0.0	1343002	4647.98451946941	0.7	2.85
415636.61531906563	1850	10.068464163610281	0.0	973972	3477.1360733417046	0.7	0.8500000000000001
415640.2407359592	1850	10.443047269981106	0.0	958994	3625.416893629175	0.7	1.85
415645.0970616856	2850	9.586721543624982	0.0	1483527	4856.325726356124	0.7	1.85
415649.1573036491	2850	9.526479580058538	0.0	1231456	4060.2419635664437	0.7	2.85
415653.48316735873	2850	9.200615870408729	0.0	1364537	4325.863709649809	0.7	2.85
415654.95051241136	750	11.733270817833567	0.0	450283	1467.3450525751623	0.7	0.75
415657.42568065046	1200	13.258102578713423	0.0	611087	2475.1682391201443	0.7	0.75
415659.6386062967	1200	15.045176932502645	0.0	571051	2212.9256462107764	0.7	1.2
415661.83871934406	1200	16.845063885088763	0.0	617681	2200.1130474138836	0.7	1.2
415665.0652361354	1850	17.61854709382037	0.0	996749	3226.5167912683905	0.7	1.2000000000000002
415667.5152257963	1850	19.168557432842217	0.0	801058	2449.989660978159	0.7	1.85
415671.9290400665	2850	18.75474316267388	0.0	1388403	4413.814270168335	0.7	1.85
415679.08324311645	2850	15.600540112745183	0.0	1638769	7154.2030499286975	0.7	2.85
415686.60437168967	2850	12.07941153951224	0.0	1348011	7521.128573232944	0.7	2.85
415689.8221035512	1850	12.861679677973445	0.0	913888	3217.7318615387935	0.7	0.8500000000000001
415692.9035091061	1850	13.78027412308462	0.0	939819	3081.405554888824	0.7	1.85
415695.96263805596	1850	14.721145173232168	0.0	917428	3059.1289498524534	0.7	1.85
415698.9415916934	1850	15.742191535830244	0.0	946851	2978.953637401923	0.7	1.85
415702.8233839332	1850	15.860399296000807	0.0	1036454	3881.792239829437	0.7	1.85
415705.5019854565	1850	17.181797772726167	0.0	821631	2678.60152327464	0.7	1.85
415708.6448189119	1850	18.038964317330006	0.0	923170	3142.833455396159	0.7	1.85
415712.135508614	1850	18.548274615209927	0.0	966699	3490.689702120079	0.7	1.85
415715.1915559191	1850	19.492227310101605	0.0	885714	3056.047305108326	0.7	1.85
415720.27905019454	2850	18.404733034642422	0.0	1537156	5087.494275459178	0.7	1.85
415724.48065210466	2850	18.20313112450664	0.0	1336050	4201.601910135784	0.7	2.85
415729.0340647577	2850	17.649718471448484	0.0	1415116	4553.412653058156	0.7	2.85
415736.1573531862	2850	14.526430042889329	0.0	1468126	7123.288428559153	0.7	2.85
415742.1310020546	2850	12.552781174517607	0.0	1505760	5973.6488683717225	0.7	2.85
415747.1205867577	2850	11.56319647144769	0.0	1323990	4989.58470306992	0.7	2.85
415753.18865404866	2850	9.495129180513722	0.0	1383735	6068.067290933967	0.7	2.85
415757.9193040669	1850	8.764479162308355	0.0	905935	4730.650018205367	0.7	0.8500000000000001
415762.62309160846	1850	8.060691620739805	0.0	1076599	4703.787541568549	0.7	1.85
415766.21774242877	1850	8.466040800426546	0.0	758197	3594.6508203132594	0.7	1.85
415770.4078815477	1850	8.275901681537096	0.0	972798	4190.13911888945	0.7	1.85
415773.596480169	1850	9.08730306022966	0.0	975811	3188.5986213074366	0.7	1.85
415776.08578366385	1850	10.597999565357407	0.0	873429	2489.3034948722543	0.7	1.85
415779.16465170076	1850	11.519131528516112	0.0	954453	3078.868036841294	0.7	1.85
415782.89199432184	1850	11.79178890744371	0.0	885062	3727.3426210724033	0.7	1.85
415787.1632662934	1850	11.52051693584941	0.0	1035329	4271.271971594299	0.7	1.85
415790.52479646524	1850	12.158986764041408	0.0	1026056	3361.530171808	0.7	1.85
415794.0482392363	1850	12.635543992971044	0.0	943942	3523.442771070363	0.7	1.85
415797.1135232062	1850	13.570260023055095	0.0	728962	3065.28396991595	0.7	1.85
415801.85005593154	1850	12.833727297721211	0.0	938587	4736.532725333884	0.7	1.85
415805.5718564714	1850	13.111926757895962	0.0	908665	3721.8005398252494	0.7	1.85
415812.1633789397	1850	10.520404289635481	0.0	930577	6591.52246826048	0.7	1.85
415816.4153213157	1850	10.268461913588576	0.0	858450	4251.942376046905	0.7	1.85
415820.420229119	1850	10.263554110277651	0.0	1025005	4004.9078033109245	0.7	1.85
415823.844449025	1850	10.839334204307791	0.0	886255	3424.21990596986	0.7	1.85
415827.11132405675	1850	11.572459172539325	0.0	973972	3266.8750317684658	0.7	1.85
415831.3328925988	1850	11.350890630462517	0.0	958994	4221.568542076808	0.7	1.85
415837.5146891751	1850	9.169094054114359	0.0	982064	6181.796576348159	0.7	1.85
415840.7436278274	1850	9.940155401865404	0.0	830730	3228.938652248955	0.7	1.85
415846.63777117355	2850	8.046012055709317	0.0	1364537	5894.143346156087	0.7	1.85
415848.6485592941	750	10.035223935129	0.0	450283	2010.788120580317	0.7	0.75
415850.6213887857	1200	12.062394443499542	0.0	611087	1972.8294916294583	0.7	0.75
415853.29799031914	1200	13.385792910059779	0.0	571051	2676.6015334397634	0.7	1.2
415857.0546868775	1850	13.629096351632747	0.0	933276	3756.6965584270324	0.7	1.2000000000000002
415861.2830926688	1850	13.400690560372004	0.0	996749	4228.405791260741	0.7	1.85
415864.5354422395	1850	14.148340989767142	0.0	801058	3252.3495706048616	0.7	1.85
415868.62972007244	1850	14.054063156756069	0.0	905515	4094.277833011074	0.7	1.85
415872.28498491924	1850	14.39879830997823	0.0	1060487	3655.2648467778376	0.7	1.85
415875.5019745906	1850	15.181808638637088	0.0	852833	3216.9896713411417	0.7	1.85
415879.6608355834	1850	15.022947645843825	0.0	913888	4158.860992793263	0.7	1.85
415882.75515939377	1850	15.928623835469507	0.0	939819	3094.3238103743192	0.7	1.85
415885.89127317915	1850	16.792510050102923	0.0	917428	3136.113785366586	0.7	1.85
415889.6902692609	1850	16.99351396836344	0.0	946851	3798.996081739484	0.7	1.85
415894.2522667611	1850	16.431516468195536	0.0	1036454	4561.997500167904	0.7	1.85
415898.14272282907	1850	16.541060400234695	0.0	821631	3890.4560679608394	0.7	1.85
415903.00752003933	1850	15.676263189933037	0.0	923170	4864.797210301658	0.7	1.85
415906.4619580381	1850	16.221825191148145	0.0	966699	3454.437998784893	0.7	1.85
415910.52471057256	1850	16.159072656691244	0.0	885714	4062.752534456899	0.7	1.85
415913.96369539504	1850	16.720087834185353	0.0	987708	3438.984822505892	0.7	1.85
415918.4685667319	1850	16.215216497366864	0.0	923755	4504.87133681849	0.7	1.85
415921.8654048048	1850	16.81837842443298	0.0	891604	3396.8380729338837	0.7	1.85
415926.9442882402	1850	15.739494989065378	0.0	955231	5078.883435367603	0.7	1.85
415931.0814591356	1850	15.602324093654255	0.0	968026	4137.170895411122	0.7	1.85
415935.1015809039	1850	15.582202325286868	0.0	874175	4020.121768367388	0.7	1.85
415938.6710760426	1850	16.012707186648438	0.0	897976	3569.495138638431	0.7	1.85
415942.73095906345	1850	15.952824165796018	0.0	905935	4059.8830208524178	0.7	1.85
415946.5652846542	1850	16.118498575081514	0.0	1076599	3834.325590714504	0.7	1.85
415949.1744437097	1850	17.509339519547524	0.0	758197	2609.1590555339903	0.7	1.85
415953.72340880265	1850	16.96037442663867	0.0	972798	4548.965092908856	0.7	1.85
415958.8375446962	1850	15.846238533133237	0.0	975811	5114.13589350543	0.7	1.85
415962.5851854322	1850	16.098597797096225	0.0	873429	3747.6407360370094	0.7	1.85
415966.62714752764	1850	16.05663570168314	0.0	954453	4041.9620954130874	0.7	1.85
415969.6055900734	1850	17.078193155910505	0.0	885062	2978.4425457726356	0.7	1.85
415976.4325492936	2850	14.25123393568242	0.0	1587293	6826.959220228083	0.7	1.85
415982.462585145	2850	12.2211980843206	0.0	1492672	6030.0358513618185	0.7	2.85
415985.5045265275	1850	13.179256701849319	0.0	943942	3041.941382471281	0.7	0.8500000000000001
415988.68761044304	1850	13.996172786283722	0.0	728962	3183.083915565598	0.7	1.85
415992.28678528586	1850	14.39699794344662	0.0	938587	3599.174842837102	0.7	1.85
415995.9667241888	1850	14.717059040519988	0.0	908665	3679.9389029266317	0.7	1.85
415999.21685766586	1850	15.466925563473053	0.0	930577	3250.133477046935	0.7	1.85
416002.2372244019	1850	16.446558827410627	0.0	858450	3020.3667360624254	0.7	1.85
416005.8883597904	1850	16.795423438939135	0.0	1025005	3651.1353884714895	0.7	1.85
416008.6075701429	1850	18.07621308644221	0.0	886255	2719.2103524969248	0.7	1.85
416014.2872600112	2850	16.39652321808937	0.0	1587250	5679.6898683528425	0.7	1.85
416019.49525122764	2850	15.188532001653504	0.0	1464921	5207.991216435865	0.7	2.85
416026.98477239517	2850	11.699010834072187	0.0	1483527	7489.521167581317	0.7	2.85
416033.09251170413	2850	9.591271525108656	0.0	1231456	6107.739308963532	0.7	2.85
416040.31968308805	2850	6.364100141191903	0.0	1364537	7227.171383916752	0.7	2.85
416042.74403079046	750	7.939752438800919	0.0	450283	2424.347702390985	0.7	0.75
416045.06560721016	1200	9.618176019100655	0.0	611087	2321.576419700263	0.7	0.75
416047.51676961186	1200	11.167013617454204	0.0	571051	2451.1624016464525	0.7	1.2
416050.6686496664	1200	12.015133562838487	0.0	617681	3151.880054615716	0.7	1.2
416053.165725948	1200	13.518057281277382	0.0	652874	2497.076281561106	0.7	1.2
416055.1386440513	1200	15.545139177979939	0.0	520315	1972.9181032974432	0.7	1.2
416060.3766927582	1850	14.307090471012216	0.0	905515	5238.048706967723	0.7	1.2000000000000002

