6.134852526935315	750	4.0	6.134852526935315	450283	6134.852526935315	1	-25.629865865821856
8.147941770165914	300	5.9869107567694	0.0	155580	2013.0892432306002	1.6318627376038681	-0.15000000000000002
9.965671955861389	300	8.169180571073925	0.0	139857	1817.730185695475	1.6318627376038681	0.3
11.976922291726016	300	10.157930235209298	0.0	155432	2011.2503358646268	1.6318627376038681	0.3
14.087697276249063	300	12.04715525068625	0.0	163442	2110.7749845230474	1.6318627376038681	0.3
15.736844386663957	300	14.398008140271354	0.0	126289	1649.147110414894	1.6318627376038681	0.3
17.7215423911699	300	16.413310135765407	0.0	153295	1984.6980045059443	1.6318627376038681	0.3
19.961624868650272	300	18.173227658285036	0.0	173849	2240.082477480374	1.6318627376038681	0.3
21.914204119500532	300	20.220648407434776	0.0	150710	1952.5792508502616	1.6318627376038681	0.3
23.722590667768902	300	22.412261859166406	0.0	139105	1808.3865482683675	1.6318627376038681	0.3
25.564959727158463	300	24.569892799776845	0.0	141840	1842.3690593895635	1.6318627376038681	0.3
27.585106398658475	300	26.549746128276833	0.0	156148	2020.146671500011	1.6318627376038681	0.3
29.662383449001357	300	28.47246907793395	0.0	160746	2077.2770503428846	1.6318627376038681	0.3
31.976419822713307	300	30.158432704222005	0.0	179801	2314.036373711949	1.6318627376038681	0.3
33.79656046806418	300	32.33829205887113	0.0	140051	1820.1406453508728	1.6318627376038681	0.3
35.595106376914636	300	34.53974615002067	0.0	138313	1798.5459088504563	1.6318627376038681	0.3
37.45821284437048	300	36.676639682564826	0.0	143509	1863.1064674558438	1.6318627376038681	0.3
39.40962414054235	300	38.725228386392956	0.0	150616	1951.4112961718733	1.6318627376038681	0.3
41.544528571718914	300	40.59032395521639	0.0	165384	2134.9044311765624	1.6318627376038681	0.3
43.251317006563994	300	42.88353552037131	0.0	140881	1706.7884348450848	1.6318627376038681	0.3
47.58186627038344	750	42.55298625655187	0.0	386472	4330.549263819445	0.9792593118195747	0.3
59.00368681847188	1200	35.131165708463435	0.0	616206	11421.820548088435	0.9792593118195747	0.75
64.34766985342007	750	33.78718267351524	0.0	401853	5343.98303494819	0.9792593118195747	0.3
68.65867567694687	750	33.47617684998844	0.0	343800	4311.005823526801	0.9792593118195747	0.75
73.65065846584002	750	32.484194061095295	0.0	359903	4991.98278889315	0.9792593118195747	0.75
78.09267710905243	750	32.04217541788289	0.0	379700	4442.018643212405	0.9792593118195747	0.75
83.0724945151669	750	31.062358011768424	0.0	425781	4979.817406114462	0.9792593118195747	0.75
86.52572551824204	750	31.60912700869328	0.0	277716	3453.2310030751446	0.9792593118195747	0.75
91.38595077995235	750	30.74890174698296	0.0	400396	4860.225261710321	0.9792593118195747	0.75
96.38449139450974	750	29.750361132425578	0.0	400508	4998.540614557384	0.9792593118195747	0.75
101.09369858245451	750	29.041153944480794	0.0	358218	4709.207187944782	0.9792593118195747	0.75
106.235413689494	750	27.899438837441295	0.0	400322	5141.715107039497	0.9792593118195747	0.75
110.99163519342545	750	27.14321733350985	0.0	369834	4756.221503931449	0.9792593118195747	0.75
116.37418059132757	750	25.760671935607725	0.0	412837	5382.545397902121	0.9792593118195747	0.75
121.68738464003853	750	24.447467886896764	0.0	401088	5313.2040487109625	0.9792593118195747	0.75
126.96761405308968	750	23.167238473845618	0.0	365161	5280.229413051149	0.9792593118195747	0.75
131.90095695827236	750	22.23389556866294	0.0	321064	4933.342905182676	0.9792593118195747	0.75
133.84242341417917	300	24.292429112756132	0.0	124011	1941.4664559068126	0.9792593118195747	-0.15000000000000002
136.0811571813575	300	26.053695345577797	0.0	144254	2238.7337671783325	0.9792593118195747	0.3
138.44427101103625	300	27.69058151589907	0.0	149991	2363.113829678729	0.9792593118195747	0.3
141.13259035246944	300	29.00226217446586	0.0	147968	2688.3193414332113	0.9792593118195747	0.3
144.06573930120402	300	30.069113225731297	0.0	161857	2933.1489487345593	0.9792593118195747	0.3
146.24912474021568	300	31.88572778671961	0.0	145210	2183.385439011686	0.9792593118195747	0.3
148.77737891324907	300	33.35747361368623	0.0	172312	2528.2541730333746	0.9792593118195747	0.3
154.5262910478425	750	31.608561479092778	0.0	398987	5748.912134593453	0.9792593118195747	0.3
160.2433265570045	750	29.891525969930772	0.0	393804	5717.035509162006	0.9792593118195747	0.75
167.4322488917656	1200	26.70260363516969	0.0	538612	7188.922334761082	0.9792593118195747	0.75
186.96017714142266	2850	11.17467538551261	0.0	1364537	19527.928249657078	0.9792593118195747	1.2000000000000002
192.46990763255485	750	9.664944894380438	0.0	450283	5509.7304911321735	0.9792593118195747	0.75
194.5673226325027	300	11.567529894432585	0.0	155580	2097.4149999478523	0.9792593118195747	-0.15000000000000002
196.4437164380119	300	13.691136088923397	0.0	139857	1876.3938055091896	0.9792593118195747	0.3
198.3786121788038	300	15.756240348131515	0.0	155432	1934.8957407918826	0.9792593118195747	0.3
200.3509312608944	300	17.78392126604092	0.0	163442	1972.3190820905938	0.9792593118195747	0.3
201.8930957263203	300	20.241756800615025	0.0	126289	1542.1644654258944	0.9792593118195747	0.3
203.73308399021332	300	22.40176853672199	0.0	153295	1839.9882638930362	0.9792593118195747	0.3
205.75916704875482	300	24.375685478180486	0.0	173849	2026.083058541504	0.9792593118195747	0.3
210.03424550680114	750	24.100607020134152	0.0	374758	4275.078458046333	0.9792593118195747	0.3
214.17540894877416	750	23.959443578161146	0.0	362795	4141.163441973005	0.9792593118195747	0.75
218.20938888502937	750	23.925463641905946	0.0	353220	4033.9799362551985	0.9792593118195747	0.75
222.77855026925707	750	23.35630225767822	0.0	405134	4569.161384227726	0.9792593118195747	0.75
226.98962038579765	750	23.14523214113765	0.0	386351	4211.07011654057	0.9792593118195747	0.75
231.7145521661121	750	22.420300360823187	0.0	434409	4724.931780314462	0.9792593118195747	0.75
235.39856603539428	750	22.736286491540984	0.0	337059	3684.013869282203	0.9792593118195747	0.75
239.38114100957273	750	22.753711517362554	0.0	366214	3982.5749741784307	0.9792593118195747	0.75
243.58260877939117	750	22.552243747544114	0.0	360831	4201.46776981844	0.9792593118195747	0.75
247.52277394278732	750	22.612078584147955	0.0	372963	3940.16516339616	0.9792593118195747	0.75
252.10222298087294	750	22.032629546062356	0.0	405596	4579.449038085601	0.9792593118195747	0.75
256.1313676290239	750	22.003484897911406	0.0	350713	4029.144648150949	0.9792593118195747	0.75
260.56755791815806	750	21.56729460877721	0.0	386472	4436.190289134195	0.9792593118195747	0.75
265.15503675099205	750	20.979815775943187	0.0	399894	4587.478832834021	0.9792593118195747	0.75
269.7645968129356	750	20.37025571399965	0.0	401853	4609.56006194354	0.9792593118195747	0.75
273.7198017990778	750	20.41505072785748	0.0	343800	3955.2049861421688	0.9792593118195747	0.75
277.92672782316754	750	20.20812470376773	0.0	359903	4206.926024089751	0.9792593118195747	0.75
282.5680832797355	750	19.566769247199716	0.0	379700	4641.355456568016	0.9792593118195747	0.75
287.7630121384476	750	18.37184038848761	0.0	425781	5194.928858712105	0.9792593118195747	0.75
289.178322819972	300	20.9565297069632	0.0	111155	1415.3106815244082	0.9792593118195747	-0.15000000000000002
291.1035875155373	300	23.031265011397934	0.0	153605	1925.2646955652624	0.9792593118195747	0.3
292.9738804898246	300	25.16097203711067	0.0	149029	1870.2929742872657	0.9792593118195747	0.3
294.9449869879241	300	27.189865539011134	0.0	157421	1971.1064980995354	0.9792593118195747	0.3
296.9168983604392	300	29.217954166496035	0.0	157488	1971.9113725151008	0.9792593118195747	0.3
298.7253481482887	300	31.409504378646513	0.0	143881	1808.4497878495197	0.9792593118195747	0.3
303.6706997240236	750	30.464152802911535	0.0	412837	4945.35157573498	0.9792593118195747	0.3
308.3632019368705	750	29.77165059006467	0.0	401088	4692.502212846867	0.9792593118195747	0.75
312.64254452639045	750	29.492308000544725	0.0	365161	4279.3425895199425	0.9792593118195747	0.75
316.4147726919438	750	29.720079834991363	0.0	321064	3772.228165553361	0.9792593118195747	0.75
320.6527613692116	750	29.482091157723588	0.0	361565	4237.9886772677755	0.9792593118195747	0.75
325.530105042615	750	28.604747484320193	0.0	378327	4877.343673403397	0.9792593118195747	0.75
331.31345967452836	750	26.821392852406838	0.0	390680	5783.354631913351	0.9792593118195747	0.75
336.3786792011474	750	25.756173325787785	0.0	345516	5065.219526619055	0.9792593118195747	0.75
341.49634517689503	750	24.638507350040125	0.0	384505	5117.665975747657	0.9792593118195747	0.75
345.3964552625065	750	24.73839726442868	0.0	372093	3900.1100856114476	0.9792593118195747	0.75
350.0895288609258	750	24.045323666009427	0.0	438281	4693.073598419256	0.9792593118195747	0.75
354.6114018541689	750	23.523450672766252	0.0	398987	4521.872993243175	0.9792593118195747	0.75
360.9058679957425	750	21.228984531192705	0.0	393804	6294.466141573545	0.9792593118195747	0.75
369.30819281000436	1200	16.826659716930852	0.0	538612	8402.324814261856	0.9792593118195747	0.75
378.7423499920408	1850	11.392502534894401	0.0	846370	9434.15718203645	0.9792593118195747	1.2000000000000002
383.53589263515397	750	10.598959891781204	0.0	450283	4793.542643113199	0.9792593118195747	0.75
388.0723678003312	750	10.062484726603977	0.0	398865	4536.475165177228	0.9792593118195747	0.75
392.20281463757635	750	9.932037889358849	0.0	350812	4130.4468372451265	0.9792593118195747	0.75
396.5494580711252	750	9.58539445581003	0.0	382355	4346.643433548818	0.9792593118195747	0.75
400.68378164361116	750	9.451070883324057	0.0	411561	4134.323572485973	0.9792593118195747	0.75
403.866151704402	750	10.268700822533228	0.0	318564	3182.370060790829	0.9792593118195747	0.75
407.38039406379414	750	10.754458463141084	0.0	352642	3514.2423593921458	0.9792593118195747	0.75
412.0971019716769	750	10.037750555258315	0.0	437162	4716.707907882768	0.9792593118195747	0.75
416.1554505570114	750	9.97940196992383	0.0	374758	4058.348585334486	0.9792593118195747	0.75
420.086802562883	750	10.048049964052241	0.0	362795	3931.352005871588	0.9792593118195747	0.75
423.916508472595	750	10.218344054340248	0.0	353220	3829.705909711993	0.9792593118195747	0.75
428.2973219996469	750	9.837530527288386	0.0	405134	4380.8135270518615	0.9792593118195747	0.75
432.47873932574146	750	9.656113201193778	0.0	386351	4181.41732609461	0.9792593118195747	0.75
437.0615838416933	750	9.073268685241944	0.0	434409	4582.844515951833	0.9792593118195747	0.75
440.85871610905224	750	9.276136417883006	0.0	337059	3797.1322673589366	0.9792593118195747	0.75
445.1846918363503	750	8.950160690584923	0.0	366214	4325.975727298083	0.9792593118195747	0.75
449.44825572974787	750	8.686596797187361	0.0	360831	4263.5638933975615	0.9792593118195747	0.75
451.2745349002404	300	10.860317626694894	0.0	150616	1826.2791704924664	0.9792593118195747	-0.15000000000000002
453.2720379167374	300	12.862814610197802	0.0	165384	1997.5030164970926	0.9792593118195747	0.3
454.98544708852626	300	15.149405438408953	0.0	140881	1713.4091717888484	0.9792593118195747	0.3
456.89352367461754	300	17.241328852317718	0.0	157671	1908.0765860912368	0.9792593118195747	0.3
458.803235049596	300	19.331617477339247	0.0	157812	1909.711374978469	0.9792593118195747	0.3
460.78384524759167	300	21.351007279343563	0.0	163927	1980.6101979956882	0.9792593118195747	0.3
462.459839782933	300	23.67501274400223	0.0	137654	1675.9945353413316	0.9792593118195747	0.3
466.7126442147181	750	23.422208312217094	0.0	359903	4252.804431785136	0.9792593118195747	0.3
471.1949799628192	750	22.939872564116033	0.0	379700	4482.335748101062	0.9792593118195747	0.75
487.26420840812943	750	10.87064411880576	0.0	425781	16069.228445310275	0.9792593118195747	0.75
490.88072662552923	300	11.254125901405972	0.0	111155	3616.5182173997864	0.9792593118195747	-0.15000000000000002
495.7362587659875	300	10.398593760947744	0.0	153605	4855.532140458229	0.9792593118195747	0.3
499.5629119008327	300	10.571940626102482	0.0	149029	3826.6531348452622	0.9792593118195747	0.3
503.13392201040983	300	11.000930516525381	0.0	157421	3571.010109577101	0.9792593118195747	0.3
506.27148250438535	300	11.863370022549825	0.0	157488	3137.5604939755563	0.9792593118195747	0.3
509.0786640134916	300	13.056188513443587	0.0	143881	2807.181509106239	0.9792593118195747	0.3
512.2566509233293	300	13.878201603605874	0.0	163444	3177.986909837714	0.9792593118195747	0.3
515.7362228345543	300	14.398629692380885	0.0	179328	3479.5719112249894	0.9792593118195747	0.3
518.8733386032379	300	15.261513923697208	0.0	159914	3137.115768683676	0.9792593118195747	0.3
521.4865392778024	300	16.648313249132734	0.0	131610	2613.200674564473	0.9792593118195747	0.3
523.9468983777808	300	18.187954149154315	0.0	124011	2460.3590999784165	0.9792593118195747	0.3
526.6741802692862	300	19.460672257648877	0.0	144254	2727.2818915054427	0.9792593118195747	0.3
529.200506187157	300	20.934346339778187	0.0	149991	2526.3259178706876	0.9792593118195747	0.3
531.6938373431296	300	22.441015183805565	0.0	147968	2493.3311559726244	0.9792593118195747	0.3
534.4136955618814	300	23.7211569650538	0.0	161857	2719.8582187517645	0.9792593118195747	0.3
536.8062214102602	300	25.32863111667497	0.0	145210	2392.52584837883	0.9792593118195747	0.3
539.4017298797563	300	26.733122647178813	0.0	172312	2595.5084694961547	0.9792593118195747	0.3
541.9859304325746	300	28.148922094360508	0.0	167025	2584.2005528183063	0.9792593118195747	0.3
546.9810945218524	750	27.153758005082732	0.0	393804	4995.164089277776	0.9792593118195747	0.3
553.1651085599278	1200	24.969743967007314	0.0	538612	6184.0140380754165	0.9792593118195747	0.75
563.1308285275524	1850	19.00402399938274	0.0	846370	9965.719967624576	0.9792593118195747	1.2000000000000002
569.6090127238026	750	16.525839803132403	0.0	450283	6478.184196250336	0.9792593118195747	0.75
576.4297229644354	750	13.705129562499577	0.0	398865	6820.710240632826	0.9792593118195747	0.75
581.8174395375231	750	12.317412989412007	0.0	350812	5387.7165730875695	0.9792593118195747	0.75
587.766729060432	750	10.368123466503143	0.0	382355	5949.2895229088645	0.9792593118195747	0.75
590.3327223587286	300	11.8021301682066	0.0	163442	2565.993298296543	0.9792593118195747	-0.15000000000000002
592.0635676860283	300	14.071284840906884	0.0	126289	1730.8453272997158	0.9792593118195747	0.3
593.9031595150852	300	16.23169301184981	0.0	153295	1839.5918290570762	0.9792593118195747	0.3
596.0996204754675	300	18.035232051467595	0.0	173849	2196.4609603822123	0.9792593118195747	0.3
600.6104816094908	750	17.524370917444315	0.0	374758	4510.861134023282	0.9792593118195747	0.3
604.5747092854062	750	17.56014324152886	0.0	362795	3964.2276759154543	0.9792593118195747	0.75
608.5487981600306	750	17.5860543669045	0.0	353220	3974.088874624356	0.9792593118195747	0.75
613.202090758892	750	16.93276176804312	0.0	405134	4653.292598861379	0.9792593118195747	0.75
615.0548133660124	300	19.080039160922784	0.0	160746	1852.7226071203377	0.9792593118195747	-0.15000000000000002
617.0770604621098	300	21.0577920648253	0.0	179801	2022.2470960974879	0.9792593118195747	0.3
618.7078764978962	300	23.42697602903876	0.0	140051	1630.8160357865397	0.9792593118195747	0.3
620.3871913894299	300	25.747661137505233	0.0	138313	1679.3148915335264	0.9792593118195747	0.3
622.1265876917954	300	28.008264835139695	0.0	143509	1739.3963023655394	0.9792593118195747	0.3
623.9481623211016	300	30.186690205833607	0.0	150616	1821.5746293060927	0.9792593118195747	0.3
629.1781146686471	750	28.956737858287898	0.0	405596	5229.952347545707	0.9792593118195747	0.3
636.943049241261	750	25.191803285674077	0.0	350713	7764.934572613824	0.9792593118195747	0.75
642.4482176956204	750	23.68663483131468	0.0	386472	5505.168454359394	0.9792593118195747	0.75
648.8328365324052	750	21.302015994529917	0.0	399894	6384.618836784765	0.9792593118195747	0.75
656.1652082592018	750	17.9696442677332	0.0	401853	7332.371726796717	0.9792593118195747	0.75
662.5536677010471	750	15.58118482588803	0.0	343800	6388.459441845172	0.9792593118195747	0.75
664.4829868504631	300	17.651865676472017	0.0	146754	1929.3191494160137	0.9792593118195747	-0.15000000000000002
666.4693229710267	300	19.665529555908375	0.0	153938	1986.3361205636422	0.9792593118195747	0.3
672.3670662703481	750	17.76778625658696	0.0	425781	5897.743299321415	0.9792593118195747	0.3
675.7963540681118	750	18.33849845882334	0.0	277716	3429.287797763616	0.9792593118195747	0.75
681.1230430277566	750	17.011809499178415	0.0	400396	5326.688959644924	0.9792593118195747	0.75
686.2391874871104	750	15.89566503982465	0.0	400508	5116.144459353766	0.9792593118195747	0.75
690.550657463655	750	15.584195063279955	0.0	358218	4311.469976544695	0.9792593118195747	0.75
695.531084919061	750	14.60376760787411	0.0	400322	4980.427455405844	0.9792593118195747	0.75
701.0063522637296	750	13.128500263205494	0.0	369834	5475.267344668616	0.9792593118195747	0.75
706.3504936011941	750	11.784358925740944	0.0	412837	5344.141337464549	0.9792593118195747	0.75
711.8859297253001	750	10.248922801634901	0.0	401088	5535.436124106044	0.9792593118195747	0.75
716.2676957346562	750	9.867156792278855	0.0	365161	4381.766009356045	0.9792593118195747	0.75
720.0756609859707	750	10.059191540964397	0.0	321064	3807.9652513144592	0.9792593118195747	0.75
724.3071525667536	750	9.827699960181342	0.0	361565	4231.491580783055	0.9792593118195747	0.75
728.7311055358821	750	9.40374699105294	0.0	378327	4423.952969128402	0.9792593118195747	0.75
733.1391682729194	750	8.995684254015572	0.0	390680	4408.062737037368	0.9792593118195747	0.75
737.045822878103	750	9.0890296488319	0.0	345516	3906.6546051836717	0.9792593118195747	0.75
744.7633182005115	750	5.371534326423393	0.0	384505	7717.4953224085075	0.9792593118195747	0.75
747.5675270008635	300	6.567325526071446	0.0	145210	2804.2088003519466	0.9792593118195747	-0.15000000000000002
750.8801822367718	300	7.254670290163143	0.0	172312	3312.655235908303	0.9792593118195747	0.3
754.093650833141	300	8.041201693793859	0.0	167025	3213.468596369285	0.9792593118195747	0.3
757.0959513817802	300	9.038901145154723	0.0	160064	3002.3005486391367	0.9792593118195747	0.3
759.3801247917053	300	10.754727735229595	0.0	137507	2284.173409925128	0.9792593118195747	0.3
764.4951142633057	750	9.639738263629225	0.0	314107	5114.989471600371	0.9792593118195747	0.3
771.7929418323845	750	6.341910694550439	0.0	450283	7297.827569078785	0.9792593118195747	0.75
774.3668170468546	300	7.768035480080256	0.0	155580	2573.875214470183	0.9792593118195747	-0.15000000000000002
776.688659866434	300	9.4461926605009	0.0	139857	2321.8428195793567	0.9792593118195747	0.3
779.2601627095728	300	10.874689817362132	0.0	155432	2571.5028431387673	0.9792593118195747	0.3
781.7674642507359	300	12.367388276198982	0.0	163442	2507.3015411631495	0.9792593118195747	0.3
783.3789538913238	300	14.755898635611215	0.0	126289	1611.489640587768	0.9792593118195747	0.3
785.3179416452367	300	16.816910881698348	0.0	153295	1938.9877539128656	0.9792593118195747	0.3
787.5061849801791	300	18.62866754675593	0.0	173849	2188.243334942417	0.9792593118195747	0.3
792.1308246140933	750	18.00402791284173	0.0	374758	4624.639633914202	0.9792593118195747	0.3
796.6103905632816	750	17.524461963653447	0.0	362795	4479.565949188284	0.9792593118195747	0.75
800.9738417811107	750	17.16101074582441	0.0	353220	4363.451217829038	0.9792593118195747	0.75
805.9518696206535	750	16.18298290628154	0.0	405134	4978.027839542868	0.9792593118195747	0.75
810.1997161622004	750	15.935136364734577	0.0	386351	4247.846541546964	0.9792593118195747	0.75
815.6638010553784	750	14.471051471556631	0.0	434409	5464.084893177946	0.9792593118195747	0.75
820.3439404851348	750	13.790912041800228	0.0	337059	4680.139429756404	0.9792593118195747	0.75
828.5375858903454	750	9.59726663658973	0.0	366214	8193.645405210498	0.9792593118195747	0.75
831.7970960632399	300	10.33775646369532	0.0	143509	3259.5101728944096	0.9792593118195747	-0.15000000000000002
834.8362923637536	300	11.298560163181472	0.0	150616	3039.1963005138473	0.9792593118195747	0.3
837.0093773723142	300	13.125475154620936	0.0	165384	2173.0850085605366	0.9792593118195747	0.3
839.7614434427825	300	14.37340908415268	0.0	140881	2752.0660704682555	0.9792593118195747	0.3
845.7112854652487	300	12.423567061686466	0.0	157671	5949.842022466213	0.9792593118195747	0.3
847.7016842218615	300	14.433168305073783	0.0	157812	1990.3987566126839	0.9792593118195747	0.3
852.4328246554388	300	13.702027871496407	0.0	163927	4731.140433577377	0.9792593118195747	0.3
856.1428536765832	300	13.991998850352067	0.0	137654	3710.029021144339	0.9792593118195747	0.3
859.5589874337179	300	14.575865093217253	0.0	146754	3416.133757134814	0.9792593118195747	0.3
861.2658726047309	300	16.8689799222043	0.0	153938	1706.8851710129504	0.9792593118195747	0.3
865.824495299662	300	16.310357227273226	0.0	181901	4558.622694931075	0.9792593118195747	0.3
871.1684942015653	300	14.966358325369963	0.0	111155	5343.998901903262	0.9792593118195747	0.3
874.2821506254184	300	15.852701901516836	0.0	153605	3113.6564238531287	0.9792593118195747	0.3
876.1768294334552	300	17.958023093480104	0.0	149029	1894.6788080367323	0.9792593118195747	0.3
878.173694960567	300	19.961157566368264	0.0	157421	1996.86552711184	0.9792593118195747	0.3
880.5895443101426	300	21.545308216792588	0.0	157488	2415.849349575673	0.9792593118195747	0.3
883.4004938841109	300	22.73435864282431	0.0	143881	2810.949573968279	0.9792593118195747	0.3
886.5827611895069	300	23.552091337428383	0.0	163444	3182.2673053959275	0.9792593118195747	0.3
890.1482830609627	300	23.9865694659726	0.0	179328	3565.5218714557855	0.9792593118195747	0.3
893.3764354243988	300	24.758417102536548	0.0	159914	3228.1523634360533	0.9792593118195747	0.3
899.0143719149756	300	23.120480611959632	0.0	131610	5637.936490576913	0.9792593118195747	0.3
901.7524256515127	300	24.382426875422624	0.0	124011	2738.0537365370074	0.9792593118195747	0.3
906.2283127824521	300	23.9065397444832	0.0	144254	4475.887130939424	0.9792593118195747	0.3
908.7876209243364	300	25.347231602598963	0.0	149991	2559.3081418842376	0.9792593118195747	0.3
911.1413925224748	300	26.993460004460555	0.0	147968	2353.771598138411	0.9792593118195747	0.3
913.8738768173396	300	28.260975709595755	0.0	161857	2732.4842948648006	0.9792593118195747	0.3
916.5472407336476	300	29.587611793287703	0.0	145210	2673.363916308051	0.9792593118195747	0.3
919.3235558551659	300	30.811296671769533	0.0	172312	2776.3151215181692	0.9792593118195747	0.3
921.96941224621	300	32.16544028072531	0.0	167025	2645.8563910442217	0.9792593118195747	0.3
928.2189882524027	750	29.91586427453264	0.0	393804	6249.576006192674	0.9792593118195747	0.3
936.4737073024404	1200	25.661145224494927	0.0	538612	8254.719050037711	0.9792593118195747	0.75
951.477442470235	1850	14.65741005670031	0.0	846370	15003.735167794617	0.9792593118195747	1.2000000000000002
962.4909913632547	750	7.643861163680675	0.0	450283	11013.548893019637	0.9792593118195747	0.75
965.4793406465074	300	8.6555118804281	0.0	155580	2988.3492832525726	0.9792593118195747	-0.15000000000000002
968.2229378609228	300	9.911914666012683	0.0	139857	2743.5972144154184	0.9792593118195747	0.3
971.3905441640147	300	10.74430836292071	0.0	155432	3167.6063030919718	0.9792593118195747	0.3
975.7768676396846	300	10.357984887250852	0.0	163442	4386.323475669859	0.9792593118195747	0.3
978.8939421747348	300	11.240910352200608	0.0	126289	3117.074535050244	0.9792593118195747	0.3
981.6453034008039	300	12.489549126131568	0.0	153295	2751.36122606904	0.9792593118195747	0.3
984.3787839915825	300	13.756068535352886	0.0	173849	2733.480590778682	0.9792593118195747	0.3
987.0653867523703	300	15.069465774565073	0.0	150710	2686.6027607878127	0.9792593118195747	0.3
989.8414888468499	300	16.293363680085452	0.0	139105	2776.1020944796223	0.9792593118195747	0.3
992.6644775353119	300	17.4703749916234	0.0	141840	2822.9886884620514	0.9792593118195747	0.3
995.7500742436457	300	18.3847782832896	0.0	156148	3085.5967083338046	0.9792593118195747	0.3
998.9950145522882	300	19.139837974647104	0.0	160746	3244.940308642495	0.9792593118195747	0.3
1002.5846595118629	300	19.550193015072455	0.0	179801	3589.6449595746494	0.9792593118195747	0.3
1005.2660902653425	300	20.868762261592828	0.0	140051	2681.4307534796267	0.9792593118195747	0.3
1007.7283964130713	300	22.40645611386406	0.0	138313	2462.306147728765	0.9792593118195747	0.3
1010.5948834593721	300	23.539969067563277	0.0	143509	2866.4870463007815	0.9792593118195747	0.3
1012.841334713648	300	25.293517813287274	0.0	150616	2246.4512542760017	0.9792593118195747	0.3
1015.3626947838077	300	26.772157743127636	0.0	165384	2521.360070159641	0.9792593118195747	0.3
1017.7299848578153	300	28.404867669120026	0.0	140881	2367.290074007606	0.9792593118195747	0.3
1020.1211873297076	300	30.013665197227773	0.0	157671	2391.202471892254	0.9792593118195747	0.3
1022.3850036022827	300	31.74984892465263	0.0	157812	2263.816272575143	0.9792593118195747	0.3
1024.7593055575328	300	33.37554696940252	0.0	163927	2374.3019552501114	0.9792593118195747	0.3
1026.765893864206	300	35.36895866272943	0.0	137654	2006.5883066730853	0.9792593118195747	0.3
1031.965847549528	300	34.16900497740739	0.0	146754	5199.953685322043	0.9792593118195747	0.3
1036.2345821225244	300	33.90027040441088	0.0	153938	4268.734572996511	0.9792593118195747	0.3
1039.8796694612015	300	34.255183065733924	0.0	181901	3645.087338676958	0.9792593118195747	0.3
1043.6480510475876	300	34.48680147934772	0.0	111155	3768.3815863862005	0.9792593118195747	0.3
1047.3906707446174	300	34.744181782318	0.0	153605	3742.6196970297183	0.9792593118195747	0.3
1050.8658239958477	300	35.269028531087535	0.0	149029	3475.153251230468	0.9792593118195747	0.3
1055.4650046233364	300	34.66984790359888	0.0	157421	4599.180627488655	0.9792593118195747	0.3
1059.8023628335652	300	34.33248969337037	0.0	157488	4337.358210228508	0.9792593118195747	0.3
1065.3353664347326	300	32.79948609220282	0.0	143881	5533.003601167551	0.9792593118195747	0.3
1068.6555958618553	300	33.47925666508011	0.0	163444	3320.2294271227056	0.9792593118195747	0.3
1074.0050161350744	300	32.12983639186114	0.0	179328	5349.420273218965	0.9792593118195747	0.3
1077.9084847093202	300	32.22636781761547	0.0	159914	3903.4685742456695	0.9792593118195747	0.3
1080.4845865731957	300	33.65026595374004	0.0	131610	2576.101863875434	0.9792593118195747	0.3
1083.9307546647867	300	34.20409786214903	0.0	124011	3446.1680915910097	0.9792593118195747	0.3
1086.6040812433923	300	35.530771283543366	0.0	144254	2673.326578605661	0.9792593118195747	0.3
1089.3373586688158	300	36.79749385811986	0.0	149991	2733.2774254235055	0.9792593118195747	0.3
1092.6121113800828	300	37.52274114685287	0.0	147968	3274.752711266982	0.9792593118195747	0.3
1096.1095159684094	300	38.02533655852638	0.0	161857	3497.404588326502	0.9792593118195747	0.3
1099.0234987317306	300	39.11135379520534	0.0	145210	2913.98276332104	0.9792593118195747	0.3
1103.449429626807	300	38.68542290012906	0.0	172312	4425.930895076281	0.9792593118195747	0.3
1109.0929566337052	300	37.04189589323086	0.0	167025	5643.527006898199	0.9792593118195747	0.3
1116.469579666084	750	33.6652728608521	0.0	393804	7376.623032378759	0.9792593118195747	0.3
1122.4952705864346	750	31.639581940501447	0.0	331053	6025.69092035065	0.9792593118195747	0.75
1139.6416187371701	1850	18.49323378976604	0.0	846370	17146.348150735408	0.9792593118195747	0.75
1148.4390131895395	750	13.695839337396393	0.0	450283	8797.394452369646	0.9792593118195747	0.75
1152.3837318886065	300	13.751120638329567	0.0	155580	3944.7186990668274	0.9792593118195747	-0.15000000000000002
1156.3250157309078	300	13.809836796028172	0.0	139857	3941.283842301395	0.9792593118195747	0.3
1159.6594339683547	300	14.475418558581397	0.0	155432	3334.4182374467746	0.9792593118195747	0.3
1163.112667970959	300	15.022184555977306	0.0	163442	3453.2340026040906	0.9792593118195747	0.3
1165.5371672369945	300	16.59768528994166	0.0	126289	2424.4992660356484	0.9792593118195747	0.3
1167.8713079585887	300	18.263544568347402	0.0	153295	2334.140721594257	0.9792593118195747	0.3
1170.551361911701	300	19.58349061523501	0.0	173849	2680.05395311239	0.9792593118195747	0.3
1172.916469547895	300	21.218382979041014	0.0	150710	2365.1076361939995	0.9792593118195747	0.3
1175.135676595337	300	22.99917593159905	0.0	139105	2219.207047441959	0.9792593118195747	0.3
1177.396943462877	300	24.737909064058943	0.0	141840	2261.266867540113	0.9792593118195747	0.3
1180.4428091621428	300	25.69204336479323	0.0	156148	3045.8656992657116	0.9792593118195747	0.3
1183.4395380077715	300	26.6953145191643	0.0	160746	2996.728845628933	0.9792593118195747	0.3
1186.3020104432305	300	27.832842083705195	0.0	179801	2862.472435459101	0.9792593118195747	0.3
1188.5432514401718	300	29.591601086763998	0.0	140051	2241.2409969411992	0.9792593118195747	0.3
1190.8737891825092	300	31.261063344426553	0.0	138313	2330.5377423374453	0.9792593118195747	0.3
1193.7706582763237	300	32.36419425061212	0.0	143509	2896.8690938144305	0.9792593118195747	0.3
1195.988504323361	300	34.14634820357478	0.0	150616	2217.8460470373384	0.9792593118195747	0.3
1198.258385167128	300	35.87646735980779	0.0	165384	2269.8808437669873	0.9792593118195747	0.3
1200.2885069147744	300	37.846345612161315	0.0	140881	2030.1217476464792	0.9792593118195747	0.3
1202.551041437337	300	39.58381108959852	0.0	157671	2262.534522562787	0.9792593118195747	0.3
1205.975907069227	300	40.15894545770855	0.0	157812	3424.865631889977	0.9792593118195747	0.3
1214.1030553957803	750	36.031797131155415	0.0	401853	8127.1483265531315	0.9792593118195747	0.3
1223.9278605469053	750	30.20699198003049	0.0	343800	9824.805151124923	0.9792593118195747	0.75
1235.4153422453558	750	22.71951028158	0.0	359903	11487.481698450492	0.9792593118195747	0.75
1237.860082744492	300	24.274769782443755	0.0	153938	2444.7404991362437	0.9792593118195747	-0.15000000000000002
1240.734380848491	300	25.400471678444863	0.0	181901	2874.298103998895	0.9792593118195747	0.3
1242.5219042032277	300	27.612948323707958	0.0	111155	1787.5233547369016	0.9792593118195747	0.3
1244.9615292754634	300	29.173323251472237	0.0	153605	2439.625072235723	0.9792593118195747	0.3
1248.7597276602378	300	29.375124866697774	0.0	149029	3798.1983847744646	0.9792593118195747	0.3
1252.4713124649847	300	29.66354006195082	0.0	157421	3711.584804746955	0.9792593118195747	0.3
1255.2766333716384	300	30.858219155297252	0.0	157488	2805.3209066535674	0.9792593118195747	0.3
1257.8761804064445	300	32.25867212049118	0.0	143881	2599.5470348060753	0.9792593118195747	0.3
1260.8219890742557	300	33.312863452679764	0.0	163444	2945.8086678114105	0.9792593118195747	0.3
1264.046306007158	300	34.08854651977745	0.0	179328	3224.3169329023062	0.9792593118195747	0.3
1266.9597501315525	300	35.17510239538296	0.0	159914	2913.4441243944934	0.9792593118195747	0.3
1269.4157196398535	300	36.71913288708191	0.0	131610	2455.9695083010442	0.9792593118195747	0.3
1272.137609140991	300	37.99724338594458	0.0	124011	2721.889501137334	0.9792593118195747	0.3
1279.642072749267	750	34.49277977766846	0.0	378327	7504.463608276125	0.9792593118195747	0.3
1290.1449058439032	750	27.989946683032475	0.0	390680	10502.833094635987	0.9792593118195747	0.75
1299.7984676105125	750	22.336384916423153	0.0	345516	9653.56176660932	0.9792593118195747	0.75
1303.1258943743803	300	23.008958152555117	0.0	161857	3327.4267638680367	0.9792593118195747	-0.15000000000000002
1306.0512967591922	300	24.083555767743267	0.0	145210	2925.4023848118536	0.9792593118195747	0.3
1309.9283960975229	300	24.2064564294125	0.0	172312	3877.0993383307646	0.9792593118195747	0.3
1314.8652169487077	300	23.269635578227586	0.0	167025	4936.820851184916	0.9792593118195747	0.3
1318.882227988081	300	23.252624538854327	0.0	160064	4017.011039373259	0.9792593118195747	0.3
1324.1343780364891	750	22.00047449044642	0.0	331053	5252.15004840791	0.9792593118195747	0.3
1333.431082487009	1200	16.703770039926333	0.0	550906	9296.704450520085	0.9792593118195747	0.75
1341.6009259278635	750	12.533926599071922	0.0	450283	8169.843440854413	0.9792593118195747	0.75
1344.6133841298156	300	13.521468397119962	0.0	155580	3012.4582019519585	0.9792593118195747	-0.15000000000000002
1349.3291741505964	300	12.805678376338987	0.0	139857	4715.790020780977	0.9792593118195747	0.3
1351.9856090176343	300	14.149243509300991	0.0	155432	2656.434867037996	0.9792593118195747	0.3
1354.6481196344635	300	15.486732892471931	0.0	163442	2662.51061682906	0.9792593118195747	0.3
1356.6122837985454	300	17.522568728389906	0.0	126289	1964.1641640820253	0.9792593118195747	0.3
1362.4352453841598	300	15.699607142775603	0.0	153295	5822.961585614303	0.9792593118195747	0.3
1368.3876780010069	300	13.747174525928491	0.0	173849	5952.432616847113	0.9792593118195747	0.3
1373.4472477838085	300	12.687604743126887	0.0	150710	5059.569782801604	0.9792593118195747	0.3
1379.3383899902608	300	10.796462536674682	0.0	139105	5891.142206452205	0.9792593118195747	0.3
1386.2631310663846	300	7.8717214605508055	0.0	141840	6924.741076123877	0.9792593118195747	0.3
1392.2189442687204	300	5.915908258215182	0.0	156148	5955.813202335624	0.9792593118195747	0.3
1400.8718826668076	300	4.0	2.737030139872003	160746	8652.938398087184	0.9792593118195747	-11.469229601449612
1405.6380393756722	300	4.0	0.7661567088645516	179801	4766.156708864552	0.9792593118195747	-2.994473848117572
1408.3700425675609	300	5.267996808111318	0.0	140051	2732.003191888682	0.9792593118195747	0.3
1410.8184614925929	300	6.819577883079291	0.0	138313	2448.4189250320273	0.9792593118195747	0.3
1413.7852782721652	300	7.852761103507055	0.0	143509	2966.8167795722366	0.9792593118195747	0.3
1416.6759336295895	300	8.962105746082566	0.0	150616	2890.6553574244895	0.9792593118195747	0.3
1419.620653001669	300	10.017386374003204	0.0	165384	2944.719372079363	0.9792593118195747	0.3
1422.0846955310071	300	11.553343844665076	0.0	140881	2464.042529338127	0.9792593118195747	0.3
1424.832864905467	300	12.805174470205271	0.0	157671	2748.1693744598056	0.9792593118195747	0.3
1427.6804805635863	300	13.95755881208605	0.0	157812	2847.6156581192204	0.9792593118195747	0.3
1430.9378915636219	300	14.70014781205059	0.0	163927	3257.4110000354617	0.9792593118195747	0.3
1434.5181514850144	300	15.119887890657937	0.0	137654	3580.259921392651	0.9792593118195747	0.3
1437.988307516698	300	15.649731858974523	0.0	146754	3470.1560316834148	0.9792593118195747	0.3
1440.9087848445035	300	16.72925453116882	0.0	153938	2920.477327805703	0.9792593118195747	0.3
1444.9394383840743	300	16.69860099159796	0.0	181901	4030.6535395708584	0.9792593118195747	0.3
1447.4355850146753	300	18.202454360997024	0.0	111155	2496.146630600936	0.9792593118195747	0.3
1450.0213884688521	300	19.61665090682025	0.0	153605	2585.8034541767747	0.9792593118195747	0.3
1452.5186212193785	300	21.119418156293822	0.0	149029	2497.232750526428	0.9792593118195747	0.3
1455.1316113681416	300	22.50642800753067	0.0	157421	2612.99014876315	0.9792593118195747	0.3
1458.8835464455638	300	22.754492930108686	0.0	157488	3751.9350774219865	0.9792593118195747	0.3
1462.3744714467828	300	23.263567928889554	0.0	143881	3490.9250012191287	0.9792593118195747	0.3
1465.6861391966022	300	23.951900179070257	0.0	163444	3311.6677498193	0.9792593118195747	0.3
1468.6947825283885	300	24.94325684728385	0.0	179328	3008.64333178641	0.9792593118195747	0.3
1471.3659529241445	300	26.272086451527954	0.0	159914	2671.170395755892	0.9792593118195747	0.3
1473.9378080187148	300	27.700231356957577	0.0	131610	2571.8550945703746	0.9792593118195747	0.3
1476.4965129103498	300	29.14152646532259	0.0	124011	2558.704891634988	0.9792593118195747	0.3
1479.4598304824838	300	30.178208893188554	0.0	144254	2963.3175721340335	0.9792593118195747	0.3
1485.4676408392413	750	28.17039853643126	0.0	390680	6007.810356757294	0.9792593118195747	0.3
1490.776887385281	750	26.861151990391537	0.0	345516	5309.246546039725	0.9792593118195747	0.75
1497.8893734098508	750	23.74866596582192	0.0	384505	7112.486024569615	0.9792593118195747	0.75
1503.867176073138	750	21.770863302534767	0.0	372093	5977.802663287154	0.9792593118195747	0.75
1509.681567440362	750	19.956471935310663	0.0	438281	5814.3913672241015	0.9792593118195747	0.75
1514.992843747458	750	18.645195628214655	0.0	398987	5311.27630709601	0.9792593118195747	0.75
1521.0541176485751	750	16.583921727097422	0.0	393804	6061.273901117231	0.9792593118195747	0.75
1525.3196421998455	750	16.318397175827084	0.0	331053	4265.524551270339	0.9792593118195747	0.75
1533.1600205510613	1200	12.478018824611457	0.0	550906	7840.378351215626	0.9792593118195747	0.75
1539.2702925647359	750	10.367746810936772	0.0	450283	6110.272013674686	0.9792593118195747	0.75
1545.113494316822	750	8.524545058850942	0.0	398865	5843.201752085832	0.9792593118195747	0.75
1547.0226033059407	300	10.615436069732107	0.0	139857	1909.1089891188342	0.9792593118195747	-0.15000000000000002
1549.1354087314592	300	12.502630644213765	0.0	155432	2112.8054255183406	0.9792593118195747	0.3
1551.2045400154327	300	14.433499360240134	0.0	163442	2069.13128397363	0.9792593118195747	0.3
1552.8148330351196	300	16.823206340553313	0.0	126289	1610.2930196868201	0.9792593118195747	0.3
1554.7523682793046	300	18.88567109636822	0.0	153295	1937.535244185092	0.9792593118195747	0.3
1556.9389643500592	300	20.69907502561357	0.0	173849	2186.5960707546496	0.9792593118195747	0.3
1558.8451761420363	300	22.79286323363643	0.0	150710	1906.211791977137	0.9792593118195747	0.3
1560.6107656272925	300	25.027273748380114	0.0	139105	1765.5894852563176	0.9792593118195747	0.3
1562.4094961732021	300	27.228543202470505	0.0	141840	1798.7305459096085	0.9792593118195747	0.3
1564.4297693868716	300	29.208269988800893	0.0	156148	2020.2732136696097	0.9792593118195747	0.3
1566.6492179909965	300	30.988821384676115	0.0	160746	2219.44860412478	0.9792593118195747	0.3
1569.122279084089	300	32.51576029158366	0.0	179801	2473.0610930924536	0.9792593118195747	0.3
1573.2313684954506	750	32.40667088022202	0.0	337059	4109.089411361636	0.9792593118195747	0.3
1577.5581043298355	750	32.07993504583723	0.0	366214	4326.735834384794	0.9792593118195747	0.75
1581.8224171574632	750	31.815622218209395	0.0	360831	4264.312827627834	0.9792593118195747	0.75
1586.2274165758352	750	31.41062279983747	0.0	372963	4404.999418371924	0.9792593118195747	0.75
1591.0108388029566	750	30.627200572715804	0.0	405596	4783.422227121669	0.9792593118195747	0.75
1597.3817215185784	750	28.256317857094107	0.0	350713	6370.8827156216985	0.9792593118195747	0.75
1604.2515711561048	750	25.38646821956789	0.0	386472	6869.849637526213	0.9792593118195747	0.75
1611.9968061198629	750	21.641233255809713	0.0	399894	7745.234963758178	0.9792593118195747	0.75
1618.801263519628	750	18.83677585604478	0.0	401853	6804.45739976493	0.9792593118195747	0.75
1627.3158222307754	750	14.322217144897358	0.0	343800	8514.558711147421	0.9792593118195747	0.75
1630.0674159648072	300	15.570623410865469	0.0	146754	2751.5937340318887	0.9792593118195747	-0.15000000000000002
1632.9497913428509	300	16.688248032821935	0.0	153938	2882.3753780435345	0.9792593118195747	0.3
1636.341221162918	300	17.296818212754783	0.0	181901	3391.42982006715	0.9792593118195747	0.3
1639.2170664053745	300	18.420972970298347	0.0	111155	2875.8452424564407	0.9792593118195747	0.3
1642.8077849241106	300	18.830254451562368	0.0	153605	3590.718518735981	0.9792593118195747	0.3
1645.6695076812248	300	19.968531694448256	0.0	149029	2861.7227571141098	0.9792593118195747	0.3
1648.8674439374429	300	20.770595438230004	0.0	157421	3197.9362562182487	0.9792593118195747	0.3
1652.435014996633	300	21.203024379039835	0.0	157488	3567.5710591901693	0.9792593118195747	0.3
1656.3589735318826	300	21.279065843790466	0.0	143881	3923.9585352493664	0.9792593118195747	0.3
1659.7348424237807	300	21.903196951892088	0.0	163444	3375.8688918983803	0.9792593118195747	0.3
1665.0104359755592	300	20.62760340011361	0.0	179328	5275.593551778478	0.9792593118195747	0.3
1670.5220777816767	300	19.115961593996165	0.0	159914	5511.641806117445	0.9792593118195747	0.3
1675.2298195387052	300	18.40821983696758	0.0	131610	4707.741757028588	0.9792593118195747	0.3
1683.4809710197148	300	14.157068355958003	0.0	124011	8251.151481009576	0.9792593118195747	0.3
1692.0713044538359	300	9.566734921836966	0.0	144254	8590.333434121037	0.9792593118195747	0.3
1696.395726131228	300	9.24231324444467	0.0	149991	4324.421677392296	0.9792593118195747	0.3
1700.9510186771374	300	8.687020698535456	0.0	147968	4555.292545909213	0.9792593118195747	0.3
1704.6463720962947	300	8.991667279377955	0.0	161857	3695.353419157502	0.9792593118195747	0.3
1707.7670880862613	300	9.870951289411247	0.0	145210	3120.715989966707	0.9792593118195747	0.3
1711.2098879314344	300	10.428151444238145	0.0	172312	3442.7998451731023	0.9792593118195747	0.3
1716.8877860719283	300	8.750253303744309	0.0	167025	5677.898140493837	0.9792593118195747	0.3
1723.699311261334	300	5.938728114338512	0.0	160064	6811.525189405796	0.9792593118195747	0.3
1726.9876184424797	300	6.650420933192859	0.0	137507	3288.3071811456534	0.9792593118195747	0.3
1729.89380173175	300	7.7442376439224825	0.0	118421	2906.183289270377	0.9792593118195747	0.3
1741.5630724956964	750	4.0	3.925033120023647	450283	11669.27076394613	0.9792593118195747	-16.127642416101683
1744.4922161490642	300	5.070856346632076	0.0	155580	2929.143653367924	0.9792593118195747	-0.15000000000000002
1747.3405689909496	300	6.222503504746768	0.0	139857	2848.3528418853084	0.9792593118195747	0.3
1751.0409061106907	300	6.522166385005738	0.0	155432	3700.3371197410297	0.9792593118195747	0.3
1755.5874546710015	300	5.9756178246947975	0.0	163442	4546.54856031094	0.9792593118195747	0.3
1758.257085581851	300	7.305986913845301	0.0	126289	2669.630910849497	0.9792593118195747	0.3
1761.3696456634134	300	8.193426832282919	0.0	153295	3112.56008156238	0.9792593118195747	0.3
1764.6998543286154	300	8.863218167081014	0.0	173849	3330.2086652019066	0.9792593118195747	0.3
1767.412716208731	300	10.150356286965456	0.0	150710	2712.861880115558	0.9792593118195747	0.3
1769.9187064152272	300	11.644366080469066	0.0	139105	2505.9902064963903	0.9792593118195747	0.3
1772.2530725957608	300	13.309999899935207	0.0	141840	2334.36618053386	0.9792593118195747	0.3
1774.9754022139123	300	14.587670281784002	0.0	156148	2722.329618151206	0.9792593118195747	0.3
1778.3729210453632	300	15.190151450332985	0.0	160746	3397.518831451016	0.9792593118195747	0.3
1782.2019335906741	300	15.361138905022163	0.0	179801	3829.012545310822	0.9792593118195747	0.3
1785.234856756842	300	16.328215738854347	0.0	140051	3032.9231661678173	0.9792593118195747	0.3
1788.2311348404128	300	17.331937655283582	0.0	138313	2996.278083570766	0.9792593118195747	0.3
1791.2448872171362	300	18.31818527856004	0.0	143509	3013.7523767235416	0.9792593118195747	0.3
1794.3995592601648	300	19.163513235531457	0.0	150616	3154.6720430285873	0.9792593118195747	0.3
1797.3778108561226	300	20.185261639573742	0.0	165384	2978.251595957716	0.9792593118195747	0.3
1800.1097260820848	300	21.453346413611612	0.0	140881	2731.9152259621296	0.9792593118195747	0.3
1803.4174325534498	300	22.145639942246525	0.0	157671	3307.7064713650852	0.9792593118195747	0.3
1806.367117165655	300	23.195955330041553	0.0	157812	2949.6846122049733	0.9792593118195747	0.3
1809.09149146103	300	24.47158103466645	0.0	163927	2724.374295375102	0.9792593118195747	0.3
1811.4869987588609	300	26.07607373683562	0.0	137654	2395.5072978308312	0.9792593118195747	0.3
1813.9543514223017	300	27.608721073394815	0.0	146754	2467.3526634408036	0.9792593118195747	0.3
1816.3461371926353	300	29.216935303061117	0.0	153938	2391.7857703336995	0.9792593118195747	0.3
1819.1578612855135	300	30.405211210183005	0.0	181901	2811.7240928781084	0.9792593118195747	0.3
1821.057283118511	300	32.5057893771856	0.0	111155	1899.421832997403	0.9792593118195747	0.3
1823.6864913437396	300	33.87658115195672	0.0	153605	2629.2082252288815	0.9792593118195747	0.3
1825.9602456965838	300	35.60282679911253	0.0	149029	2273.7543528441956	0.9792593118195747	0.3
1828.3575329626801	300	37.20553953301608	0.0	157421	2397.2872660964385	0.9792593118195747	0.3
1830.8368510382702	300	38.72622145742599	0.0	157488	2479.318075590092	0.9792593118195747	0.3
1833.2230781829544	300	40.33999431274172	0.0	143881	2386.227144684273	0.9792593118195747	0.3
1835.7511464719319	300	41.81192602376425	0.0	163444	2528.068288977468	0.9792593118195747	0.3
1843.1774969906178	750	38.385575505078236	0.0	401088	7426.350518686013	0.9792593118195747	0.3
1850.0021979771373	750	35.56087451855873	0.0	365161	6824.700986519513	0.9792593118195747	0.75
1854.9010385220506	750	34.6620339736453	0.0	321064	4898.840544913419	0.9792593118195747	0.75
1865.074080649407	750	28.488991846288805	0.0	361565	10173.042127356497	0.9792593118195747	0.75
1871.650954647204	750	25.912117848492027	0.0	378327	6576.873997796779	0.9792593118195747	0.75
1878.0637846336435	750	23.49928786205251	0.0	390680	6412.82998643952	0.9792593118195747	0.75
1883.5698185925785	750	21.993253903117502	0.0	345516	5506.033958935009	0.9792593118195747	0.75
1890.2668277861826	750	19.296244709513488	0.0	384505	6697.009193604011	0.9792593118195747	0.75
1892.8815580914256	300	20.681514404270548	0.0	145210	2614.730305242942	0.9792593118195747	-0.15000000000000002
1895.9944261379615	300	21.568646357734753	0.0	172312	3112.8680465357934	0.9792593118195747	0.3
1899.0749544880416	300	22.488118007654574	0.0	167025	3080.528350080179	0.9792593118195747	0.3
1902.052658025764	300	23.510414469932282	0.0	160064	2977.7035377222933	0.9792593118195747	0.3
1906.949950889452	750	22.613121606244103	0.0	331053	4897.292863688179	0.9792593118195747	0.3
1919.574501488128	1850	13.98857100756821	0.0	846370	12624.550598675893	0.9792593118195747	0.75
1927.3799821558096	750	10.18309033988647	0.0	450283	7805.480667681742	0.9792593118195747	0.75
1929.2104512801004	300	12.352621215595693	0.0	155580	1830.4691242907759	0.9792593118195747	-0.15000000000000002
1930.864017036084	300	14.699055459612051	0.0	139857	1653.5657559836422	0.9792593118195747	0.3
1932.6928209757086	300	16.87025151998765	0.0	155432	1828.8039396243983	0.9792593118195747	0.3
1934.6117474097769	300	18.951325085919436	0.0	163442	1918.9264340682157	0.9792593118195747	0.3
1936.1126562363454	300	21.45041625935074	0.0	126289	1500.9088265686964	0.9792593118195747	0.3
1937.917416259537	300	23.645656236159105	0.0	153295	1804.7600231916344	0.9792593118195747	0.3
1939.9534344288957	300	25.609638066800404	0.0	173849	2036.0181693587037	0.9792593118195747	0.3
1941.7291099766644	300	27.833962519031648	0.0	150710	1775.6755477687545	0.9792593118195747	0.3
1943.525436319719	300	30.03763617597715	0.0	139105	1796.3263430544969	0.9792593118195747	0.3
1947.994581535645	750	29.56849096005084	0.0	353220	4469.145215926309	0.9792593118195747	0.3
1956.4593609412668	750	25.103711554429122	0.0	405134	8464.779405621717	0.9792593118195747	0.75
1962.841164133398	750	22.72190836229801	0.0	386351	6381.80319213111	0.9792593118195747	0.75
1969.168868843421	750	20.394203652274886	0.0	434409	6327.704710023124	0.9792593118195747	0.75
1976.716479882324	750	16.846592613372128	0.0	337059	7547.611038902761	0.9792593118195747	0.75
1981.2761281269902	300	16.286944368705683	0.0	138313	4559.64824466644	0.9792593118195747	-0.15000000000000002
1984.5641104646402	300	16.9989620310557	0.0	143509	3287.9823376499826	0.9792593118195747	0.3
1990.3565798977716	300	15.206492597924404	0.0	150616	5792.469433131297	0.9792593118195747	0.3
1996.148298293358	300	13.414774202337986	0.0	165384	5791.718395586418	0.9792593118195747	0.3
2001.074915929795	300	12.488156565900965	0.0	140881	4926.617636437021	0.9792593118195747	0.3
2005.4678744883656	300	12.09519800733043	0.0	157671	4392.9585585705345	0.9792593118195747	0.3
2009.3167435852993	300	12.246328910396684	0.0	157812	3848.8690969337463	0.9792593118195747	0.3
2015.3459399552935	300	10.217132540402377	0.0	163927	6029.196369994307	0.9792593118195747	0.3
2018.482759166199	300	11.080313329496848	0.0	137654	3136.819210905529	0.9792593118195747	0.3
2021.4267580994178	300	12.13631439627792	0.0	146754	2943.9989332189293	0.9792593118195747	0.3
2024.1708216430218	300	13.392250852673895	0.0	153938	2744.0635436040243	0.9792593118195747	0.3
2027.5767357533528	300	13.986336742342957	0.0	181901	3405.914110330938	0.9792593118195747	0.3
2029.7506474954512	300	15.812425000244582	0.0	111155	2173.9117420983753	0.9792593118195747	0.3
2034.3635478639358	300	15.199524631760019	0.0	153605	4612.900368484563	0.9792593118195747	0.3
2038.238998856912	300	15.324073638783739	0.0	149029	3875.4509929762803	0.9792593118195747	0.3
2042.3281762033703	300	15.234896292325539	0.0	157421	4089.1773464582	0.9792593118195747	0.3
2048.0327806775063	300	13.530291818189532	0.0	157488	5704.6044741360065	0.9792593118195747	0.3
2053.246238059917	300	12.316834435778931	0.0	143881	5213.457382410601	0.9792593118195747	0.3
2057.568508063005	300	11.994564432690398	0.0	163444	4322.2700030885335	0.9792593118195747	0.3
2060.8989767836997	300	12.664095711996206	0.0	179328	3330.468720694192	0.9792593118195747	0.3
2063.6095265918284	300	13.953545903867445	0.0	159914	2710.5498081287606	0.9792593118195747	0.3
2065.686796300524	300	15.876276195172148	0.0	131610	2077.2697086952967	0.9792593118195747	0.3
2067.575696063728	300	17.987376431967483	0.0	124011	1888.8997632046633	0.9792593118195747	0.3
2069.9258086756367	300	19.637263820059044	0.0	144254	2350.1126119084397	0.9792593118195747	0.3
2072.472746639526	300	21.09032585616978	0.0	149991	2546.9379638892624	0.9792593118195747	0.3
2075.0767061063375	300	22.486366389358132	0.0	147968	2603.959466811646	0.9792593118195747	0.3
2078.081970174667	300	23.481102321029017	0.0	161857	3005.264068329117	0.9792593118195747	0.3
2080.5604721568047	300	25.002600338891213	0.0	145210	2478.5019821378	0.9792593118195747	0.3
2083.3991565472547	300	26.163915948440827	0.0	172312	2838.6843904503885	0.9792593118195747	0.3
2086.2086432150136	300	27.354429280681984	0.0	167025	2809.486667758843	0.9792593118195747	0.3
2092.353017179695	750	25.210055316000346	0.0	393804	6144.373964681636	0.9792593118195747	0.3
2097.024204086237	750	24.538868409458114	0.0	331053	4671.186906542232	0.9792593118195747	0.75
2109.82789782992	1850	15.735174665775187	0.0	846370	12803.693743682928	0.9792593118195747	0.75
2115.581650800651	750	13.981421695044506	0.0	450283	5753.75297073068	0.9792593118195747	0.75
2122.7849973941284	750	10.778075101567048	0.0	398865	7203.34659347746	0.9792593118195747	0.75
2124.9562579328363	300	12.606814562859247	0.0	139857	2171.260538707801	0.9792593118195747	-0.15000000000000002
2127.2679999188986	300	14.295072576797043	0.0	155432	2311.741986062202	0.9792593118195747	0.3
2129.8913104731246	300	15.671762022571118	0.0	163442	2623.310554225925	0.9792593118195747	0.3
2131.9702738746573	300	17.592798621038277	0.0	126289	2078.963401532842	0.9792593118195747	0.3
2134.658021054423	300	18.90505144127254	0.0	153295	2687.7471797657395	0.9792593118195747	0.3
2137.695418487184	300	19.867654008511565	0.0	173849	3037.3974327609776	0.9792593118195747	0.3
2140.293895218079	300	21.26917727761643	0.0	150710	2598.4767308951327	0.9792593118195747	0.3
2144.0419250339364	300	21.5211474617591	0.0	139105	3748.0298158573264	0.9792593118195747	0.3
2147.782461993104	300	21.780610502591728	0.0	141840	3740.536959167374	0.9792593118195747	0.3
2150.6468510707678	300	22.916221424927965	0.0	156148	2864.3890776637627	0.9792593118195747	0.3
2154.6984900977177	300	22.8645823979777	0.0	160746	4051.639026950266	0.9792593118195747	0.3
2161.2546876670363	300	20.308384828659232	0.0	179801	6556.197569318465	0.9792593118195747	0.3
2165.128782884356	300	20.434289611339466	0.0	140051	3874.0952173197643	0.9792593118195747	0.3
2167.921416634474	300	21.641655861221576	0.0	138313	2792.633750117891	0.9792593118195747	0.3
2170.395707651263	300	23.167364844432246	0.0	143509	2474.2910167893297	0.9792593118195747	0.3
2174.8534994825727	300	22.709573013122714	0.0	150616	4457.7918313095315	0.9792593118195747	0.3
2179.296732509216	300	22.266339986479537	0.0	165384	4443.233026643176	0.9792593118195747	0.3
2182.8484052394865	300	22.714667256208873	0.0	140881	3551.672730270664	0.9792593118195747	0.3
2186.658395424688	300	22.904677071007217	0.0	157671	3809.990185201657	0.9792593118195747	0.3
2190.9441225341116	300	22.618949961583745	0.0	157812	4285.727109423471	0.9792593118195747	0.3
2195.762142023481	300	21.800930472214205	0.0	163927	4818.019489369541	0.9792593118195747	0.3
2198.921456362861	300	22.64161613283417	0.0	137654	3159.314339380033	0.9792593118195747	0.3
2201.727330701062	300	23.835741794633204	0.0	146754	2805.874338200967	0.9792593118195747	0.3
2204.309106214417	300	25.253966281278256	0.0	153938	2581.7755133549485	0.9792593118195747	0.3
2207.3436090264267	300	26.219463469268614	0.0	181901	3034.5028120096413	0.9792593118195747	0.3
2209.228528570866	300	28.33454392482995	0.0	111155	1884.9195444386644	0.9792593118195747	0.3
2211.799319186458	300	29.763753309237668	0.0	153605	2570.7906155922824	0.9792593118195747	0.3
2214.2628266848988	300	31.300245810796795	0.0	149029	2463.507498440876	0.9792593118195747	0.3
2217.08895824941	300	32.47411424628539	0.0	157421	2826.131564511406	0.9792593118195747	0.3
2220.3433967742794	300	33.2196757214159	0.0	157488	3254.4385248694903	0.9792593118195747	0.3
2224.1985139036483	300	33.364558592047224	0.0	143881	3855.117129368674	0.9792593118195747	0.3
2227.192055832049	300	34.37101666364651	0.0	163444	2993.5419284007135	0.9792593118195747	0.3
2230.4178723436285	300	35.1452001520669	0.0	179328	3225.8165115796114	0.9792593118195747	0.3
2233.888921323551	300	35.67415117214428	0.0	159914	3471.0489799226216	0.9792593118195747	0.3
2237.403265783807	300	36.15980671188891	0.0	131610	3514.344460255373	0.9792593118195747	0.3
2239.853487930006	300	37.709584565689624	0.0	124011	2450.222146199284	0.9792593118195747	0.3
2243.195296274361	300	38.36777622133419	0.0	144254	3341.8083443554333	0.9792593118195747	0.3
2251.0304405896713	750	34.53263190602393	0.0	390680	7835.144315310256	0.9792593118195747	0.3
2258.0102501950864	750	31.552822300608852	0.0	345516	6979.80960541508	0.9792593118195747	0.75
2264.8879510643605	750	28.675121431334887	0.0	384505	6877.700869273965	0.9792593118195747	0.75
2270.1866328020064	750	27.376439693689054	0.0	372093	5298.681737645833	0.9792593118195747	0.75
2276.5998547360186	750	24.963217759676912	0.0	438281	6413.2219340121455	0.9792593118195747	0.75
2282.4482977203697	750	23.114774775325365	0.0	398987	5848.442984351545	0.9792593118195747	0.75
2288.6456126328303	750	20.91745986286496	0.0	393804	6197.314912460406	0.9792593118195747	0.75
2293.284508137131	750	20.278564358563877	0.0	331053	4638.895504301085	0.9792593118195747	0.75
2306.815748551897	1850	10.747323943798216	0.0	846370	13531.24041476566	0.9792593118195747	0.75
2313.5707195105006	750	7.99235298519417	0.0	450283	6754.970958604045	0.9792593118195747	0.75
2315.744677074145	300	9.81839542154973	0.0	155580	2173.9575636444392	0.9792593118195747	-0.15000000000000002
2317.707018139697	300	11.856054355997472	0.0	139857	1962.3410655522582	0.9792593118195747	0.3
2319.8789837653067	300	13.684088730387609	0.0	155432	2171.965625609863	0.9792593118195747	0.3
2322.1587563075177	300	15.404316188176693	0.0	163442	2279.7725422109165	0.9792593118195747	0.3
2323.9572918005706	300	17.60578069512386	0.0	126289	1798.5354930528356	0.9792593118195747	0.3
2326.2105768890874	300	19.352495606607096	0.0	153295	2253.2850885167622	0.9792593118195747	0.3
2328.7974745250385	300	20.765597970655968	0.0	173849	2586.8976359511307	0.9792593118195747	0.3
2331.5671785826057	300	21.99589391308879	0.0	150710	2769.7040575671795	0.9792593118195747	0.3
2333.6276178822263	300	23.935454613468714	0.0	139105	2060.4392996200745	0.9792593118195747	0.3
2335.55751078478	300	26.00556171091496	0.0	141840	1929.8929025537543	0.9792593118195747	0.3
2337.6762607499963	300	27.886811745698353	0.0	156148	2118.749965216606	0.9792593118195747	0.3
2339.8550446083145	300	29.708027887379906	0.0	160746	2178.7838583184457	0.9792593118195747	0.3
2342.2826205138394	300	31.28045198185495	0.0	179801	2427.5759055249578	0.9792593118195747	0.3
2344.0217119265144	300	33.54136056918044	0.0	140051	1739.091412674509	0.9792593118195747	0.3
2348.3991398977314	750	33.16393259796313	0.0	366214	4377.42797121731	0.9792593118195747	0.3
2352.713399735647	750	32.84967276004783	0.0	360831	4314.2598379153	0.9792593118195747	0.75
2357.1700255020814	750	32.39304699361312	0.0	372963	4456.625766434712	0.9792593118195747	0.75
2362.0095912079632	750	31.55348128773116	0.0	405596	4839.565705881961	0.9792593118195747	0.75
2366.205118894151	750	31.357953601543475	0.0	350713	4195.527686187685	0.9792593118195747	0.75
2370.8202693332173	750	30.74280316247698	0.0	386472	4615.150439066492	0.9792593118195747	0.75
2375.592923522085	750	29.97014897360934	0.0	399894	4772.654188867645	0.9792593118195747	0.75
2380.3885660767596	750	29.174506418934776	0.0	401853	4795.642554674562	0.9792593118195747	0.75
2384.5029714695206	750	29.060101026173957	0.0	343800	4114.40539276082	0.9792593118195747	0.75
2388.806341463909	750	28.756731031785367	0.0	359903	4303.369994388592	0.9792593118195747	0.75
2393.3420242086186	750	28.221048287075405	0.0	379700	4535.682744709959	0.9792593118195747	0.75
2398.4184557459516	750	27.144616749742376	0.0	425781	5076.431537333029	0.9792593118195747	0.75
2401.757382238261	750	27.805690257433	0.0	277716	3338.9264923093783	0.9792593118195747	0.75
2406.5359272692085	750	27.027145226485175	0.0	400396	4778.545030947823	0.9792593118195747	0.75
2411.3157865916164	750	26.24728590407723	0.0	400508	4779.859322407944	0.9792593118195747	0.75
2415.5993835403774	750	25.963688955316336	0.0	358218	4283.596948760895	0.9792593118195747	0.75
2420.377060200182	750	25.186012295511805	0.0	400322	4777.67665980453	0.9792593118195747	0.75
2424.5005690299163	750	25.06250346577748	0.0	369834	4123.508829734328	0.9792593118195747	0.75
2428.922856388792	750	24.640216106901658	0.0	412837	4422.287358875818	0.9792593118195747	0.75
2435.315453510447	750	22.24761898524645	0.0	401088	6392.597121655206	0.9792593118195747	0.75
2439.671066690977	750	21.892005804716362	0.0	365161	4355.61318053009	0.9792593118195747	0.75
2442.897388017265	750	22.665684478428993	0.0	321064	3226.3213262873705	0.9792593118195747	0.75
2446.520605787987	750	23.04246670770698	0.0	361565	3623.2177707220153	0.9792593118195747	0.75
2451.074279039316	750	22.488793456377817	0.0	378327	4553.673251329161	0.9792593118195747	0.75
2459.220319634239	750	18.34275286145512	0.0	390680	8146.040594922695	0.9792593118195747	0.75
2463.291847704977	750	18.271224790716506	0.0	345516	4071.5280707386164	0.9792593118195747	0.75
2467.813791061694	750	17.749281433999734	0.0	384505	4521.943356716771	0.9792593118195747	0.75
2472.192346423603	750	17.37072607209075	0.0	372093	4378.555361908983	0.9792593118195747	0.75
2474.262958102729	300	19.300114392964133	0.0	172312	2070.6116791266177	0.9792593118195747	-0.15000000000000002
2476.27249241088	300	21.290580084813087	0.0	167025	2009.534308151048	0.9792593118195747	0.3
2480.90186124002	750	20.661211255673045	0.0	393804	4629.36882914004	0.9792593118195747	0.3
2487.2041054117417	1200	18.358967083951136	0.0	538612	6302.244171721912	0.9792593118195747	0.75
2498.294655425395	1850	11.268417070298154	0.0	846370	11090.55001365298	0.9792593118195747	1.2000000000000002
2507.7932239133866	750	5.76984858230666	0.0	450283	9498.568487991493	0.9792593118195747	0.75
2510.193496718289	300	7.369575777404013	0.0	155580	2400.2728049026473	0.9792593118195747	-0.15000000000000002
2512.8547421392404	300	8.708330356453185	0.0	139857	2661.245420950827	0.9792593118195747	0.3
2515.2604363622136	300	10.302636133480048	0.0	155432	2405.694222973137	0.9792593118195747	0.3
2517.393727174622	300	12.169345321071383	0.0	163442	2133.2908124086644	0.9792593118195747	0.3
2519.0602719024664	300	14.50280059322739	0.0	126289	1666.5447278439926	0.9792593118195747	0.3
2521.1273190268876	300	16.435753468806066	0.0	153295	2067.047124421323	0.9792593118195747	0.3
2523.5195576609963	300	18.04351483469724	0.0	173849	2392.238634108825	0.9792593118195747	0.3
2530.4911866103416	750	15.071885885352337	0.0	374758	6971.628949344904	0.9792593118195747	0.3
2536.562195032283	750	13.000877463411046	0.0	362795	6071.008421941294	0.9792593118195747	0.75
2539.9567304748175	300	13.606342020876284	0.0	141840	3394.535442534761	0.9792593118195747	-0.15000000000000002
2543.250320956993	300	14.312751538700336	0.0	156148	3293.590482175947	0.9792593118195747	0.3
2546.63854018265	300	14.924532313043557	0.0	160746	3388.2192256567787	0.9792593118195747	0.3
2550.4299427102937	300	15.133129785399909	0.0	179801	3791.402527643647	0.9792593118195747	0.3
2553.9938902480694	300	15.569182247624475	0.0	140051	3563.947537775434	0.9792593118195747	0.3
2558.330337996074	300	15.232734499620088	0.0	138313	4336.447748004387	0.9792593118195747	0.3
2563.813273530969	300	13.749798964725084	0.0	143509	5482.935534895005	0.9792593118195747	0.3
2567.263323491799	300	14.299749003895515	0.0	150616	3450.049960829569	0.9792593118195747	0.3
2570.949389556521	300	14.613682939173206	0.0	165384	3686.066064722309	0.9792593118195747	0.3
2574.082531005237	300	15.480541490457378	0.0	140881	3133.1414487158268	0.9792593118195747	0.3
2577.5805108631434	300	15.982561632550858	0.0	157671	3497.9798579065214	0.9792593118195747	0.3
2580.681509080689	300	16.881563415005274	0.0	157812	3100.998217545583	0.9792593118195747	0.3
2584.3257123912736	300	17.237360104420638	0.0	163927	3644.2033105846363	0.9792593118195747	0.3
2592.1344620962495	300	13.428610399444686	0.0	137654	7808.749704975952	0.9792593118195747	0.3
2595.2214973499217	300	14.341575145772579	0.0	146754	3087.0352536721066	0.9792593118195747	0.3
2598.7201781711615	300	14.842894324532697	0.0	153938	3498.6808212398805	0.9792593118195747	0.3
2601.6736529519076	300	15.889419543786898	0.0	181901	2953.474780745798	0.9792593118195747	0.3
2603.599824301373	300	17.96324819432168	0.0	111155	1926.1713494652222	0.9792593118195747	0.3
2605.9084220278564	300	19.654650467837733	0.0	153605	2308.597726483946	0.9792593118195747	0.3
2608.4296118064995	300	21.13346068919489	0.0	149029	2521.189778642841	0.9792593118195747	0.3
2610.708296106501	300	22.85477638919308	0.0	157421	2278.684300001807	0.9792593118195747	0.3
2612.8289570315915	300	24.73411546410258	0.0	157488	2120.6609250905003	0.9792593118195747	0.3
2614.6171471127186	300	26.945925382975098	0.0	143881	1788.1900811274832	0.9792593118195747	0.3
2616.6375938681613	300	28.92547862753275	0.0	163444	2020.4467554423472	0.9792593118195747	0.3
2618.846619318835	300	30.716453176858725	0.0	179328	2209.0254506740243	0.9792593118195747	0.3
2623.4698418013454	750	30.093230694348417	0.0	365161	4623.222482510308	0.9792593118195747	0.3
2628.124047925738	750	29.439024569955407	0.0	321064	4654.206124393012	0.9792593118195747	0.75
2633.337878470908	750	28.22519402478558	0.0	361565	5213.830545169829	0.9792593118195747	0.75
2639.2257158067237	750	26.33735668896979	0.0	378327	5887.83733581579	0.9792593118195747	0.75
2646.5214621309033	750	23.04161036478999	0.0	390680	7295.746324179802	0.9792593118195747	0.75
2651.8285090134787	750	21.734563482214842	0.0	345516	5307.046882575146	0.9792593118195747	0.75
2656.966859271085	750	20.596213224608533	0.0	384505	5138.350257606308	0.9792593118195747	0.75
2663.0676825794444	750	18.495389916249355	0.0	372093	6100.8233083591795	0.9792593118195747	0.75
2670.7845896678814	750	14.77848282781245	0.0	438281	7716.907088436905	0.9792593118195747	0.75
2676.788880813296	750	12.774191682398092	0.0	398987	6004.291145414358	0.9792593118195747	0.75
2684.821950371618	750	8.741122124075504	0.0	393804	8033.069558322588	0.9792593118195747	0.75
2686.864190406244	300	10.698882089450107	0.0	137507	2042.240034625395	0.9792593118195747	-0.15000000000000002
2691.2111325637047	750	10.351939931989051	0.0	314107	4346.942157461056	0.9792593118195747	0.3
2697.9673471486194	750	7.595725347074164	0.0	450283	6756.2145849148865	0.9792593118195747	0.75
2700.469665773689	300	9.093406722004788	0.0	155580	2502.318625069375	0.9792593118195747	-0.15000000000000002
2702.575388704945	300	10.98768379074864	0.0	139857	2105.7229312561476	0.9792593118195747	0.3
2704.906703738522	300	12.656368757171448	0.0	155432	2331.3150335771934	0.9792593118195747	0.3
2708.2348309620647	300	13.328241533628857	0.0	163442	3328.12722354259	0.9792593118195747	0.3
2710.837528590972	300	14.725543904721249	0.0	126289	2602.697628907608	0.9792593118195747	0.3
2713.3778447846535	300	16.185227711040064	0.0	153295	2540.316193681185	0.9792593118195747	0.3
2716.0884730953776	300	17.474599400315732	0.0	173849	2710.6283107243316	0.9792593118195747	0.3
2718.2211559919283	300	19.34191650376493	0.0	150710	2132.6828965508	0.9792593118195747	0.3
2720.3474757838944	300	21.215596711798852	0.0	139105	2126.3197919660806	0.9792593118195747	0.3
2722.400242399342	300	23.162830096351346	0.0	141840	2052.7666154475037	0.9792593118195747	0.3
2724.7209682450125	300	24.842104250680716	0.0	156148	2320.725845670629	0.9792593118195747	0.3
2727.10638570331	300	26.456686792383643	0.0	160746	2385.4174582970727	0.9792593118195747	0.3
2729.90213367824	300	27.66093881745395	0.0	179801	2795.7479749296926	0.9792593118195747	0.3
2731.836833017182	300	29.726239478511506	0.0	140051	1934.6993389424429	0.9792593118195747	0.3
2733.6408403123633	300	31.922232183330507	0.0	138313	1804.0072951810005	0.9792593118195747	0.3
2738.1991921541326	750	31.363880341560723	0.0	360831	4558.351841769785	0.9792593118195747	0.3
2743.435274197261	750	30.127798298432207	0.0	372963	5236.082043128513	0.9792593118195747	0.75
2749.166985051395	750	28.396087444298676	0.0	405596	5731.710854133532	0.9792593118195747	0.75
2755.2401210775624	750	26.322951418131314	0.0	350713	6073.136026167361	0.9792593118195747	0.75
2760.352703758134	750	25.210368737559495	0.0	386472	5112.582680571819	0.9792593118195747	0.75
2766.0541812911897	750	23.508891204504156	0.0	399894	5701.477533055342	0.9792593118195747	0.75
2771.926758535644	750	21.63631396005011	0.0	401853	5872.577244454044	0.9792593118195747	0.75
2776.715224988675	750	20.847847507019157	0.0	343800	4788.466453030953	0.9792593118195747	0.75
2781.787976480336	750	19.77509601535801	0.0	359903	5072.751491661146	0.9792593118195747	0.75
2786.826464562538	750	18.736607933155973	0.0	379700	5038.488082202034	0.9792593118195747	0.75
2792.1793950899255	750	17.383677405768953	0.0	425781	5352.930527387018	0.9792593118195747	0.75
2795.6812306512093	750	17.88184184448491	0.0	277716	3501.835561284045	0.9792593118195747	0.75
2800.75803404996	750	16.805038445734333	0.0	400396	5076.803398750577	0.9792593118195747	0.75
2805.8314144927745	750	15.731658002919783	0.0	400508	5073.3804428145495	0.9792593118195747	0.75
2810.411181992033	750	15.151890503661193	0.0	358218	4579.767499258591	0.9792593118195747	0.75
2815.6172026801773	750	13.945869815516648	0.0	400322	5206.020688144545	0.9792593118195747	0.75
2820.4328323362524	750	13.130240159441664	0.0	369834	4815.629656074983	0.9792593118195747	0.75
2826.0546779156075	750	11.508394580086684	0.0	412837	5621.84557935498	0.9792593118195747	0.75
2832.689130614258	750	8.873941881436549	0.0	401088	6634.452698650136	0.9792593118195747	0.75
2839.8010957793826	750	5.761976716312011	0.0	365161	7111.965165124538	0.9792593118195747	0.75
2841.886249783906	300	7.67682271178876	0.0	131610	2085.1540045232514	0.9792593118195747	-0.15000000000000002
2844.151334224962	300	9.4117382707329	0.0	124011	2265.0844410558593	0.9792593118195747	0.3
2847.026015104583	300	10.53705739111159	0.0	144254	2874.6808796213113	0.9792593118195747	0.3
2850.8395201894555	300	10.72355230623926	0.0	149991	3813.5050848723295	0.9792593118195747	0.3
2853.9330822410834	300	11.62999025461105	0.0	147968	3093.5620516282106	0.9792593118195747	0.3
2856.5114990912775	300	13.051573404417347	0.0	161857	2578.416850193702	0.9792593118195747	0.3
2859.09419598491	300	14.468876510784384	0.0	145210	2582.696893632964	0.9792593118195747	0.3
2862.2006813766147	300	15.362391119080073	0.0	172312	3106.4853917043106	0.9792593118195747	0.3
2865.214305979367	300	16.348766516328013	0.0	167025	3013.624602752057	0.9792593118195747	0.3
2868.8690747546793	300	16.69399774101561	0.0	160064	3654.768775312405	0.9792593118195747	0.3
2872.7944353790726	300	16.768637116622024	0.0	137507	3925.360624393586	0.9792593118195747	0.3
2880.1079789520118	750	13.4550935436829	0.0	314107	7313.543572939125	0.9792593118195747	0.3
2888.39329198583	750	9.169780509864717	0.0	450283	8285.313033818182	0.9792593118195747	0.75
2891.2371235511873	300	10.325948944507342	0.0	155580	2843.831565357375	0.9792593118195747	-0.15000000000000002
2895.0725466260337	300	10.490525869660766	0.0	139857	3835.423074846574	0.9792593118195747	0.3
2898.1743029188756	300	11.388769576818689	0.0	155432	3101.7562928420784	0.9792593118195747	0.3
2901.2454917939267	300	12.31758070176756	0.0	163442	3071.1888750511293	0.9792593118195747	0.3
2903.555072792032	300	14.007999703662	0.0	126289	2309.5809981055604	0.9792593118195747	0.3
2906.3447353291485	300	15.218337166546025	0.0	153295	2789.6625371159726	0.9792593118195747	0.3
2909.5675687402754	300	15.995503755419174	0.0	173849	3222.8334111268523	0.9792593118195747	0.3
2912.1743358752083	300	17.38873662048602	0.0	150710	2606.7671349331486	0.9792593118195747	0.3
2915.0757676927824	300	18.487304802912114	0.0	139105	2901.431817573912	0.9792593118195747	0.3
2917.8487407767198	300	19.71433171897482	0.0	141840	2772.9730839372946	0.9792593118195747	0.3
2920.542002503844	300	21.021069991850336	0.0	156148	2693.261727124486	0.9792593118195747	0.3
2923.015975849309	300	22.547096646385075	0.0	160746	2473.9733454652587	0.9792593118195747	0.3
2925.696569062608	300	23.86650343308634	0.0	179801	2680.5932132987364	0.9792593118195747	0.3
2928.0176264481806	300	25.545446047513604	0.0	140051	2321.0573855727353	0.9792593118195747	0.3
2930.455320723138	300	27.10775177255631	0.0	138313	2437.694274957297	0.9792593118195747	0.3
2932.5878173999727	300	28.975255095721387	0.0	143509	2132.496676834922	0.9792593118195747	0.3
2934.7818687720082	300	30.781203723685334	0.0	150616	2194.0513720360555	0.9792593118195747	0.3
2936.9068642618254	300	32.65620823386833	0.0	165384	2124.995489817002	0.9792593118195747	0.3
2938.7288768482967	300	34.8341956473974	0.0	140881	1822.0125864709348	0.9792593118195747	0.3
2940.75850005172	300	36.80457244397423	0.0	157671	2029.623203423164	0.9792593118195747	0.3
2945.829920481348	750	35.73315201434629	0.0	399894	5071.42042962794	0.9792593118195747	0.3
2950.84238511041	750	34.72068738528453	0.0	401853	5012.464629061758	0.9792593118195747	0.75
2955.500018253712	750	34.063054241982464	0.0	343800	4657.633143302071	0.9792593118195747	0.75
2959.5573355536144	750	34.00573694208024	0.0	359903	4057.3172999022204	0.9792593118195747	0.75
2965.9607365720854	750	31.602335923609157	0.0	379700	6403.401018471085	0.9792593118195747	0.75
2974.4570056714683	750	27.106066824226456	0.0	425781	8496.269099382702	0.9792593118195747	0.75
2980.0265239665637	750	25.536548529130698	0.0	277716	5569.518295095755	0.9792593118195747	0.75
2986.0498593268394	750	23.513213168855263	0.0	400396	6023.335360275437	0.9792593118195747	0.75
2990.587133655162	750	22.975938840533153	0.0	400508	4537.27432832211	0.9792593118195747	0.75
2995.188721502073	750	22.374350993621746	0.0	358218	4601.587846911405	0.9792593118195747	0.75
3000.3732807973943	750	21.18979169830039	0.0	400322	5184.5592953213545	0.9792593118195747	0.75
3005.4195323084264	750	20.143540187268556	0.0	369834	5046.2515110318345	0.9792593118195747	0.75
3013.238608509217	750	16.32446398647769	0.0	412837	7819.076200790867	0.9792593118195747	0.75
3020.417778916642	750	13.145293579052622	0.0	401088	7179.170407425066	0.9792593118195747	0.75
3026.518217519786	750	11.04485497590861	0.0	365161	6100.438603144011	0.9792593118195747	0.75
3029.1485376380506	300	12.41453485764442	0.0	131610	2630.320118264189	0.9792593118195747	-0.15000000000000002
3031.4919078189914	300	14.071164676703797	0.0	124011	2343.370180940623	0.9792593118195747	0.3
3033.960282674941	300	15.602789820753785	0.0	144254	2468.3748559500127	0.9792593118195747	0.3
3036.3178010900197	300	17.24527140567525	0.0	149991	2357.518415078532	0.9792593118195747	0.3
3038.6996246428484	300	18.863447852846278	0.0	147968	2381.823552828975	0.9792593118195747	0.3
3040.8228948144724	300	20.74017768122227	0.0	161857	2123.270171624008	0.9792593118195747	0.3
3042.695595786355	300	22.86747670934001	0.0	145210	1872.7009718822583	0.9792593118195747	0.3
3044.886366069705	300	24.676706425989845	0.0	172312	2190.7702833501635	0.9792593118195747	0.3
3049.9482087446963	750	23.614863750998584	0.0	398987	5061.842674991263	0.9792593118195747	0.3
3056.2609581965385	750	21.30211429915631	0.0	393804	6312.749451842275	0.9792593118195747	0.75
3063.793757300532	1200	17.769315195163	0.0	538612	7532.799103993313	0.9792593118195747	0.75
3075.6312772913425	1850	9.931795204352358	0.0	846370	11837.51999081064	0.9792593118195747	1.2000000000000002
3081.6868601136653	750	7.876212382029416	0.0	450283	6055.582822322943	0.9792593118195747	0.75
3084.3383984830243	300	9.22467401267036	0.0	155580	2651.5383693590575	0.9792593118195747	-0.15000000000000002
3086.730055776529	300	10.833016719165732	0.0	139857	2391.6572935046256	0.9792593118195747	0.3
3089.3791478952216	300	12.18392460047299	0.0	155432	2649.092118692743	0.9792593118195747	0.3
3092.594254099468	300	12.96881839622687	0.0	163442	3215.10620424612	0.9792593118195747	0.3
3095.0091747655697	300	14.553897730124879	0.0	126289	2414.9206661019907	0.9792593118195747	0.3
3097.9234015272837	300	15.639670968410837	0.0	153295	2914.2267617140424	0.9792593118195747	0.3
3101.14797791379	300	16.415094581904786	0.0	173849	3224.5763865060535	0.9792593118195747	0.3
3103.419351807886	300	18.14372068780884	0.0	150710	2271.373894095946	0.9792593118195747	0.3
3105.2466173876533	300	20.316455108041097	0.0	139105	1827.2655797677437	0.9792593118195747	0.3
3107.196973110182	300	22.366099385512	0.0	141840	1950.3557225290954	0.9792593118195747	0.3
3109.4690647033017	300	24.094007792392713	0.0	156148	2272.0915931192853	0.9792593118195747	0.3
3111.805705551904	300	25.75736694379041	0.0	160746	2336.6408486023042	0.9792593118195747	0.3
3114.3428674970764	300	27.2202049986177	0.0	179801	2537.16194517271	0.9792593118195747	0.3
3116.3196243267657	300	29.243448168928285	0.0	140051	1976.756829689416	0.9792593118195747	0.3
3118.1664174161306	300	31.39665507956324	0.0	138313	1846.7930893650444	0.9792593118195747	0.3
3120.050135969787	300	33.51293652590712	0.0	143509	1883.7185536561226	0.9792593118195747	0.3
3122.023180125049	300	35.53989237064528	0.0	150616	1973.0441552618345	0.9792593118195747	0.3
3126.8750389170004	750	34.68803357869391	0.0	405596	4851.8587919513775	0.9792593118195747	0.3
3133.52453212905	750	32.03854036664451	0.0	350713	6649.493212049397	0.9792593118195747	0.75
3140.933499053861	750	28.629573441833497	0.0	386472	7408.966924811015	0.9792593118195747	0.75
3145.9490438472053	750	27.61402864848942	0.0	399894	5015.544793344077	0.9792593118195747	0.75
3152.041061793923	750	25.522010701771645	0.0	401853	6092.017946717778	0.9792593118195747	0.75
3156.6669109710992	750	24.896161524595286	0.0	343800	4625.84917717636	0.9792593118195747	0.75
3161.9534539602905	750	23.609618535403687	0.0	359903	5286.542989191598	0.9792593118195747	0.75
3168.409244822015	750	21.153827673679086	0.0	379700	6455.790861724601	0.9792593118195747	0.75
3173.8719651336414	750	19.69110736205275	0.0	425781	5462.720311626338	0.9792593118195747	0.75
3177.1257335121813	750	20.43733898351268	0.0	277716	3253.768378540071	0.9792593118195747	0.75
3181.792215918613	750	19.770856577081368	0.0	400396	4666.48240643131	0.9792593118195747	0.75
3187.098751278542	750	18.464321217152122	0.0	400508	5306.535359929245	0.9792593118195747	0.75
3191.7864890133687	750	17.776583482325588	0.0	358218	4687.737734826535	0.9792593118195747	0.75
3196.892808169248	750	16.670264326446393	0.0	400322	5106.319155879195	0.9792593118195747	0.75
3201.47283869614	750	16.09023379955403	0.0	369834	4580.0305268923585	0.9792593118195747	0.75
3206.8239882377343	750	14.739084257960108	0.0	412837	5351.149541593924	0.9792593118195747	0.75
3211.547864246049	750	14.015208249645795	0.0	401088	4723.876008314313	0.9792593118195747	0.75
3216.3513106890923	750	13.211761806602443	0.0	365161	4803.446443043353	0.9792593118195747	0.75
3220.3798061461043	750	13.183266349590449	0.0	321064	4028.495457011994	0.9792593118195747	0.75
3223.6947014841244	750	13.868371011570828	0.0	361565	3314.8953380196217	0.9792593118195747	0.75
3227.159565197556	750	14.40350729813908	0.0	378327	3464.8637134317464	0.9792593118195747	0.75
3230.734950289192	750	14.828122206502707	0.0	390680	3575.3850916363745	0.9792593118195747	0.75
3233.906256410114	750	15.656816085580639	0.0	345516	3171.306120922068	0.9792593118195747	0.75
3237.426394233037	750	16.136678262657416	0.0	384505	3520.137822923221	0.9792593118195747	0.75
3241.0468913468644	750	16.51618114883019	0.0	372093	3620.4971138272276	0.9792593118195747	0.75
3245.3696135496866	750	16.19345894600798	0.0	438281	4322.7222028222095	0.9792593118195747	0.75
3249.0510410115894	750	16.512031484104725	0.0	398987	3681.4274619032553	0.9792593118195747	0.75
3252.685684496734	750	16.877387998960224	0.0	393804	3634.643485144502	0.9792593118195747	0.75
3257.496456067638	1200	16.066616428056427	0.0	538612	4810.771570903799	0.9792593118195747	0.75
3269.768789168917	1850	7.794283326777127	0.0	846370	12272.333101279299	0.9792593118195747	1.2000000000000002
3274.688637177235	750	6.874435318459302	0.0	450283	4919.848008317826	0.9792593118195747	0.75
3276.518814774886	300	9.044257720808561	0.0	155580	1830.1775976507424	0.9792593118195747	-0.15000000000000002
3278.0124888359014	300	11.550583659792984	0.0	139857	1493.6740610155753	0.9792593118195747	0.3
3279.88151721231	300	13.681555283384641	0.0	155432	1869.0283764083435	0.9792593118195747	0.3
3281.732516932073	300	15.830555563621546	0.0	163442	1850.9997197630948	0.9792593118195747	0.3
3283.180939880943	300	18.38213261475185	0.0	126289	1448.4229488697	0.9792593118195747	0.3
3284.921990296632	300	20.64108219906259	0.0	153295	1741.0504156892575	0.9792593118195747	0.3
3286.8857565885346	300	22.6773159071603	0.0	173849	1963.7662919022912	0.9792593118195747	0.3
3291.0265017640645	750	22.53657073163028	0.0	374758	4140.745175530023	0.9792593118195747	0.3
3295.289872799367	750	22.27319969632788	0.0	362795	4263.371035302399	0.9792593118195747	0.75
3299.4549340042313	750	22.108138491463528	0.0	353220	4165.061204864353	0.9792593118195747	0.75
3303.859966847347	750	21.703105648347577	0.0	405134	4405.032843115952	0.9792593118195747	0.75
3307.999593343762	750	21.563479151932246	0.0	386351	4139.626496415329	0.9792593118195747	0.75
3313.1096829501994	750	20.453389545495085	0.0	434409	5110.089606437165	0.9792593118195747	0.75
3317.160561010064	750	20.402511485630438	0.0	337059	4050.8780598646454	0.9792593118195747	0.75
3321.661286410107	750	19.901786085587194	0.0	366214	4500.725400043245	0.9792593118195747	0.75
3326.1456656628748	750	19.417406832819378	0.0	360831	4484.379252767816	0.9792593118195747	0.75
3330.778130665189	750	18.784941830505158	0.0	372963	4632.465002314221	0.9792593118195747	0.75
3335.808920944865	750	17.75415155082959	0.0	405596	5030.790279675569	0.9792593118195747	0.75
3340.1697977566573	750	17.393274739036922	0.0	350713	4360.876811792666	0.9792593118195747	0.75
3344.4366550530735	750	17.126417442620795	0.0	386472	4266.8572964161285	0.9792593118195747	0.75
3348.629055379248	750	16.93401711644649	0.0	399894	4192.400326174304	0.9792593118195747	0.75
3356.002231227376	750	13.560841268318384	0.0	401853	7373.175848128106	0.9792593118195747	0.75
3361.9721016147982	750	11.590970880895913	0.0	343800	5969.870387422472	0.9792593118195747	0.75
3368.189260167326	750	9.373812328368246	0.0	359903	6217.158552527668	0.9792593118195747	0.75
3370.8942505487876	300	10.66882194690712	0.0	153938	2704.990381461127	0.9792593118195747	-0.15000000000000002
3374.076073200622	300	11.486999295072222	0.0	181901	3181.8226518348974	0.9792593118195747	0.3
3376.0515168587917	300	13.511555636902624	0.0	111155	1975.4436581695982	0.9792593118195747	0.3
3378.750828838578	300	14.812243657116369	0.0	153605	2699.3119797862546	0.9792593118195747	0.3
3381.3721096890426	300	16.190962806652088	0.0	149029	2621.28085046428	0.9792593118195747	0.3
3384.1364930826167	300	17.426579413078105	0.0	157421	2764.3833935739844	0.9792593118195747	0.3
3386.9020189774283	300	18.661053518266236	0.0	157488	2765.525894811872	0.9792593118195747	0.3
3389.4355148074055	300	20.127557688289176	0.0	143881	2533.4958299770583	0.9792593118195747	0.3
3392.3026039465885	300	21.260468549106307	0.0	163444	2867.0891391828686	0.9792593118195747	0.3
3401.9774470173525	300	15.585625478342186	0.0	179328	9674.84307076412	0.9792593118195747	0.3
3414.9705200991734	300	6.592552396521515	0.0	159914	12993.073081820672	0.9792593118195747	0.3
3420.6123877230093	300	4.950684772685889	0.0	131610	5641.867623835625	0.9792593118195747	0.3
3423.891277497175	300	5.671794998519728	0.0	124011	3278.889774166162	0.9792593118195747	0.3
3427.374313130658	300	6.188759365037367	0.0	144254	3483.035633482361	0.9792593118195747	0.3
3431.128273086422	300	6.43479940927348	0.0	149991	3753.9599557638867	0.9792593118195747	0.3
3434.9739466388055	300	6.589125856890031	0.0	147968	3845.6735523834486	0.9792593118195747	0.3
3439.242165685864	300	6.320906809831311	0.0	161857	4268.21904705872	0.9792593118195747	0.3
3443.693266471045	300	5.869806024650881	0.0	145210	4451.10078518043	0.9792593118195747	0.3
3448.8186365025213	300	4.744435993174415	0.0	172312	5125.3700314764665	0.9792593118195747	0.3
3452.314859943937	300	5.248212551758373	0.0	167025	3496.223441416042	0.9792593118195747	0.3
3455.766002150341	300	5.797070345354565	0.0	160064	3451.1422064038084	0.9792593118195747	0.3
3458.210916187231	300	7.352156308464458	0.0	137507	2444.914036890106	0.9792593118195747	0.3
3460.5892227505274	300	8.973849745168065	0.0	118421	2378.306563296393	0.9792593118195747	0.3
3470.599143848147	750	4.0	1.0360713524515521	450283	10009.921097619617	0.9792593118195747	-3.705106815541674
3474.2858726625336	300	4.31327118561314	0.0	155580	3686.72881438686	0.9792593118195747	-0.15000000000000002
3476.683949848693	300	5.915193999453904	0.0	139857	2398.077186159236	0.9792593118195747	0.3
3479.340176803362	300	7.258967044785191	0.0	155432	2656.226954668714	0.9792593118195747	0.3
3482.129166496121	300	8.469977352025886	0.0	163442	2788.9896927593036	0.9792593118195747	0.3
3484.4168024032215	300	10.182341444925434	0.0	126289	2287.6359071004517	0.9792593118195747	0.3
3487.367260249597	300	11.231883598549594	0.0	153295	2950.4578463758403	0.9792593118195747	0.3
3490.040927306389	300	12.558216541757115	0.0	173849	2673.667056792477	0.9792593118195747	0.3
3492.489755046194	300	14.109388801952194	0.0	150710	2448.827739804922	0.9792593118195747	0.3
3494.9209805990445	300	15.678163249102193	0.0	139105	2431.225552850002	0.9792593118195747	0.3
3497.5657467495116	300	17.033397098635266	0.0	141840	2644.766150466926	0.9792593118195747	0.3
3500.7482848531045	300	17.850858995042124	0.0	156148	3182.538103593143	0.9792593118195747	0.3
3503.506542875739	300	19.09260097240799	0.0	160746	2758.2580226341342	0.9792593118195747	0.3
3506.5903441821442	300	20.00879966600221	0.0	179801	3083.8013064057786	0.9792593118195747	0.3
3509.0013013425123	300	21.59784250563395	0.0	140051	2410.9571603682643	0.9792593118195747	0.3
3511.1598912640607	300	23.439252584085793	0.0	138313	2158.589921548155	0.9792593118195747	0.3
3513.757743272499	300	24.841400575647796	0.0	143509	2597.8520084379966	0.9792593118195747	0.3
3517.912132884856	300	24.687010963290806	0.0	150616	4154.389612356992	0.9792593118195747	0.3
3521.90965324766	300	24.689490600486845	0.0	165384	3997.5203628039612	0.9792593118195747	0.3
3524.019539049568	300	26.579604798579407	0.0	140881	2109.8858019074396	0.9792593118195747	0.3
3526.240182956113	300	28.358960892034272	0.0	157671	2220.643906545133	0.9792593118195747	0.3
3528.4627411702404	300	30.13640267790675	0.0	157812	2222.558214127522	0.9792593118195747	0.3
3530.7905988819566	300	31.808544966190624	0.0	163927	2327.857711716124	0.9792593118195747	0.3
3532.7662143056073	300	33.83292954254012	0.0	137654	1975.6154236505065	0.9792593118195747	0.3
3535.103688254984	300	35.49545559316381	0.0	146754	2337.473949376312	0.9792593118195747	0.3
3537.6556472183897	300	36.94349662975731	0.0	153938	2551.958963406495	0.9792593118195747	0.3
3541.207330036708	300	37.3918138114395	0.0	181901	3551.682818317818	0.9792593118195747	0.3
3543.941277941338	300	38.657865906809576	0.0	111155	2733.9479046299243	0.9792593118195747	0.3
3546.001905261538	300	40.59723858660957	0.0	153605	2060.627320200001	0.9792593118195747	0.3
3548.366949759509	300	42.232194088637996	0.0	149029	2365.044497971577	0.9792593118195747	0.3
3550.890098344481	300	43.70904550366646	0.0	157421	2523.148584971536	0.9792593118195747	0.3
3553.7277305278612	300	44.87141332028656	0.0	157488	2837.6321833799043	0.9792593118195747	0.3
3556.7914222608133	300	45.807721587334235	0.0	143881	3063.6917329523217	0.9792593118195747	0.3
3563.741160335147	750	42.85798351300103	0.0	412837	6949.738074333202	0.9792593118195747	0.3
3570.097286088757	750	40.50185775939123	0.0	401088	6356.125753609806	0.9792593118195747	0.75
3576.873145910596	750	37.72599793755207	0.0	365161	6775.859821839157	0.9792593118195747	0.75
3581.6383606656145	750	36.96078318253332	0.0	321064	4765.214755018749	0.9792593118195747	0.75
3588.070343426414	750	34.52880042173389	0.0	361565	6431.982760799431	0.9792593118195747	0.75
3595.307273403931	750	31.291870444217167	0.0	378327	7236.929977516725	0.9792593118195747	0.75
3602.792920260117	750	27.80622358803072	0.0	390680	7485.646856186445	0.9792593118195747	0.75
3608.537465269789	750	26.061678578359125	0.0	345516	5744.545009671594	0.9792593118195747	0.75
3616.537583237671	750	22.0615606104776	0.0	384505	8000.117967881528	0.9792593118195747	0.75
3623.105995527186	750	19.49314832096191	0.0	372093	6568.412289515686	0.9792593118195747	0.75
3630.4774705324517	750	16.121673315696523	0.0	438281	7371.475005265386	0.9792593118195747	0.75
3636.3196252197627	750	14.279518628385697	0.0	398987	5842.154687310826	0.9792593118195747	0.75
3641.7620315869563	750	12.837112261192058	0.0	393804	5442.406367193639	0.9792593118195747	0.75
3648.3341931923674	750	10.264950655780632	0.0	331053	6572.161605411426	0.9792593118195747	0.75
3652.544996903653	750	10.054146944494763	0.0	314107	4210.803711285869	0.9792593118195747	0.75
3658.8613561204684	750	7.737787727679314	0.0	450283	6316.359216815449	0.9792593118195747	0.75
3661.2097887028895	300	9.389355145258591	0.0	155580	2348.432582420724	0.9792593118195747	-0.15000000000000002
3663.3625649242895	300	11.23657892385834	0.0	139857	2152.776221400251	0.9792593118195747	0.3
3665.7461732788565	300	12.85297056929129	0.0	155432	2383.608354567049	0.9792593118195747	0.3
3668.2484953019093	300	14.350648546238459	0.0	163442	2502.322023052831	0.9792593118195747	0.3
3670.189250974495	300	16.40989287365263	0.0	126289	1940.7556725858324	0.9792593118195747	0.3
3672.8613542807657	300	17.737789567381835	0.0	153295	2672.1033062707943	0.9792593118195747	0.3
3676.8030643733714	300	17.79607947477605	0.0	173849	3941.710092605783	0.9792593118195747	0.3
3679.5748854810586	300	19.024258367088567	0.0	150710	2771.8211076874823	0.9792593118195747	0.3
3681.9885077857593	300	20.61063606238767	0.0	139105	2413.6223047008993	0.9792593118195747	0.3
3684.4272790036325	300	22.171864844514353	0.0	141840	2438.771217873316	0.9792593118195747	0.3
3686.7691631689463	300	23.829980679200947	0.0	156148	2341.884165313403	0.9792593118195747	0.3
3689.1776517313197	300	25.421492116827633	0.0	160746	2408.4885623733144	0.9792593118195747	0.3
3691.7970531739047	300	26.802090674242688	0.0	179801	2619.4014425849473	0.9792593118195747	0.3
3693.7987387016783	300	28.80040514646901	0.0	140051	2001.6855277736806	0.9792593118195747	0.3
3695.69645447991	300	30.902689368237198	0.0	138313	1897.715778231809	0.9792593118195747	0.3
3697.646428918376	300	32.95271492977089	0.0	143509	1949.9744384663109	0.9792593118195747	0.3
3699.985591411245	300	34.61355243690215	0.0	150616	2339.162492868749	0.9792593118195747	0.3
3702.635234266876	300	35.96390958127104	0.0	165384	2649.642855631109	0.9792593118195747	0.3
3704.8034441284026	300	37.79569971974476	0.0	140881	2168.20986152627	0.9792593118195747	0.3
3707.1990896600164	300	39.400054188130866	0.0	157671	2395.645531613898	0.9792593118195747	0.3
3709.7378600430784	300	40.86128380506913	0.0	157812	2538.7703830617384	0.9792593118195747	0.3
3717.2116515710345	750	37.3874922771127	0.0	401853	7473.791527956423	0.9792593118195747	0.3

