837565.5074655659	750	4.0	5.953309520273944	450283	5953.309520273944	0.75	-24.849230937177957
837567.3001123251	300	6.207353240824576	0.0	155580	1792.6467591754242	0.75	-0.15000000000000002
837568.9196780649	300	8.587787501025133	0.0	139857	1619.5657397994428	0.75	0.3
837570.710695619	300	10.796769946891217	0.0	155432	1791.0175541339154	0.75	0.3
837572.589888392	300	12.917577173956717	0.0	163442	1879.1927729345011	0.75	0.3
837574.0600956588	300	15.447369907151824	0.0	126289	1470.2072668048925	0.75	0.3
837575.827588813	300	17.67987675284024	0.0	153295	1767.4931543115865	0.75	0.3
837577.8213433216	300	19.686122244318007	0.0	173849	1993.7545085222284	0.75	0.3
837582.0267326657	750	19.48073290008955	0.0	374758	4205.389344228459	0.75	0.3
837586.1004316052	750	19.407033960669004	0.0	362795	4073.6989394205425	0.75	0.75
837590.0687275833	750	19.438737982548787	0.0	353220	3968.295978120217	0.75	0.75
837594.6085002541	750	18.898965311692788	0.0	405134	4539.772670855999	0.75	0.75
837598.9415069906	750	18.565958575260186	0.0	386351	4333.006736432602	0.75	0.75
837603.8035430234	750	17.703922542308412	0.0	434409	4862.0360329517725	0.75	0.75
837607.5939364159	750	17.91352914983567	0.0	337059	3790.3933924727426	0.75	0.75
837611.7052721934	750	17.802193372327835	0.0	366214	4111.335777507835	0.75	0.75
837615.7573511415	750	17.750114424133805	0.0	360831	4052.078948194032	0.75	0.75
837619.9429808706	750	17.564484695104728	0.0	372963	4185.629729029077	0.75	0.75
837624.4878393031	750	17.0196262625651	0.0	405596	4544.858432539629	0.75	0.75
837628.4285378689	750	17.07892769687098	0.0	350713	3940.698565694116	0.75	0.75
837632.7628765905	750	16.744588975235526	0.0	386472	4334.338721635458	0.75	0.75
837637.2449665964	750	16.26249896936268	0.0	399894	4482.090005872844	0.75	0.75
837641.7486215527	750	15.758844012974189	0.0	401853	4503.654956388493	0.75	0.75
837645.6132208315	750	15.894244734117583	0.0	343800	3864.5992788566064	0.75	0.75
837649.6550842237	750	15.852381341859498	0.0	359903	4041.863392258084	0.75	0.75
837653.9148758065	750	15.592589759015247	0.0	379700	4259.791582844251	0.75	0.75
837658.6819335888	750	14.825531976726577	0.0	425781	4767.05778228867	0.75	0.75
837661.8190708004	750	15.688394765188063	0.0	277716	3137.1372115385143	0.75	0.75
837666.3066868937	750	15.200778671944695	0.0	400396	4487.616093243368	0.75	0.75
837674.44283326	750	11.064632305601016	0.0	400508	8136.146366343679	0.75	0.75
837681.4181401106	750	8.089325455081571	0.0	358218	6975.306850519445	0.75	0.75
837689.2039031627	750	4.303562402935547	0.0	400322	7785.763052146025	0.75	0.75
837692.053455907	300	5.454009658630157	0.0	143881	2849.5527443053898	0.75	-0.15000000000000002
837695.2795751217	300	6.227890443860659	0.0	163444	3226.119214769498	0.75	0.3
837698.8114440588	300	6.696021506816873	0.0	179328	3531.868937043786	0.75	0.3
837701.9696146133	300	7.537850952311052	0.0	159914	3158.1705545058217	0.75	0.3
837704.4722957279	300	9.03516983760554	0.0	131610	2502.68111470551	0.75	0.3
837705.769467741	300	11.737997824557683	0.0	124011	1297.172013047859	0.75	0.3
837707.2653254599	300	14.242140105724628	0.0	144254	1495.857718833054	0.75	0.3
837711.1798624127	750	14.327603152893527	0.0	390680	3914.5369528311003	0.75	0.3
837714.6511132313	750	14.85635233433514	0.0	345516	3471.2508185583865	0.75	0.75
837718.5050423576	750	15.002423208072415	0.0	384505	3853.929126262727	0.75	0.75
837722.2371472986	750	15.270318266970278	0.0	372093	3732.1049411021363	0.75	0.75
837726.6188896203	750	14.888575945316322	0.0	438281	4381.7423216539555	0.75	0.75
837730.6149600493	750	14.892505516322716	0.0	398987	3996.0704289936066	0.75	0.75
837736.9634386118	1200	12.544026953734246	0.0	638661	6348.47856258847	0.75	0.75
837742.3299329736	1200	11.177532592010419	0.0	538612	5366.494361723827	0.75	1.2
837750.7170821514	1850	6.790383414249441	0.0	846370	8387.149177760977	0.75	1.2000000000000002
837755.2166244948	750	6.290841070818382	0.0	450283	4499.54234343106	0.75	0.75
837759.2114974898	750	6.295968075807179	0.0	398865	3994.8729950112033	0.75	0.75
837764.0489493887	750	5.458516176975539	0.0	350812	4837.45189883164	0.75	0.75

