719146.9297138267	750	4.0	1.679567035007093	450283	1679.567035007093	0.7	-6.4721382505305
719148.0410051112	1200	6.888708715582112	0.0	611087	1111.2912844178884	0.7	0.75
719151.0156788626	2850	7.914034964184162	0.0	1300868	2974.67375139795	0.7	1.2000000000000002
719153.2896189298	2850	9.640094896884602	0.0	1520281	2273.9400672995594	0.7	2.85
719158.7879621176	2850	8.141751709231599	0.0	1472558	5498.343187653004	0.7	2.85
719162.3610053934	2850	8.568708433372871	0.0	1224260	3573.0432758587285	0.7	2.85
719164.3328088836	2850	10.596904943150133	0.0	1388403	1971.8034902227396	0.7	2.85
719167.1805405534	2850	11.74917327335458	0.0	1638769	2847.7316697955503	0.7	2.85
719171.716091177	2850	11.213622649849842	0.0	1348011	4535.55062350474	0.7	2.85
719176.3668471571	2850	10.562866669736483	0.0	1429765	4650.755980113358	0.7	2.85
719179.5678138415	2850	11.36189998543441	0.0	1354548	3200.9666843020705	0.7	2.85
719186.5123392153	2850	8.41737461158393	0.0	1519951	6944.52537385048	0.7	2.85
719189.329099241	2850	9.600614585931963	0.0	1422919	2816.760025651968	0.7	2.85
719192.1504254465	2850	10.779288380274538	0.0	1578343	2821.3262056574245	0.7	2.85
719194.849496341	2850	12.080217485819295	0.0	1231445	2699.070894455243	0.7	2.85
719198.629996718	2850	12.29971710881528	0.0	1471065	3780.500377004017	0.7	2.85
719201.2051535005	2850	13.724560326251098	0.0	1491626	2575.156782564181	0.7	2.85
719203.6394130372	2850	15.290300789663402	0.0	1358801	2434.2595365876978	0.7	2.85
719211.103163359	2850	11.826550467747744	0.0	1537156	7463.750321915657	0.7	2.85
719214.1214121525	2850	12.808301674240168	0.0	1336050	3018.2487935075756	0.7	2.85
719217.1009121129	2850	13.828801713887136	0.0	1415116	2979.4999603530327	0.7	2.85
719219.7584282268	2850	15.171285599839853	0.0	1468126	2657.516114047283	0.7	2.85
719222.5062333333	2850	16.423480493474948	0.0	1505760	2747.8051063649077	0.7	2.85
719225.5073368502	2850	17.42237697656475	0.0	1323990	3001.1035169102006	0.7	2.85
719228.0343719359	2850	18.895341890873716	0.0	1383735	2527.0350856910327	0.7	2.85
719231.5457980229	2850	19.38391580382856	0.0	1480464	3511.426087045154	0.7	2.85
719236.2078367795	2850	18.721877047186283	0.0	1547572	4662.0387566422805	0.7	2.85
719240.0212163983	4300	18.90849742828994	0.0	1972048	3813.3796188963365	0.7	2.8499999999999996
719247.8073938997	4300	15.122319926998044	0.0	2134614	7786.177501291898	0.7	4.3
719252.5055535131	4300	14.424160313579879	0.0	2164140	4698.159613418165	0.7	4.3
719256.6430742707	4300	14.286639555895468	0.0	2113193	4137.520757684411	0.7	4.3
719260.6279355781	4300	14.301778248505906	0.0	2147852	3984.861307389561	0.7	4.3
719264.9013453774	4300	14.028368449158293	0.0	2191074	4273.409799347614	0.7	4.3
719270.6028469555	4300	12.32686687102931	0.0	2286761	5701.501578128985	0.7	4.3
719275.4584787361	4300	11.471235090355934	0.0	2307787	4855.631780673374	0.7	4.3
719287.6088651089	4300	4.0	0.6791512824887759	2143948	12150.38637284471	0.7	1.3796494852982635
719288.8128359364	1850	6.796029172572302	0.0	728962	1203.9708274276977	0.7	-0.6000000000000001
719290.7224694085	1850	8.886395700523343	0.0	938587	1909.6334720489585	0.7	1.85
719296.626970956	1850	6.981894153117667	0.0	908665	5904.501547405675	0.7	1.85
719300.4589996485	1850	7.1498654606145005	0.0	930577	3832.028692503167	0.7	1.85
719303.2801297355	1850	8.328735373620924	0.0	858450	2821.1300869935753	0.7	1.85
719305.1657982717	1850	10.443066837410141	0.0	1025005	1885.668536210783	0.7	1.85
719306.8070421374	1850	12.801822971712426	0.0	886255	1641.243865697716	0.7	1.85
719313.7810834609	1850	9.82778164819005	0.0	973972	6974.041323522375	0.7	1.85
719316.1054319511	1850	11.503433157966853	0.0	958994	2324.348490223198	0.7	1.85
719320.467968817	2850	11.14089629211844	0.0	1483527	4362.536865848412	0.7	1.85
719323.1081938152	2850	12.500671293868328	0.0	1231456	2640.2249982501116	0.7	2.85
719325.5184667074	2850	14.090398401577877	0.0	1364537	2410.27289229045	0.7	2.85
719326.3084929567	750	17.300372152439646	0.0	450283	790.02624913823	0.7	0.75
719329.3838684353	2850	18.22499667381042	0.0	1431809	3075.3754786292257	0.7	0.75
719333.8221885341	2850	17.78667657504473	0.0	1300868	4438.32009876569	0.7	2.85
719337.0550930689	2850	18.55377204025559	0.0	1520281	3232.90453478914	0.7	2.85
719339.8455011771	2850	19.763363932027875	0.0	1472558	2790.4081082277166	0.7	2.85
719343.6182625145	4300	19.990602594610813	0.0	1941625	3772.761337417059	0.7	2.8499999999999996
719348.0812126732	4300	19.527652435895877	0.0	2157535	4462.950158714933	0.7	4.3
719352.2308613659	4300	19.378003743138777	0.0	2290172	4149.648692757102	0.7	4.3
719357.1478005351	4300	18.461064573989695	0.0	2055469	4916.939169149084	0.7	4.3
719365.9821263892	4300	13.626738719914641	0.0	2169201	8834.325854075052	0.7	4.3
719374.8375419069	4300	8.771323202275846	0.0	2173522	8855.415517638796	0.7	4.3
719381.6672719993	2850	5.94159310981645	0.0	1519951	6829.730092459396	0.7	1.4000000000000001
719383.7650996051	1850	7.843765504004415	0.0	946851	2097.8276058120346	0.7	0.8500000000000001
719387.7322306943	1850	7.876634414833536	0.0	1036454	3967.1310891708804	0.7	1.85
719389.5403799018	1850	10.068485207315486	0.0	821631	1808.1492075180486	0.7	1.85
719396.8817620854	1850	6.72710302371816	0.0	923170	7341.382183597327	0.7	1.85
719402.0453107452	1850	5.56355436375448	0.0	966699	5163.548659963681	0.7	1.85
719406.4791597923	1200	5.129705316667796	0.0	581493	4433.849047086684	0.7	0.5499999999999999
719408.5353216443	1200	7.073543464716296	0.0	639204	2056.1618519515005	0.7	1.2
719411.7335957508	1200	7.875269358208718	0.0	586839	3198.274106507578	0.6499999999999999	1.2
719413.4990812086	1200	10.10978390044758	0.0	601738	1765.4854577611382	0.6499999999999999	1.2
719415.1848838797	1200	12.423981229250032	0.0	616206	1685.8026711975467	0.7	1.2
719416.5427850513	1200	15.06608005783195	0.0	656471	1357.9011714180808	0.7	1.2
719417.6726986431	1200	17.936166465912603	0.0	536667	1129.913591919347	0.7	1.2
719418.9472191468	1200	20.66164596227265	0.0	587236	1274.5205036399545	0.7	1.2
719438.2675827435	2850	5.341282365416497	0.0	1480464	19320.363596856154	0.7	1.2000000000000002
719441.535879295	1200	6.072985813910243	0.0	696376	3268.2965515062533	0.7	-0.44999999999999996
719443.3978515678	1200	8.211013540996106	0.0	487160	1861.9722729141372	0.7	1.2
719447.3492175249	1200	8.259647583983897	0.0	622896	3951.365957012209	0.7	1.2
719449.182441128	1200	10.42642398102238	0.0	641447	1833.2236029615178	0.7	1.2
719450.6182789955	1200	12.990586113421097	0.0	570392	1435.8378676012824	0.7	1.2
719452.5877738234	1200	15.021091285565747	0.0	620283	1969.494827855349	0.7	1.2
719454.3023946702	1200	17.306470438688446	0.0	584349	1714.620846877298	0.7	1.2
719456.1699310447	1200	19.438934064245725	0.0	670129	1867.5363744427239	0.7	1.2
719458.9894721581	1850	20.619392950718755	0.0	1026056	2819.541113526973	0.7	1.2000000000000002
719462.8933530746	2850	20.71551203435776	0.0	1439896	3903.880916360992	0.7	1.85
719465.997629318	2850	21.611235790966305	0.0	1139291	3104.2762433914572	0.7	2.85
719470.0567859226	2850	21.552079186262162	0.0	1499009	4059.15660470414	0.7	2.85
719473.926061712	2850	21.682803396877404	0.0	1427478	3869.2757893847574	0.7	2.85
719477.7284673665	2850	21.880397742381163	0.0	1402287	3802.40565449624	0.7	2.85
719481.3642033708	2850	22.244661738126887	0.0	1339500	3635.7360042542746	0.7	2.85
719485.4984564829	2850	22.110408626098856	0.0	1527299	4134.253112028033	0.7	2.85
719489.143488633	2850	22.46537647590438	0.0	1343002	3645.0321501944745	0.7	2.85
719495.1141499832	4300	20.494715125764277	0.0	2219102	5970.661350140104	0.7	2.8499999999999996
719500.8348825119	4300	18.773982597029587	0.0	2124950	5720.732528734692	0.7	4.3
719506.8782884604	4300	16.730576648561314	0.0	2246506	6043.405948468274	0.7	4.3
719512.1641832774	4300	15.444681831552558	0.0	1961140	5285.894817008755	0.7	4.3
719517.8572006085	4300	13.751664500423697	0.0	2155012	5693.017331128862	0.7	4.3

