247791.08831022555	750	4.0	4.243278456893022	450283	4243.278456893022	1	-17.496097364639994
247791.689698741	300	7.398611484558095	0.0	155580	601.3885154419052	0.7800932022121826	-0.15000000000000002
247793.34812194435	750	9.740188281212674	0.0	350812	1658.4232033454189	0.7800932022121826	0.3
247796.2459995835	750	10.842310642034967	0.0	382355	2897.8776391777083	0.7800932022121826	0.75
247797.5645922486	750	13.523717976953417	0.0	411561	1318.5926650815495	0.7800932022121826	0.75
247798.69604757288	750	16.39226265267133	0.0	318564	1131.4553242820862	0.7800932022121826	0.75
247804.15376870162	750	14.934541523926185	0.0	352642	5457.7211287451455	0.7800932022121826	0.75
247806.083250086	750	17.00506013952573	0.0	437162	1929.4813844004532	0.7800932022121826	0.75
247807.04170245942	750	20.046607766106064	0.0	374758	958.4523734196711	0.7800932022121826	0.75
247810.11904557893	750	20.969264646612338	0.0	362795	3077.343119493726	0.7800932022121826	0.75
247811.2918309567	750	23.796479268842997	0.0	353220	1172.7853777693376	0.7800932022121826	0.75
247813.20977827467	1200	25.878531950869913	0.0	594078	1917.947317973084	0.7800932022121826	0.75
247815.19718127127	1200	27.891128954280507	0.0	624282	1987.4029965894065	0.7800932022121826	1.2
247818.9170400851	1200	28.171270140465978	0.0	687371	3719.858813814527	0.7800932022121826	1.2
247828.49957836748	1850	22.588731858113345	0.0	821631	9582.538282352634	0.7800932022121826	1.2000000000000002
247832.45316109434	1850	22.635149131243384	0.0	923170	3953.58272686996	0.7800932022121826	1.85
247836.21816444572	1850	22.870145779866252	0.0	966699	3765.0033513771295	0.7800932022121826	1.85
247838.3683608839	1850	24.719949341712468	0.0	885714	2150.196438153782	0.7800932022121826	1.85
247842.8391461959	1850	24.24916402969828	0.0	987708	4470.785312014186	0.7800932022121826	1.85
247844.91080347897	1850	26.177506746658047	0.0	923755	2071.657283040234	0.7800932022121826	1.85
247846.88601364155	1850	28.202296584069284	0.0	891604	1975.210162588762	1.323713437240325	1.85
247851.83847364213	2850	27.249836583453593	0.0	1468126	4952.4600006156925	1.323713437240325	1.85
247855.63830985696	2850	27.450000368630924	0.0	1505760	3799.8362148226706	1.323713437240325	2.85
247858.74729972024	2850	28.341010505365652	0.0	1323990	3108.989863265274	1.323713437240325	2.85
247861.84531563908	2850	29.242994586519316	0.0	1383735	3098.015918846338	1.323713437240325	2.85
247865.96487855742	2850	29.123431668192126	0.0	1480464	4119.562918327189	1.323713437240325	2.85
247870.14099804132	2850	28.94731218431756	0.0	1547572	4176.119483874565	1.323713437240325	2.85
247880.0525880668	2850	23.035722158805864	0.0	1141971	9911.590025511698	1.323713437240325	2.85
247884.19616772662	1850	22.892142498998233	0.0	972798	4143.579659807631	1.323713437240325	0.8500000000000001
247886.36185879327	1850	24.72645143239007	0.0	975811	2165.6910666081585	1.323713437240325	1.85
247888.54362030822	1850	26.544689917435658	0.0	873429	2181.7615149544154	1.323713437240325	1.85
247890.8499120908	1850	28.23839813484714	0.0	954453	2306.2917825885147	1.323713437240325	1.85
247896.72050302365	1850	26.36780720199412	0.0	885062	5870.590932853026	1.323713437240325	1.85
247899.4050124285	1850	27.683297797156143	0.0	1035329	2684.5094048379738	1.323713437240325	1.85
247903.60301137183	1850	27.485298853839712	0.0	1026056	4197.998943316433	1.323713437240325	1.85
247912.1883134973	1850	22.89999672837548	0.0	943942	8585.302125464228	1.323713437240325	1.85
247914.27198533487	1850	24.816324890789794	0.0	728962	2083.6718375856863	1.323713437240325	1.85
247920.56358397295	1850	22.524726252694368	0.0	938587	6291.598638095429	1.323713437240325	1.85

