0.9627026281131968	750	4.0	0.9627026281131968	450283	962.7026281131969	1	-3.3896213008867466
2.026038766536557	1200	6.93666386157664	0.0	611087	1063.3361384233604	0.4799065905051617	0.75
3.0370322746085723	1200	9.925670353504625	0.0	571051	1010.9935080720148	0.4799065905051617	1.2
5.4518868004070695	2850	11.510815827706129	0.0	1520281	2414.854525798497	0.4799065905051617	1.2000000000000002
12.60296843367881	2850	8.359734194434386	0.0	1472558	7151.081633271741	0.4799065905051617	2.85
19.961207128080005	2850	5.001495500033193	0.0	1224260	7358.238694401193	0.4799065905051617	2.85
23.1275517654763	1200	5.835150862636894	0.0	561791	3166.344637396299	0.4799065905051617	-0.44999999999999996
26.06307777758969	1200	6.899624850523507	0.0	709534	2935.526012113387	0.4799065905051617	1.2
29.557276617221817	1200	7.405426010891377	0.0	584846	3494.1988396321303	0.4799065905051617	1.2
33.091669935698896	1200	7.8710326924143	0.0	560821	3534.3933184770767	0.4799065905051617	1.2
35.44470198448177	1200	9.518000643631432	0.0	607410	2353.03204878287	0.4799065905051617	1.2
37.65816343934775	1200	11.304539188765451	0.0	594078	2213.46145486598	0.4799065905051617	1.2
40.07891844350755	1200	12.883784184605659	0.0	624282	2420.755004159792	0.4799065905051617	1.2
44.43321203461117	1200	12.529490593502032	0.0	687371	4354.293591103627	0.4799065905051617	1.2
47.12035471070853	1200	13.842347917404672	0.0	526950	2687.142676097361	0.4799065905051617	1.2
49.07587055894004	1200	15.886832069173167	0.0	587876	1955.515848231506	0.4799065905051617	1.2
52.82906376637723	1850	16.133638861735975	0.0	966699	3753.1932074371903	0.4799065905051617	1.2000000000000002
55.96496684124778	1850	16.997735786865427	0.0	885714	3135.903074870549	0.4799065905051617	1.85
67.19389496568417	1850	9.768807662429031	0.0	987708	11228.928124436394	0.4799065905051617	1.85
71.40396621065331	1200	9.558736417459903	0.0	586839	4210.071244969128	0.4799065905051617	0.5499999999999999
76.04942933230554	1200	8.91327329580767	0.0	601738	4645.463121652232	0.9410498050641385	1.2
78.25289552337613	750	10.709807104737086	0.0	399894	2203.466191070584	0.9410498050641385	0.3
79.50339948076991	750	13.459303147343288	0.0	401853	1250.5039573937995	0.9410498050641385	0.75
80.89013059296813	750	16.072572035145072	0.0	343800	1386.731112198215	0.9410498050641385	0.75
82.26165869690203	750	18.70104393121119	0.0	359903	1371.5281039338843	0.9410498050641385	0.75
84.03335947224062	1200	20.929343155872605	0.0	590335	1771.7007753385851	0.9410498050641385	0.75
86.5182967092337	1850	22.44440591887952	0.0	1076599	2484.9372369930843	0.9410498050641385	1.2000000000000002
88.2642188164903	1850	24.69848381162291	0.0	758197	1745.9221072566115	0.9410498050641385	1.85
90.54957091421775	1850	26.413131713895464	0.0	972798	2285.352097727448	0.9410498050641385	1.85
97.86155255182388	2850	23.10115007628934	0.0	1561263	7311.981637606122	0.9410498050641385	1.85
103.70165105738366	2850	21.26105157072955	0.0	1341201	5840.098505559791	0.9410498050641385	2.85
115.79310559227204	2850	13.169597035841159	0.0	1497683	12091.45453488839	0.9410498050641385	2.85
122.01259832035713	1850	10.950104307756076	0.0	885062	6219.4927280850825	0.9410498050641385	0.8500000000000001
125.35174839359519	1200	11.610954234518017	0.0	670129	3339.1500732380614	0.9410498050641385	0.5499999999999999
127.70882932928863	1200	13.253873298824566	0.0	690253	2357.080935693451	0.9410498050641385	1.2
129.8720344545436	1200	15.090668173569593	0.0	598727	2163.2051252549713	0.9410498050641385	1.2
131.74300532174678	1200	17.219697306366438	0.0	487812	1870.9708672031559	0.9410498050641385	1.2
133.62414225220513	1200	19.338560375908067	0.0	575591	1881.1369304583704	0.9410498050641385	1.2
137.03403852378062	1850	19.92866410433259	0.0	908665	3409.896271575474	0.9410498050641385	1.2000000000000002
142.42256503402027	1850	18.540137594092947	0.0	930577	5388.526510239645	0.9410498050641385	1.85
148.75903084034374	1850	16.203671787769473	0.0	858450	6336.465806323474	0.9410498050641385	1.85
151.63393242905278	1850	17.32877019906044	0.0	1025005	2874.9015887090295	0.9410498050641385	1.85
154.08358371474748	1850	18.879118913365723	0.0	886255	2449.6512856947134	0.9410498050641385	1.85
156.99377713973843	1850	19.968925488374765	0.0	973972	2910.193424990961	0.9410498050641385	1.85
159.27478305086117	1850	21.68791957725201	0.0	958994	2281.0059111227542	0.9410498050641385	1.85
162.44766918791754	2850	22.51503344019565	0.0	1483527	3172.8861370563627	0.9410498050641385	1.85
166.65801316225983	4300	22.304689465853386	0.0	1961140	4210.343974342265	0.9410498050641385	2.8499999999999996
188.39303561857716	4300	4.569667009536057	0.0	2155012	21735.02245631733	0.9410498050641385	4.3
191.30802459033194	750	5.65467803778125	0.0	450283	2914.9889717548062	0.9410498050641385	0.75
193.13322255602387	750	7.8294800720893445	0.0	398865	1825.197965691906	0.9410498050641385	0.75
194.86020390274206	750	10.102498725371127	0.0	350812	1726.9813467182162	0.9410498050641385	0.75
196.79433775641033	750	12.168364871702877	0.0	382355	1934.1338536682504	0.9410498050641385	0.75
198.5468268837122	750	14.415875744401005	0.0	411561	1752.4891273018732	0.9410498050641385	0.75
200.40855393415612	1200	16.554148693957096	0.0	520315	1861.7270504439068	0.9410498050641385	0.75
202.32486867191383	1200	18.63783395619937	0.0	561791	1916.3147377577263	0.9410498050641385	1.2
205.82096215350998	1200	19.14174047460321	0.0	709534	3496.0934815961596	0.9410498050641385	1.2
208.00777835889343	1200	20.954924269219763	0.0	584846	2186.816205383451	0.9410498050641385	1.2
212.85935059579037	1850	20.10335203232284	0.0	913888	4851.572236896921	0.9410498050641385	1.2000000000000002
217.71022362693645	1850	19.25247900117674	0.0	939819	4850.873031146101	0.9410498050641385	1.85
221.41461388710687	1850	19.548088741006367	0.0	917428	3704.390260170375	0.9410498050641385	1.85
225.7009248324967	1850	19.26177779561652	0.0	946851	4286.310945389848	0.9410498050641385	1.85
229.47061369096207	1850	19.492088937151163	0.0	1036454	3769.688858465357	0.9410498050641385	1.85
232.5100793086598	1850	20.45262331945341	0.0	821631	3039.465617697754	0.9410498050641385	1.85
236.87468693299567	1850	20.088015695117537	0.0	923170	4364.607624335871	0.9410498050641385	1.85
241.59838629061278	1850	19.36431633750045	0.0	966699	4723.699357617086	0.9410498050641385	1.85
246.80645450302995	1850	18.156248125083263	0.0	885714	5208.068212417187	0.9410498050641385	1.85
251.2164261419965	1850	17.746276486116734	0.0	987708	4409.97163896653	0.9410498050641385	1.85
265.80640988242504	1850	7.156292745688211	0.0	923755	14589.983740428523	0.9410498050641385	1.85
271.97510127868566	750	4.987601349427604	0.0	386472	6168.691396260608	0.9410498050641385	-0.3500000000000001
273.56766859638134	300	7.39503403173193	0.0	157812	1592.5673176956743	0.9410498050641385	-0.15000000000000002
274.9582646255704	300	10.004438002542837	0.0	163927	1390.596029189092	0.9410498050641385	0.3
276.0484281776436	300	12.914274450469637	0.0	137654	1090.1635520732018	0.9410498050641385	0.3
276.96822042700154	300	15.99448220111164	0.0	146754	919.7922493579949	0.9410498050641385	0.3
277.9291227484488	300	19.033579879664384	0.0	153938	960.9023214472588	0.9410498050641385	0.3
280.0084233344334	750	20.954279293679765	0.0	425781	2079.3005859846185	0.9410498050641385	0.3
281.5269183561696	750	23.43578427194355	0.0	277716	1518.4950217362118	0.9410498050641385	0.75
288.9156376723217	1200	20.047064955791445	0.0	622896	7388.719316152108	0.9410498050641385	0.75
292.7236385837688	1200	20.23906404434436	0.0	641447	3808.000911447084	0.9410498050641385	1.2
295.58790659760626	1200	21.3747960305069	0.0	570392	2864.268013837458	0.9410498050641385	1.2
299.37640722145727	1200	21.5862954066559	0.0	620283	3788.500623851	0.9410498050641385	1.2
302.1327514300984	1200	22.829951198014825	0.0	584349	2756.3442086410755	0.9410498050641385	1.2
305.27211103915425	1200	23.690591588958966	0.0	670129	3139.359609055855	0.9410498050641385	1.2
308.7558493433534	1200	24.206853284759777	0.0	690253	3483.73830419919	0.9410498050641385	1.2
311.7776862401664	1200	25.185016387946746	0.0	598727	3021.836896813032	0.9410498050641385	1.2
313.6545774582736	1200	27.308125169839563	0.0	487812	1876.8912181071844	0.9410498050641385	1.2
316.7871203760945	1850	28.175582252018714	0.0	938587	3132.5429178208487	0.9410498050641385	1.2000000000000002
319.5619478300384	1850	29.40075479807479	0.0	908665	2774.8274539439267	0.9410498050641385	1.85
323.86675598327105	2850	29.095946644842122	0.0	1402287	4304.808153232665	0.9410498050641385	1.85

