772388.7583150705	750	4.0	1.0320529438234722	450283	1032.0529438234723	1	-3.6878276584409306
772390.2972675993	1200	6.4610474713118835	0.0	611087	1538.9525286881162	1	0.75
772393.6264021652	1850	7.131912905399684	0.0	877771	3329.1345659122	1	1.2000000000000002
772395.769306045	1850	8.98900902550646	0.0	933276	2142.9038798932224	1	1.85
772400.7261726722	1850	8.032142398251748	0.0	996749	4956.8666272547125	1	1.85
772402.9361413467	1850	9.822173723865719	0.0	801058	2209.96867438603	1	1.85
772404.9742097488	1850	11.784105321778988	0.0	905515	2038.0684020867302	1	1.85
772407.2805969765	1850	13.477718093962277	0.0	1060487	2306.387227816711	1	1.85
772409.1212106501	1850	15.637104420355127	0.0	852833	1840.6136736071496	1	1.85
772411.042524994	1850	17.71579007638582	0.0	913888	1921.314343969306	1	1.85
772413.8210356387	2850	18.937279431692794	0.0	1354548	2778.510644693026	1	1.85
772417.2167124776	2850	19.541602592861775	0.0	1519951	3395.676838831019	1	2.85
772420.1460172156	2850	20.612297854847327	0.0	1422919	2929.3047380144494	1	2.85
772423.6634106927	2850	21.094904377753508	0.0	1578343	3517.393477093818	1	2.85
772426.3597877382	2850	22.398527332267108	0.0	1231445	2696.3770454863984	1	2.85
772430.0126997464	2850	22.745615324156248	0.0	1471065	3652.9120081108645	1	2.85
772434.9728126678	2850	21.785502402654725	0.0	1491626	4960.112921501523	1	2.85
772437.9362423411	2850	22.822072729507365	0.0	1358801	2963.4296731473605	1	2.85
772441.668546712	2850	23.08976835856213	0.0	1537156	3732.30437094524	1	2.85
772445.5307069874	2850	23.227608083277985	0.0	1336050	3862.1602752841422	1	2.85
772448.3794452806	2850	24.37886978998852	0.0	1415116	2848.7382932894666	1	2.85
772451.4960800427	2850	25.26223502793949	0.0	1468126	3116.6347620490315	1	2.85
772456.2363056015	2850	24.522009469104418	0.0	1505760	4740.225558835071	1	2.85
772458.8972156359	2850	25.861099434802256	0.0	1323990	2660.9100343021632	1	2.85
772462.62875121	2850	26.129563860593972	0.0	1383735	3731.5355742082825	1	2.85
772467.0531087462	2850	25.705206324469952	0.0	1480464	4424.357536124016	1	2.85
772470.3477060696	2850	26.41060900104559	0.0	1547572	3294.597323424365	1	2.85
772472.8652167112	2850	27.893098359445787	0.0	1141971	2517.510641599802	1	2.85
772476.9734541813	2850	27.784860889330723	0.0	1498470	4108.23747011506	1	2.85
772480.2907559628	2850	28.467559107756596	0.0	1561263	3317.3017815741296	1	2.85
772485.8071670773	2850	26.95114799333173	0.0	1341201	5516.4111144248645	1	2.85
772488.8226635333	2850	27.935651537426473	0.0	1497683	3015.4964559052573	1	2.85
772491.8216328524	2850	28.93668221817808	0.0	1358081	2998.969319248392	1	2.85
772495.7572678549	2850	29.001047215630695	0.0	1587293	3935.635002547384	1	2.85
772499.1661161471	2850	29.592198923473767	0.0	1492672	3408.8482921569316	1	2.85
772502.2260761424	2850	30.53223892805893	0.0	1439896	3059.959995414837	1	2.85
772504.786584865	2850	31.97173020552178	0.0	1139291	2560.5087225371485	1	2.85
772508.8230229034	2850	31.935292167058407	0.0	1499009	4036.4380384633723	1	2.85
772512.3819315559	2850	32.37638351458751	0.0	1427478	3558.9086524708973	1	2.85
772515.3984373928	2850	33.35987767760702	0.0	1402287	3016.5058369804906	1	2.85
772517.9355479309	2850	34.822767139584435	0.0	1339500	2537.110538022575	1	2.85
772526.4021211094	4300	30.356193961038507	0.0	2184571	8466.573178545932	1	2.8499999999999996
772533.022988537	4300	27.735326533500118	0.0	2121928	6620.867427538389	1	4.3
772537.5411458226	4300	27.217169247846375	0.0	2219102	4518.157285653744	1	4.3
772542.9714719062	4300	25.786843164332325	0.0	2124950	5430.32608351405	1	4.3
772547.6017655828	4300	25.15654948772984	0.0	2246506	4630.293676602482	1	4.3
772553.0338312436	4300	23.724483826942844	0.0	1961140	5432.065660786996	1	4.3
772557.4924089798	4300	23.265906090812173	0.0	2155012	4458.577736130673	1	4.3
772558.4201165155	750	26.338198555117405	0.0	450283	927.7075356947671	1	0.75
772563.5106921573	2850	25.24762291331208	0.0	1431809	5090.5756418053215	1	0.75
772566.0675584245	2850	26.69075664596727	0.0	1300868	2556.8662673448134	1	2.85
772569.1260234243	2850	27.63229164626269	0.0	1520281	3058.46499970458	1	2.85
772572.2017678554	2850	28.556547215105166	0.0	1472558	3075.7444311575227	1	2.85
772574.7542972141	2850	30.00401785633345	0.0	1224260	2552.5293587717138	1	2.85
772577.6553628137	2850	31.102952256756232	0.0	1388403	2901.0655995772227	1	2.85
772584.8870093193	4300	27.871305751120357	0.0	2290172	7231.646505635876	1	2.8499999999999996
772592.2432098254	4300	24.515105245002186	0.0	2055469	7356.200506118171	1	4.3
772595.3764574411	2850	25.381857629318137	0.0	1429765	3133.247615684049	1	1.4000000000000001
772598.5815667438	2850	26.176748326728497	0.0	1354548	3205.1093025896407	1	2.85
772602.6465594477	2850	26.11175562272954	0.0	1519951	4064.9927039989566	1	2.85
772605.501847615	2850	27.256467455452366	0.0	1422919	2855.2881672771728	1	2.85
772609.3842873125	2850	27.374027757904283	0.0	1578343	3882.4396975480804	1	2.85
772612.8291798836	2850	27.92913518684159	0.0	1231445	3444.892571062694	1	2.85
772617.8502677226	2850	26.908047347802	0.0	1471065	5021.087839039591	1	2.85
772625.4437668229	2850	23.314548247503403	0.0	1491626	7593.499100298595	1	2.85
772628.3468444527	2850	24.411470617805733	0.0	1358801	2903.077629697669	1	2.85
772631.6023254533	2850	25.155989617132864	0.0	1537156	3255.481000672871	1	2.85
772635.4953032713	2850	25.263011799179388	0.0	1336050	3892.9778179534787	1	2.85
772640.1763893629	2850	24.581925707593612	0.0	1415116	4681.086091585778	1	2.85
772643.6658173716	2850	25.092497698930487	0.0	1468126	3489.428008663128	1	2.85
772646.7847433112	2850	25.973571759255062	0.0	1505760	3118.9259396754233	1	2.85
772649.6004108244	2850	27.1579042461462	0.0	1323990	2815.6675131088646	1	2.85
772652.512850142	2850	28.24546492856554	0.0	1383735	2912.4393175806595	1	2.85
772655.5588823132	2850	29.1994327572989	0.0	1480464	3046.0321712666364	1	2.85
772660.5368566532	4300	28.221458417333675	0.0	2395588	4977.974339965227	1	2.8499999999999996
772665.6281732961	4300	27.13014177449056	0.0	1972048	5091.316642843117	1	4.3
772672.0848850503	4300	24.67343002033384	0.0	2134614	6456.711754156721	1	4.3
772678.914089315	4300	21.84422575565641	0.0	2164140	6829.204264677427	1	4.3
772681.842777981	2850	22.915537089695064	0.0	1341201	2928.6886659613497	1	1.4000000000000001
772686.7644474941	2850	21.993867576533244	0.0	1497683	4921.669513161818	1	2.85
772690.243230738	2850	22.515084332679	0.0	1358081	3478.7832438542478	1	2.85
772695.2351071163	2850	21.52320795421225	0.0	1587293	4991.876378466751	1	2.85
772698.3189024153	2850	22.439412655210173	0.0	1492672	3083.7952990020767	1	2.85
772706.785960545	2850	17.97235452563021	0.0	1439896	8467.058129579966	1	2.85
772708.4840688983	1850	20.274246172367977	0.0	728962	1698.1083532622329	1	0.8500000000000001
772710.4120363432	1850	22.3462787272986	0.0	938587	1927.967445069377	1	1.85
772713.3366787159	2850	23.42163635453389	0.0	1427478	2924.6423727647093	1	1.85
772716.9524334096	2850	23.805881660772563	0.0	1402287	3615.7546937613256	1	2.85
772719.6098819687	2850	25.14843310177881	0.0	1339500	2657.448558993753	1	2.85
772723.1277365607	2850	25.630578509762806	0.0	1527299	3517.8545920160022	1	2.85
772725.8267199572	2850	26.931595113310337	0.0	1343002	2698.98339645247	1	2.85
772729.0020105047	2850	27.75630456570193	0.0	1587250	3175.2905476084047	1	2.85
772733.9790940362	4300	26.779221034346097	0.0	2124950	4977.083531355835	1	2.8499999999999996
772741.4569646785	4300	23.301350391882238	0.0	2246506	7477.870642463859	1	4.3
772746.2234793802	4300	22.534835690187798	0.0	1961140	4766.514701694444	1	4.3
772750.9349312357	4300	21.82338383468807	0.0	2155012	4711.451855499726	1	4.3
772751.9231943996	750	24.83512067093333	0.0	450283	988.2631637547414	1	0.75
772753.9114208362	1850	26.84689423432223	0.0	957685	1988.226436611095	1	0.75
772756.6225434692	2850	28.135771601372507	0.0	1300868	2711.1226329497267	1	1.85
772763.2021577524	2850	25.55615731812613	0.0	1520281	6579.614283246377	1	2.85
772768.5210987143	2850	24.23721635613125	0.0	1472558	5318.940961994883	1	2.85
772772.5821461763	2850	24.17616889424608	0.0	1224260	4061.0474618851686	1	2.85
772775.5631397776	2850	25.195175292840748	0.0	1388403	2980.9936014053324	1	2.85
772779.0608678424	2850	25.697447228009658	0.0	1638769	3497.728064831092	1	2.85
772782.2086849151	2850	26.54963015541721	0.0	1348011	3147.8170725924447	1	2.85
772785.0599942261	2850	27.69832084442457	0.0	1429765	2851.3093109926426	1	2.85
772787.880785329	2850	28.87752974157902	0.0	1354548	2820.791102845547	1	2.85
772791.2487929099	2850	29.509522160646654	0.0	1519951	3368.0075809323675	1	2.85
772794.6628917388	2850	30.095423331732785	0.0	1422919	3414.0988289138695	1	2.85
772799.3701896471	2850	29.388125423441	0.0	1578343	4707.297908291786	1	2.85
772802.3158891873	2850	30.442425883355078	0.0	1231445	2945.6995400859228	1	2.85
772808.0832655345	2850	28.675049536058488	0.0	1471065	5767.37634729659	1	2.85
772811.1363339246	2850	29.621981145885087	0.0	1491626	3053.0683901734023	1	2.85
772814.4943894303	2850	30.263925640305715	0.0	1358801	3358.055505579369	1	2.85
772818.4931284204	2850	30.265186650097203	0.0	1537156	3998.738990208511	1	2.85
772821.6263593371	2850	31.131955733453673	0.0	1336050	3133.2309166435307	1	2.85
772824.7171287666	2850	32.041186304050406	0.0	1415116	3090.769429403271	1	2.85
772827.7208819754	2850	33.037433095122786	0.0	1468126	3003.753208927612	1	2.85
772831.0352881633	2850	33.72302690718239	0.0	1505760	3314.4061879404035	1	2.85
772838.4982144617	4300	30.260100608849267	0.0	2044075	7462.926298333116	1	2.8499999999999996
772845.1275370604	4300	27.630778010179974	0.0	2186790	6629.322598669296	1	4.3
772851.4606869733	4300	25.2976280972654	0.0	2105231	6333.149912914572	1	4.3
772860.9474989529	2850	19.81081611774231	0.0	1547572	9486.811979523089	1	1.4000000000000001
772865.0891113125	1850	19.669203758155227	0.0	758197	4141.612359587083	1	0.8500000000000001
772869.1999944571	1850	19.55832061354623	0.0	972798	4110.883144609	1	1.85
772872.3550368435	1850	20.4032782272502	0.0	975811	3155.042386296029	1	1.85
772874.9943404831	1850	21.763974587642565	0.0	873429	2639.303639607634	1	1.85
772878.1414459292	1850	22.616869141563004	0.0	954453	3147.105446079561	1	1.85
772879.9173884899	1850	24.840926580742423	0.0	885062	1775.9425608205813	1	1.85
772882.3556147149	1850	26.402700355865253	0.0	1035329	2438.22622487717	1	1.85
772887.4598903568	2850	25.298424713890718	0.0	1492672	5104.275641974534	1	1.85
772890.758701723	2850	25.99961334770116	0.0	1439896	3298.8113661895604	1	2.85
772893.0309010732	2850	27.727413997497024	0.0	1139291	2272.1993502041387	1	2.85
772896.2027833326	2850	28.555531738131982	0.0	1499009	3171.8822593650416	1	2.85
772900.7853775865	2850	27.972937484275594	0.0	1427478	4582.5942538563895	1	2.85
772903.843289932	2850	28.915025138735416	0.0	1402287	3057.9123455401786	1	2.85
772906.5474053519	2850	30.21090971884914	0.0	1339500	2704.1154198862737	1	2.85
772912.4791156746	2850	28.279199396068613	0.0	1527299	5931.710322780526	1	2.85
772915.6692553868	2850	29.08905968386172	0.0	1343002	3190.139712206894	1	2.85
772920.9078080393	2850	27.85050703137436	0.0	1587250	5238.552652487361	1	2.85
772924.9289746473	2850	27.829340423377996	0.0	1464921	4021.166607996365	1	2.85
772930.0828361093	4300	26.67547896139459	0.0	2246506	5153.861461983403	1	2.8499999999999996
772934.2762809829	4300	26.482034087807953	0.0	1961140	4193.444873586636	1	4.3
772939.8463402095	4300	24.911974861142276	0.0	2155012	5570.059226665679	1	4.3
772940.9959989614	750	27.7623161092416	0.0	450283	1149.6587519006803	1	0.75
772941.9202922801	750	30.83802279038225	0.0	398865	924.2933188593444	1	0.75
772943.8135521611	1850	32.94476290947886	0.0	877771	1893.259880903388	1	0.75
772947.4631430601	2850	33.29517201053497	0.0	1520281	3649.590898943896	1	1.85
772950.5830564682	2850	34.17525860250079	0.0	1472558	3119.9134080341723	1	2.85
772955.1629855543	4300	33.595329516240305	0.0	1941625	4579.9290862604785	1	2.8499999999999996
772962.6604596539	4300	30.097855416650287	0.0	2157535	7497.474099590019	1	4.3
772967.51672908	4300	29.241585990655235	0.0	2290172	4856.269425995052	1	4.3
772973.9314019177	4300	26.82691315296271	0.0	2055469	6414.672837692526	1	4.3
772978.9426183552	4300	25.81569671549529	0.0	2169201	5011.216437467427	1	4.3
772984.4693239434	4300	24.28899112732847	0.0	2173522	5526.7055881668175	1	4.3
772989.34118563	2850	23.417129440718178	0.0	1519951	4871.861686610292	1	1.4000000000000001
772992.2058389747	2850	24.552476095984623	0.0	1422919	2864.6533447335523	1	2.85
772995.4034106395	2850	25.354904431222465	0.0	1578343	3197.5716647621584	1	2.85
772997.9662527805	2850	26.792062290166708	0.0	1231445	2562.8421410557567	1	2.85
773007.1521726071	2850	21.60614246348968	0.0	1471065	9185.919826677029	1	2.85
773012.0648791183	2850	20.69343595237521	0.0	1491626	4912.70651111447	1	2.85
773017.0018620279	2850	19.756453042792636	0.0	1358801	4936.982909582575	1	2.85
773020.9548916129	2850	19.80342345778238	0.0	1537156	3953.0295850102552	1	2.85
773025.6891590636	2850	19.069156007056574	0.0	1336050	4734.267450725809	1	2.85
773028.5621210841	2850	20.19619398653135	0.0	1415116	2872.9620205252245	1	2.85
773031.6595100038	2850	21.098805066876217	0.0	1468126	3097.3889196551313	1	2.85
773036.0447645779	2850	20.713550492841208	0.0	1505760	4385.254574035007	1	2.85
773038.8763404434	2850	21.881974627276993	0.0	1323990	2831.5758655642176	1	2.85
773041.871161862	2850	22.887153208578543	0.0	1383735	2994.821418698446	1	2.85
773045.1428807997	2850	23.61543427081299	0.0	1480464	3271.718937765553	1	2.85
773048.3928694248	2850	24.365445645810397	0.0	1547572	3249.9886250025975	1	2.85
773050.8621629524	2850	25.896152118148287	0.0	1141971	2469.29352766211	1	2.85
773054.038842465	2850	26.71947260552786	0.0	1498470	3176.679512620426	1	2.85
773059.4691856158	2850	25.289129454830594	0.0	1561263	5430.343150697267	1	2.85
773063.8630491879	2850	24.89526588272949	0.0	1341201	4393.863572101102	1	2.85
773067.1049525226	2850	25.65336254813333	0.0	1497683	3241.90333459616	1	2.85
773069.8852907032	2850	26.873024367438237	0.0	1358081	2780.338180695091	1	2.85
773073.8058364225	2850	26.952478648197037	0.0	1587293	3920.5457192412	1	2.85
773076.9772716638	2850	27.781043406803608	0.0	1492672	3171.43524139343	1	2.85
773079.8659444569	2850	28.89237061360439	0.0	1439896	2888.6727931992214	1	2.85
773082.5108004664	2850	30.24751460412983	0.0	1139291	2644.85600947456	1	2.85
773086.0160319008	2850	30.74228316983393	0.0	1499009	3505.2314342959003	1	2.85
773088.8767928972	2850	31.88152217342735	0.0	1427478	2860.760996406578	1	2.85
773093.571841786	4300	31.186473284591372	0.0	2146120	4695.04888883598	1	2.8499999999999996
773097.7192942798	4300	31.039020790835238	0.0	2108491	4147.452493756135	1	4.3
773102.1278407546	4300	30.63047431599753	0.0	2184571	4408.546474837704	1	4.3
773106.5869946934	4300	30.171320377192448	0.0	2121928	4459.153938805084	1	4.3
773112.5854623328	4300	28.172852737721154	0.0	2219102	5998.467639471294	1	4.3
773117.5193284862	4300	27.238986584408607	0.0	2124950	4933.866153312545	1	4.3
773122.5752785444	4300	26.183036526230854	0.0	2246506	5055.950058177753	1	4.3
773132.8918867953	4300	19.866428275415835	0.0	1961140	10316.608250815021	1	4.3
773139.1269144061	4300	17.631400664618567	0.0	2155012	6235.027610797268	1	4.3
773140.2176485908	750	20.540666479827387	0.0	450283	1090.7341847911825	1	0.75
773142.278789301	1850	22.47952576962258	0.0	957685	2061.1407102048074	1	0.75
773144.4947785683	1850	24.263536502420028	0.0	877771	2215.9892672025485	1	1.85
773147.5023890793	1850	25.255925991342572	0.0	933276	3007.6105110774606	1	1.85
773150.7987649188	2850	25.95955015181349	0.0	1472558	3296.3758395290793	1	1.85
773153.352683203	2850	27.40563186762257	0.0	1224260	2553.91828419092	1	2.85
773156.3394564963	2850	28.418858574331992	0.0	1388403	2986.7732932905787	1	2.85
773159.804766433	2850	28.95354863755292	0.0	1638769	3465.3099367790724	1	2.85
773162.6919020126	2850	30.066413057948015	0.0	1348011	2887.1355796049065	1	2.85
773169.7095815309	4300	27.048733539637237	0.0	2169201	7017.679518310779	1	2.8499999999999996
773176.3219613994	4300	24.43635367108025	0.0	2173522	6612.379868556984	1	4.3
773180.8522531339	4300	23.906061936622358	0.0	2102452	4530.291734457894	1	4.3
773186.1730249563	4300	22.585290114293514	0.0	2209463	5320.771822328844	1	4.3
773190.1292597796	2850	22.629055290954028	0.0	1578343	3956.2348233394882	1	1.4000000000000001
773192.9808107615	2850	23.777504309130748	0.0	1231445	2851.5509818232777	1	2.85
773196.0717346588	2850	24.686580411705975	0.0	1471065	3090.923897424774	1	2.85
773199.1976051751	2850	25.560709895360738	0.0	1491626	3125.8705163452373	1	2.85
773203.446014984	2850	25.312300086519585	0.0	1358801	4248.409808841153	1	2.85
773206.7459879299	2850	26.012327140653476	0.0	1537156	3299.972945866109	1	2.85
773211.2790584173	2850	25.479256653095465	0.0	1336050	4533.07048755801	1	2.85
773214.414099419	2850	26.344215651413094	0.0	1415116	3135.0410016823703	1	2.85
773217.3566640803	2850	27.40165099009286	0.0	1468126	2942.564661320234	1	2.85
773220.5691811851	2850	28.18913388517478	0.0	1505760	3212.517104918082	1	2.85
773223.3161024218	2850	29.442212648460334	0.0	1323990	2746.921236714448	1	2.85
773226.0730274739	2850	30.685287596367196	0.0	1383735	2756.925052093133	1	2.85
773231.4699076454	4300	29.28840742493553	0.0	2105231	5396.880171431663	1	2.8499999999999996
773238.3145547296	4300	26.44376034070485	0.0	2395588	6844.6470842306835	1	4.3
773244.32102687	4300	24.437288200215253	0.0	1972048	6006.472140489595	1	4.3
773250.582558283	4300	22.17575678727324	0.0	2134614	6261.531412942013	1	4.3
773255.882675917	4300	20.875639153241508	0.0	2164140	5300.117634031731	1	4.3
773260.1166716226	4300	20.641643447632696	0.0	2113193	4233.995705608813	1	4.3
773263.3549264072	2850	21.40338866306296	0.0	1497683	3238.254784569734	1	1.4000000000000001
773266.1780497672	2850	22.580265303147403	0.0	1358081	2823.1233599155557	1	2.85
773269.8237748161	2850	22.934540254124972	0.0	1587293	3645.725049022433	1	2.85
773273.2662321149	2850	23.492082955423218	0.0	1492672	3442.4572987017523	1	2.85
773276.277301229	2850	24.481013841275495	0.0	1439896	3011.069114147727	1	2.85
773278.627976534	2850	26.1303385362108	0.0	1139291	2350.675305064691	1	2.85
773281.7700195131	2850	26.988295557115205	0.0	1499009	3142.0429790955964	1	2.85
773284.9033803892	2850	27.854934681080728	0.0	1427478	3133.360876034477	1	2.85
773288.302339083	2850	28.45597598724141	0.0	1402287	3398.9586938393195	1	2.85
773291.8739342937	2850	28.884380776620116	0.0	1339500	3571.595210621292	1	2.85
773295.1583096805	2850	29.600005389769965	0.0	1527299	3284.3753868501526	1	2.85
773298.0331145116	2850	30.725200558760907	0.0	1343002	2874.804831009059	1	2.85
773303.6070836451	4300	29.151231425262235	0.0	2219102	5573.96913349867	1	2.8499999999999996
773309.8695487885	4300	26.888766281875505	0.0	2124950	6262.46514338673	1	4.3
773316.5192184661	4300	24.239096604270316	0.0	2246506	6649.66967760519	1	4.3
773321.2717024303	4300	23.486612640029627	0.0	1961140	4752.48396424069	1	4.3
773328.8456483892	4300	19.91266668119481	0.0	2155012	7573.94595883482	1	4.3
773330.1377153589	750	22.620599711530275	0.0	450283	1292.0669696645332	1	0.75
773332.1187449633	1850	24.63957010714466	0.0	957685	1981.029604385613	1	0.75
773335.0841932273	2850	25.674121843084563	0.0	1300868	2965.448264060098	1	1.85
773338.8090392582	2850	25.949275812248857	0.0	1520281	3724.8460308357076	1	2.85
773343.733910075	2850	25.02440499526127	0.0	1472558	4924.870816987587	1	2.85
773348.4443975175	2850	24.313917552903238	0.0	1224260	4710.487442358035	1	2.85
773351.021728959	2850	25.736586111281532	0.0	1388403	2577.3314416217054	1	2.85
773354.7215302925	2850	26.03678477780921	0.0	1638769	3699.80133347232	1	2.85
773357.6797817671	2850	27.07853330313671	0.0	1348011	2958.251474672502	1	2.85
773360.7957656401	2850	27.962549430070368	0.0	1429765	3115.9838730663387	1	2.85
773363.5024883004	2850	29.255826769778334	0.0	1354548	2706.7226602920337	1	2.85
773366.4752933588	2850	30.283021711404828	0.0	1519951	2972.805058373505	1	2.85
773372.7640151525	4300	27.994299917725417	0.0	2209463	6288.721793679412	1	2.8499999999999996
773377.8747980793	4300	26.883516990958466	0.0	2275376	5110.782926766953	1	4.3
773381.8634308454	4300	26.894884224824157	0.0	2005399	3988.632766134308	1	4.3
773386.2674644905	4300	26.490850579653692	0.0	2152483	4404.033645170464	1	4.3
773392.2808408437	4300	24.47747422649706	0.0	2289689	6013.376353156633	1	4.3
773398.0568722199	4300	22.7014428502585	0.0	2059512	5776.03137623856	1	4.3
773404.8130114442	4300	19.945303626000403	0.0	2220726	6756.139224258097	1	4.3
773407.8275021674	2850	20.930812902806842	0.0	1336050	3014.4907231935576	1	1.4000000000000001
773410.8161636366	2850	21.942151433643254	0.0	1415116	2988.66146916359	1	2.85
773413.8922870732	2850	22.866027997176044	0.0	1468126	3076.123436467208	1	2.85
773418.3385330999	2850	22.419781970443488	0.0	1505760	4446.246026732556	1	2.85
773422.049015541	2850	22.709299529399576	0.0	1323990	3710.48244104391	1	2.85
773424.8794493247	2850	23.878865745652277	0.0	1383735	2830.4337837473	1	2.85
773427.9193543898	2850	24.838960680566796	0.0	1480464	3039.9050650854815	1	2.85
773431.3086254888	2850	25.449689581586306	0.0	1547572	3389.2710989804914	1	2.85
773433.8375674107	2850	26.92074765965405	0.0	1141971	2528.941921932257	1	2.85
773438.2703058256	2850	26.488009244715276	0.0	1498470	4432.738414938776	1	2.85
773441.4397116147	2850	27.318603455623993	0.0	1561263	3169.4057890912813	1	2.85
773444.2695670148	2850	28.488748055580384	0.0	1341201	2829.8554000436097	1	2.85
773447.5329305362	2850	29.225384534193836	0.0	1497683	3263.3635213865496	1	2.85
773450.2539202155	2850	30.504394854835553	0.0	1358081	2720.9896793582807	1	2.85
773453.4817855944	2850	31.276529476019952	0.0	1587293	3227.8653788156016	1	2.85
773459.6273655919	4300	29.130949478514655	0.0	2307787	6145.579997505297	1	2.8499999999999996
773463.9146658109	4300	28.84364925952387	0.0	2143948	4287.300218990789	1	4.3
773468.1822763829	4300	28.57603868737833	0.0	1919781	4267.61057214554	1	4.3
773472.8581224082	4300	27.900192662181826	0.0	2147467	4675.846025196499	1	4.3
773477.5929932503	4300	27.165321819939557	0.0	2133870	4734.870842242272	1	4.3
773482.6048281239	4300	26.153486946437486	0.0	2146120	5011.834873502072	1	4.3
773489.081833247	4300	23.67648182337113	0.0	2108491	6477.005123066357	1	4.3
773493.728062899	4300	23.030252171364744	0.0	2184571	4646.229652006388	1	4.3
773498.1995901454	4300	22.558724925033914	0.0	2121928	4471.527246330829	1	4.3
773503.0573502954	4300	21.700964775129208	0.0	2219102	4857.760149904709	1	4.3
773507.8157620581	4300	20.942553012350327	0.0	2124950	4758.411762778879	1	4.3
773512.4705149664	4300	20.287800104078784	0.0	2246506	4654.7529082715455	1	4.3
773516.8844166734	4300	19.873898397023993	0.0	1961140	4413.901707054791	1	4.3
773523.1303239358	4300	17.62799113467194	0.0	2155012	6245.9072623520515	1	4.3
773524.3321664154	750	20.42614865491106	0.0	450283	1201.8424797608836	1	0.75
773527.7529878184	2850	21.00532725185061	0.0	1431809	3420.82140306045	1	0.75
773531.3585239485	2850	21.39979112195626	0.0	1300868	3605.5361298943503	1	2.85
773534.9041383619	2850	21.854176708471222	0.0	1520281	3545.614413485038	1	2.85
773540.0562633119	2850	20.70205175850921	0.0	1472558	5152.1249499620135	1	2.85
773542.7703436507	2850	21.987971419659086	0.0	1224260	2714.0803388501217	1	2.85
773545.8959058432	2850	22.862409227094663	0.0	1388403	3125.5621925644227	1	2.85
773550.8041099848	2850	21.954205085540547	0.0	1638769	4908.204141554119	1	2.85
773553.6506623275	2850	23.107652742720536	0.0	1348011	2846.5523428200095	1	2.85
773556.5775352978	2850	24.180779772356544	0.0	1429765	2926.872970363989	1	2.85
773559.5931058542	2850	25.165209215909602	0.0	1354548	3015.570556446942	1	2.85
773563.0919090179	2850	25.666406052272663	0.0	1519951	3498.8031636369406	1	2.85
773565.8901953488	2850	26.86811972146473	0.0	1422919	2798.286330807933	1	2.85
773569.3592604877	2850	27.399054582482943	0.0	1578343	3469.0651389817854	1	2.85
773573.68777809	4300	27.070536980197332	0.0	2005399	4328.517602285609	1	2.8499999999999996
773578.1542589791	4300	26.604056091159357	0.0	2152483	4466.480889037976	1	4.3
773583.4838045422	4300	25.27451052801645	0.0	2289689	5329.545563142906	1	4.3
773587.638662844	4300	25.11965222620206	0.0	2059512	4154.858301814393	1	4.3
773592.4470765811	4300	24.311238489044168	0.0	2220726	4808.413737157891	1	4.3
773597.0725415923	4300	23.685773477974713	0.0	2156729	4625.465011069455	1	4.3
773601.674297677	4300	23.084017393208494	0.0	2039773	4601.756084766217	1	4.3
773606.6782338552	4300	22.080081215079254	0.0	2176469	5003.936178129238	1	4.3
773612.2454549563	4300	20.51286011394737	0.0	2221506	5567.221101131887	1	4.3
773617.1163881908	4300	19.641926879489027	0.0	2044075	4870.933234458341	1	4.3
773620.0958760784	2850	20.66243899189729	0.0	1383735	2979.487887591739	1	1.4000000000000001
773624.7596453915	2850	19.998669678805417	0.0	1480464	4663.769313091869	1	2.85
773628.4782212198	2850	20.280093850362846	0.0	1547572	3718.575828442573	1	2.85
773631.0506887449	2850	21.707626325361723	0.0	1141971	2572.4675250011237	1	2.85
773634.061672393	2850	22.696642677287286	0.0	1498470	3010.983648074436	1	2.85
773637.6395236364	2850	23.118791433812824	0.0	1561263	3577.851243474462	1	2.85
773640.4695756038	2850	24.288739466389906	0.0	1341201	2830.0519674229176	1	2.85
773644.860621172	2850	23.89769389828219	0.0	1497683	4391.045568107717	1	2.85
773647.8492915456	2850	24.90902352462493	0.0	1358081	2988.6703736572563	1	2.85
773652.2635704896	2850	24.494744580594002	0.0	1587293	4414.278944030933	1	2.85
773655.3205646502	2850	25.43775042008742	0.0	1492672	3056.9941605065837	1	2.85
773659.008035757	2850	25.75027931326326	0.0	1439896	3687.471106824155	1	2.85
773664.7377155073	2850	24.02059956288957	0.0	1139291	5729.6797503736925	1	2.85
773669.8772222864	2850	22.881092783740744	0.0	1499009	5139.506779148826	1	2.85
773673.2039816615	2850	23.55433340880826	0.0	1427478	3326.759374932479	1	2.85
773676.6098780256	2850	24.14843704465125	0.0	1402287	3405.896364157016	1	2.85
773679.4617767637	2850	25.296538306675455	0.0	1339500	2851.898737975793	1	2.85
773683.8576185906	2850	24.900696479794064	0.0	1527299	4395.841826881392	1	2.85
773686.6938377114	2850	26.064477359055328	0.0	1343002	2836.219120738737	1	2.85
773690.1423756676	2850	26.61593940282512	0.0	1587250	3448.537956230208	1	2.85
773695.701293371	4300	25.05702169931634	0.0	2124950	5558.91770350878	1	2.8499999999999996
773700.4596108788	4300	24.298704191609346	0.0	2246506	4758.317507706994	1	4.3
773704.7928223348	4300	23.96549273571995	0.0	1961140	4333.211455889397	1	4.3
773710.5509983429	4300	22.207316727666033	0.0	2155012	5758.176008053917	1	4.3
773711.6078389197	750	25.150476150807055	0.0	450283	1056.8405768589776	1	0.75
773714.4923244216	2850	26.26599064887959	0.0	1431809	2884.4855019274664	1	0.75
773717.2418969793	2850	27.51641809120457	0.0	1300868	2749.5725576750206	1	2.85
773724.2867321204	2850	24.471582950135925	0.0	1520281	7044.835141068644	1	2.85
773727.4988638448	2850	25.259451225834308	0.0	1472558	3212.1317243016165	1	2.85
773730.0536695014	2850	26.70464556916188	0.0	1224260	2554.80565667243	1	2.85
773733.0186223777	2850	27.73969269297549	0.0	1388403	2964.9528761863917	1	2.85
773736.9883055699	2850	27.77000950077312	0.0	1638769	3969.683192202366	1	2.85
773740.0346308405	2850	28.723684230073182	0.0	1348011	3046.325270699943	1	2.85
773743.1768688868	2850	29.581446183808282	0.0	1429765	3142.238046264898	1	2.85
773746.2972684504	2850	30.461046620267624	0.0	1354548	3120.3995635406577	1	2.85
773749.6534377724	2850	31.10487729820966	0.0	1519951	3356.1693220579655	1	2.85
773754.8086972781	2850	29.94961779245849	0.0	1422919	5155.259505751173	1	2.85
773758.137518926	2850	30.620796144560316	0.0	1578343	3328.821647898169	1	2.85
773760.7522944306	2850	32.006020639998916	0.0	1231445	2614.7755045614044	1	2.85
773763.9066964604	2850	32.85161861007325	0.0	1471065	3154.402029925662	1	2.85
773767.2214899925	2850	33.53682507807025	0.0	1491626	3314.7935320029983	1	2.85
773771.7888600313	2850	32.9694550393065	0.0	1358801	4567.370038763753	1	2.85
773776.6722370473	2850	32.086078023201715	0.0	1537156	4883.377016104786	1	2.85
773783.3109834985	4300	29.447331572106748	0.0	2156729	6638.746451094963	1	2.8499999999999996
773788.1052406606	4300	28.65307441005394	0.0	2039773	4794.257162052812	1	4.3
773791.6641563795	2850	29.094158691037677	0.0	1468126	3558.915719016261	1	1.4000000000000001
773796.2393089825	2850	28.519006088100568	0.0	1505760	4575.152602937108	1	2.85
773800.8944660977	2850	27.86384897292522	0.0	1323990	4655.157115175349	1	2.85
773803.7108916745	2850	29.047423396177194	0.0	1383735	2816.425576748024	1	2.85
773807.0635660811	2850	29.694748989507328	0.0	1480464	3352.6744066698675	1	2.85
773810.1737205202	2850	30.584594550370856	0.0	1547572	3110.154439136468	1	2.85
773812.3717594682	2850	32.38655560238737	0.0	1141971	2198.038947983494	1	2.85
773815.2310050202	2850	33.527310050280676	0.0	1498470	2859.245552106687	1	2.85
773819.324883489	4300	33.43343158148507	0.0	2164140	4093.878468795616	1	2.8499999999999996
773823.3242694268	4300	33.434045643833336	0.0	2113193	3999.385937651729	1	4.3
773827.3879381806	4300	33.3703768899821	0.0	2147852	4063.668753851229	1	4.3
773831.5317717367	4300	33.22654333386379	0.0	2191074	4143.833556118311	1	4.3
773835.8530780945	4300	32.905236976058134	0.0	2286761	4321.306357805655	1	4.3
773840.2133818411	4300	32.544933229596985	0.0	2307787	4360.303746461147	1	4.3
773844.2698097595	4300	32.488505311154825	0.0	2143948	4056.4279184421625	1	4.3
773847.91047017	4300	32.8478449006902	0.0	1919781	3640.6604104646253	1	4.3
773851.9734248559	4300	32.784890214880086	0.0	2147467	4062.9546858101203	1	4.3
773856.0111608842	4300	32.747154186615326	0.0	2133870	4037.736028264761	1	4.3
773860.0716172592	4300	32.68669781158799	0.0	2146120	4060.45637502733	1	4.3
773864.0622822931	4300	32.69603277764872	0.0	2108491	3990.6650339392722	1	4.3
773868.1940545908	4300	32.56426047989751	0.0	2184571	4131.772297751209	1	4.3
773879.6379988178	4300	25.120316252936064	0.0	2121928	11443.944226961446	1	4.3
773892.002510526	4300	16.75580454482006	0.0	2219102	12364.511708116006	1	4.3
773896.9000900395	2850	15.858225031253541	0.0	1464921	4897.579513566516	1	1.4000000000000001
773900.4911320263	2850	16.26718304445041	0.0	1483527	3591.0419868031317	1	2.85
773903.3643365648	2850	17.393978506042465	0.0	1231456	2873.2045384079447	1	2.85
773906.5261561979	2850	18.23215887294523	0.0	1364537	3161.8196330972346	1	2.85
773907.5925511161	750	21.165763954695176	0.0	450283	1066.394918250055	1	0.75
773910.7307091366	2850	22.027605934239325	0.0	1431809	3138.1580204558513	1	0.75
773913.9244762814	2850	22.833838789475987	0.0	1300868	3193.7671447633356	1	2.85
773917.4709387992	2850	23.287376271662282	0.0	1520281	3546.4625178137085	1	2.85
773921.0469108414	2850	23.711404229602856	0.0	1472558	3575.972042059425	1	2.85
773923.5776893839	2850	25.180625687134686	0.0	1224260	2530.7785424681697	1	2.85
773928.2674379174	2850	24.4908771535795	0.0	1388403	4689.748533555183	1	2.85
773931.742235544	2850	25.016079527083527	0.0	1638769	3474.7976264959766	1	2.85
773935.4869171269	2850	25.27139794420806	0.0	1348011	3744.681582875466	1	2.85
773938.399282522	2850	26.359032549052216	0.0	1429765	2912.3653951558426	1	2.85
773941.2216429877	2850	27.536672083419866	0.0	1354548	2822.360465632349	1	2.85
773946.1783681008	2850	26.579946970357124	0.0	1519951	4956.7251130627465	1	2.85
773951.1567044007	2850	25.601610670457426	0.0	1422919	4978.3362998996945	1	2.85
773955.2892550029	2850	25.469060068283703	0.0	1578343	4132.550602173722	1	2.85
773958.5008897698	2850	26.25742530138874	0.0	1231445	3211.634766894965	1	2.85
773961.9319598343	2850	26.826355236798562	0.0	1471065	3431.0700645901775	1	2.85
773965.4031435514	2850	27.3551715197057	0.0	1491626	3471.183717092863	1	2.85
773968.4986105838	2850	28.259704487451128	0.0	1358801	3095.467032254572	1	2.85
773971.757280239	2850	29.001034832195757	0.0	1537156	3258.66965525537	1	2.85
773974.7127844163	2850	30.04553065484897	0.0	1336050	2955.504177346787	1	2.85
773977.6623481343	2850	31.095966936925052	0.0	1415116	2949.56371792392	1	2.85
773980.8212523465	2850	31.937062724715247	0.0	1468126	3158.904212209804	1	2.85
773985.4400949953	4300	31.318220075980935	0.0	2221506	4618.842648734312	1	2.8499999999999996
773991.9872199286	4300	28.771095142587154	0.0	2044075	6547.124933393779	1	4.3
773997.586283396	4300	27.172031675254193	0.0	2186790	5599.063467332962	1	4.3
774003.9119514155	4300	24.846363655878395	0.0	2105231	6325.668019375796	1	4.3
774009.1951782956	4300	23.56313677568594	0.0	2395588	5283.226880192453	1	4.3
774011.5412234474	2850	25.217091623799316	0.0	1141971	2346.045151886626	1	1.4000000000000001
774016.6966299164	2850	24.061685154791757	0.0	1498470	5155.406469007557	1	2.85
774020.1252835824	2850	24.63303148889279	0.0	1561263	3428.6536658989676	1	2.85
774022.8646687553	2850	25.89364631591264	0.0	1341201	2739.3851729801513	1	2.85
774026.9552342679	2850	25.80308080331979	0.0	1497683	4090.565512592849	1	2.85
774030.1736182963	2850	26.584696774870118	0.0	1358081	3218.384028449674	1	2.85
774034.4550411821	2850	26.303273888966157	0.0	1587293	4281.422885903963	1	2.85
774037.9453595954	2850	26.812955475853066	0.0	1492672	3490.3184131130897	1	2.85
774041.7234732725	2850	27.03484179864385	0.0	1439896	3778.113677209215	1	2.85
774044.3614130701	2850	28.396902001166143	0.0	1139291	2637.939797477707	1	2.85
774047.4578996166	2850	29.300415454619205	0.0	1499009	3096.4865465469416	1	2.85

