483061.4444175649	750	4.0	2.744840879107145	450283	2744.8408791071447	0.6499999999999999	-11.052815780160723
483064.84024832153	1200	4.604169243313654	0.0	611087	3395.8307566863464	0.6499999999999999	0.75
483067.7469920858	1200	5.697425479029418	0.0	571051	2906.7437642842356	0.6499999999999999	1.2
483071.3224985295	1200	6.1219190353632404	0.0	617681	3575.5064436661773	0.6499999999999999	1.2
483074.7243232866	1200	6.720094278285715	0.0	652874	3401.8247570775256	0.6499999999999999	1.2
483077.264426562	1200	8.179991002877333	0.0	520315	2540.1032754083817	0.6499999999999999	1.2
483080.16537321114	1200	9.279044353764672	0.0	561791	2900.9466491126623	0.6499999999999999	1.2
483083.6678332939	1200	9.776584270992938	0.0	709534	3502.4600827717336	0.6499999999999999	1.2
483086.6400103728	1200	10.804407192113334	0.0	584846	2972.1770788796043	0.6499999999999999	1.2
483090.0616127756	1200	11.382804789290509	0.0	560821	3421.6024028228258	0.6499999999999999	1.2
483093.5115885369	1200	11.932829027968054	0.0	607410	3449.9757613224533	0.6499999999999999	1.2
483096.2758920891	1200	13.16852547576333	0.0	594078	2764.303552204725	0.6499999999999999	1.2
483100.30089181586	1200	13.143525749049251	0.0	624282	4024.999726714079	0.6499999999999999	1.2
483103.97084892716	1200	13.473568637738811	0.0	687371	3669.9571113104384	0.6499999999999999	1.2
483106.64538216224	1200	14.799035402648675	0.0	526950	2674.5332350901367	0.6499999999999999	1.2
483109.3777160791	1200	16.066701485758674	0.0	587876	2732.333916890003	0.6499999999999999	1.2
483112.184698166	1200	17.259719398902106	0.0	617242	2806.9820868565657	0.6499999999999999	1.2
483115.4271434487	1200	18.017274116207503	0.0	581493	3242.4452826946026	0.6499999999999999	1.2
483118.5252670802	1200	18.919150484663604	0.0	639204	3098.123631543898	0.6499999999999999	1.2
483121.94669376075	1200	19.497723804112116	0.0	586839	3421.4266805514876	0.6499999999999999	1.2
483126.0704804838	1200	19.373937081050865	0.0	601738	4123.78672306125	0.6499999999999999	1.2
483129.3152501877	1200	20.129167377195163	0.0	616206	3244.7697038557017	0.6499999999999999	1.2
483132.9870478507	1200	20.45736971421922	0.0	656471	3671.7976629759455	0.6499999999999999	1.2
483135.8672234498	1200	21.57719411508276	0.0	536667	2880.175599136455	0.6499999999999999	1.2
483138.5529962571	1200	22.89142130784719	0.0	587236	2685.7728072355753	0.6499999999999999	1.2
483141.5682282465	1200	23.876189318408798	0.0	590335	3015.2319894383895	0.6499999999999999	1.2
483148.0326158464	1850	21.41180171850611	0.0	1076599	6464.38759990269	0.6499999999999999	1.2000000000000002
483155.3809568347	1850	18.06346073018129	0.0	758197	7348.340988324816	0.6499999999999999	1.85
483160.33818458684	1850	17.106232978071482	0.0	972798	4957.2277521098085	0.6499999999999999	1.85
483164.9430095728	1850	16.501407992111957	0.0	975811	4604.824985959523	0.6499999999999999	1.85
483169.00778433355	1850	16.436633231387336	0.0	873429	4064.7747607246233	0.6499999999999999	1.85
483173.4574548981	1850	15.98696266677873	0.0	954453	4449.670564608604	0.6499999999999999	1.85
483178.4416564457	1850	15.002761119224619	0.0	885062	4984.201547554111	0.6499999999999999	1.85
483183.2813532804	1850	14.163064284507222	0.0	1035329	4839.696834717397	0.6499999999999999	1.85
483188.35531921004	1850	13.089098354871792	0.0	1026056	5073.96592963543	0.6499999999999999	1.85
483192.7798372381	1850	12.664580326830599	0.0	943942	4424.518028041193	0.6499999999999999	1.85
483197.1323867477	1850	12.312030817160576	0.0	728962	4352.549509670023	0.6499999999999999	1.85
483201.436646488	1850	12.007771076931062	0.0	938587	4304.259740229515	0.6499999999999999	1.85
483205.7325128234	1850	11.711904741469496	0.0	908665	4295.8663354615655	0.6499999999999999	1.85
483210.9963796686	1850	10.448037896296425	0.0	930577	5263.866845173072	0.6499999999999999	1.85
483213.9086205643	1200	11.535797000538608	0.0	566904	2912.240895757816	0.6499999999999999	0.5499999999999999
483216.8185053917	1200	12.625912173162163	0.0	641452	2909.884827376446	0.6499999999999999	1.2
483219.47485835885	1200	13.96955920600073	0.0	599477	2656.3529671614333	0.6499999999999999	1.2
483222.3379947667	1200	15.106422798176144	0.0	634861	2863.1364078245865	0.6499999999999999	1.2
483226.9741985233	1850	14.470219041549731	0.0	958994	4636.203756626411	0.6499999999999999	1.2000000000000002
483231.9493405871	1850	13.495076977826013	0.0	982064	4975.142063723719	0.6499999999999999	1.85
483238.2430305783	2850	11.20138698657461	0.0	1231456	6293.689991251404	0.6499999999999999	1.85
483244.9445520765	2850	8.499865488377235	0.0	1364537	6701.521498197374	0.6499999999999999	2.85
483247.24959113426	750	10.194826430667103	0.0	450283	2305.039057710133	0.6499999999999999	0.75
483249.4193154032	750	12.025102161709118	0.0	398865	2169.7242689579857	0.6499999999999999	0.75
483251.44857953023	750	13.995838034688934	0.0	350812	2029.2641270201843	0.6499999999999999	0.75
483253.3952184746	750	16.04919909029681	0.0	382355	1946.638944392123	0.6499999999999999	0.75
483255.50162738666	750	17.942790178260022	0.0	411561	2106.408912036788	0.6499999999999999	0.75
483257.25871062535	750	20.185706939623785	0.0	318564	1757.083238636238	0.6499999999999999	0.75
483259.8176863841	1200	21.626731180904024	0.0	561791	2558.9757587197646	0.6499999999999999	0.75
483266.19703399116	1850	19.247383573838295	0.0	1060487	6379.347607065728	0.6499999999999999	1.2000000000000002

