774547.5953203711	750	4.0	10.5668423568866	450283	10566.8423568866	1	-44.687422134612376
774551.3809179331	300	4.214402438005955	0.0	155580	3785.597561994046	1	-0.15000000000000002
774554.6083269643	300	4.98699340690871	0.0	139857	3227.409031097244	1	0.3
774558.0351895295	300	5.560130841592451	0.0	155432	3426.8625653162603	1	0.3
774561.6008063043	300	5.9945140668928305	0.0	163442	3565.6167746996202	1	0.3
774564.3722332948	300	7.223087076342917	0.0	126289	2771.4269905499136	1	0.3
774567.7348287995	300	7.860491571585333	0.0	153295	3362.595504757585	1	0.3
774571.6740598459	300	7.921260525297048	0.0	173849	3939.2310462882856	1	0.3
774574.9947200555	300	8.600600315619209	0.0	150710	3320.660209677838	1	0.3
774577.9953426034	300	9.599977767586358	0.0	139105	3000.622548032851	1	0.3
774581.1324413421	300	10.462879028970969	0.0	141840	3137.098738615391	1	0.3
774584.4217445368	300	11.173575834259706	0.0	156148	3289.303194711263	1	0.3
774587.7248023067	300	11.870518064330117	0.0	160746	3303.057769929588	1	0.3
774591.4846049738	300	12.110715397255495	0.0	179801	3759.8026670746217	1	0.3
774594.3623940828	300	13.232926288294772	0.0	140051	2877.7891089607233	1	0.3
774597.1985187787	300	14.396801592348526	0.0	138313	2836.124695946245	1	0.3
774600.1381827219	300	15.457137649042043	0.0	143509	2939.663943306483	1	0.3
774603.23551018	300	16.35981019100547	0.0	150616	3097.3274580365746	1	0.3
774606.2972665129	300	17.298053858117527	0.0	165384	3061.7563328879423	1	0.3
774608.4929324614	300	19.102387909625186	0.0	140881	2195.6659484923393	1	0.3
774610.6587491105	300	20.936571260437226	0.0	157671	2165.8166491879597	1	0.3
774612.8264310372	300	22.768889333883514	0.0	157812	2167.681926553712	1	0.3
774615.0750077942	300	24.520312576893105	0.0	163927	2248.5767569904083	1	0.3
774616.9760212019	300	26.61929916905451	0.0	137654	1901.0134078385968	1	0.3
774618.9974177589	300	28.59790261207872	0.0	146754	2021.39655697579	1	0.3
774621.1138508591	300	30.481469511871985	0.0	153938	2116.433100206735	1	0.3
774623.6002041791	300	31.99511619195939	0.0	181901	2486.353319912597	1	0.3
774625.1506645024	300	34.4446558686248	0.0	111155	1550.4603233345867	1	0.3
774627.262692373	300	36.33262799794144	0.0	153605	2112.0278706833633	1	0.3
774629.3141847173	300	38.28113565368135	0.0	149029	2051.4923442600884	1	0.3
774634.1330210819	750	37.462299289106944	0.0	358218	4818.836364574414	1	0.3
774639.5088477884	750	36.086472582634464	0.0	400322	5375.8267064724805	1	0.75
774643.6457828131	750	35.94953755797824	0.0	369834	4136.935024656223	1	0.75
774647.762842595	750	35.832477776124215	0.0	412837	4117.059781854026	1	0.75
774651.7650109903	750	35.83030938088767	0.0	401088	4002.1683952365406	1	0.75
774655.4158556262	750	36.17946474486523	0.0	365161	3650.844636022445	1	0.75
774658.6354835224	750	36.959836848622444	0.0	321064	3219.6278962427814	1	0.75
774662.2511635124	750	37.344156858635955	0.0	361565	3615.679989986486	1	0.75
774666.0307561266	750	37.56456424438508	0.0	378327	3779.5926142508733	1	0.75
774669.9311465364	750	37.66417383467197	0.0	390680	3900.390409713109	1	0.75
774673.4952581701	750	38.10006220103655	0.0	345516	3564.1116336354207	1	0.75
774677.6043468692	750	37.99097350198565	0.0	384505	4109.088699050897	1	0.75
774681.5833747134	750	38.011945657624864	0.0	372093	3979.0278443607904	1	0.75
774686.2622136177	750	37.3331067533539	0.0	438281	4678.83890427096	1	0.75
774693.3650284638	1200	34.230291907336635	0.0	630203	7102.814846017271	1	0.75
774700.5620970152	1200	31.033223355818734	0.0	638661	7197.068551517903	1	1.2
774709.8995314881	1850	25.695788883066417	0.0	830730	9337.434472752315	1	1.2000000000000002
774746.9003749442	2850	4.0	11.305054573060698	1364537	37000.84345612711	1	-46.761734664161
774755.101208847	750	4.0	4.200833902828281	450283	8200.83390282828	1	-17.313585782161606
774757.277327254	300	5.823881593157099	0.0	155580	2176.118406842901	1	-0.15000000000000002
774759.2416107866	300	7.8595980604033535	0.0	139857	1964.2835327537448	1	0.3
774761.448745571	300	9.652463276090042	0.0	155432	2207.134784313311	1	0.3
774763.8459673898	300	11.255241457416432	0.0	163442	2397.22181867361	1	0.3
774765.6067884754	300	13.494420371771103	0.0	126289	1760.8210856453295	1	0.3
774767.8091885305	300	15.292020316597977	0.0	153295	2202.400055173125	1	0.3
774770.2785048506	300	16.822703996587617	0.0	173849	2469.3163200103577	1	0.3
774772.405268671	300	18.69594017620401	0.0	150710	2126.763820383607	1	0.3
774774.9723299725	300	20.12887887470785	0.0	139105	2567.06130149616	1	0.3

