893341.8689507033	750	4.0	1.6643098851032043	450283	1664.3098851032044	0.75	-6.406532505943778
893344.4153778567	1200	5.45357284649778	0.0	611087	2546.4271535022203	0.75	0.75
893346.6216965785	1200	7.24725412475361	0.0	571051	2206.3187217441705	0.75	1.2
893348.8588904721	1200	9.010060231197711	0.0	617681	2237.193893555899	0.75	1.2
893351.1632021584	1200	10.705748544794186	0.0	652874	2304.3116864035246	0.75	1.2
893353.0204398389	1200	12.848510864402495	0.0	520315	1857.2376803916932	0.75	1.2
893355.1204379655	1200	14.748512737828978	0.0	561791	2099.998126573517	0.75	1.2
893358.8389972367	1850	15.029953466585088	0.0	1060487	3718.5592712438906	0.75	1.2000000000000002
893364.0560500382	2850	13.812900665094658	0.0	1348011	5217.05280149043	0.75	1.85
893371.282826702	2850	10.58612400127873	0.0	1429765	7226.776663815928	0.75	2.85
893376.3165389646	1850	9.552411738677597	0.0	939819	5033.712262601133	0.75	0.8500000000000001
893381.2681015929	1850	8.600849110380219	0.0	917428	4951.562628297378	0.75	1.85
893384.7169552541	1850	9.151995449207046	0.0	946851	3448.853661173173	0.75	1.85
893389.5060395685	1850	8.362911134863523	0.0	1036454	4789.084314343522	0.75	1.85
893395.3998018537	1850	6.4691488495984055	0.0	821631	5893.7622852651175	0.75	1.85
893399.17934675	1850	6.689603953180218	0.0	923170	3779.544896418188	0.75	1.85
893402.8579444966	1850	7.011006206734329	0.0	966699	3678.597746445888	0.75	1.85
893406.0400073419	1850	7.828943361415208	0.0	885714	3182.0628453191216	0.75	1.85
893409.6253523966	1850	8.243598306643232	0.0	987708	3585.3450547719744	0.75	1.85
893417.8953307424	1850	4.0	0.026380039111658333	923755	8269.978345754891	0.75	1.7365658318198693
893420.6901289192	1200	5.205201823061269	0.0	601738	2794.798176938732	0.75	0.5499999999999999
893422.8663419705	1200	7.028988771785876	0.0	616206	2176.2130512753924	0.75	1.2
893429.790329238	1200	4.105001504268718	0.0	656471	6923.987267517158	0.75	1.2
893431.8264690359	1200	6.068861706383622	0.0	536667	2036.1397978850962	0.75	1.2
893436.6085670447	1200	5.286763697599639	0.0	587236	4782.098008783983	0.75	1.2
893438.1654438985	750	7.729886843742609	0.0	379700	1556.87685385703	0.75	0.3
893440.6095068661	1200	9.285823876160821	0.0	696376	2444.0629675817886	0.75	0.75
893442.3433216375	1200	11.552009104705252	0.0	487160	1733.81477145557	0.75	1.2
893446.0634862811	1200	11.831844461175068	0.0	622896	3720.1646435301845	0.75	1.2
893448.9271104932	1200	12.968220248984398	0.0	641447	2863.624212190669	0.75	1.2
893454.0545459143	1200	11.840784827853941	0.0	570392	5127.435421130458	0.75	1.2
893456.2512797907	1200	13.644050951520871	0.0	620283	2196.7338763330704	0.75	1.2
893458.5094440713	1200	15.385886670926483	0.0	584349	2258.164280594387	0.75	1.2
893462.4869451199	1850	15.408385622217024	0.0	1035329	3977.5010487094605	0.75	1.2000000000000002
893468.3446626029	1850	13.550668139336576	0.0	1026056	5857.717482880446	0.75	1.85
893473.0958167508	1850	12.799513991439193	0.0	943942	4751.154147897383	0.75	1.85
893477.2987052583	1850	12.596625483981425	0.0	728962	4202.888507457768	0.75	1.85
893481.8319399054	1850	12.063390836846134	0.0	938587	4533.23464713529	0.75	1.85
893485.184782563	1850	12.710548179315316	0.0	908665	3352.8426575308185	0.75	1.85
893488.5667369416	1850	13.328593800727711	0.0	930577	3381.9543785876044	0.75	1.85
893491.6767536826	1850	14.21857705978009	0.0	858450	3110.016740947621	0.75	1.85
893498.8239218264	1850	11.07140891583783	0.0	1025005	7147.16814394226	0.75	1.85
893501.9066857803	1850	11.988644962030907	0.0	886255	3082.763953806924	0.75	1.85
893507.975070938	1850	9.920259804301383	0.0	973972	6068.385157729525	0.75	1.85
893512.2596502705	1850	9.635680471829557	0.0	958994	4284.579332471825	0.75	1.85
893515.8184299223	1850	10.076900819905742	0.0	982064	3558.779651923815	0.75	1.85
893520.2553262009	2850	9.640004541436971	0.0	1231456	4436.896278468772	0.75	1.85
893528.4878591405	2850	5.407471601707097	0.0	1364537	8232.532939729874	0.75	2.85
893530.2269716491	750	7.668359093221866	0.0	450283	1739.1125084852297	0.75	0.75
893532.4300062412	1200	9.465324501022568	0.0	611087	2203.034592199299	0.75	0.75
893535.2241540956	1200	10.671176646517084	0.0	571051	2794.147854505484	0.75	1.2
893538.7568559673	1200	11.13847477484435	0.0	617681	3532.7018716727343	0.75	1.2
893545.4210574299	1200	8.474273312235859	0.0	652874	6664.201462608491	0.75	1.2
893547.8086128094	1200	10.086717932697349	0.0	520315	2387.5553795385104	0.75	1.2
893551.1077300967	1850	10.787600645416653	0.0	905515	3299.1172872806974	0.75	1.2000000000000002
893555.9339981605	1850	9.961332581596547	0.0	1060487	4826.268063820105	0.75	1.85
893562.1587254354	1850	7.7366053067552985	0.0	852833	6224.727274841249	0.75	1.85
893564.1907896603	1200	9.704541081791803	0.0	560821	2032.064224963497	0.75	0.5499999999999999
893567.1165692937	1200	10.778761448559326	0.0	607410	2925.7796332324765	0.75	1.2
893570.6980034318	1200	11.197327310346322	0.0	594078	3581.434138213004	0.75	1.2
893575.3571606553	1200	10.538170086916322	0.0	624282	4659.15722343	0.75	1.2
893578.3350572537	1200	11.560273488457788	0.0	687371	2977.8965984585348	0.75	1.2
893581.1673752065	1200	12.727955535704663	0.0	526950	2832.317952753125	0.75	1.2
893583.4993067003	1200	14.396024041781596	0.0	587876	2331.9314939230685	0.75	1.2
893588.8706535057	1200	13.0246772364438	0.0	617242	5371.346805337796	0.75	1.2
893591.3627478663	1200	14.53258287584976	0.0	581493	2492.094360594039	0.75	1.2
893595.7392370875	1200	14.15609365460232	0.0	639204	4376.489221247442	0.75	1.2
893597.9180621793	1200	15.977268562705605	0.0	586839	2178.825091896714	0.75	1.2
893600.156037704	1200	17.739293037994212	0.0	601738	2237.9755247113917	0.75	1.2
893605.8559547527	1850	16.039375989271917	0.0	955231	5699.917048722293	0.75	1.2000000000000002
893611.1590894469	1850	14.736241295087801	0.0	968026	5303.134694184118	0.75	1.85
893638.1590090452	1850	4.0	12.263678303239123	874175	26999.919598326924	0.75	-50.883816703928225
893638.7567693966	300	7.4022396487231905	0.0	146754	597.7603512768092	0.75	-1.25
893640.185691652	750	9.973317393165228	0.0	379700	1428.9222555579643	0.75	0.3
893642.4566073826	750	11.70240166259214	0.0	425781	2270.9157305730887	0.75	0.75
893643.5337930167	750	14.625216028593726	0.0	277716	1077.1856339984129	0.75	0.75
893645.7812534788	750	16.3777555664047	0.0	400396	2247.460462189022	0.75	0.75
893648.6803592168	750	17.47864982850737	0.0	400508	2899.105737897334	0.75	0.75
893650.425112515	750	19.733896530303493	0.0	358218	1744.7532982038751	0.75	0.75
893652.1001146118	750	22.05889443356673	0.0	400322	1675.0020967367604	0.75	0.75
893656.6883939205	1850	21.470615124745382	0.0	885062	4588.279308821353	0.75	0.75
893662.6072227607	2850	19.551786284569882	0.0	1587293	5918.828840175499	0.75	1.85
893668.1165167348	2850	18.04249231036293	0.0	1492672	5509.293974206954	0.75	2.85
893676.5134393164	2850	13.645569728838103	0.0	1439896	8396.922581524826	0.75	2.85
893680.8144668658	1850	13.344542179273741	0.0	728962	4301.027549564362	0.75	0.8500000000000001
893684.82602681	1850	13.332982235207426	0.0	938587	4011.559944066315	0.75	1.85
893690.0225775583	1850	12.136431486872166	0.0	908665	5196.550748335261	0.75	1.85
893693.4883651644	1850	12.67064388070037	0.0	930577	3465.787606171797	0.75	1.85
893698.6558466873	1850	11.503162357790899	0.0	858450	5167.481522909469	0.75	1.85
893702.2721250837	1850	11.886883961385314	0.0	1025005	3616.2783964055848	0.75	1.85
893707.7762435015	1850	10.382765543591727	0.0	886255	5504.118417793587	0.75	1.85
893712.0784353475	1850	10.080573697483894	0.0	973972	4302.191846107833	0.75	1.85
893717.4589323797	1850	8.700076665294219	0.0	958994	5380.497032189675	0.75	1.85
893720.8715700125	1850	9.287439032433028	0.0	982064	3412.6376328611905	0.75	1.85
893728.3294969071	1850	5.829512137899435	0.0	830730	7457.926894533592	0.75	1.85
893731.8569549012	1850	6.30205414383781	0.0	846370	3527.457994061625	0.75	1.85
893736.8021121126	750	5.356896932379423	0.0	450283	4945.157211458387	0.75	0.75
893738.6800310441	750	7.478978001060832	0.0	398865	1877.9189313185918	0.75	0.75
893740.748622677	1200	9.410386367994207	0.0	571051	2068.5916330666264	0.75	0.75
893750.4322718781	1200	4.0	0.2732628330412226	617681	9683.649201035429	0.75	0.024969817922742665
893751.921817566	750	6.510454312037521	0.0	411561	1489.5456879624787	0.75	0.3
893753.0928599936	750	9.339411884450652	0.0	318564	1171.0424275868681	0.75	0.75
893754.7598163482	750	11.672455529842242	0.0	352642	1666.9563546084091	0.75	0.75
893760.5749794225	1200	9.857292455554038	0.0	709534	5815.1630742882035	0.75	0.75
893764.8363776457	1200	9.595894232318496	0.0	584846	4261.398223235542	0.75	1.2
893769.3202936151	1200	9.111978262950107	0.0	560821	4483.91596936839	0.75	1.2
893771.5426685633	1200	10.88960331474496	0.0	607410	2222.3749482051453	0.75	1.2
893773.7206778285	1200	12.711594049574162	0.0	594078	2178.0092651707982	0.75	1.2
893775.9285022679	1200	14.503769610206817	0.0	624282	2207.8244393673444	0.75	1.2
893779.6881010042	1200	14.744170873968766	0.0	687371	3759.598736238051	0.75	1.2
893781.5475839151	1200	16.884687963076445	0.0	526950	1859.48291089232	0.75	1.2
893783.6245048492	1200	18.807767029037056	0.0	587876	2076.920934039389	0.75	1.2
893785.7985360171	1200	20.63373586113566	0.0	617242	2174.031167901396	0.75	1.2
893791.4230986445	1850	19.00917323374388	0.0	885714	5624.562627391775	0.75	1.2000000000000002
893795.2992752511	1850	19.13299662710845	0.0	987708	3876.1766066354285	0.75	1.85
893802.098405097	1850	16.333866781226597	0.0	923755	6799.129845881855	0.75	1.85
893812.2639155933	1850	10.168356284996241	0.0	891604	10165.510496230356	0.75	1.85
893816.5592536718	1200	9.8730182065231	0.0	616206	4295.338078473144	0.75	0.5499999999999999
893818.9016787445	1200	11.530593133817082	0.0	656471	2342.425072706017	0.75	1.2
893820.8542564729	1200	13.578015405282391	0.0	536667	1952.5777285346896	0.75	1.2
893825.675868797	1200	12.756403081335193	0.0	587236	4821.612323947198	0.75	1.2
893827.8094826516	1200	14.622789226655032	0.0	590335	2133.613854680161	0.75	1.2
893830.3029878939	1200	16.12928398434811	0.0	696376	2493.505242306922	0.75	1.2
893832.0377359163	1200	18.394535961926078	0.0	487160	1734.7480224220294	0.75	1.2
893835.4321089474	1850	19.000162930933794	0.0	972798	3394.3730309922807	0.75	1.2000000000000002
893839.8582611989	1850	18.574010679422646	0.0	975811	4426.152251511148	0.75	1.85
893843.1430571118	1850	19.28921476661533	0.0	873429	3284.7959128073126	0.75	1.85
893846.6988640549	1850	19.73340782347252	0.0	954453	3555.8069431428157	0.75	1.85
893849.9620395396	1850	20.47023233887269	0.0	885062	3263.1754845998253	0.75	1.85
893855.6394438832	2850	18.792827995301643	0.0	1587293	5677.404343571048	0.75	1.85
893862.6830396106	2850	15.749232267808013	0.0	1492672	7043.595727493631	0.75	2.85
893867.6834294443	2850	14.748842434176161	0.0	1439896	5000.389833631851	0.75	2.85
893871.9415363203	2850	14.49073555825988	0.0	1139291	4258.106875916282	0.75	2.85
893879.4386986815	2850	10.993573196827827	0.0	1499009	7497.162361432053	0.75	2.85
893882.8112091345	1850	11.621062743882943	0.0	908665	3372.510452944883	0.75	0.8500000000000001
893886.2258348004	1850	12.206437078053654	0.0	930577	3414.62566582929	0.75	1.85
893889.5651585255	1850	12.867113352950778	0.0	858450	3339.323725102877	0.75	1.85
893893.1387375973	1850	13.293534281143762	0.0	1025005	3573.5790718070148	0.75	1.85
893896.26463744	1850	14.167634438374254	0.0	886255	3125.8998427695083	0.75	1.85
893900.1785594041	1850	14.25371247421317	0.0	973972	3913.921964161084	0.75	1.85
893908.2993483023	2850	10.132923576151416	0.0	1464921	8120.788898061755	0.75	1.85
893915.3423591156	2850	7.08991276277115	0.0	1483527	7043.010813380265	0.75	2.85
893918.3397936766	1850	8.092478201815583	0.0	830730	2997.4345609555676	0.75	0.8500000000000001
893926.2153339002	2850	4.216937978243871	0.0	1364537	7875.540223571711	0.75	1.85
893933.456696147	750	4.0	3.024424268496933	450283	7241.362246740805	0.75	-12.255024354536811
893935.1506046545	750	6.306091492546726	0.0	398865	1693.9085074532732	0.75	0.75
893937.99570815	1200	7.460987996894446	0.0	571051	2845.103495652281	0.75	0.75
893940.5682728816	1200	8.888423265386136	0.0	617681	2572.5647315083097	0.75	1.2
893943.0785819148	1200	10.378114232116868	0.0	652874	2510.3090332692686	0.75	1.2
893945.0485131524	1200	12.408182994558699	0.0	520315	1969.9312375581708	0.75	1.2
893947.0372340281	1200	14.419462118795808	0.0	561791	1988.7208757628912	0.75	1.2
893949.5342482947	1200	15.922447852138978	0.0	709534	2497.01426665683	0.75	1.2
893953.7307026456	1200	15.72599350117737	0.0	584846	4196.454350961606	0.75	1.2
893955.8612666439	1200	17.595429502932056	0.0	560821	2130.5639982453126	0.75	1.2
893959.2350188049	1200	18.2216773418799	0.0	607410	3373.7521610521576	0.75	1.2
893967.2377619217	1850	14.218934225048468	0.0	917428	8002.743116831431	0.75	1.2000000000000002
893971.1045183017	1850	14.352177845058794	0.0	946851	3866.756379989674	0.75	1.85
893975.9428608055	1850	13.513835341302292	0.0	1036454	4838.3425037565	0.75	1.85
893979.1151810804	1850	14.341515066354699	0.0	821631	3172.320274947592	0.75	1.85
893985.1809979401	1850	12.275698206600035	0.0	923170	6065.8168597546655	0.75	1.85
893988.9705159354	1850	12.486180211353439	0.0	966699	3789.517995246595	0.75	1.85
893993.58941001	1850	11.8672861368105	0.0	885714	4618.894074542938	0.75	1.85
893997.2062815338	1850	12.25041461299338	0.0	987708	3616.8715238171217	0.75	1.85
894000.5845999687	1850	12.87209617799336	0.0	923755	3378.3184350000192	0.75	1.85
894003.7349489236	1850	13.721747223188174	0.0	891604	3150.3489548051853	0.75	1.85
894007.7915072233	1850	13.665188923526694	0.0	955231	4056.558299661481	0.75	1.85
894013.2345611311	1850	12.222135015711244	0.0	968026	5443.053907815451	0.75	1.85
894016.4962435374	1850	12.96045260936087	0.0	874175	3261.6824063503745	0.75	1.85
894019.8358214515	1850	13.620874695274258	0.0	897976	3339.577914086611	0.75	1.85
894022.9795652141	1850	14.477130932678351	0.0	905935	3143.743762595907	0.75	1.85
894026.6984224091	1850	14.758273737714685	0.0	1076599	3718.857194963669	0.75	1.85
894029.3471155004	1850	16.109580646560843	0.0	758197	2648.693091153841	0.75	1.85
894032.7480385168	1850	16.708657629989542	0.0	972798	3400.923016571301	0.75	1.85
894038.111526543	1850	15.345169603886232	0.0	975811	5363.488026103311	0.75	1.85
894041.1639724785	1850	16.29272366840727	0.0	873429	3052.4459354789624	0.75	1.85
894044.488016242	1850	16.968679904884077	0.0	954453	3324.043763523195	0.75	1.85
894047.6733934312	1850	17.783302715702664	0.0	885062	3185.3771891814135	0.75	1.85
894051.3610199988	1850	18.095676148052803	0.0	1035329	3687.6265676498588	0.75	1.85
894055.4319698861	1850	18.024726260830224	0.0	1026056	4070.949887222582	0.75	1.85
894058.866733455	1850	18.589962691983914	0.0	943942	3434.7635688463097	0.75	1.85
894061.780314452	1850	19.676381694875346	0.0	728962	2913.5809971085714	0.75	1.85
894065.2134190752	1850	20.243277071693665	0.0	938587	3433.1046231816795	0.75	1.85
894070.4181695273	2850	19.038526619623518	0.0	1427478	5204.750452070147	0.75	1.85
894079.2552651252	2850	14.20143102170087	0.0	1402287	8837.095597922647	0.75	2.85
894084.0080364652	2850	13.448659681715922	0.0	1339500	4752.771339984948	0.75	2.85
894090.2998879992	2850	11.15680814769345	0.0	1527299	6291.851534022473	0.75	2.85
894093.6851798857	1850	11.771516261073359	0.0	886255	3385.291886620091	0.75	0.8500000000000001
894098.4057574363	1850	11.050938710558492	0.0	973972	4720.577550514867	0.75	1.85
894101.6851309759	1850	11.771565170877452	0.0	958994	3279.3735396810407	0.75	1.85
894111.8823633197	2850	5.574332827084356	0.0	1483527	10197.232343793095	0.75	1.85
894114.7852447825	1850	6.671451364395946	0.0	830730	2902.88146268841	0.75	0.8500000000000001
894119.5385212821	2850	5.918174864675621	0.0	1364537	4753.276499720324	0.75	1.85
894122.1446323048	750	7.312063842098143	0.0	450283	2606.1110225774787	0.75	0.75
894124.7084603902	1200	8.748235756713683	0.0	611087	2563.8280853844617	0.75	0.75
894127.3750403757	1200	10.081655771238681	0.0	571051	2666.5799854750007	0.75	1.2
894129.6824968195	1200	11.774199327468184	0.0	617681	2307.4564437704994	0.75	1.2
894133.4568030257	1850	11.999893121250095	0.0	996749	3774.3062062180884	0.75	1.2000000000000002
894136.6831944783	1850	12.773501668659895	0.0	801058	3226.3914525901987	0.75	1.85
894139.9824264359	1850	13.474269711004808	0.0	905515	3299.231957655087	0.75	1.85
894143.8309100472	1850	13.625786099771148	0.0	1060487	3848.4836112336607	0.75	1.85
894148.4780409061	1850	12.978655240703898	0.0	852833	4647.130859067248	0.75	1.85
894152.3137232023	1850	13.14297294456363	0.0	913888	3835.6822961402686	0.75	1.85
894157.7377291674	1850	11.718966979452395	0.0	939819	5424.005965111236	0.75	1.85
894162.8649773544	1850	10.591718792542663	0.0	917428	5127.248186909732	0.75	1.85
894166.8927154928	1850	10.563980654192612	0.0	946851	4027.7381383500506	0.75	1.85
894171.1254263729	1850	10.33126977398514	0.0	1036454	4232.710880207472	0.75	1.85
894174.0037727591	1850	11.452923387759114	0.0	821631	2878.3463862260255	0.75	1.85
894184.1485440246	1850	5.308152122262183	0.0	923170	10144.771265496931	0.75	1.85
894186.2947557543	1200	7.1619403925464775	0.0	617242	2146.211729715706	0.75	0.5499999999999999
894188.3177740925	1200	9.138922054317462	0.0	581493	2023.0183382290163	0.75	1.2
894190.5363296695	1200	10.920366477365533	0.0	639204	2218.555576951928	0.75	1.2
894192.596820574	1200	12.85987557277429	0.0	586839	2060.4909045912436	0.75	1.2
894194.7075933004	1200	14.749102846444028	0.0	601738	2110.772726330263	0.75	1.2
894199.1406399561	1850	14.316056190644384	0.0	955231	4433.046655799643	0.75	1.2000000000000002
894205.50011917	1850	11.95657697672431	0.0	968026	6359.479213920074	0.75	1.85
894208.5629279695	1850	12.893768177331724	0.0	874175	3062.808799392588	0.75	1.85
894211.6608395337	1850	13.795856613146942	0.0	897976	3097.911564184781	0.75	1.85
894215.9892883636	1850	13.467407783277752	0.0	905935	4328.4488298691895	0.75	1.85
894221.7885865318	1850	11.668109615126507	0.0	1076599	5799.298168151245	0.75	1.85
894226.7761235224	1850	10.680572624441139	0.0	758197	4987.5369906853675	0.75	1.85
894231.8914995287	1850	9.5651966182465	0.0	972798	5115.376006194639	0.75	1.85
894235.2822955805	1850	10.17440056635377	0.0	975811	3390.7960518927307	0.75	1.85
894240.0205342552	1850	9.436161891719413	0.0	873429	4738.238674634355	0.75	1.85
894244.0348121249	1850	9.421884021923713	0.0	954453	4014.277869795699	0.75	1.85
894246.1044659329	1200	11.352230213894181	0.0	584349	2069.653808029532	0.75	0.5499999999999999
894251.1857310612	1200	10.270965085749305	0.0	670129	5081.265128144876	0.75	1.2
894256.847473584	1200	8.609222562789437	0.0	690253	5661.742522959869	0.75	1.2
894258.9484419412	1200	10.508254205735781	0.0	598727	2100.968357053656	0.75	1.2
894260.6802237564	1200	12.776472390570673	0.0	487812	1731.7818151651081	0.75	1.2
894262.7019608484	1200	14.754735298420998	0.0	575591	2021.7370921496756	0.75	1.2
894264.916875046	1200	16.53982110081505	0.0	605884	2214.914197605947	0.75	1.2
894270.0512124633	1850	15.405483683572262	0.0	930577	5134.337417242788	0.75	1.2000000000000002
894274.9486920943	1850	14.50800405256262	0.0	858450	4897.479631009642	0.75	1.85
894279.1194734029	1850	14.337222744007306	0.0	1025005	4170.781308555315	0.75	1.85
894285.1496215467	1850	12.307074600076158	0.0	886255	6030.148143931148	0.75	1.85
894290.7532325881	1850	10.7034635587991	0.0	973972	5603.611041277057	0.75	1.85
894299.6855661899	1850	5.771129956965557	0.0	958994	8932.333601833543	0.75	1.85
894303.5974168925	1200	5.859279254319323	0.0	638661	3911.8507026462344	0.75	0.5499999999999999
894305.8241767323	1200	7.632519414529992	0.0	538612	2226.7598397893307	0.75	1.2
894310.6688815382	2850	6.787814608673256	0.0	1364537	4844.704805856736	0.75	1.2000000000000002
894312.2840748422	750	9.172621304625787	0.0	450283	1615.1933040474692	0.75	0.75
894313.7662562203	750	11.69043992651445	0.0	398865	1482.1813781113365	0.75	0.75
894315.2638597239	750	14.19283642287449	0.0	350812	1497.6035036399605	0.75	0.75
894319.8817289291	1200	13.57496721766445	0.0	617681	4617.869205210041	0.75	0.75
894322.2825282827	1200	15.174167864027638	0.0	652874	2400.7993536368112	0.75	1.2
894329.538426564	1850	11.918269582772272	0.0	801058	7255.898281255367	0.75	1.2000000000000002
894332.7084780135	1850	12.748218133227258	0.0	905515	3170.0514495450134	0.75	1.85
894337.0226130281	1850	12.43408311869397	0.0	1060487	4314.135014533287	0.75	1.85
894341.3867974381	1850	12.06989870861553	0.0	852833	4364.184410078441	0.75	1.85
894344.5406340546	1850	12.916062092270657	0.0	913888	3153.8366163448723	0.75	1.85
894347.921720936	1850	13.534975210840228	0.0	939819	3381.086881430428	0.75	1.85
894351.330741929	1850	14.12595421769722	0.0	917428	3409.0209931430068	0.75	1.85
894356.8638043238	1850	12.592891822998004	0.0	946851	5533.062394699216	0.75	1.85
894362.1553312176	1850	11.301364929209967	0.0	1036454	5291.526893788037	0.75	1.85
894365.4392459403	1850	12.01745020636924	0.0	821631	3283.914722840727	0.75	1.85
894371.599051895	1850	9.857644251649388	0.0	923170	6159.805954719851	0.75	1.85
894375.1940377095	1850	10.262658437246602	0.0	966699	3594.9858144027853	0.75	1.85
894378.8956998741	1850	10.560996272527477	0.0	885714	3701.662164719123	0.75	1.85
894382.549523044	1850	10.907173102707576	0.0	987708	3653.823169819902	0.75	1.85
894389.2475842006	1850	8.209111946019839	0.0	923755	6698.061156687738	0.75	1.85
894393.4026652924	1850	8.054030854315029	0.0	891604	4155.081091704811	0.75	1.85
894397.2214125502	1850	8.235283596528335	0.0	955231	3818.7472577866924	0.75	1.85
894400.649883316	1850	8.80681283075077	0.0	968026	3428.4707657775652	0.75	1.85
894403.6927560851	1850	9.763940061783819	0.0	874175	3042.8727689669518	0.75	1.85
894406.8153683902	1850	10.641327756622863	0.0	897976	3122.6123051609557	0.75	1.85
894409.967313248	1850	11.489382898939931	0.0	905935	3151.9448576829313	0.75	1.85
894415.7076027668	1850	9.749093380135921	0.0	1076599	5740.289518804012	0.75	1.85
894418.3812963348	1850	11.07539981209307	0.0	758197	2673.693568042851	0.75	1.85
894423.8980000354	1850	9.558696111486052	0.0	972798	5516.703700607019	0.75	1.85
894427.9030066503	1850	9.553689496514759	0.0	975811	4005.0066149712925	0.75	1.85
894434.0489499717	1850	7.407746175139994	0.0	873429	6145.943321374765	0.75	1.85
894437.3597325698	1850	8.096963577044408	0.0	954453	3310.782598095585	0.75	1.85
894439.4154194018	1200	10.041276745015093	0.0	584349	2055.6868320293142	0.75	0.5499999999999999
894441.7409843461	1200	11.715711800735141	0.0	670129	2325.5649442799513	0.75	1.2
894445.2906987694	1850	12.165997377546214	0.0	1026056	3549.714423188928	0.75	1.2000000000000002
894449.8542279919	1850	11.602468154894625	0.0	943942	4563.529222651589	0.75	1.85
894455.9520168974	1850	9.504679249415046	0.0	728962	6097.788905479579	0.75	1.85
894459.1982715992	1850	10.258424547614508	0.0	938587	3246.254701800539	0.75	1.85
894462.3508316006	1850	11.10586454630791	0.0	908665	3152.5600013065978	0.75	1.85
894466.1190309887	1850	11.337665158135229	0.0	930577	3768.1993881726817	0.75	1.85
894470.9057432062	1850	10.550952940660013	0.0	858450	4786.712217475218	0.75	1.85
894474.6541336229	1850	10.802562523889774	0.0	1025005	3748.390416770239	0.75	1.85
894477.8019092819	1850	11.654786864895346	0.0	886255	3147.775658994427	0.75	1.85
894482.9195773618	1850	10.537118784971902	0.0	973972	5117.668079923443	0.75	1.85
894486.595506504	1850	10.861189642862549	0.0	958994	3675.9291421093544	0.75	1.85
894496.078376762	2850	5.378319384817221	0.0	1483527	9482.870258045326	0.75	1.85
894499.4268133213	1850	6.029882825547387	0.0	830730	3348.436559269835	0.75	0.8500000000000001
894504.1841846011	2850	5.272511545825537	0.0	1364537	4757.371279721849	0.75	1.85
894505.9611596656	750	7.495536481333906	0.0	450283	1776.9750644916326	0.75	0.75
894510.2139184217	750	7.242777725236673	0.0	398865	4252.758756097232	0.75	0.75
894511.612648204	750	9.844047942901026	0.0	350812	1398.729782335647	0.75	0.75
894514.5603388433	750	10.89635730368663	0.0	382355	2947.6906392143974	0.75	0.75
894517.6735558358	1200	11.783140311101215	0.0	652874	3113.216992585414	0.75	0.75
894523.3515402458	1200	10.105155901189395	0.0	520315	5677.98440991182	0.75	1.2
894526.7738682418	1200	10.682827905147024	0.0	561791	3422.327996042372	0.75	1.2
894529.3896519745	1200	12.06704417235547	0.0	709534	2615.783732791553	0.75	1.2
894533.7213930888	1200	11.735303058114248	0.0	584846	4331.741114241221	0.75	1.2
894536.5194754954	1200	12.937220651446733	0.0	560821	2798.0824066675154	0.75	1.2
894543.3383568149	1200	10.118339331895134	0.0	607410	6818.881319551597	0.75	1.2
894545.8339462877	1200	11.622749859067355	0.0	594078	2495.58947282778	0.75	1.2
894549.3634588066	1200	12.093237340210978	0.0	624282	3529.512518856377	0.75	1.2
894555.1192160011	1200	10.337480145643283	0.0	687371	5755.757194567695	0.75	1.2
894557.3311900283	1200	12.12550611854482	0.0	526950	2211.974027098464	0.75	1.2
894562.8557787078	1200	10.600917439090262	0.0	587876	5524.588679454558	0.75	1.2
894565.39146223	1200	12.065233916836958	0.0	617242	2535.683522253304	0.75	1.2
894567.7191843106	1200	13.737511836110807	0.0	581493	2327.7220807261506	0.75	1.2
894570.2295835282	1200	15.227112618491454	0.0	639204	2510.3992176193533	0.75	1.2
894572.684176314	1200	16.77251983279595	0.0	586839	2454.5927856955045	0.75	1.2
894575.4237654816	1200	18.032930665197114	0.0	601738	2739.58916759884	0.75	1.2
894580.7694862459	1850	16.68720990075625	0.0	955231	5345.720764440861	0.75	1.2000000000000002
894584.395893867	1850	17.06080227976344	0.0	968026	3626.4076209928076	0.75	1.85
894587.7143393452	1850	17.74235680154339	0.0	874175	3318.445478220048	0.75	1.85
894592.6613973168	1850	16.795298829903153	0.0	897976	4947.05797164024	0.75	1.85
894598.5829401498	1850	14.873755996941677	0.0	905935	5921.542832961478	0.75	1.85
894602.8314302268	1850	14.6252659199617	0.0	1076599	4248.490076979974	0.75	1.85
894606.4705566665	1850	14.986139480275694	0.0	758197	3639.1264396860065	0.75	1.85
894610.162555917	1850	15.294140229751346	0.0	972798	3691.9992505243504	0.75	1.85
894613.6070302619	1850	15.849665884951314	0.0	975811	3444.4743448000318	0.75	1.85
894616.9895611102	1850	16.467135036739297	0.0	873429	3382.5308482120195	0.75	1.85
894620.581613821	1850	16.875082325797294	0.0	954453	3592.0527109419977	0.75	1.85
894623.7280040071	1850	17.728692139765357	0.0	885062	3146.3901860319374	0.75	1.85
894630.184479872	1850	15.27221627491347	0.0	1035329	6456.475864851886	0.75	1.85
894633.9175752862	1850	15.539120860578713	0.0	1026056	3733.095414334757	0.75	1.85
894637.2066714723	1850	16.250024674545827	0.0	943942	3289.0961860328853	0.75	1.85
894639.7602864179	1850	17.696409728899074	0.0	728962	2553.6149456467515	0.75	1.85
894643.2269881222	1850	18.22970802463659	0.0	938587	3466.7017042624834	0.75	1.85
894646.5952676669	1850	18.861428480059203	0.0	908665	3368.2795445773877	0.75	1.85
894650.0784243662	1850	19.378271780631753	0.0	930577	3483.1566994274494	0.75	1.85
894653.3142591964	1850	20.142436950474504	0.0	858450	3235.834830157249	0.75	1.85
894656.9382660121	1850	20.51843013481633	0.0	1025005	3624.006815658173	0.75	1.85
894661.6983617226	2850	19.758334424278395	0.0	1343002	4760.095710537935	0.75	1.85
894667.3976012298	2850	18.059094917073597	0.0	1587250	5699.239507204799	0.75	2.85
894674.3739741776	2850	15.082721969302765	0.0	1464921	6976.372947770832	0.75	2.85
894679.714312219	2850	13.742383927939288	0.0	1483527	5340.338041363477	0.75	2.85
894684.0571360579	2850	13.39956008902674	0.0	1231456	4342.823838912548	0.75	2.85

