686518.3847574642	750	4.0	8.730852756429963	450283	8730.852756429962	0.75	-36.792666852648836
686523.3255796296	300	4.0	0.9408221654376302	155580	4940.82216543763	0.75	-4.19553531138181
686531.5783112904	300	4.0	4.252731660779558	139857	8252.731660779558	0.75	-17.986746141352096
686534.6055157081	300	4.972795582352942	0.0	155432	3027.2044176470567	0.75	0.3
686537.7815828099	300	5.7967284805094765	0.0	163442	3176.0671018434664	0.75	0.3
686542.3684971622	300	5.209814128228406	0.0	126289	4586.914352281071	0.75	0.3
686544.2748780461	300	7.303433244276044	0.0	153295	1906.3808839523622	0.75	0.3
686545.6737174061	300	9.904593884301566	0.0	173849	1398.83935997448	0.75	0.3
686546.7731813994	300	12.805129890951655	0.0	150710	1099.4639933499102	0.75	0.3
686547.6731298114	300	15.905181479017644	0.0	139105	899.9484119340124	0.75	0.3
686548.5612598825	300	19.017051407907438	0.0	141840	888.1300711102047	0.75	0.3
686549.9820541644	300	21.59625712610917	0.0	156148	1420.7942817982685	0.75	0.3
686556.4816542652	750	19.0966570254129	0.0	386351	6499.60010069627	0.7	0.3
686560.6910249388	750	18.887286351703107	0.0	434409	4209.370673709792	0.7	0.75
686564.1414277209	750	19.43688356967149	0.0	337059	3450.4027820316205	0.7	0.75
686570.219427323	750	17.358883967646346	0.0	366214	6077.999602025144	0.7	0.75
686576.282118272	750	15.296193018610323	0.0	360831	6062.690949036023	0.7	0.75
686580.667972635	750	14.910338655697204	0.0	372963	4385.854362913119	0.7	0.75
686586.416982231	750	13.161329059716547	0.0	405596	5749.009595980658	0.7	0.75
686590.3752138079	750	13.203097482757528	0.0	350713	3958.231576959018	0.7	0.75
686593.5268073834	750	14.051503907308836	0.0	386472	3151.5935754486923	0.7	0.75
686602.5379567127	750	9.040354578116515	0.0	399894	9011.14932919232	0.7	0.75
686606.1382507447	750	9.440060546001813	0.0	401853	3600.2940321147016	0.7	0.75
686608.9430734547	750	10.635237836064348	0.0	343800	2804.8227099374653	0.7	0.75
686610.7468630017	300	12.831448288966683	0.0	146754	1803.7895470976664	0.7	-0.15000000000000002
686612.391645727	300	15.186665563613257	0.0	153938	1644.7827253534267	0.7	0.3
686614.0656098151	300	17.512701475474934	0.0	181901	1673.964088138325	0.7	0.3
686617.2958955693	750	18.282415721422513	0.0	277716	3230.2857540524224	0.7	0.3
686621.392926198	750	18.185385092657143	0.0	400396	4097.030628765369	0.7	0.75
686627.0716782408	750	16.506633049902163	0.0	400508	5678.752042754981	0.7	0.75
686631.6978270772	750	15.880484213443967	0.0	358218	4626.1488364581965	0.7	0.75
686637.5816258144	750	13.996685476334479	0.0	400322	5883.79873710949	0.7	0.75
686641.2560515781	750	14.3222597126795	0.0	369834	3674.4257636549783	0.7	0.75
686648.1649548177	750	11.413356472955003	0.0	412837	6908.903239724497	0.7	0.75
686654.0002128561	750	9.578098434730864	0.0	401088	5835.258038224139	0.7	0.75
686661.0896527409	750	6.488658550005648	0.0	365161	7089.439884725216	0.7	0.75
686663.2166120323	300	8.361699258601762	0.0	131610	2126.9592914038867	0.7	-0.15000000000000002
686664.3677976648	300	11.210513626073086	0.0	124011	1151.1856325286767	0.7	0.3
686665.6337713362	300	13.944539954745078	0.0	144254	1265.9736713280074	0.7	0.3
686666.8472137038	300	16.731097587159283	0.0	149991	1213.4423675857972	0.7	0.3
686674.0961402468	300	13.482171044043229	0.0	147968	7248.926543116054	0.7	0.3
686675.388782769	300	16.18952852200237	0.0	161857	1292.6425220408582	0.7	0.3
686678.0723700812	300	17.505941209813535	0.0	145210	2683.5873121888344	0.7	0.3
686679.3831224445	300	20.195188846523312	0.0	172312	1310.7523632902244	0.7	0.3
686684.7972393936	750	18.781071897475584	0.0	398987	5414.1169490477305	0.7	0.3
686687.4218089081	750	20.15650238299255	0.0	393804	2624.5695144830343	0.7	0.75
686691.0492947028	1200	20.529016588360932	0.0	538612	3627.4857946316165	0.7	0.75
686708.0051590737	2850	7.57315221742346	0.0	1364537	16955.864370937474	0.7	1.2000000000000002
686714.0314061744	750	5.546905116714143	0.0	450283	6026.247100709316	0.7	0.75
686719.3008509467	750	4.277460344488334	0.0	398865	5269.444772225809	0.7	0.75
686720.8267939142	300	6.751517376922065	0.0	139857	1525.9429675662693	0.7	-0.15000000000000002
686722.8139899286	300	8.764321362535105	0.0	155432	1987.1960143869596	0.7	0.3
686724.2115425565	300	11.366768734558546	0.0	163442	1397.5526279765604	0.7	0.3
686725.2905208622	300	14.28779042883936	0.0	126289	1078.978305719186	0.7	0.3
686726.5873554789	300	16.99095581219227	0.0	153295	1296.834616647091	0.7	0.3
686731.2734090734	750	16.304902217726113	0.0	437162	4686.053594466154	0.7	0.3
686735.4687880888	750	16.109523202287196	0.0	374758	4195.379015438916	0.7	0.75
686737.691938621	750	17.886372670060325	0.0	362795	2223.150532226872	0.7	0.75
686740.3909769955	750	19.187334295591086	0.0	353220	2699.0383744692404	0.7	0.75
686742.7490894493	750	20.829221841728238	0.0	405134	2358.112453862845	0.7	0.75
686746.0291084115	1200	21.54920287945194	0.0	624282	3280.0189622762978	0.7	0.75
686751.0402422871	1200	20.53806900394791	0.0	687371	5011.133875504026	0.7	1.2
686753.9668527138	1200	21.611458577176258	0.0	526950	2926.6104267716537	0.7	1.2
686759.7221459466	1200	19.85616534435165	0.0	587876	5755.29323282461	0.7	1.2
686762.8154175603	1200	20.762893730690966	0.0	617242	3093.2716136606837	0.7	1.2
686767.1988900693	1200	20.37942122178299	0.0	581493	4383.472508907973	0.7	1.2
686769.9659818895	1200	21.612329401486136	0.0	639204	2767.0918202968564	0.7	1.2
686772.7662389308	1200	22.812072360248937	0.0	586839	2800.2570412371965	0.7	1.2
686778.1580077455	1200	21.420303545408554	0.0	601738	5391.768814840382	0.7	1.2
686782.6148160247	1200	20.963495266226783	0.0	616206	4456.808279181773	0.7	1.2
686785.8879466942	1200	21.690364596769196	0.0	656471	3273.1306694575865	0.7	1.2
686788.6970657613	1200	22.88124552956475	0.0	536667	2809.119067204442	0.7	1.2
686791.9007771038	1200	23.67753418702457	0.0	587236	3203.711342540186	0.7	1.2
686797.5506482418	1200	22.027663049171256	0.0	590335	5649.871137853312	0.7	1.2
686804.3800574433	1850	19.198253847721734	0.0	1076599	6829.409201449523	0.7	1.2000000000000002
686813.0100036202	1850	14.568307670833216	0.0	758197	8629.94617688852	0.7	1.85
686816.2521638924	1200	15.326147398578998	0.0	622896	3242.160272254217	0.7	0.5499999999999999
686819.861263274	1200	15.717048017012324	0.0	641447	3609.099381566673	0.7	1.2
686823.253756713	1200	16.32455457787486	0.0	570392	3392.4934391374663	0.7	1.2
686826.2994627273	1200	17.278848563598967	0.0	620283	3045.70601427589	0.7	1.2
686833.1105463626	1200	14.467764928261117	0.0	584349	6811.083635337851	0.7	1.2
686839.0307027705	1200	12.547608520427202	0.0	670129	5920.156407833914	0.7	1.2
686844.5947972477	1200	10.98351404323806	0.0	690253	5564.094477189143	0.7	1.2
686849.9832366764	1200	9.595074614422234	0.0	598727	5388.4394288158255	0.7	1.2
686852.6012050495	1200	10.977106241344762	0.0	487812	2617.9683730774714	0.7	1.2
686858.526624151	1200	9.051687139913778	0.0	575591	5925.419101430984	0.7	1.2
686862.9621022884	1200	8.61620900249835	0.0	605884	4435.478137415428	0.7	1.2
686867.9019796185	750	7.676331672434304	0.0	390680	4939.877330064046	0.7	0.3
686874.4251336716	750	5.15317761923419	0.0	345516	6523.1540532001145	0.7	0.75
686879.1235414247	750	4.454769866091886	0.0	384505	4698.407753142304	0.7	0.75
686881.8181076504	300	5.760203640391648	0.0	145210	2694.5662257002377	0.7	-0.15000000000000002
686883.3217690963	300	8.256542194572244	0.0	172312	1503.661445819404	0.7	0.3
686886.314509605	750	9.263801685754217	0.0	398987	2992.740508818027	0.7	0.3
686890.4510881016	750	9.127223189134877	0.0	393804	4136.5784966193405	0.7	0.75
686893.8611804196	750	9.717130871178831	0.0	331053	3410.0923179560446	0.7	0.75
686897.9274596776	1200	9.650851613125033	0.0	550906	4066.2792580537994	0.7	0.75
686902.5148051268	750	9.06350616389573	0.0	450283	4587.345449229304	0.7	0.75
686904.8952245872	750	10.683086703502882	0.0	398865	2380.4194603928454	0.7	0.75
686907.2666168801	750	12.311694410646222	0.0	350812	2371.392292856661	0.7	0.75
686912.5903439474	750	10.987967343259319	0.0	382355	5323.7270673869025	0.7	0.75
686915.4188789363	750	12.159432354338668	0.0	411561	2828.5349889206523	0.7	0.75
686917.3546609243	750	14.223650366371155	0.0	318564	1935.7819879675112	0.7	0.75
686919.7433462709	750	15.834965019791127	0.0	352642	2388.6853465800286	0.7	0.75
686923.156661018	750	16.421650272721074	0.0	437162	3413.314747070053	0.7	0.75
686925.3467591174	750	18.231552173304863	0.0	374758	2190.0980994162137	0.7	0.75
686928.222316182	1200	19.355995108750808	0.0	560821	2875.5570645540524	0.7	0.75
686934.8732061822	1200	16.70510510868402	0.0	607410	6650.890000066788	0.7	1.2
686944.4754515743	1200	11.102859716526236	0.0	594078	9602.245392157783	0.7	1.2
686951.7201965711	1200	7.858114719790755	0.0	624282	7244.744996735481	0.7	1.2
686955.3156512129	750	8.262660077932246	0.0	434409	3595.45464185851	0.7	0.3
686957.8683320433	750	9.70997924753366	0.0	337059	2552.680830398586	0.7	0.75
686960.3109094129	750	11.267401877917328	0.0	366214	2442.5773696163315	0.7	0.75
686964.8259105005	750	10.752400790263204	0.0	360831	4515.001087654124	0.7	0.75
686971.5737648609	750	8.004546429873333	0.0	372963	6747.8543603898715	0.7	0.75
686974.6372018815	750	8.941109409254661	0.0	405596	3063.437020618671	0.7	0.75
686977.5512437598	750	10.027067531086406	0.0	350713	2914.0418781682547	0.7	0.75
686979.4344450525	750	12.143866238283596	0.0	386472	1883.2012928028078	0.7	0.75
686982.9741517586	750	12.604159532198995	0.0	399894	3539.706706084602	0.7	0.75
686986.1102588808	750	13.468052409988193	0.0	401853	3136.107122210802	0.7	0.75
686988.9676939818	750	14.610617308835891	0.0	343800	2857.4351011523004	0.7	0.75
686991.7549052297	750	15.823406061023649	0.0	359903	2787.2112478122444	0.7	0.75
686994.5202062415	750	17.058105049245775	0.0	379700	2765.3010117778713	0.7	0.75
686997.8996170543	1200	17.678694236524308	0.0	696376	3379.4108127214668	0.7	0.75
687000.2914188966	1200	19.286892394040475	0.0	487160	2391.801842483833	0.7	1.2
687004.0868926927	1200	19.491418598080543	0.0	622896	3795.473795959934	0.7	1.2
687007.5805229017	1200	19.997788389004665	0.0	641447	3493.6302090758777	0.7	1.2
687012.8182527374	1200	18.760058553323717	0.0	570392	5237.729835680948	0.7	1.2
687016.006456751	1200	19.571854539691376	0.0	620283	3188.2040136323412	0.7	1.2
687019.3161305216	1200	20.26218076915562	0.0	584349	3309.6737705357546	0.7	1.2
687027.3067765331	1200	16.271534757555877	0.0	670129	7990.646011599742	0.7	1.2

