230341.19495056328	750	4.0	8.963040456365084	450283	8963.040456365085	0.75	-37.79107396236986
230343.31727550962	300	5.87767505366961	0.0	155580	2122.32494633039	0.75	-0.15000000000000002
230345.23320197844	300	7.961748584850164	0.0	139857	1915.9264688194457	0.75	0.3
230347.35358410375	300	9.84136645952541	0.0	155432	2120.382125324754	0.75	0.3
230349.57911485241	300	11.61583571085507	0.0	163442	2225.530748670341	0.75	0.3
230351.31693189286	300	13.878018670444229	0.0	126289	1737.817040410841	0.75	0.3
230353.4092612581	300	15.78568930518059	0.0	153295	2092.3293652636403	0.75	0.3
230355.67761378828	300	17.517336775003294	0.0	173849	2268.352530177297	0.75	0.3
230357.55109695636	300	19.643853606907083	0.0	150710	1873.4831680962066	0.75	0.3
230361.94843970716	750	19.246510856131003	0.0	362795	4397.342750776081	0.75	0.3
230366.33449902682	750	18.86045153645347	0.0	353220	4386.0593196775335	0.75	0.75
230371.32726215254	750	17.86768841072922	0.0	405134	4992.763125724253	0.75	0.75
230376.0838251461	750	17.111125417175064	0.0	386351	4756.562993554155	0.75	0.75
230381.21629965483	750	15.978650908451336	0.0	434409	5132.474508723726	0.75	0.75
230384.97309651453	750	16.221854048780713	0.0	337059	3756.7968596706214	0.75	0.75
230389.0479297193	750	16.147020844008207	0.0	366214	4074.833204772509	0.75	0.75
230393.24802155554	750	15.946929007751804	0.0	360831	4200.0918362564025	0.75	0.75
230397.60578306072	750	15.589167502564433	0.0	372963	4357.761505187372	0.75	0.75
230402.33783421715	750	14.857116346128063	0.0	405596	4732.051156436369	0.75	0.75
230406.36378914682	750	14.83116141648883	0.0	350713	4025.954929639233	0.75	0.75
230410.7513513052	750	14.443599258126804	0.0	386472	4387.562158362028	0.75	0.75
230415.20310212742	750	13.991848435899774	0.0	399894	4451.750822227029	0.75	0.75
230419.48876713472	750	13.706183428588517	0.0	401853	4285.665007311259	0.75	0.75
230423.16686800623	750	14.028082557091697	0.0	343800	3678.1008714968184	0.75	0.75
230427.01349772685	750	14.181452836456678	0.0	359903	3846.6297206350187	0.75	0.75
230431.0673165195	750	14.127634043823338	0.0	379700	4053.8187926333385	0.75	0.75
230435.60340432395	750	13.591546239382424	0.0	425781	4536.0878044409155	0.75	0.75
230438.5898911815	750	14.605059381823928	0.0	277716	2986.486857558494	0.75	0.75
230442.86030769267	750	14.334642870643474	0.0	400396	4270.416511180454	0.75	0.75
230447.13189636005	750	14.063054203274518	0.0	400508	4271.588667368957	0.75	0.75
230450.96089140946	750	14.234059153868332	0.0	358218	3828.995049406187	0.75	0.75
230455.18701711888	750	14.007933444439704	0.0	400322	4226.125709428627	0.75	0.75
230459.2473281877	750	13.947622375630374	0.0	369834	4060.311068809332	0.75	0.75
230463.79202348908	750	13.402927074216919	0.0	412837	4544.695301413454	0.75	0.75
230467.75870641807	750	13.436244145250079	0.0	401088	3966.682928966841	0.75	0.75
230471.2092929254	750	13.9856576379434	0.0	365161	3450.5865073066793	0.75	0.75
230474.25284595098	750	14.942104612341236	0.0	321064	3043.553025602163	0.75	0.75
230477.62444457406	750	15.570505989281381	0.0	361565	3371.598623059856	0.75	0.75
230480.8756417979	750	16.319308765452575	0.0	378327	3251.197223828803	0.75	0.75
230484.23038383696	750	16.964566726408478	0.0	390680	3354.7420390440984	0.75	0.75
230487.20655402832	750	17.98839653504378	0.0	345516	2976.1701913647	0.75	0.75
230490.509536233	750	18.68541433036821	0.0	384505	3302.982204675569	0.75	0.75
230493.70847907508	750	19.48647148831324	0.0	372093	3198.9428420549702	0.75	0.75
230499.10998518148	1200	18.08496538191011	0.0	634861	5401.5061064031315	0.75	0.75
230504.5137097734	1200	16.681240789987875	0.0	630203	5403.724591922231	0.75	1.2
230509.9202983514	1200	15.274652211983318	0.0	638661	5406.588578004556	0.75	1.2
230516.92878925567	1850	12.266161307723117	0.0	830730	7008.490904260201	0.75	1.2000000000000002
230528.205443033	2850	4.9895075304158105	0.0	1364537	11276.653777307305	0.75	1.85
230531.7557896159	750	5.439160947486072	0.0	450283	3550.346582929738	0.75	0.75
230534.90985590266	750	6.285094660728034	0.0	398865	3154.0662867580386	0.75	0.75
230537.598977504	750	7.595973059393005	0.0	350812	2689.121601335028	0.75	0.75
230540.49956447765	750	8.695386085767916	0.0	382355	2900.58697362509	0.75	0.75
230542.92105245334	750	10.273898110072544	0.0	411561	2421.487975695373	0.75	0.75
230544.81345395758	750	12.38149660582549	0.0	318564	1892.401504247052	0.75	0.75
230546.89973492865	750	14.295215634778264	0.0	352642	2086.2809710472266	0.75	0.75
230551.01949671973	1200	14.175453843701085	0.0	709534	4119.761791077179	0.75	0.75
230554.4514504741	1200	14.743500089344638	0.0	584846	3431.9537543564484	0.75	1.2
230557.74570868304	1200	15.44924188039401	0.0	560821	3294.2582089506263	0.75	1.2
230561.40166976347	1200	15.7932807999574	0.0	607410	3655.961080436611	0.75	1.2
230564.021188048	1200	17.173762515417497	0.0	594078	2619.5182845399013	0.75	1.2
230566.41604383997	1200	18.77890672344831	0.0	624282	2394.8557919691875	0.75	1.2
230570.3392453819	1850	18.855705181501506	0.0	1036454	3923.2015419468007	0.75	1.2000000000000002
230573.44935031247	1850	19.745600250952187	0.0	821631	3110.10493054932	0.75	1.85
230576.76326258568	1850	20.431687977745504	0.0	923170	3313.912273206683	0.75	1.85
230580.229659198	1850	20.965291365424232	0.0	966699	3466.396612321271	0.75	1.85
230583.45131615255	1850	21.74363441085864	0.0	885714	3221.6569545655943	0.75	1.85
230587.8090463874	2850	21.385904175986173	0.0	1537156	4357.730234872465	0.75	1.85
230591.6072404477	2850	21.587710115677602	0.0	1336050	3798.19406030857	0.75	2.85
230595.63729264293	2850	21.55765792047037	0.0	1415116	4030.0521952072313	0.75	2.85
230599.81531310847	2850	21.37963745491079	0.0	1468126	4178.020465559581	0.75	2.85
230604.09838239287	2850	21.096568170516264	0.0	1505760	4283.0692843945235	0.75	2.85
230607.87407207905	2850	21.32087848434748	0.0	1323990	3775.689686168782	0.75	2.85
230611.81652962626	2850	21.37842093716755	0.0	1383735	3942.4575471799335	0.75	2.85
230616.0289894904	2850	21.165961073011342	0.0	1480464	4212.45986415621	0.75	2.85
230619.37441962946	2850	21.82053093397153	0.0	1547572	3345.430139039813	0.75	2.85
230621.6534787977	2850	23.541471765730215	0.0	1141971	2279.059168241313	0.75	2.85
230625.84404070108	4300	23.350909862357657	0.0	2134614	4190.561903372557	0.75	2.8499999999999996
230630.09145993358	4300	23.103490629857223	0.0	2164140	4247.419232500435	0.75	4.3
230634.4577666632	4300	22.73718390025638	0.0	2113193	4366.306729600847	0.75	4.3
230638.91051204162	4300	22.284438521828598	0.0	2147852	4452.745378427782	0.75	4.3
230643.45125175148	4300	21.74369881197276	0.0	2191074	4540.739709855835	0.75	4.3
230648.18679766168	4300	21.008152901770895	0.0	2286761	4735.545910201864	0.75	4.3
230652.96514975422	4300	20.229800809240444	0.0	2307787	4778.352092530451	0.75	4.3
230657.40994709995	4300	19.785003463525054	0.0	2143948	4444.797345715388	0.75	4.3
230678.52128441117	4300	4.0	1.3263338476837017	1919781	21111.337311208757	0.75	-1.4032355450399168

