558034.0958540585	750	4.0	4.760769534697788	450283	4760.769534697788	1	-19.721308999200488
558035.2999264745	300	6.795927584065143	0.0	155580	1204.0724159348576	0.3647525709110517	-0.15000000000000002
558036.6039283345	300	9.491925723867976	0.0	139857	1304.0018601971685	0.3647525709110517	0.3
558039.8263319007	750	10.269522157765731	0.0	382355	3222.4035661022417	0.3647525709110517	0.3
558043.1583652714	750	10.93748878698439	0.0	411561	3332.0333707813415	0.3647525709110517	0.75
558045.3156424606	750	12.780211597836066	0.0	318564	2157.277189148325	0.3647525709110517	0.75
558047.6264833659	750	14.469370692576558	0.0	352642	2310.8409052595093	0.3647525709110517	0.75
558050.3986853051	750	15.697168753324792	0.0	437162	2772.2019392517645	0.3647525709110517	0.75
558054.5262635081	1200	15.569590550333974	0.0	584846	4127.57820299082	0.3647525709110517	0.75
558057.6915900524	1200	16.40426400593287	0.0	560821	3165.326544401106	0.3647525709110517	1.2
558065.3599167191	1200	12.735937339206508	0.0	607410	7668.3266667263615	0.3647525709110517	1.2
558069.8720707337	1200	12.22378332469561	0.0	594078	4512.1540145108975	0.3647525709110517	1.2
558075.3856203116	1200	10.71023374668813	0.0	624282	5513.54957800748	0.3647525709110517	1.2
558079.4715302952	1200	10.624323763070741	0.0	687371	4085.909983617389	0.3647525709110517	1.2
558082.5287774651	1200	11.56707659320735	0.0	526950	3057.2471698633913	0.3647525709110517	1.2
558086.1246648107	1200	11.971189247582764	0.0	587876	3595.887345624586	0.3647525709110517	1.2
558092.9712013853	1200	9.124652673139614	0.0	617242	6846.536574443149	0.3647525709110517	1.2
558098.9922984911	1200	7.103555567281408	0.0	581493	6021.097105858207	0.3647525709110517	1.2
558103.6882561451	1200	6.40759791328824	0.0	639204	4695.957653993169	0.3647525709110517	1.2
558106.4484257543	750	7.64742830407094	0.0	350713	2760.1696092173	0.3647525709110517	0.3
558108.9745952142	750	9.121258844098767	0.0	386472	2526.1694599721727	0.25335329249787686	0.75
558112.7208818517	750	9.37497220660742	0.0	399894	3746.2866374913474	0.25335329249787686	0.75
558115.6532434316	750	10.442610626823262	0.0	401853	2932.3615797841603	0.25335329249787686	0.75
558117.8393474888	750	12.256506569561164	0.0	343800	2186.1040572620964	0.25335329249787686	0.75
558119.818158314	750	14.277695744420264	0.0	359903	1978.8108251409017	0.25335329249787686	0.75
558121.9720684616	750	16.123785596855406	0.0	379700	2153.9101475648567	0.25335329249787686	0.75
558124.3635323963	750	17.732321662071634	0.0	425781	2391.463934783774	0.25335329249787686	0.75
558127.334007624	1200	18.761846434417723	0.0	487160	2970.475227653912	0.25335329249787686	0.75
558134.8750051074	1850	15.220848950882813	0.0	972798	7540.99748353491	0.25335329249787686	1.2000000000000002
558140.9299753873	1850	13.165878670998511	0.0	975811	6054.970279884303	0.25335329249787686	1.85
558145.7500946951	1850	12.34575936329837	0.0	873429	4820.11930770014	0.25335329249787686	1.85
558150.264395376	1850	11.831458682381442	0.0	954453	4514.300680916928	0.25335329249787686	1.85
558154.5928085715	1850	11.50304548674177	0.0	885062	4328.413195639672	0.25335329249787686	1.85
558159.1686247848	1850	10.927229273502686	0.0	1035329	4575.816213239085	0.25335329249787686	1.85
558163.6895308795	1850	10.406323178774668	0.0	1026056	4520.906094728018	0.25335329249787686	1.85
558167.0382667385	1850	11.057587319782028	0.0	943942	3348.7358589926403	0.25335329249787686	1.85
558169.5776091185	1850	12.51824493975861	0.0	728962	2539.342380023417	0.25335329249787686	1.85
558175.8025051269	1850	10.293348931424166	0.0	938587	6224.896008334444	0.25335329249787686	1.85
558181.8391781885	1850	8.256675869958428	0.0	908665	6036.673061465739	0.25335329249787686	1.85
558186.0229264897	1850	8.072927568701147	0.0	930577	4183.748301257282	0.25335329249787686	1.85
558192.0722188785	1850	6.023635179915087	0.0	858450	6049.292388786059	0.25335329249787686	1.85
558195.6617668335	1200	6.434087224848339	0.0	641452	3589.5479550667474	0.25335329249787686	0.5499999999999999
558199.7240336457	1200	6.3718204126339915	0.0	599477	4062.2668122143473	0.25335329249787686	1.2
558202.5914146664	1200	7.504439391950726	0.0	634861	2867.3810206832654	0.25335329249787686	1.2
558205.8015249338	1200	8.294329124518317	0.0	630203	3210.110267432409	0.25335329249787686	1.2
558210.0688091319	1200	8.02704492652197	0.0	638661	4267.284197996347	0.25335329249787686	1.2
558214.0543720272	1850	8.041482031165806	0.0	830730	3985.562895356165	0.25335329249787686	1.2000000000000002
558223.1177888942	2850	4.0	1.0219348358554816	1364537	9063.416867021288	0.25335329249787686	-2.5443197941785702
558226.4722507941	750	4.645538100115901	0.0	450283	3354.4618998840992	0.25335329249787686	0.75
558228.8087982341	750	6.308990660077526	0.0	398865	2336.5474400383746	0.25335329249787686	0.75
558230.302554197	750	8.815234697134017	0.0	350812	1493.7559629435111	0.25335329249787686	0.75
558231.9332047208	750	11.184584173391672	0.0	382355	1630.6505237423437	0.25335329249787686	0.75
558233.9491289755	750	13.168659918790214	0.0	411561	2015.9242546014582	0.25335329249787686	0.75
558236.6422895087	1200	14.475499385605032	0.0	520315	2693.160533185183	0.25335329249787686	0.75
558246.2070389317	1850	8.910749962754451	0.0	905515	9564.74942285058	0.25335329249787686	1.2000000000000002
558253.7516886875	1850	5.366100206927685	0.0	1060487	7544.6497558267665	0.25335329249787686	1.85
558256.0780272125	1200	7.039761681885051	0.0	584846	2326.3385250426336	0.25335329249787686	0.5499999999999999
558258.9038284218	1200	8.213960472557897	0.0	560821	2825.801209327153	0.25335329249787686	1.2
558261.4484558968	1200	9.669332997554477	0.0	607410	2544.62747500342	0.25335329249787686	1.2
558264.8384427582	1200	10.27934613618132	0.0	594078	3389.986861373157	0.25335329249787686	1.2
558274.3943319021	1200	4.723456992246621	0.0	624282	9555.889143934699	0.25335329249787686	1.2
558278.161727735	1200	4.956061159477947	0.0	687371	3767.395832768674	0.25335329249787686	1.2
558280.0656586363	750	7.052130258118846	0.0	337059	1903.930901359101	0.25335329249787686	0.3
558282.0894871546	750	9.028301739796653	0.0	366214	2023.828518322194	0.25335329249787686	0.75
558284.9035670278	750	10.214221866634865	0.0	360831	2814.079873161787	0.25335329249787686	0.75
558287.1324865796	750	11.985302314895774	0.0	372963	2228.9195517390904	0.25335329249787686	0.75
558290.4344464306	1200	12.68334246372257	0.0	639204	3301.9598511732047	0.25335329249787686	0.75
558293.0255525772	1200	14.092236317141916	0.0	586839	2591.106146580653	0.25335329249787686	1.2
558295.8439853055	1200	15.273803588857803	0.0	601738	2818.4327282841127	0.25335329249787686	1.2
558298.5157623544	1200	16.60202653997257	0.0	616206	2671.7770488852348	0.25335329249787686	1.2
558303.2167390623	1200	15.901049832041382	0.0	656471	4700.976707931186	0.25335329249787686	1.2
558307.8776658807	1850	15.240123013657186	0.0	874175	4660.926818384196	0.25335329249787686	1.2000000000000002
558312.8501380489	1850	14.267650845479817	0.0	897976	4972.472168177369	0.25335329249787686	1.85
558317.4157004692	1850	13.70208842525545	0.0	905935	4565.562420224366	0.25335329249787686	1.85
558323.5166435345	1850	11.601145359810962	0.0	1076599	6100.943065444488	0.25335329249787686	1.85
558327.6666400009	1850	11.451148893381156	0.0	758197	4149.996466429806	0.25335329249787686	1.85
558333.0988245073	1850	10.018964386910403	0.0	972798	5432.184506470754	0.25335329249787686	1.85
558337.7001350096	1850	9.417653884660872	0.0	975811	4601.310502249529	0.25335329249787686	1.85
558344.8940113982	1850	6.223777496152767	0.0	873429	7193.876388508106	0.25335329249787686	1.85
558348.4081582259	1200	6.70963066848358	0.0	620283	3514.1468276691867	0.25335329249787686	0.5499999999999999
558351.4781170826	1200	7.639671811760534	0.0	584349	3069.9588567230458	0.25335329249787686	1.2
558356.5063645212	1200	6.611424373116513	0.0	670129	5028.247438644021	0.25335329249787686	1.2
558362.5406177696	1200	4.577171124794295	0.0	690253	6034.2532483222185	0.25335329249787686	1.2

