3.1785455284047144	750	4.0	3.1785455284047144	450283	3178.5455284047143	1	-12.917745772140272
4.400336133557147	300	6.778209394847567	0.0	155580	1221.7906051524328	0.9089076540735448	-0.15000000000000002
5.306192011942447	300	9.872353516462267	0.0	139857	905.8558783853008	0.9089076540735448	0.3
8.204869342239117	750	10.973676186165598	0.0	382355	2898.6773302966694	0.9089076540735448	0.3
11.102192762641915	750	12.0763527657628	0.0	411561	2897.323420402797	0.9089076540735448	0.75
13.786276961070051	750	13.392268567334664	0.0	318564	2684.084198428136	0.9089076540735448	0.75
16.307020816740536	750	14.871524711664179	0.0	352642	2520.743855670486	0.9089076540735448	0.75
19.316174340479105	750	15.862371187925612	0.0	437162	3009.153523738567	0.9089076540735448	0.75
21.923130823899246	750	17.25541470450547	0.0	374758	2606.956483420141	0.9089076540735448	0.75
24.43469652170213	750	18.743849006702586	0.0	362795	2511.5656978028837	0.9089076540735448	0.75
26.840514238604953	750	20.338031289799762	0.0	353220	2405.817716902823	0.9089076540735448	0.75
29.608482881952153	750	21.57006264645256	0.0	405134	2767.968643347202	0.9089076540735448	0.75
32.282546792833614	750	22.8959987355711	0.0	386351	2674.0639108814576	0.9089076540735448	0.75
37.69992459180418	1200	21.47862093660053	0.0	687371	5417.3777989705695	0.9089076540735448	0.75
41.22125522644831	1200	21.957290301956405	0.0	526950	3521.3306346441295	0.9089076540735448	1.2
45.164062592489365	1200	22.014482935915346	0.0	587876	3942.80736604106	0.9089076540735448	1.2
49.30717770287526	1200	21.871367825529454	0.0	617242	4143.11511038589	0.9089076540735448	1.2
53.21602493463709	1200	21.962520593767614	0.0	581493	3908.8472317618384	0.9089076540735448	1.2
57.61918136763515	1200	21.559364160769555	0.0	639204	4403.156432998062	0.9089076540735448	1.2
61.5850292803648	1200	21.593516248039908	0.0	586839	3965.847912729646	0.9089076540735448	1.2
65.78577903979259	1200	21.39276648861212	0.0	601738	4200.74975942779	0.6997404534626256	1.2
69.90129139739257	1200	21.277254131012132	0.0	616206	4115.512357599991	0.6997404534626256	1.2
74.40945740521018	1200	20.769088123194518	0.0	656471	4508.166007817614	0.6997404534626256	1.2
78.15608573198125	1200	21.02245979642345	0.0	536667	3746.6283267710655	0.6997404534626256	1.2
82.19860383965775	1200	20.979941688746948	0.0	587236	4042.518107676504	0.6997404534626256	1.2
86.47395532285549	1200	20.704590205549213	0.0	590335	4275.351483197738	0.6997404534626256	1.2
91.1540375685477	1200	20.024507959857015	0.0	696376	4680.082245692197	0.6997404534626256	1.2
94.48655351639987	1200	20.69199201200483	0.0	487160	3332.515947852185	0.6997404534626256	1.2
98.7520012034731	1200	20.426544324931605	0.0	622896	4265.447687073225	0.6997404534626256	1.2
102.97925177427479	1200	20.19929375412992	0.0	641447	4227.250570801689	0.6997404534626256	1.2
106.71203792099857	1200	20.466507607406136	0.0	570392	3732.7861467237826	0.6997404534626256	1.2
110.89062252001686	1200	20.28792300838785	0.0	620283	4178.584599018286	0.6997404534626256	1.2
114.81655342867818	1200	20.361992099726532	0.0	584349	3925.9309086613175	0.6997404534626256	1.2
119.36787378037603	1200	19.81067174802867	0.0	670129	4551.32035169786	0.6997404534626256	1.2
124.70221900114092	1200	18.476326527263787	0.0	690253	5334.345220764883	0.6997404534626256	1.2
130.48982102330362	1200	16.6887245051011	0.0	598727	5787.60202216269	0.6997404534626256	1.2
137.04975641903124	1200	14.128789109373464	0.0	487812	6559.935395727633	0.6997404534626256	1.2
139.50593659399584	750	15.672608934408876	0.0	361565	2456.1801749645892	0.6997404534626256	0.3
142.08895932585693	750	17.089586202547768	0.0	378327	2583.0227318611073	0.6997404534626256	0.75
145.59714085215754	750	17.581404676247157	0.0	390680	3508.181526300615	0.6997404534626256	0.75
148.69250344078756	750	18.486042087617143	0.0	345516	3095.3625886300106	0.6997404534626256	0.75
151.02543050327438	750	20.15311502513032	0.0	384505	2332.9270624868236	0.6997404534626256	0.75
153.5497819124281	750	21.628763615976588	0.0	372093	2524.351409153728	0.6997404534626256	0.75
157.890078671777	1200	21.28846685662771	0.0	634861	4340.2967593488775	0.6997404534626256	0.75
162.19981054309756	1200	20.978734985307135	0.0	630203	4309.731871320577	0.6997404534626256	1.2
169.06051489131693	1850	18.11803063708776	0.0	982064	6860.704348219375	0.6997404534626256	1.2000000000000002
174.77970181532123	1850	16.398843713083465	0.0	830730	5719.186924004292	0.6997404534626256	1.85
184.66088812501653	2850	10.51765740338816	0.0	1364537	9881.186309695304	0.6997404534626256	1.85
187.8496565167942	750	11.32888901161049	0.0	450283	3188.768391777671	0.6997404534626256	0.75
190.5508056832965	750	12.627739845108197	0.0	398865	2701.1491665022936	0.6997404534626256	0.75
192.94615330690502	750	14.232392221499682	0.0	350812	2395.3476236085157	0.6997404534626256	0.75
195.5773012861861	750	15.601244242218593	0.0	382355	2631.147979281089	0.6997404534626256	0.75
198.3868438706375	750	16.791701657767177	0.0	411561	2809.5425844514143	0.6997404534626256	0.75
202.52621017100205	1200	16.65233535740263	0.0	520315	4139.366300364549	0.6997404534626256	0.75
207.61203117027418	1200	15.566514358130481	0.0	561791	5085.820999272148	0.6997404534626256	1.2
213.00434552474778	1200	14.174200003656903	0.0	709534	5392.314354473579	0.6997404534626256	1.2
216.98205214463243	1200	14.196493383772243	0.0	584846	3977.7066198846614	0.6997404534626256	1.2
220.8074067554685	1200	14.3711387729362	0.0	560821	3825.3546108360406	0.6997404534626256	1.2
224.81211919918093	1200	14.366426329223772	0.0	607410	4004.71244371243	0.6997404534626256	1.2
230.16133041872223	1200	13.017215109682438	0.0	594078	5349.211219541335	0.6997404534626256	1.2
235.16215960312678	1200	12.016385925277897	0.0	624282	5000.829184404541	0.6997404534626256	1.2
238.50612665075622	1200	12.67241887764845	0.0	687371	3343.967047629447	0.6997404534626256	1.2
240.41082454446075	1200	14.767720983943942	0.0	526950	1904.6978937045087	0.6997404534626256	1.2
243.7257721543157	1200	15.452773374089004	0.0	587876	3314.9476098549385	0.6997404534626256	1.2
248.4584138287784	1200	14.72013169962629	0.0	617242	4732.641674462712	0.6997404534626256	1.2
252.73426867506026	1200	14.444276853344416	0.0	581493	4275.854846281874	0.6997404534626256	1.2
258.04539780167124	1200	13.133147726733467	0.0	639204	5311.12912661095	0.6997404534626256	1.2
262.037558829798	1200	13.140986698606712	0.0	586839	3992.161028126755	0.6997404534626256	1.2
266.32867548881734	1200	12.849870039587374	0.0	601738	4291.116659019337	0.6997404534626256	1.2
270.5039707597616	1200	12.674574768643073	0.0	616206	4175.295270944302	0.6997404534626256	1.2
275.2098941794775	1200	11.968651348927223	0.0	656471	4705.923419715851	0.6997404534626256	1.2
279.0600993313963	1200	12.118446197008357	0.0	536667	3850.205151918865	0.6997404534626256	1.2
283.0816724434109	1200	12.096873084993819	0.0	587236	4021.5731120145388	0.6997404534626256	1.2
287.00822319226853	1200	12.170322336136193	0.0	590335	3926.5507488576263	0.6997404534626256	1.2
291.7445581837159	1200	11.43398734468882	0.0	696376	4736.334991447372	0.6997404534626256	1.2
295.93440374364326	1200	11.24414178476147	0.0	487160	4189.845559927349	0.6997404534626256	1.2
300.2086945016208	1200	10.969851026783905	0.0	622896	4274.290757977566	0.6997404534626256	1.2
302.33945846032674	1200	12.839087068078003	0.0	641447	2130.7639587059025	0.6997404534626256	1.2
307.6972282939433	1200	11.481317234461468	0.0	570392	5357.769833616535	0.6997404534626256	1.2
311.65483983847156	1200	11.523705689933205	0.0	620283	3957.611544528264	0.6997404534626256	1.2
316.4602723901211	1200	10.718273138283719	0.0	584349	4805.432551649487	0.6997404534626256	1.2
319.2889700328955	750	11.889575495509273	0.0	412837	2828.697642774447	0.6997404534626256	0.3
322.00188330714025	750	13.176662221264516	0.0	401088	2712.9132742447564	0.6997404534626256	0.75
324.69573032238617	750	14.482815206018604	0.0	365161	2693.8470152459126	0.6997404534626256	0.75
328.42710713507546	750	14.751438393329394	0.0	321064	3731.376812689211	0.6997404534626256	0.75
332.16861288899645	750	15.00993263940842	0.0	361565	3741.5057539209747	0.6997404534626256	0.75
334.7713758430813	750	16.4071696853236	0.0	378327	2602.7629540848216	0.6997404534626256	0.75
337.68704360445514	750	17.491501923949755	0.0	390680	2915.667761373844	0.6997404534626256	0.75
340.10948268182125	750	19.069062846583613	0.0	345516	2422.4390773661426	0.6997404534626256	0.75
342.98499105599336	750	20.193554472411545	0.0	384505	2875.508374172068	0.6997404534626256	0.75
347.15735754818286	750	20.02118798022208	0.0	372093	4172.366492189467	0.6997404534626256	0.75
351.3362376932362	750	19.842307835168715	0.0	438281	4178.880145053365	0.6997404534626256	0.75
356.9934947251132	1200	18.1850508032918	0.0	630203	5657.257031876916	0.6997404534626256	0.75
360.5578705332769	1200	18.62067499512802	0.0	638661	3564.3758081637784	0.6997404534626256	1.2
366.75882890988083	1850	16.419716618524124	0.0	830730	6200.9583766039	0.6997404534626256	1.2000000000000002
375.9260521346776	2850	11.252493393727372	0.0	1364537	9167.22322479675	0.6997404534626256	1.85
378.937628096363	750	12.240917432041913	0.0	450283	3011.575961685459	0.6997404534626256	0.75
382.8211751495625	750	12.35737037884242	0.0	398865	3883.547053199492	0.6997404534626256	0.75
385.17415649013384	750	14.004389038271102	0.0	350812	2352.98134057132	0.6997404534626256	0.75
389.30690112084534	1200	13.871644407559584	0.0	617681	4132.744630711517	0.6997404534626256	0.75
394.7220289869039	1200	12.456516541501054	0.0	652874	5415.12786605853	0.6997404534626256	1.2
399.5764635562156	1200	11.602081972189366	0.0	520315	4854.434569311688	0.6997404534626256	1.2
402.2887833684868	750	12.889762159918167	0.0	352642	2712.3198122711988	0.6997404534626256	0.3
405.2453233396447	750	13.93322218876025	0.0	437162	2956.539971157918	0.6997404534626256	0.75
407.7950560777253	750	15.383489450679647	0.0	374758	2549.7327380806014	0.6997404534626256	0.75
410.285466799041	750	16.89307872936398	0.0	362795	2490.410721315669	0.6997404534626256	0.75
413.7729023617197	750	17.40564316668526	0.0	353220	3487.435562678724	0.6997404534626256	0.75
416.60581965789777	750	18.5727258705072	0.0	405134	2832.91729617806	0.6997404534626256	0.75
420.2039092576963	750	18.974636270708636	0.0	386351	3598.0895997985613	0.6997404534626256	0.75
425.4498399573818	750	17.72870557102308	0.0	434409	5245.930699685557	0.6997404534626256	0.75
427.77003574158215	750	19.40850978682273	0.0	337059	2320.195784200352	0.6997404534626256	0.75
431.1866076074151	750	19.991937920989752	0.0	366214	3416.5718658329765	0.6997404534626256	0.75
433.67895503606945	750	21.499590492335404	0.0	360831	2492.3474286543487	0.6997404534626256	0.75
437.14614608985073	750	22.032399438554084	0.0	372963	3467.1910537813214	0.6997404534626256	0.75
441.5731989023924	750	21.60534662601241	0.0	405596	4427.052812541674	0.6997404534626256	0.75
444.4935494627819	750	22.6849960656229	0.0	350713	2920.350560389506	0.6997404534626256	0.75
448.011936412012	750	23.166609116392827	0.0	386472	3518.3869492300746	0.6997404534626256	0.75
451.52183843603314	750	23.65670709237174	0.0	399894	3509.90202402109	0.6997404534626256	0.75
455.40951377745995	750	23.76903175094489	0.0	401853	3887.675341426851	0.6997404534626256	0.75
458.3312536891683	750	24.847291839236572	0.0	343800	2921.73991170832	0.6997404534626256	0.75
462.65286420642445	750	24.525681321980446	0.0	359903	4321.610517256126	0.6997404534626256	0.75
466.87230727333423	750	24.30623825507065	0.0	379700	4219.4430669097965	0.6997404534626256	0.75
469.88790067956893	750	25.290644848835942	0.0	425781	3015.5934062347087	0.6997404534626256	0.75
471.80625378717406	750	27.372291741230836	0.0	277716	1918.3531076051074	0.6997404534626256	0.75
474.6644331297967	750	28.51411239860822	0.0	400396	2858.179342622614	0.6997404534626256	0.75
477.3920115972395	750	29.78653393116541	0.0	400508	2727.5784674428087	0.6997404534626256	0.75
482.2615103663803	1200	28.91703516202459	0.0	570392	4869.4987691408205	0.6997404534626256	0.75
487.7327083918241	1200	27.44583713658085	0.0	620283	5471.198025443742	0.6997404534626256	1.2
492.8702633690428	1200	26.308282159362193	0.0	584349	5137.554977218658	0.6997404534626256	1.2
498.51905136335296	1200	24.65949416505202	0.0	670129	5648.787994310174	0.6997404534626256	1.2
503.654940174657	1200	23.52360535374801	0.0	690253	5135.88881130401	0.6997404534626256	1.2
508.2872290150289	1200	22.891316513376093	0.0	598727	4632.288840371918	0.6997404534626256	1.2
512.5287217867104	1200	22.649823741694558	0.0	487812	4241.492771681533	0.6997404534626256	1.2
517.1995740658643	1200	21.978971462540642	0.0	575591	4670.852279153916	0.6997404534626256	1.2
521.6121983134091	1200	21.566347214995922	0.0	605884	4412.624247544719	0.6997404534626256	1.2
526.6623710865134	1200	20.516174441891668	0.0	587506	5050.172773104256	0.6997404534626256	1.2
530.5549145086105	1200	20.623631019794598	0.0	566904	3892.543422097071	0.6997404534626256	1.2
535.5262364428777	1200	19.65230908552741	0.0	641452	4971.321934267186	0.6997404534626256	1.2
539.8478462795163	1200	19.33069924888886	0.0	599477	4321.609836638554	0.6997404534626256	1.2
545.2569638426795	1200	17.921581685725577	0.0	634861	5409.117563163278	0.6997404534626256	1.2
549.5064570172254	1200	17.672088511179645	0.0	630203	4249.4931745459335	0.6997404534626256	1.2
553.8471411141909	1200	17.331404414214113	0.0	638661	4340.6840969655295	0.6997404534626256	1.2
559.4287186157875	1850	15.749826912617525	0.0	830730	5581.577501596589	0.6997404534626256	1.2000000000000002
568.7626801319991	2850	10.415865396405925	0.0	1364537	9333.9615162116	0.6997404534626256	1.85
572.164958283455	750	11.013587244949955	0.0	450283	3402.27815145597	0.6997404534626256	0.75
574.8634063466492	750	12.31513918175573	0.0	398865	2698.4480631942233	0.6997404534626256	0.75
577.2474559269109	750	13.931089601493978	0.0	350812	2384.0495802617506	0.6997404534626256	0.75
579.8331895762776	750	15.345355952127258	0.0	382355	2585.7336493667217	0.6997404534626256	0.75
582.6063852855082	750	16.572160242896736	0.0	411561	2773.1957092305233	0.6997404534626256	0.75
584.7927429523698	750	18.385802576035037	0.0	318564	2186.3576668616984	0.6997404534626256	0.75
587.2251791126619	750	19.953366415743	0.0	352642	2432.436160292033	0.6997404534626256	0.75
592.2021053632175	1200	18.976440165187434	0.0	709534	4976.92625055557	0.6997404534626256	0.75
596.1575485322569	1200	19.020996996147986	0.0	584846	3955.4431690394435	0.6997404534626256	1.2
600.1171270182365	1200	19.06141851016839	0.0	560821	3959.5784859795976	0.6997404534626256	1.2
604.9191835400709	1200	18.259361988333893	0.0	607410	4802.056521834497	0.6997404534626256	1.2
609.6698367538877	1200	17.508708774517128	0.0	594078	4750.653213816769	0.6997404534626256	1.2
613.9000340951457	1200	17.278511433259133	0.0	624282	4230.197341257995	0.6997404534626256	1.2
618.5777467957703	1200	16.600798732634498	0.0	687371	4677.712700624634	0.6997404534626256	1.2
623.1282340733908	1200	16.050311455013876	0.0	526950	4550.487277620624	0.6997404534626256	1.2
627.1090536107	1200	16.069491917704635	0.0	587876	3980.81953730924	0.6997404534626256	1.2
631.3778209207346	1200	15.800724607670078	0.0	617242	4268.767310034556	0.6997404534626256	1.2
635.3656562573827	1200	15.812889271022039	0.0	581493	3987.835336648039	0.6997404534626256	1.2
640.5321982822906	1200	14.646347246114098	0.0	639204	5166.542024907941	0.6997404534626256	1.2
645.4652542619749	1200	13.713291266429783	0.0	586839	4933.0559796843145	0.6997404534626256	1.2
649.5643823687238	1200	13.614163159680917	0.0	601738	4099.128106748867	0.6997404534626256	1.2
654.3902336028776	1200	12.788311925527147	0.0	616206	4825.85123415377	0.6997404534626256	1.2
658.8479712525932	1200	12.330574275811548	0.0	656471	4457.737649715598	0.6997404534626256	1.2
664.0354453032246	1200	11.143100225180172	0.0	536667	5187.474050631377	0.6997404534626256	1.2
667.0470821317307	750	12.131463396674043	0.0	359903	3011.636828506126	0.6997404534626256	0.3
669.6799695715556	750	13.4985759568492	0.0	379700	2632.8874398248436	0.6997404534626256	0.75
672.6524785630533	750	14.526066965351541	0.0	425781	2972.5089914976584	0.6997404534626256	0.75
674.6478952346184	750	16.530650293786348	0.0	277716	1995.416671565194	0.6997404534626256	0.75
677.5250824580037	750	17.653463070401177	0.0	400396	2877.1872233851727	0.6997404534626256	0.75
680.5485738972609	750	18.6299716311439	0.0	400508	3023.491439257276	0.6997404534626256	0.75
683.8715245852403	750	19.307020943164602	0.0	358218	3322.950687979297	0.6997404534626256	0.75
686.6728928460195	750	20.505652682385417	0.0	400322	2801.3682607791857	0.6997404534626256	0.75
689.6304810478017	750	21.548064480603237	0.0	369834	2957.5882017821823	0.6997404534626256	0.75
692.9313120045829	750	22.247233523822015	0.0	412837	3300.830956781222	0.6997404534626256	0.75
695.6261557123087	750	23.552389816096095	0.0	401088	2694.8437077259173	0.6997404534626256	0.75
699.6716170681699	1200	23.506928460234946	0.0	598727	4045.46135586115	0.6997404534626256	0.75
703.011331586865	1200	24.16721394153978	0.0	487812	3339.714518695164	0.6997404534626256	1.2
708.046796661525	1200	23.131748866879757	0.0	575591	5035.465074660028	0.6997404534626256	1.2
712.0768956555145	1200	23.10164987289034	0.0	605884	4030.0989939894143	0.6997404534626256	1.2
717.6781592469574	1200	21.500386281447433	0.0	587506	5601.26359144291	0.6997404534626256	1.2
721.2708655216712	1200	21.90768000673355	0.0	566904	3592.7062747138834	0.6997404534626256	1.2
726.2424895439781	1200	20.936055984426716	0.0	641452	4971.624022306834	0.6997404534626256	1.2
730.5493604956328	1200	20.629185032772103	0.0	599477	4306.870951654613	0.6997404534626256	1.2
734.8361174522571	1200	20.3424280761478	0.0	634861	4286.756956624304	0.6997404534626256	1.2
740.0554022168058	1200	19.1231433115991	0.0	630203	5219.284764548697	0.6997404534626256	1.2
745.0555747509476	1200	18.122970777457336	0.0	638661	5000.172534141766	0.6997404534626256	1.2
751.0311943426638	1850	16.147351185741126	0.0	830730	5975.619591716211	0.6997404534626256	1.2000000000000002
760.5941193910929	2850	10.584426137311935	0.0	1364537	9562.92504842919	0.6997404534626256	1.85
763.6535077779852	750	11.525037750419651	0.0	450283	3059.388386892283	0.6997404534626256	0.75
767.0369504831192	750	12.141595045285614	0.0	398865	3383.442705134037	0.6997404534626256	0.75
769.5036018833412	750	13.674943645063669	0.0	350812	2466.651400221944	0.6997404534626256	0.75
772.214537678705	750	14.96400784969981	0.0	382355	2710.9357953638596	0.6997404534626256	0.75
775.0646216088753	750	16.113923919529576	0.0	411561	2850.083930170235	0.6997404534626256	0.75
777.2540406426302	750	17.924504885774738	0.0	318564	2189.4190337548353	0.6997404534626256	0.75
779.6532133439737	750	19.525332184431267	0.0	352642	2399.172701343474	0.6997404534626256	0.75
784.4212176413218	1200	18.757327887083107	0.0	709534	4768.004297348159	0.6997404534626256	0.75
788.353450006537	1200	18.82509552186805	0.0	584846	3932.2323652150585	0.6997404534626256	1.2
792.1267896260298	1200	19.05175590237516	0.0	560821	3773.3396194928887	0.6997404534626256	1.2
798.3731101777929	1200	16.805435350611955	0.0	607410	6246.320551763204	0.6997404534626256	1.2
802.6365017360474	1200	16.542043792357507	0.0	594078	4263.391558254446	0.6997404534626256	1.2
806.850096220453	1200	16.328449307951885	0.0	624282	4213.594484405621	0.6997404534626256	1.2
811.5491886379908	1200	15.629356890414103	0.0	687371	4699.092417537785	0.6997404534626256	1.2
815.1412296107496	1200	16.037315917655278	0.0	526950	3592.040972758826	0.6997404534626256	1.2
819.1646825026677	1200	16.013863025737223	0.0	587876	4023.452891918052	0.6997404534626256	1.2
823.359327773538	1200	15.81921775486694	0.0	617242	4194.645270870284	0.6997404534626256	1.2
827.2696260367131	1200	15.908919491691803	0.0	581493	3910.2982631751383	0.6997404534626256	1.2
831.6656261748398	1200	15.512919353565096	0.0	639204	4396.0001381267075	0.6997404534626256	1.2
835.5932639694979	1200	15.58528155890701	0.0	586839	3927.6377946580856	0.6997404534626256	1.2
839.6489001518984	1200	15.529645376506457	0.0	601738	4055.636182400555	0.6997404534626256	1.2
843.8143079032184	1200	15.364237625186442	0.0	616206	4165.407751320014	0.6997404534626256	1.2
848.8894378388634	1200	14.289107689541527	0.0	656471	5075.129935644914	0.6997404534626256	1.2
851.9840092380102	1200	15.19453629039459	0.0	536667	3094.5713991469374	0.6997404534626256	1.2
855.9142656975044	1200	15.264279830900458	0.0	587236	3930.2564594941327	0.6997404534626256	1.2
859.8942569878569	1200	15.28428854054788	0.0	590335	3979.991290352577	0.6997404534626256	1.2
864.6578066171816	1200	14.520738911223255	0.0	696376	4763.549629324627	0.6997404534626256	1.2
868.0156435036388	1200	15.162902024765934	0.0	487160	3357.8368864573204	0.6997404534626256	1.2
872.2163873830291	1200	14.962158145375605	0.0	622896	4200.7438793903275	0.6997404534626256	1.2
876.6168009387032	1200	14.561744589701473	0.0	641447	4400.413555674134	0.6997404534626256	1.2
880.4785253889813	1200	14.700020139423424	0.0	570392	3861.724450278048	0.6997404534626256	1.2
884.6794554129351	1200	14.499090115469674	0.0	620283	4200.930023953751	0.6997404534626256	1.2
888.631765832133	1200	14.546779696271791	0.0	584349	3952.3104191978814	0.6997404534626256	1.2
893.1157687282139	1200	14.062776800190976	0.0	670129	4484.002896080815	0.6997404534626256	1.2
898.9469428079539	1200	12.231602720451043	0.0	690253	5831.174079739932	0.6997404534626256	1.2
902.9428561844794	1200	12.235689343925463	0.0	598727	3995.9133765255783	0.6997404534626256	1.2
906.2310186003705	1200	12.947526928034408	0.0	487812	3288.162415891054	0.6997404534626256	1.2
910.147815973393	1200	13.030729555011867	0.0	575591	3916.7973730225426	0.6997404534626256	1.2
914.1886341147057	1200	12.989911413699126	0.0	605884	4040.8181413127404	0.6997404534626256	1.2
918.0879566981455	1200	13.090588830259396	0.0	587506	3899.3225834397317	0.6997404534626256	1.2
922.0277412204117	1200	13.150804307993113	0.0	566904	3939.7845222662836	0.6997404534626256	1.2
926.0944658461417	1200	13.084079682263113	0.0	641452	4066.724625729999	0.6997404534626256	1.2
930.1657593025225	1200	13.012786225882227	0.0	599477	4071.293456380887	0.6997404534626256	1.2
935.5552080215128	1200	11.623337506891874	0.0	634861	5389.448718990352	0.6997404534626256	1.2
939.251357821397	1200	11.927187707007695	0.0	630203	3696.149799884179	0.6997404534626256	1.2
943.5570423847628	1200	11.621503143641943	0.0	638661	4305.684563365752	0.6997404534626256	1.2
948.0840462597686	1200	11.094499268636127	0.0	538612	4527.003875005816	0.6997404534626256	1.2
957.9325876325685	2850	5.245957895836236	0.0	1364537	9848.541372799891	0.6997404534626256	1.2000000000000002
960.3725005162624	750	6.806045012142171	0.0	450283	2439.912883694066	0.6997404534626256	0.75
962.5542881357801	750	8.624257392624479	0.0	398865	2181.7876195176923	0.6997404534626256	0.75
964.4783331494341	750	10.7002123789706	0.0	350812	1924.0450136538782	0.6997404534626256	0.75
967.0947605456187	750	12.08378498278595	0.0	382355	2616.4273961846498	0.6997404534626256	0.75
970.7607997727508	750	12.417745755653822	0.0	411561	3666.039227132127	0.6997404534626256	0.75
972.829649637328	750	14.348895891076697	0.0	318564	2068.8498645771256	0.6997404534626256	0.75
974.8241192565653	750	16.35442627183945	0.0	352642	1994.4696192372473	0.6997404534626256	0.75
977.475024413365	750	17.703521115039788	0.0	437162	2650.9051567996635	0.6997404534626256	0.75
980.002986857939	750	19.17555867046568	0.0	374758	2527.9624445741088	0.6997404534626256	0.75
983.869544979865	1200	19.309000548539636	0.0	560821	3866.5581219260457	0.6997404534626256	0.75
987.9658892992704	1200	19.21265622913428	0.0	607410	4096.344319405356	0.6997404534626256	1.2
991.9508433106754	1200	19.227702217729338	0.0	594078	3984.9540114049423	0.6997404534626256	1.2
996.2172075606421	1200	18.961337967762535	0.0	624282	4266.364249966802	0.6997404534626256	1.2
1000.8321025148964	1200	18.346443013508217	0.0	687371	4614.894954254317	0.6997404534626256	1.2
1005.2700941611234	1200	17.908451367281295	0.0	526950	4437.991646226925	0.6997404534626256	1.2
1009.7799752977115	1200	17.398570230693142	0.0	587876	4509.88113658815	0.6997404534626256	1.2
1013.9375340536554	1200	17.241011474749193	0.0	617242	4157.558755943949	0.6997404534626256	1.2
1017.9232012604872	1200	17.25534426791747	0.0	581493	3985.6672068317243	0.6997404534626256	1.2
1022.2387055448688	1200	16.939839983535844	0.0	639204	4315.504284381625	0.6997404534626256	1.2
1026.1760604713525	1200	17.002485057052304	0.0	586839	3937.3549264835397	0.6997404534626256	1.2
1030.2209146647667	1200	16.957630863637977	0.0	601738	4044.85419341433	0.6997404534626256	1.2
1034.4263891325904	1200	16.752156395814247	0.0	616206	4205.474467823728	0.6997404534626256	1.2
1038.8442431039502	1200	16.334302424454503	0.0	656471	4417.853971359744	0.6997404534626256	1.2
1042.5556609216885	1200	16.62288460671639	0.0	536667	3711.4178177381127	0.6997404534626256	1.2
1047.0677256034523	1200	16.110819924952533	0.0	587236	4512.064681763854	0.6997404534626256	1.2
1051.7594471239613	1200	15.419098404443556	0.0	590335	4691.72152050898	0.6997404534626256	1.2
1058.9169459581929	1200	12.261599570212013	0.0	696376	7157.498834231543	0.6997404534626256	1.2
1060.8391738028997	750	14.339371725505355	0.0	277716	1922.2278447066587	0.6997404534626256	0.3
1063.6154066803488	750	15.563138848056242	0.0	400396	2776.2328774491134	0.6997404534626256	0.75
1066.5568982271116	750	16.62164730129328	0.0	400508	2941.491546762961	0.6997404534626256	0.75
1070.9388279889363	1200	16.23971753946868	0.0	570392	4381.929761824602	0.6997404534626256	0.75
1075.1093195136502	1200	16.069226014754776	0.0	620283	4170.491524713903	0.6997404534626256	1.2
1079.0818394828532	1200	16.096706045551624	0.0	584349	3972.5199692031497	0.6997404534626256	1.2
1083.6508501260173	1200	15.52769540238757	0.0	670129	4569.010643164055	0.6997404534626256	1.2
1089.171758500172	1200	14.006787028232942	0.0	690253	5520.908374154628	0.6997404534626256	1.2
1093.4705925293522	1200	13.707952999052623	0.0	598727	4298.83402918032	0.6997404534626256	1.2
1097.203675050327	1200	13.974870478077813	0.0	487812	3733.08252097481	0.6997404534626256	1.2
1101.6638742287948	1200	13.514671299610054	0.0	575591	4460.19917846776	0.6997404534626256	1.2
1105.7027084486215	1200	13.475837079783417	0.0	605884	4038.8342198266364	0.6997404534626256	1.2
1110.984057998723	1200	12.194487529681785	0.0	587506	5281.349550101634	0.6997404534626256	1.2
1113.3392292658757	750	13.839316262529346	0.0	345516	2355.1712671524383	0.6997404534626256	0.3
1115.9519314832407	750	15.226614045164279	0.0	384505	2612.7022173650685	0.6997404534626256	0.75
1118.934612173325	750	16.243933355080088	0.0	372093	2982.6806900841907	0.6997404534626256	0.75
1122.9660787282735	750	16.212466800131534	0.0	438281	4031.466554948555	0.6997404534626256	0.75
1126.0256905197448	750	17.152855008660374	0.0	398987	3059.6117914711585	0.6997404534626256	0.75
1128.7971849404446	750	18.38136058796058	0.0	393804	2771.494420699797	0.6997404534626256	0.75
1134.5297621316656	1850	16.648783396739468	0.0	830730	5732.57719122111	0.6997404534626256	0.75
1145.0633470920236	2850	10.115198436381432	0.0	1364537	10533.584960358037	0.6997404534626256	1.85
1148.1149442676005	750	11.063601260804463	0.0	450283	3051.5971755769706	0.6997404534626256	0.75
1150.8203402149743	750	12.358205313430675	0.0	398865	2705.3959473737873	0.6997404534626256	0.75
1153.2262651726935	750	13.95228035571152	0.0	350812	2405.9249577191545	0.6997404534626256	0.75
1155.8742740645896	750	15.304271463815315	0.0	382355	2648.0088918962047	0.6997404534626256	0.75
1158.7281734967687	750	16.450372031635997	0.0	411561	2853.8994321793202	0.6997404534626256	0.75
1162.5366004956713	1200	16.641945032733535	0.0	520315	3808.4269989024638	0.6997404534626256	0.75
1166.3965955271	1200	16.78195000130488	0.0	561791	3859.995031428655	0.6997404534626256	1.2
1173.5376894278875	1200	13.64085610051738	0.0	709534	7141.093900787503	0.6997404534626256	1.2
1178.0036748512723	1200	13.17487067713267	0.0	584846	4465.985423384709	0.6997404534626256	1.2
1182.5610189894164	1200	12.61752653898849	0.0	560821	4557.344138144181	0.6997404534626256	1.2
1184.6385575538332	750	14.539987974571828	0.0	353220	2077.538564416662	0.6997404534626256	0.3
1187.3564916875239	750	15.82205384088095	0.0	405134	2717.9341336908783	0.6997404534626256	0.75
1190.4952262245436	750	16.683319303861413	0.0	386351	3138.734537019538	0.6997404534626256	0.75
1193.5413588460292	750	17.637186682375766	0.0	434409	3046.1326214856476	0.6997404534626256	0.75
1197.120317628121	750	18.058227900283942	0.0	337059	3578.9587820918227	0.6997404534626256	0.75
1199.6549590901816	750	19.523586438223393	0.0	366214	2534.6414620605487	0.6997404534626256	0.75
1202.1155884753264	750	21.062957053078783	0.0	360831	2460.62938514461	0.6997404534626256	0.75
1204.659091448607	750	22.519454079798162	0.0	372963	2543.502973280623	0.6997404534626256	0.75
1207.420590451615	750	23.757955076790186	0.0	405596	2761.499003007976	0.6997404534626256	0.75
1211.4688917427584	1200	23.709653785646584	0.0	586839	4048.301291143603	0.6997404534626256	0.75
1215.9779047996687	1200	23.200640728736154	0.0	601738	4509.013056910429	0.6997404534626256	1.2
1220.0999189756326	1200	23.07862655277233	0.0	616206	4122.0141759638245	0.6997404534626256	1.2
1224.5055536230211	1200	22.672991905383892	0.0	656471	4405.634647388438	0.6997404534626256	1.2
1229.9586421745707	1200	21.219903353834166	0.0	536667	5453.088551549729	0.6997404534626256	1.2
1235.5926899408555	1200	19.58585558754942	0.0	587236	5634.047766284743	0.6997404534626256	1.2
1240.3455457223147	1200	18.832999806090367	0.0	590335	4752.855781459053	0.6997404534626256	1.2
1245.4628697817866	1200	17.71567574661848	0.0	696376	5117.32405947189	0.6997404534626256	1.2
1248.978767592644	1200	18.199777935761	0.0	487160	3515.897810857482	0.6997404534626256	1.2
1253.8123224097494	1200	17.366223118655537	0.0	622896	4833.554817105461	0.6997404534626256	1.2
1259.2282046754494	1200	15.95034085295561	0.0	641447	5415.882265699926	0.6997404534626256	1.2
1263.5879759040197	1200	15.59056962438532	0.0	570392	4359.771228570292	0.6997404534626256	1.2
1267.7494859107535	1200	15.42905961765173	0.0	620283	4161.51000673359	0.6997404534626256	1.2
1271.6975683364265	1200	15.48097719197874	0.0	584349	3948.08242567299	0.6997404534626256	1.2
1276.1800750258349	1200	14.998470502570298	0.0	670129	4482.506689408444	0.6997404534626256	1.2
1280.9374884236101	1200	14.241057104795022	0.0	690253	4757.413397775276	0.6997404534626256	1.2
1284.9067132467255	1200	14.271832281679739	0.0	598727	3969.224823115283	0.6997404534626256	1.2
1288.072893908838	1200	15.105651619567157	0.0	487812	3166.1806621125825	0.6997404534626256	1.2
1291.1272750130356	1200	16.05127051536965	0.0	575591	3054.3811041975055	0.6997404534626256	1.2
1294.2924148244283	1200	16.886130703976953	0.0	605884	3165.139811392701	0.6997404534626256	1.2
1297.980648180856	1200	17.197897347549283	0.0	587506	3688.233356427673	0.6997404534626256	1.2
1301.6930192132675	1200	17.48552631513777	0.0	566904	3712.371032411513	0.6997404534626256	1.2
1305.9263436395033	1200	17.252201888901872	0.0	641452	4233.324426235898	0.6997404534626256	1.2
1309.7343129227681	1200	17.44423260563705	0.0	599477	3807.9692832648193	0.6997404534626256	1.2
1313.5907723871617	1200	17.58777314124346	0.0	634861	3856.459464393592	0.6997404534626256	1.2
1317.3696684508457	1200	17.808877077559497	0.0	630203	3778.8960636839606	0.6997404534626256	1.2
1324.0585914833366	1850	15.119954045068607	0.0	982064	6688.92303249089	0.6997404534626256	1.2000000000000002
1330.4527053174895	1850	12.725840210915578	0.0	830730	6394.1138341530295	0.6997404534626256	1.85
1340.8654939482246	2850	6.313051580180521	0.0	1364537	10412.788630735056	0.6997404534626256	1.85
1344.3727158824704	750	6.805829645934902	0.0	450283	3507.221934245619	0.6997404534626256	0.75
1347.7938293338614	750	7.384716194543949	0.0	398865	3421.113451390953	0.6997404534626256	0.75
1350.447512617374	750	8.731032911031322	0.0	350812	2653.683283512628	0.6997404534626256	0.75
1353.223642065639	750	9.954903462766353	0.0	382355	2776.129448264969	0.6997404534626256	0.75
1356.68622686158	750	10.492318666825437	0.0	411561	3462.584795940916	0.6997404534626256	0.75
1358.883097656482	750	12.29544787192345	0.0	318564	2196.8707949019863	0.6997404534626256	0.75
1361.3271891664874	750	13.851356361918121	0.0	352642	2444.09151000533	0.6997404534626256	0.75
1364.310909554165	750	14.8676359742406	0.0	437162	2983.720387677521	0.6997404534626256	0.75
1367.0048202921328	750	16.173725236272816	0.0	374758	2693.9107379677826	0.6997404534626256	0.75
1369.9657469555684	750	17.21279857283694	0.0	362795	2960.9266634358733	0.6997404534626256	0.75
1372.3782299902168	750	18.80031553818849	0.0	353220	2412.483034648453	0.6997404534626256	0.75
1375.1452454020246	750	20.03330012638082	0.0	405134	2767.0154118076703	0.6997404534626256	0.75
1377.6903860188388	750	21.488159509566756	0.0	386351	2545.1406168140593	0.6997404534626256	0.75
1382.2798492940976	1200	20.898696234307895	0.0	687371	4589.463275258861	0.6997404534626256	0.75
1385.5026654938645	1200	21.67588003454102	0.0	526950	3222.816199766875	0.6997404534626256	1.2
1389.3577390485107	1200	21.82080647989514	0.0	587876	3855.07355464588	0.6997404534626256	1.2
1393.4927851597615	1200	21.685760368644083	0.0	617242	4135.046111251057	0.6997404534626256	1.2
1397.5642484666012	1200	21.614297061804397	0.0	581493	4071.4633068396843	0.6997404534626256	1.2
1402.3803265159017	1200	20.798219012503715	0.0	639204	4816.078049300682	0.6997404534626256	1.2
1406.663381083682	1200	20.515164444723702	0.0	586839	4283.0545677800155	0.6997404534626256	1.2
1411.1752291215714	1200	20.003316406834273	0.0	601738	4511.848037889427	0.6997404534626256	1.2
1415.9535064762365	1200	19.225039052169166	0.0	616206	4778.277354665107	0.6997404534626256	1.2
1421.712641691895	1200	17.465903836510698	0.0	656471	5759.13521565847	0.6997404534626256	1.2
1425.2930487754586	1200	17.88549675294693	0.0	536667	3580.407083563764	0.6997404534626256	1.2
1429.2364441823267	1200	17.942101346078918	0.0	587236	3943.3954068680164	0.6997404534626256	1.2
1433.6544379767242	1200	17.524107551681542	0.0	590335	4417.993794397374	0.6997404534626256	1.2
1439.0034287851574	1200	16.17511674324828	0.0	696376	5348.990808433262	0.6997404534626256	1.2
1442.3916511068912	1200	16.786894421514532	0.0	487160	3388.222321733752	0.6997404534626256	1.2
1447.973826895703	1200	15.20471863270262	0.0	622896	5582.175788811911	0.6997404534626256	1.2
1452.2132165169057	1200	14.965329011500039	0.0	641447	4239.389621202584	0.6997404534626256	1.2
1456.0243075655328	1200	15.154237962872816	0.0	570392	3811.0910486272223	0.6997404534626256	1.2
1460.1893663035673	1200	14.989179224838445	0.0	620283	4165.05873803437	0.6997404534626256	1.2
1465.6276521844047	1200	13.550893344001102	0.0	584349	5438.285880837343	0.6997404534626256	1.2
1468.2034430522654	750	14.975102476140332	0.0	412837	2575.790867860772	0.6997404534626256	0.3
1470.9225558788287	750	16.2559896495769	0.0	401088	2719.1128265634306	0.6997404534626256	0.75
1473.436833201453	750	17.741712326952626	0.0	365161	2514.2773226242753	0.6997404534626256	0.75
1475.6892278628786	750	19.48931766552693	0.0	321064	2252.394661425696	0.6997404534626256	0.75
1478.2248169477898	750	20.95372858061588	0.0	361565	2535.5890849110497	0.6997404534626256	0.75
1482.3874949754068	1200	20.791050552998993	0.0	605884	4162.6780276168865	0.6997404534626256	0.75
1486.8459075987882	1200	20.33263792961753	0.0	587506	4458.412623381464	0.6997404534626256	1.2
1490.6739948759273	1200	20.504550652478418	0.0	566904	3828.087277139111	0.6997404534626256	1.2
1494.9708449429197	1200	20.207700585486062	0.0	641452	4296.850066992357	0.6997404534626256	1.2
1499.0570914429238	1200	20.12145408548202	0.0	599477	4086.2465000040415	0.6997404534626256	1.2
1503.312524955517	1200	19.86602057288889	0.0	634861	4255.433512593133	0.6997404534626256	1.2
1507.5610174016188	1200	19.61752812678718	0.0	630203	4248.492446101707	0.6997404534626256	1.2
1514.141709272579	1850	17.036836255826827	0.0	982064	6580.691870960356	0.6997404534626256	1.2000000000000002
1519.8448746468137	1850	15.333670881592182	0.0	830730	5703.165374234644	0.6997404534626256	1.85
1529.195720124707	2850	9.982825403699028	0.0	1364537	9350.845477893155	0.6997404534626256	1.85
1533.3152202803735	750	9.863325248032487	0.0	450283	4119.500155666541	0.6997404534626256	0.75
1536.7989270867918	750	10.379618441614154	0.0	398865	3483.7068064183327	0.6997404534626256	0.75
1539.211793813192	750	11.966751715214007	0.0	350812	2412.8667264001447	0.6997404534626256	0.75
1541.8026761766268	750	13.375869351778798	0.0	382355	2590.88236343521	0.6997404534626256	0.75
1544.5905621564698	750	14.587983371935978	0.0	411561	2787.88597984282	0.6997404534626256	0.75
1546.7764777572788	750	16.402067771127022	0.0	318564	2185.9156008089562	0.6997404534626256	0.75
1549.1704501788734	750	18.008095349532603	0.0	352642	2393.9724215944207	0.6997404534626256	0.75
1552.4060739662445	750	18.77247156216148	0.0	437162	3235.62378737112	0.6997404534626256	0.75
1555.0278723186643	750	20.150673209741676	0.0	374758	2621.798352419807	0.6997404534626256	0.75
1558.9134043266254	1200	20.26514120178052	0.0	560821	3885.5320079611547	0.6997404534626256	0.75
1563.0375189234126	1200	20.141026604993428	0.0	607410	4124.114596787091	0.6997404534626256	1.2
1568.129309151666	1200	19.04923637674007	0.0	594078	5091.790228253363	0.6997404534626256	1.2
1572.787270328791	1200	18.391275199614867	0.0	624282	4657.961177125203	0.6997404534626256	1.2
1577.3924814450702	1200	17.78606408333577	0.0	687371	4605.211116279099	0.6997404534626256	1.2
1580.9549626535577	1200	18.223582874848063	0.0	526950	3562.481208487707	0.6997404534626256	1.2
1584.7961633510993	1200	18.38238217730667	0.0	587876	3841.200697541394	0.6997404534626256	1.2
1588.9368723009945	1200	18.241673227411297	0.0	617242	4140.708949895371	0.6997404534626256	1.2
1592.8112264563295	1200	18.367319072076484	0.0	581493	3874.354155334816	0.6997404534626256	1.2
1597.0954378457604	1200	18.083107682645494	0.0	639204	4284.21138943099	0.6997404534626256	1.2
1601.1349749320655	1200	18.04357059634044	0.0	586839	4039.5370863050566	0.6997404534626256	1.2
1606.0011950187697	1200	17.177350509636103	0.0	601738	4866.2200867043375	0.6997404534626256	1.2
1610.5849098115145	1200	16.59363571689141	0.0	616206	4583.714792744693	0.6997404534626256	1.2
1615.3578861341805	1200	15.82065939422532	0.0	656471	4772.97632266609	0.6997404534626256	1.2
1619.9901794001078	1200	15.188366128297982	0.0	536667	4632.293265927337	0.6997404534626256	1.2
1624.1374303484051	1200	15.04111518000058	0.0	587236	4147.250948297405	0.6997404534626256	1.2
1628.0855142826	1200	15.093031245805857	0.0	590335	3948.0839341947217	0.6997404534626256	1.2
1633.0222697566555	1200	14.156275771750133	0.0	696376	4936.755474055725	0.6997404534626256	1.2
1636.3276783504348	1200	14.850867177970805	0.0	487160	3305.408593779328	0.6997404534626256	1.2
1642.6558766392582	1200	12.522668889147651	0.0	622896	6328.198288823154	0.6997404534626256	1.2
1647.851496326754	1200	11.327049201651807	0.0	641447	5195.619687495845	0.6997404534626256	1.2
1652.3038717072952	750	10.874673821110276	0.0	358218	4452.375380541531	0.6997404534626256	0.3
1656.03621851728	750	11.142327011125465	0.0	400322	3732.3468099848114	0.6997404534626256	0.75
1658.6352728945242	750	12.543272633881319	0.0	369834	2599.054377244146	0.6997404534626256	0.75
1661.4345685605356	750	13.743976967869928	0.0	412837	2799.2956660113905	0.6997404534626256	0.75
1664.1562113946368	750	15.02233413376865	0.0	401088	2721.642834101277	0.6997404534626256	0.75
1666.9552980663495	750	16.223247462056005	0.0	365161	2799.0866717126446	0.6997404534626256	0.75
1669.2093491549497	750	17.96919637345579	0.0	321064	2254.0510886002153	0.6997404534626256	0.75
1671.673849632693	750	19.504695895712498	0.0	361565	2464.500477743292	0.6997404534626256	0.75
1674.2633088183895	750	20.91523671001608	0.0	378327	2589.459185696418	0.6997404534626256	0.75
1678.2913366091952	1200	20.887208919210355	0.0	587506	4028.0277908057265	0.6997404534626256	0.75
1682.1094435412108	1200	21.06910198719472	0.0	566904	3818.106932015634	0.6997404534626256	1.2
1688.6931732681207	1200	18.485372260284915	0.0	641452	6583.729726909807	0.6997404534626256	1.2
1692.9122627043328	1200	18.266282824072764	0.0	599477	4219.089436212151	0.6997404534626256	1.2
1697.1841647347976	1200	17.994380793607938	0.0	634861	4271.902030464824	0.6997404534626256	1.2
1700.9334971993349	1200	18.245048329070578	0.0	630203	3749.3324645373623	0.6997404534626256	1.2
1704.8682565201075	1200	18.310289008297996	0.0	638661	3934.7593207725804	0.6997404534626256	1.2
1710.4778942299133	1850	16.700651298492055	0.0	830730	5609.63770980594	0.6997404534626256	1.2000000000000002
1722.3976578296745	2850	8.780887698730917	0.0	1364537	11919.76359976114	0.6997404534626256	1.85
1725.2693909897641	750	9.909154538641168	0.0	450283	2871.733160089747	0.6997404534626256	0.75
1727.9806339786044	750	11.197911549800885	0.0	398865	2711.242988840284	0.6997404534626256	0.75
1730.354139024017	750	12.824406504388085	0.0	350812	2373.505045412799	0.6997404534626256	0.75
1733.2475251342269	750	13.93102039417842	0.0	382355	2893.3861102096657	0.6997404534626256	0.75
1736.3479030251729	750	14.830642503232372	0.0	411561	3100.377890946047	0.6997404534626256	0.75
1738.7502873649858	750	16.428258163419525	0.0	318564	2402.384339812848	0.6997404534626256	0.75
1741.2890325884018	750	17.889512940003506	0.0	352642	2538.7452234160132	0.6997404534626256	0.75
1744.9409982209406	750	18.2375473074647	0.0	437162	3651.9656325388105	0.6997404534626256	0.75
1748.3578492860552	750	18.820696242350117	0.0	374758	3416.8510651145784	0.6997404534626256	0.75
1751.8976415291595	750	19.28090399924593	0.0	362795	3539.792243104186	0.6997404534626256	0.75
1754.9580714088995	750	20.220474119505727	0.0	353220	3060.4298797401993	0.6997404534626256	0.75
1757.7341329819567	750	21.44441254644845	0.0	405134	2776.0615730572795	0.6997404534626256	0.75
1760.7730981201958	750	22.40544740820944	0.0	386351	3038.9651382390125	0.6997404534626256	0.75
1764.0297861092035	750	23.148759419201657	0.0	434409	3256.687989007782	0.6997404534626256	0.75
1766.3645853435867	750	24.813960184818377	0.0	337059	2334.7992343832784	0.6997404534626256	0.75
1770.7020181831633	1200	24.4765273452418	0.0	587876	4337.43283957658	0.6997404534626256	0.75
1775.816023886798	1200	23.362521641607128	0.0	617242	5114.005703634669	0.6997404534626256	1.2
1780.51172856852	1200	22.66681695988494	0.0	581493	4695.704681722185	0.6997404534626256	1.2
1784.808216100043	1200	22.370329428362204	0.0	639204	4296.4875315227355	0.6997404534626256	1.2
1789.752151351574	1200	21.426394176831334	0.0	586839	4943.935251530871	0.6997404534626256	1.2
1793.5547757512463	1200	21.623769777158895	0.0	601738	3802.6243996724393	0.6997404534626256	1.2
1797.666664737881	1200	21.51188079052403	0.0	616206	4111.88898663486	0.6997404534626256	1.2
1801.8551291248139	1200	21.323416403591278	0.0	656471	4188.464386932756	0.6997404534626256	1.2
1806.61361219753	1200	20.56493333087526	0.0	536667	4758.483072716014	0.6997404534626256	1.2
1810.6141992591618	1200	20.56434626924361	0.0	587236	4000.587061631651	0.6997404534626256	1.2
1814.5786034370572	1200	20.59994209134806	0.0	590335	3964.4041778955548	0.6997404534626256	1.2
1819.2528651634996	1200	19.925680364905816	0.0	696376	4674.26172644224	0.6997404534626256	1.2
1822.560506769512	1200	20.618038758893444	0.0	487160	3307.6416060123743	0.6997404534626256	1.2
1826.7414974150824	1200	20.437048113322806	0.0	622896	4180.990645570637	0.6997404534626256	1.2
1831.0406580535757	1200	20.137887474829554	0.0	641447	4299.160638493253	0.6997404534626256	1.2
1835.0296309984983	1200	20.14891452990693	0.0	570392	3988.972944922626	0.6997404534626256	1.2
1839.7821458665555	1200	19.396399661849696	0.0	620283	4752.514868057229	0.6997404534626256	1.2
1843.9369829912573	1200	19.241562537148038	0.0	584349	4154.837124701659	0.6997404534626256	1.2
1848.6100006549384	1200	18.568544873466852	0.0	670129	4673.017663681184	0.6997404534626256	1.2
1855.6314691386085	1200	15.547076389796814	0.0	690253	7021.468483670041	0.6997404534626256	1.2
1859.7066408644966	1200	15.471904663908724	0.0	598727	4075.171725888088	0.6997404534626256	1.2
1863.0268086155709	1200	16.151736912834412	0.0	487812	3320.1677510743125	0.6997404534626256	1.2
1867.030227252247	1200	16.14831827615821	0.0	575591	4003.4186366762033	0.6997404534626256	1.2
1872.2112637184803	1200	14.96728180992501	0.0	605884	5181.0364662332	0.6997404534626256	1.2
1876.9456903792336	1200	14.232855149171641	0.0	587506	4734.42666075337	0.6997404534626256	1.2
1881.4343509419903	1200	13.744194586415006	0.0	566904	4488.660562756635	0.6997404534626256	1.2
1885.9945536235175	1200	13.183991904887833	0.0	641452	4560.202681527172	0.6997404534626256	1.2
1890.411619404609	1200	12.766926123796413	0.0	599477	4417.065781091421	0.6997404534626256	1.2
1894.7161738681043	1200	12.462371660300963	0.0	634861	4304.55446349545	0.6997404534626256	1.2
1899.2165071899278	1200	11.962038338477573	0.0	630203	4500.333321823391	0.6997404534626256	1.2
1904.800355204211	1200	10.378190324194307	0.0	638661	5583.848014283264	0.6997404534626256	1.2
1908.4660649011785	1200	10.712480627226896	0.0	538612	3665.7096969674108	0.6997404534626256	1.2
1914.30321142963	1850	8.875334098775456	0.0	846370	5837.146528451441	0.6997404534626256	1.2000000000000002
1917.339996182343	750	9.83854934606248	0.0	450283	3036.7847527129766	0.6997404534626256	0.75
1920.2825129753007	750	10.89603255310472	0.0	398865	2942.5167929577597	0.6997404534626256	0.75
1922.885835828136	750	12.292709700269373	0.0	350812	2603.3228528353457	0.6997404534626256	0.75
1927.3863199965333	1200	11.792225531872136	0.0	617681	4500.484168397237	0.6997404534626256	0.75
1931.8358633925418	1200	11.342682135863495	0.0	652874	4449.543396008641	0.6997404534626256	1.2
1935.449046667652	1200	11.729498860753496	0.0	520315	3613.1832751099996	0.6997404534626256	1.2
1939.4745613719858	1200	11.703984156419638	0.0	561791	4025.5147043338584	0.6997404534626256	1.2
1944.5216461977093	1200	10.656899330696172	0.0	709534	5047.084825723467	0.6997404534626256	1.2
1948.4381779751277	1200	10.740367553277759	0.0	584846	3916.5317774184136	0.6997404534626256	1.2
1952.233750180667	1200	10.94479534773871	0.0	560821	3795.5722055390493	0.6997404534626256	1.2
1956.7739235271836	1200	10.404622001222034	0.0	607410	4540.173346516674	0.6997404534626256	1.2
1960.9141470706443	1200	10.264398457761384	0.0	594078	4140.22354346065	0.6997404534626256	1.2
1965.5844585613168	1200	9.594086967088737	0.0	624282	4670.311490672648	0.6997404534626256	1.2
1970.1822895764342	1200	8.99625595197121	0.0	687371	4597.8310151175265	0.6997404534626256	1.2
1974.0507147471071	1200	9.1278307812983	0.0	526950	3868.4251706729096	0.6997404534626256	1.2
1976.8457934176436	750	10.332752110761827	0.0	366214	2795.0786705364744	0.6997404534626256	0.3
1979.452854898647	750	11.725690629758404	0.0	360831	2607.0614810034226	0.6997404534626256	0.75
1982.01886049078	750	13.159685037625328	0.0	372963	2566.0055921330777	0.6997404534626256	0.75
1984.8175246498831	750	14.361020878522197	0.0	405596	2798.6641591031316	0.6997404534626256	0.75
1986.4395051628208	750	16.739040365584668	0.0	350713	1621.9805129375304	0.6997404534626256	0.75
1987.812114883539	750	19.366430644866256	0.0	386472	1372.6097207184107	0.6997404534626256	0.75
1990.6072680503544	750	20.571277478050785	0.0	399894	2795.153166815471	0.6997404534626256	0.75
1993.3860605944546	750	21.792484933950636	0.0	401853	2778.7925441001494	0.6997404534626256	0.75
1995.8572958143477	750	23.32124971405768	0.0	343800	2471.235219892959	0.6997404534626256	0.75
1998.3354658469566	750	24.843079681448593	0.0	359903	2478.1700326090845	0.6997404534626256	0.75
2000.9824562019003	750	26.196089326505135	0.0	379700	2646.9903549434603	0.6997404534626256	0.75
2003.88029764289	750	27.29824788551547	0.0	425781	2897.8414409896636	0.6997404534626256	0.75
2006.7165847690974	750	28.461960759307996	0.0	277716	2836.2871262074736	0.6997404534626256	0.75
2012.069309433728	1200	27.109236094677463	0.0	622896	5352.724664630532	0.6997404534626256	0.75
2017.7314733724465	1200	25.44707215595879	0.0	641447	5662.1639387186715	0.6997404534626256	1.2
2021.9324007830344	1200	25.24614474537115	0.0	570392	4200.927410587641	0.6997404534626256	1.2
2026.2638813957524	1200	24.914664132653034	0.0	620283	4331.480612718117	0.6997404534626256	1.2
2030.2476756002668	1200	24.93086992813855	0.0	584349	3983.7942045144828	0.6997404534626256	1.2
2034.7694803105248	1200	24.409065217880553	0.0	670129	4521.804710257996	0.6997404534626256	1.2
2039.423281469114	1200	23.755264059291303	0.0	690253	4653.801158589253	0.6997404534626256	1.2
2043.7209025342447	1200	23.45764299416072	0.0	598727	4297.621065130582	0.6997404534626256	1.2
2047.0207362321057	1200	24.15780929629986	0.0	487812	3299.833697860859	0.6997404534626256	1.2
2050.922442429636	1200	24.256103098769735	0.0	575591	3901.706197530126	0.6997404534626256	1.2
2055.0087206121893	1200	24.169824916216136	0.0	605884	4086.278182553598	0.6997404534626256	1.2
2059.1099457269415	1200	24.06859980146401	0.0	587506	4101.225114752127	0.6997404534626256	1.2
2063.0029529867365	1200	24.17559254166877	0.0	566904	3893.0072597952394	0.6997404534626256	1.2
2066.171494221381	1200	25.007051307024145	0.0	641452	3168.541234644625	0.6997404534626256	1.2
2070.164888171408	1200	25.013657356997292	0.0	599477	3993.393950026852	0.6997404534626256	1.2
2074.4943555751574	1200	24.68418995324774	0.0	634861	4329.467403749555	0.6997404534626256	1.2
2081.936971010255	1850	21.241574518150166	0.0	958994	7442.615435097574	0.6997404534626256	1.2000000000000002
2089.2020586726107	1850	17.976486855794736	0.0	982064	7265.087662355429	0.6997404534626256	1.85
2094.6784256301057	1850	16.500119898299612	0.0	830730	5476.366957495125	0.6997404534626256	1.85
2103.5792937962105	2850	11.599251732194837	0.0	1364537	8900.868166104778	0.6997404534626256	1.85
2106.862768451602	750	12.315777076803554	0.0	450283	3283.4746553912814	0.6997404534626256	0.75
2110.1001069951108	750	13.078438533294271	0.0	398865	3237.3385435092846	0.6997404534626256	0.75
2112.4726598709676	750	14.705885657437323	0.0	350812	2372.552875856949	0.6997404534626256	0.75
2115.05817288295	750	16.120372645454573	0.0	382355	2585.5130119827477	0.6997404534626256	0.75
2117.8461013360566	750	17.33244419234846	0.0	411561	2787.9284531061103	0.6997404534626256	0.75
2120.0201509694202	750	19.158394558984572	0.0	318564	2174.049633363892	0.6997404534626256	0.75
2122.417042265959	750	20.761503262445753	0.0	352642	2396.8912965388186	0.6997404534626256	0.75
2127.692180085655	1200	19.486365442749864	0.0	709534	5275.137819695886	0.6997404534626256	0.75
2131.8845195271756	1200	19.294026001229113	0.0	584846	4192.33944152075	0.6997404534626256	1.2
2135.851075921837	1200	19.327469606567213	0.0	560821	3966.5563946619013	0.6997404534626256	1.2
2139.9451497237183	1200	19.233395804686197	0.0	607410	4094.0738018810193	0.6997404534626256	1.2
2143.931631278194	1200	19.246914250210523	0.0	594078	3986.4815544756693	0.6997404534626256	1.2
2148.1468433884047	1200	19.031702139999776	0.0	624282	4215.212110210748	0.6997404534626256	1.2
2152.7665866228526	1200	18.411958905551757	0.0	687371	4619.743234448018	0.6997404534626256	1.2
2157.2833699231996	1200	17.895175605204837	0.0	526950	4516.783300346919	0.6997404534626256	1.2
2162.559222957035	1200	16.61932257136944	0.0	587876	5275.853033835394	0.6997404534626256	1.2
2167.193162227411	1200	15.985383300993766	0.0	617242	4633.939270375676	0.6997404534626256	1.2
2171.1969556239674	1200	15.981589904436845	0.0	581493	4003.793396556921	0.6997404534626256	1.2
2175.540369416133	1200	15.638176112271474	0.0	639204	4343.413792165371	0.6997404534626256	1.2
2180.2542754303417	1200	14.924270098062916	0.0	586839	4713.906014208557	0.6997404534626256	1.2
2184.3432096408424	1200	14.835335887562422	0.0	601738	4088.9342105004935	0.6997404534626256	1.2
2188.4576213341343	1200	14.720924194270895	0.0	616206	4114.411693291527	0.6997404534626256	1.2
2192.8986203709183	1200	14.279925157486836	0.0	656471	4440.999036784058	0.6997404534626256	1.2
2198.2267905189083	1200	12.95175500949712	0.0	536667	5328.170147989716	0.6997404534626256	1.2
2202.6837993807053	1200	12.494746147700152	0.0	587236	4457.008861796966	0.6997404534626256	1.2
2206.660170777979	1200	12.518374750426167	0.0	590335	3976.3713972739865	0.6997404534626256	1.2
2211.509197151931	1200	11.66934837647432	0.0	696376	4849.026373951847	0.6997404534626256	1.2

