235568.0557777107	750	4.0	9.329540393610301	450283	9329.540393610301	1	-39.36702369252429
235569.0701196439	300	6.985658066793199	0.0	155580	1014.3419332068011	0.6573704702190896	-0.15000000000000002
235569.95639321636	300	10.099384494308092	0.0	139857	886.273572485108	0.6573704702190896	0.3
235570.9380467002	300	13.117731010465981	0.0	155432	981.6534838421097	0.6573704702190896	0.3
235572.72041743653	300	15.335360274135226	0.0	163442	1782.3707363307556	0.6573704702190896	0.3
235576.42917215524	300	15.626605555435482	0.0	126289	3708.754718699743	0.6573704702190896	0.3
235579.8398387318	300	16.215938978872344	0.0	153295	3410.6665765631374	0.6573704702190896	0.3
235582.60418182443	300	17.451595886263508	0.0	173849	2764.3430926088386	0.6573704702190896	0.3
235583.48624526887	300	20.569532441799048	0.0	150710	882.0634444644589	0.6573704702190896	0.3
235584.20248861337	300	23.853289097300987	0.0	139105	716.2433444980651	0.6573704702190896	0.3
235584.92975835534	300	27.126019355308163	0.0	141840	727.2697419928218	0.6573704702190896	0.3
235586.8229492921	750	29.23282841854396	0.0	405134	1893.1909367642031	0.6573704702190896	0.3
235589.74237773928	1200	30.313399971374718	0.0	624282	2919.4284471692413	0.6573704702190896	0.75
235592.9030133898	1200	31.152764320872553	0.0	687371	3160.635650502165	0.6573704702190896	1.2
235602.84561120984	1200	25.21016650084062	0.0	526950	9942.597820031931	0.6573704702190896	1.2
235606.79417428348	1200	25.261603427209515	0.0	587876	3948.5630736311023	0.6573704702190896	1.2
235609.67332518313	1200	26.382452527570663	0.0	617242	2879.1508996388543	0.6573704702190896	1.2
235612.36721662653	1200	27.688561084174356	0.0	581493	2693.891443396308	0.6573704702190896	1.2
235622.47100403602	1200	21.584773674689124	0.0	639204	10103.787409485229	0.6573704702190896	1.2
235627.96248584724	1200	20.093291863474043	0.0	586839	5491.481811215082	0.6573704702190896	1.2
235631.28374048584	1200	20.772037224858394	0.0	601738	3321.2546386156464	0.18659731524590434	1.2
235640.86749497426	1200	15.188282736449324	0.0	616206	9583.754488409071	0.18659731524590434	1.2
235647.63125325117	1200	12.424524459540793	0.0	656471	6763.758276908532	0.18659731524590434	1.2
235650.1843847625	1200	13.871392948167466	0.0	536667	2553.131511373327	0.18659731524590434	1.2
235655.1620214205	1200	12.893756290211666	0.0	587236	4977.6366579558	0.18659731524590434	1.2
235662.23467507452	1200	9.821102636182351	0.0	590335	7072.653654029315	0.18659731524590434	1.2
235668.03541076856	1200	8.020366942130185	0.0	696376	5800.735694052167	0.18659731524590434	1.2
235675.95732772842	1200	4.098449982282368	0.0	487160	7921.9169598478165	0.18659731524590434	1.2
235677.53624806643	300	6.519529644292202	0.0	153605	1578.9203379901667	0.18659731524590434	-0.6000000000000001
235679.92198973184	300	8.133787978873356	0.0	149029	2385.741665418847	0.18659731524590434	0.3
235681.17595772375	300	10.879819986953564	0.0	157421	1253.9679919197927	0.18659731524590434	0.3
235686.85917778272	750	9.196599928011754	0.0	400322	5683.220058941811	0.18659731524590434	0.3
235689.03597931657	750	11.019798394169408	0.0	369834	2176.8015338423456	0.18659731524590434	0.75
235691.13879018553	750	12.916987525193562	0.0	412837	2102.8108689758456	0.18659731524590434	0.75
235693.24531320488	750	14.810464505839333	0.0	401088	2106.5230193542293	0.18659731524590434	0.75
235697.7249714874	750	14.330806223320552	0.0	365161	4479.658282518779	0.18659731524590434	0.75
235703.74708034634	1200	12.308697364379158	0.0	487812	6022.108858941394	0.18659731524590434	0.75
235706.83922166386	1200	13.216556046877013	0.0	575591	3092.1413175021466	0.18659731524590434	1.2
235709.65210872493	1200	14.403668985803057	0.0	605884	2812.8870610739555	0.18659731524590434	1.2
235712.36009826662	1200	15.69567944408816	0.0	587506	2707.989541714896	0.18659731524590434	1.2
235718.7547049194	1200	13.301072791319786	0.0	566904	6394.606652768374	0.18659731524590434	1.2
235728.21494685026	1200	7.840830860454764	0.0	641452	9460.241930865022	0.18659731524590434	1.2
235730.99276206488	1200	9.06301564583578	0.0	599477	2777.815214618984	0.18659731524590434	1.2
235733.92205954855	1200	10.133718162164845	0.0	634861	2929.297483670935	0.18659731524590434	1.2
235756.03667607775	1200	4.0	11.980898367020734	630203	22114.61652918558	0.18659731524590434	-50.31786297818915
235764.6017737482	300	4.0	4.565097670447641	160064	8565.097670447642	0.18659731524590434	-20.229919982924855
235768.58635873816	300	4.015415010029678	0.0	137507	3984.5849899703217	0.18659731524590434	0.3
235770.19522391204	300	6.406549836149286	0.0	118421	1608.8651738803928	0.18659731524590434	0.3
235776.5252616556	750	4.076512092586542	0.0	450283	6330.037743562743	0.18659731524590434	0.75
235777.4217934861	300	7.179980262071348	0.0	155580	896.531830515194	0.18659731524590434	-0.15000000000000002
235778.23580616267	300	10.3659675855039	0.0	139857	814.0126765674476	0.18659731524590434	0.3
235779.01652037105	300	13.585253377142864	0.0	155432	780.7142083610358	0.18659731524590434	0.3
235780.93649340016	750	15.665280348040898	0.0	411561	1919.9730291019664	0.18659731524590434	0.3
235782.43977367686	750	18.16200007132323	0.0	318564	1503.2802767176681	0.18659731524590434	0.75
235785.0349247748	1200	19.56684897339238	0.0	561791	2595.1510979308496	0.18659731524590434	0.75
235793.4404611346	1200	15.161312613604922	0.0	709534	8405.536359787457	0.18659731524590434	1.2
235799.6324683804	1200	12.96930536777637	0.0	584846	6192.007245828552	0.18659731524590434	1.2
235805.6880074578	1200	10.913766290417403	0.0	560821	6055.539077358966	0.18659731524590434	1.2
235808.65018497797	1200	11.951588770229334	0.0	607410	2962.177520188069	0.18659731524590434	1.2
235811.58982983936	1200	13.011943908870158	0.0	594078	2939.644861359175	0.18659731524590434	1.2
235814.62994801547	1200	13.97182573274555	0.0	624282	3040.118176124609	0.18659731524590434	1.2
235825.2114386103	1200	7.390335137902097	0.0	687371	10581.490594843453	0.18659731524590434	1.2

