4.971118318730907	750	4.0	4.971118318730907	450283	4971.118318730907	1	-20.6258087705429
6.739731090452341	300	6.231387228278566	0.0	155580	1768.6127717214342	1.8995745015184826	-0.15000000000000002
8.32634497256521	300	8.644773346165698	0.0	139857	1586.6138821128695	1.8995745015184826	0.3
10.061484706043009	300	10.909633612687896	0.0	155432	1735.1397334778	1.8995745015184826	0.3
11.881920062463044	300	13.089198256267862	0.0	163442	1820.435356420033	1.8995745015184826	0.3
12.845068073420647	300	16.126050245310257	0.0	126289	963.1480109576033	1.8995745015184826	0.3
13.98986217872826	300	18.981256140002646	0.0	153295	1144.7941053076124	1.8995745015184826	0.3
14.795831475097986	300	22.175286843632918	0.0	173849	805.9692963697279	1.8995745015184826	0.3
15.477474100985011	300	25.493644217745892	0.0	150710	681.6426258870254	1.8995745015184826	0.3
16.847979058426727	750	28.123139260304175	0.0	362795	1370.5049574417155	1.8995745015184826	0.3
18.024130296233412	750	30.946988022497493	0.0	353220	1176.151237806682	1.8995745015184826	0.75
19.94773862830328	1200	33.023379690427625	0.0	594078	1923.6083320698658	1.8995745015184826	0.75
21.96507934242035	1200	35.006038976310556	0.0	624282	2017.340714117069	1.8995745015184826	1.2
25.26151763875036	1850	35.70960067998055	0.0	1036454	3296.438296330012	1.8995745015184826	1.2000000000000002
27.891293522534806	1850	37.0798247961961	0.0	821631	2629.775883784446	1.8995745015184826	1.85
53.53637858103361	1850	15.434739737697292	0.0	923170	25645.08505849881	1.8995745015184826	1.85
66.38860404424673	1200	6.58251427448417	0.0	617242	12852.22546321312	1.8995745015184826	0.5499999999999999
68.17341427102623	300	8.797704047704661	0.0	150616	1784.8102267795098	1.8995745015184826	-0.6000000000000001
69.88251184256549	300	11.088606476165404	0.0	165384	1709.0975715392565	1.8995745015184826	0.3
71.31446039707637	300	13.656657921654524	0.0	140881	1431.948554510881	1.8995745015184826	0.3
72.70514193811495	300	16.26597638061595	0.0	157671	1390.6815410385748	1.1114603420541478	0.3
76.02141806356579	750	16.949700255165105	0.0	399894	3316.2761254508437	1.1114603420541478	0.3
79.4814425127382	750	17.489675805992693	0.0	401853	3460.02444917241	1.1114603420541478	0.75
80.76272492888822	750	20.208393389842676	0.0	343800	1281.2824161500157	1.1114603420541478	0.75
82.10027334488484	750	22.870844973846054	0.0	359903	1337.5484159966234	1.1114603420541478	0.75
83.50699508255838	750	25.46412323617252	0.0	379700	1406.7217376735339	1.1114603420541478	0.75
85.07472989474795	750	27.896388423982962	0.0	425781	1567.7348121895575	1.1114603420541478	0.75
86.85693100542753	1200	30.114187313303376	0.0	487160	1782.2011106795858	1.1114603420541478	0.75
90.33601515861515	1850	30.635103160115758	0.0	972798	3479.084153187618	1.1114603420541478	1.2000000000000002
93.8256271300688	1850	31.145491188662117	0.0	975811	3489.6119714536444	1.1114603420541478	1.85
96.95750292836865	1850	32.013615390362254	0.0	873429	3131.8757982998604	1.1114603420541478	1.85
101.67647280824093	1850	31.29464551048999	0.0	954453	4718.969879872264	1.1114603420541478	1.85
113.79368020758447	1850	23.17743811114644	0.0	885062	12117.207399343553	1.1114603420541478	1.85
128.73012185473777	1200	12.240996463993142	0.0	670129	14936.441647153297	1.1114603420541478	0.5499999999999999
137.49208140018828	1200	7.479036918542637	0.0	690253	8761.959545450505	1.1114603420541478	1.2
140.0477521770783	300	8.923366141652627	0.0	159914	2555.6707768900114	1.1114603420541478	-0.6000000000000001
141.82847327567495	300	11.142645043055978	0.0	131610	1780.7210985966483	1.1114603420541478	0.3
143.47909723381392	300	13.492021084916992	0.0	124011	1650.6239581389855	1.1114603420541478	0.3
145.2272702885664	300	15.743848030164528	0.0	144254	1748.1730547524646	1.1114603420541478	0.3
146.81360064512864	300	18.15751767360227	0.0	149991	1586.3303565622575	1.1114603420541478	0.3
148.3796144072864	300	20.591503911444512	0.0	147968	1566.013762157757	1.1114603420541478	0.3
150.0851126873305	300	22.886005631400398	0.0	161857	1705.498280044118	1.1114603420541478	0.3
154.6639546838574	300	22.307163634873497	0.0	145210	4578.841996526897	1.1114603420541478	0.3
156.70892893489508	300	24.262189383835818	0.0	172312	2044.9742510376766	1.1114603420541478	0.3
158.53191846326132	300	26.439199855469585	0.0	167025	1822.9895283662352	1.1114603420541478	0.3
168.69335845397424	750	20.277759864756664	0.0	393804	10161.439990712921	1.1114603420541478	0.3
172.87421966881553	750	20.09689864991539	0.0	331053	4180.861214841275	1.1114603420541478	0.75
179.31480635052236	1200	17.656311968208563	0.0	550906	6440.586681706824	1.1114603420541478	0.75
184.74683089778333	750	16.224287420947586	0.0	450283	5432.024547260979	1.1114603420541478	0.75
189.71621931051567	750	15.254899008215244	0.0	398865	4969.388412732342	1.1114603420541478	0.75
191.51062191600755	300	17.460496402723393	0.0	139857	1794.402605491851	1.1114603420541478	-0.15000000000000002
193.49594682485593	300	19.475171493875006	0.0	155432	1985.3249088483908	1.1114603420541478	0.3
195.57946034685912	300	21.39165797187182	0.0	163442	2083.5135220031825	1.1114603420541478	0.3
197.20754296442536	300	23.76357535430559	0.0	126289	1628.082617566231	1.1114603420541478	0.3
199.1666719848453	300	25.804446333885636	0.0	153295	1959.1290204199524	1.1114603420541478	0.3
201.37775715442677	300	27.593361164304188	0.0	173849	2211.08516958145	1.1114603420541478	0.3
203.30519858870375	300	29.6659197300272	0.0	150710	1927.441434276989	1.1114603420541478	0.3
205.62216204994388	300	31.348956268787077	0.0	139105	2316.963461240119	1.1114603420541478	0.3
209.11050299974286	300	31.860615318988074	0.0	141840	3488.340949799004	1.1114603420541478	0.3
211.527350017801	300	33.44376830092992	0.0	156148	2416.84701805816	1.1114603420541478	0.3
214.593077529349	300	34.378040789381934	0.0	160746	3065.727511547978	1.1114603420541478	0.3
217.33506732525925	300	35.63605099347167	0.0	179801	2741.9897959102655	1.1114603420541478	0.3
219.49734493160747	300	37.47377338712341	0.0	140051	2162.2776063482565	1.1114603420541478	0.3
221.666547813432	300	39.30457050529889	0.0	138313	2169.20288182452	1.1114603420541478	0.3
223.48269073798818	300	41.48842758074271	0.0	143509	1816.1429245561828	1.1114603420541478	0.3
224.81101414206805	300	44.160104176662855	0.0	150616	1328.3234040798582	1.1114603420541478	0.3
228.26418134812462	750	44.70693697060626	0.0	405596	3453.167206056599	1.1114603420541478	0.3
234.6329109982333	750	42.33820732049759	0.0	350713	6368.729650108666	1.1114603420541478	0.75
243.88178201150342	750	37.08933630722749	0.0	386472	9248.871013270102	1.1114603420541478	0.75
248.91360656422097	750	36.05751175450993	0.0	399894	5031.824552717554	1.1114603420541478	0.75
256.18547663775337	750	32.785641680977506	0.0	401853	7271.870073532433	1.1114603420541478	0.75
260.3188644847156	750	32.6522538340153	0.0	343800	4133.387846962205	1.1114603420541478	0.75
264.4440660003254	750	32.5270523184055	0.0	359903	4125.201515609793	1.1114603420541478	0.75
268.6537138206063	750	32.31740449812461	0.0	379700	4209.647820280895	1.1114603420541478	0.75
273.5866306147795	750	31.384487703951425	0.0	425781	4932.9167941731885	1.1114603420541478	0.75
276.6528008838822	750	32.31831743484868	0.0	277716	3066.170269102741	1.1114603420541478	0.75
283.0559615686506	750	29.91515675008027	0.0	400396	6403.160684768414	1.1114603420541478	0.75
288.3694736912385	750	28.60164462749241	0.0	400508	5313.512122587861	1.1114603420541478	0.75
292.4232769690758	750	28.54784134965513	0.0	358218	4053.80327783728	1.1114603420541478	0.75
297.2250165114388	750	27.74610180729211	0.0	400322	4801.739542363018	1.1114603420541478	0.75
301.73431372134155	750	27.2368045973894	0.0	369834	4509.297209902711	1.1114603420541478	0.75
305.99997558681315	750	26.971142731917784	0.0	412837	4265.66186547162	1.1114603420541478	0.75
309.9776748408608	750	26.993443477870123	0.0	401088	3977.6992540476595	1.1114603420541478	0.75
313.68002528504485	750	27.291093033686106	0.0	365161	3702.350444184014	1.1114603420541478	0.75
320.9977520657302	750	23.973366253000755	0.0	321064	7317.7267806853515	1.1114603420541478	0.75
324.5947393616818	750	24.3763789570492	0.0	361565	3596.9872959515533	1.1114603420541478	0.75
331.0754202159838	750	21.89569810274719	0.0	378327	6480.6808543020115	1.1114603420541478	0.75
345.5094494530148	750	11.461668865716224	0.0	390680	14434.029237030965	1.1114603420541478	0.75
346.92043102696425	300	14.050687291766737	0.0	147968	1410.9815739494863	1.1114603420541478	-0.15000000000000002
348.45634503955307	300	16.51477327917792	0.0	161857	1535.9140125888164	1.1114603420541478	0.3
349.84251822803435	300	19.128600090696594	0.0	145210	1386.1731884813264	1.1114603420541478	0.3
351.5204319746381	300	21.450686344092883	0.0	172312	1677.9137466037116	1.1114603420541478	0.3
353.30270633012714	300	23.668411988603804	0.0	167025	1782.27435548908	1.1114603420541478	0.3
360.6922272012796	1200	20.278891117451334	0.0	638661	7389.520871152467	1.1114603420541478	0.29999999999999993
366.070416029316	1200	18.900702289414955	0.0	538612	5378.188828036378	1.1114603420541478	1.2
374.2584631014824	1850	14.712655217248562	0.0	846370	8188.047072166393	1.1114603420541478	1.2000000000000002
383.2224455676293	750	9.748672751101608	0.0	450283	8963.982466146954	1.1114603420541478	0.75
395.2729211711274	750	4.0	2.301802852396495	398865	12050.475603498104	1.1114603420541478	-9.147752265304929
397.2347148539117	300	6.0382063172157165	0.0	139857	1961.793682784283	1.1114603420541478	-0.15000000000000002
399.4060721381558	300	7.866849032971619	0.0	155432	2171.357284244097	1.1114603420541478	0.3
401.18859325153926	300	10.084327919588151	0.0	163442	1782.5211133834675	1.1114603420541478	0.3
404.5615374533188	300	10.7113837178086	0.0	126289	3372.944201779551	1.1114603420541478	0.3
406.50253712546476	300	12.77038404566268	0.0	153295	1940.9996721459186	1.1114603420541478	0.3
409.26221755015246	300	14.010703620974988	0.0	173849	2759.6804246876927	1.1114603420541478	0.3
411.54287692779343	300	15.730044243333989	0.0	150710	2280.659377641	1.1114603420541478	0.3
413.5810861141356	300	17.691835056991867	0.0	139105	2038.2091863421224	1.1114603420541478	0.3
415.3151871750037	300	19.957733996123714	0.0	141840	1734.1010608681506	1.1114603420541478	0.3
417.15963932667717	300	22.1132818444502	0.0	156148	1844.452151673514	1.1114603420541478	0.3
419.35881617850754	300	23.914104992619862	0.0	160746	2199.1768518303393	1.1114603420541478	0.3
425.16852463923635	750	22.104396531891055	0.0	434409	5809.708460728804	1.1114603420541478	0.3
428.56974134739426	750	22.70317982373314	0.0	337059	3401.216708157913	1.1114603420541478	0.75
431.92989703383023	750	23.34302413729713	0.0	366214	3360.155686436011	1.1114603420541478	0.75
437.3938902073956	750	21.87903096373177	0.0	360831	5463.993173565361	1.1114603420541478	0.75
441.83032187471616	750	21.44259929641125	0.0	372963	4436.431667320522	1.1114603420541478	0.75
445.23746220501704	750	22.035458966110344	0.0	405596	3407.1403303009015	1.1114603420541478	0.75
448.01135626668236	750	23.261564904445063	0.0	350713	2773.8940616652853	1.1114603420541478	0.75
450.86337790147417	750	24.40954326965321	0.0	386472	2852.021634791853	1.1114603420541478	0.75
453.65856141460074	750	25.614359756526646	0.0	399894	2795.183513126561	1.1114603420541478	0.75
456.45418702953043	750	26.818734141597	0.0	401853	2795.625614929646	1.1114603420541478	0.75
458.8575044774848	750	28.41541669364262	0.0	343800	2403.3174479543823	1.1114603420541478	0.75
461.49012189077183	750	29.78279928035557	0.0	359903	2632.6174132870515	1.1114603420541478	0.75
465.5807781718912	1200	29.692142999236182	0.0	590335	4090.656281119389	1.1114603420541478	0.75
469.9780423641654	1200	29.29487880696203	0.0	696376	4397.264192274154	1.1114603420541478	1.2
472.95947483697404	1200	30.313446334153355	0.0	487160	2981.4324728086713	1.1114603420541478	1.2
476.45407263196546	1200	30.818848539161948	0.0	622896	3494.5977949914077	1.1114603420541478	1.2
480.03660478670884	1200	31.236316384418554	0.0	641447	3582.532154743391	1.1114603420541478	1.2
483.4046857798973	1200	31.868235391230076	0.0	570392	3368.0809931884783	1.1114603420541478	1.2
486.8411561625015	1200	32.43176500862594	0.0	620283	3436.4703826041405	1.1114603420541478	1.2
489.99533256044094	1200	33.27758861068648	0.0	584349	3154.1763979394573	1.1114603420541478	1.2
493.57672755919054	1200	33.69619361193689	0.0	670129	3581.394998749582	1.1114603420541478	1.2
497.2765929954404	1200	33.99632817568698	0.0	690253	3699.8654362499037	1.1114603420541478	1.2
500.69133634349623	1200	34.58158482763117	0.0	598727	3414.7433480558193	1.1114603420541478	1.2
503.5900610909017	1200	35.68286008022567	0.0	487812	2898.724747405495	1.1114603420541478	1.2
507.00286871907423	1200	36.27005245205319	0.0	575591	3412.80762817248	1.1114603420541478	1.2
510.28247504030327	1200	36.99044613082417	0.0	605884	3279.6063212290264	1.1114603420541478	1.2
513.1781399819934	1200	38.094781189134046	0.0	587506	2895.6649416901214	1.1114603420541478	1.2
515.9750683505613	1200	39.29785282056607	0.0	566904	2796.9283685679748	1.1114603420541478	1.2
521.2547846153941	1850	38.01813655573322	0.0	1025005	5279.716264832846	1.1114603420541478	1.2000000000000002
525.8930959049592	1850	37.3798252661682	0.0	886255	4638.3112895650265	1.1114603420541478	1.85
531.0754825877663	1850	36.1974385833611	0.0	973972	5182.386682807096	1.1114603420541478	1.85
535.9402412774841	1850	35.332679893643274	0.0	958994	4864.758689717825	1.1114603420541478	1.85
543.1200903605791	2850	32.152830810548345	0.0	1483527	7179.849083094929	1.1114603420541478	1.85
549.0935805043188	2850	30.17934066680863	0.0	1231456	5973.490143739715	1.1114603420541478	2.85
555.7496857925295	2850	27.523235378597995	0.0	1364537	6656.10528821064	1.1114603420541478	2.85
558.3617688908574	750	28.911152280270077	0.0	450283	2612.0830983279156	1.1114603420541478	0.75
560.3554820860132	750	30.91743908511439	0.0	398865	1993.7131951556926	1.1114603420541478	0.75
563.0754332304754	1200	32.19748794065215	0.0	571051	2719.9511444622376	1.1114603420541478	0.75
566.0109534254537	1200	33.2619677456738	0.0	617681	2935.520194978347	1.1114603420541478	1.2
575.9186264452003	1850	27.354294725927293	0.0	996749	9907.673019746506	1.1114603420541478	1.2000000000000002
583.8878257445807	1850	23.385095426546826	0.0	801058	7969.199299380467	1.1114603420541478	1.85
606.1486684618842	1200	5.124252709243287	0.0	561791	22260.842717303538	1.1114603420541478	0.5499999999999999
609.6637076591408	300	5.609213511986717	0.0	173849	3515.03919725657	1.1114603420541478	-0.6000000000000001
612.2943825344393	300	6.97853863668827	0.0	150710	2630.6748752984468	1.1114603420541478	0.3
615.4991986243796	300	7.7737225467478925	0.0	139105	3204.816089940376	1.1114603420541478	0.3
618.0456258241218	300	9.227295347005683	0.0	141840	2546.427199742211	1.1114603420541478	0.3
621.2985594811621	300	9.974361689965345	0.0	156148	3252.9336570403366	1.1114603420541478	0.3
624.478633208777	300	10.794287962350467	0.0	160746	3180.0737276148793	1.1114603420541478	0.3
627.1138560612037	300	12.159065109923707	0.0	179801	2635.2228524267603	1.1114603420541478	0.3
629.7192653010509	300	13.553655870076616	0.0	140051	2605.409239847091	1.1114603420541478	0.3
631.9055400500298	300	15.367381121097683	0.0	138313	2186.274748978933	1.1114603420541478	0.3
633.5229328770021	300	17.74998829412542	0.0	143509	1617.3928269722674	1.1114603420541478	0.3
635.1804380364321	300	20.09248313469539	0.0	150616	1657.5051594300303	1.1114603420541478	0.3
638.9928093728533	750	20.280111798274028	0.0	405596	3812.3713364213586	1.1114603420541478	0.3
642.8952872478515	750	20.377633923275877	0.0	350713	3902.4778749981506	1.1114603420541478	0.75
646.891136519614	750	20.38178465151348	0.0	386472	3995.8492717623953	1.1114603420541478	0.75
650.4717157391732	750	20.801205431954134	0.0	399894	3580.579219559345	1.1114603420541478	0.75
653.7682147182372	750	21.504706452890026	0.0	401853	3296.498979064107	1.1114603420541478	0.75
657.1505937624471	750	22.122327408680245	0.0	343800	3382.379044209783	1.1114603420541478	0.75
663.3814638491837	750	19.891457321943783	0.0	359903	6230.8700867364605	1.1114603420541478	0.75
667.2153124918517	750	20.05760867927571	0.0	379700	3833.8486426680765	1.1114603420541478	0.75
673.0503769035263	750	18.222544267601215	0.0	425781	5835.064411674495	1.1114603420541478	0.75
680.0350239883842	750	15.237897182743296	0.0	277716	6984.647084857917	1.1114603420541478	0.75
681.4252251901626	300	17.847695980964964	0.0	153605	1390.2012017783313	1.1114603420541478	-0.15000000000000002
682.7763945850378	300	20.496526586089647	0.0	149029	1351.169394875316	1.1114603420541478	0.3
684.1991450383769	300	23.073776132750584	0.0	157421	1422.7504533390627	1.1114603420541478	0.3
690.2695490084255	300	21.003372162701975	0.0	157488	6070.4039700486055	1.1114603420541478	0.3
693.603143163431	300	21.669778007696593	0.0	143881	3333.594155005382	1.1114603420541478	0.3
695.6748366804302	300	23.598084490697364	0.0	163444	2071.6935169992303	1.1114603420541478	0.3
697.5397491224589	300	25.73317204866857	0.0	179328	1864.9124420287967	1.1114603420541478	0.3
699.2114274340142	300	28.061493737113246	0.0	159914	1671.6783115553233	1.1114603420541478	0.3
700.6013864281223	300	30.67153474300519	0.0	131610	1389.9589941080585	1.1114603420541478	0.3
701.9157099963795	300	33.35721117474795	0.0	124011	1314.323568257233	1.1114603420541478	0.3
705.8080438329608	750	33.46487733816665	0.0	378327	3892.3338365812965	1.1114603420541478	0.3
709.9217598115449	750	33.35116135958268	0.0	390680	4113.715978583967	1.1114603420541478	0.75
713.2807788485528	750	33.99214232257474	0.0	345516	3359.0190370079486	1.1114603420541478	0.75
719.3050718048188	750	31.967849366308748	0.0	384505	6024.2929562659965	1.1114603420541478	0.75
723.9081204907804	750	31.36480068034714	0.0	372093	4603.048685961607	1.1114603420541478	0.75
729.8112288000741	750	29.461692371053452	0.0	438281	5903.108309293687	1.1114603420541478	0.75
734.2515346504578	750	29.021386520669708	0.0	398987	4440.305850383744	1.1114603420541478	0.75
738.3462609410153	750	28.926660230112198	0.0	393804	4094.7262905575117	1.1114603420541478	0.75
744.936110357707	1200	26.336810813420495	0.0	538612	6589.849416691699	1.1114603420541478	0.75
763.4891397684269	2850	11.783781402700649	0.0	1364537	18553.029410719846	1.1114603420541478	1.2000000000000002
770.431322990336	750	8.841598180791566	0.0	450283	6942.183221909082	1.1114603420541478	0.75
772.3042597288263	300	10.96866144230117	0.0	155580	1872.9367384903958	1.1114603420541478	-0.15000000000000002
774.0001137134448	300	13.272807457682722	0.0	139857	1695.8539846184492	1.1114603420541478	0.3
775.1394319696797	300	16.13348920144787	0.0	155432	1139.3182562348538	1.1114603420541478	0.3
776.2028593152714	300	19.070061855856046	0.0	163442	1063.4273455918205	1.1114603420541478	0.3
776.7862859817438	300	22.486635189383712	0.0	126289	583.4266664723343	1.1114603420541478	0.3
778.2947670801282	750	24.978154090999332	0.0	352642	1508.4810983843815	1.1114603420541478	0.3
780.5301502100405	750	26.742770961087075	0.0	437162	2235.3831299122567	1.1114603420541478	0.75
782.9097761442555	750	28.363145026872054	0.0	374758	2379.6259342150183	1.1114603420541478	0.75
787.3469511982098	750	27.925969972917773	0.0	362795	4437.17505395428	1.1114603420541478	0.75
789.1610824662104	1200	30.111838704917165	0.0	607410	1814.131268000608	1.1114603420541478	0.75
790.943064459235	1200	32.32985671189258	0.0	594078	1781.9819930245844	1.1114603420541478	1.2
796.4476021524123	1200	30.825319018715177	0.0	624282	5504.537693177406	1.1114603420541478	1.2
800.2892270597605	1200	30.98369411136697	0.0	687371	3841.6249073482113	1.1114603420541478	1.2
802.2458983365646	1200	33.027022834562956	0.0	526950	1956.671276804005	1.1114603420541478	1.2
805.6136611653095	1850	33.659260005818005	0.0	923170	3367.762828744954	1.1114603420541478	1.2000000000000002
809.1364474763734	1850	34.13647369475404	0.0	966699	3522.7863110639623	1.1114603420541478	1.85
812.3708151075779	1850	34.902106063549596	0.0	885714	3234.367631204446	1.1114603420541478	1.85
815.9684225342208	1850	35.30449863690659	0.0	987708	3597.607426643003	1.1114603420541478	1.85
819.3382687725814	1850	35.93465239854605	0.0	923755	3369.846238360535	1.1114603420541478	1.85
822.5936129552999	1850	36.67930821582746	0.0	891604	3255.344182718585	1.1114603420541478	1.85
826.0755573151306	1850	37.197363855996805	0.0	955231	3481.9443598306607	1.1114603420541478	1.85
831.518146824117	2850	35.754774347010375	0.0	1505760	5442.589508986429	1.1114603420541478	1.85
836.313383571011	2850	34.959537600116484	0.0	1323990	4795.236746893889	1.1114603420541478	2.85
841.3213952024909	2850	33.951525968636474	0.0	1383735	5008.011631480008	1.1114603420541478	2.85
846.6738959428691	2850	32.599025228258135	0.0	1480464	5352.5007403783375	1.1114603420541478	2.85
852.2653940379182	2850	31.007527133209027	0.0	1547572	5591.49809504911	1.1114603420541478	2.85
856.412391238114	2850	30.860529933013282	0.0	1141971	4146.997200195743	1.1114603420541478	2.85
861.8290182580447	2850	29.443902913082553	0.0	1498470	5416.627019930729	1.1114603420541478	2.85
867.4692752608664	2850	27.803645910260936	0.0	1561263	5640.257002821619	1.1114603420541478	2.85
872.3258069870658	2850	26.947114184061473	0.0	1341201	4856.531726199466	1.1114603420541478	2.85
877.7396311978214	2850	25.53328997330589	0.0	1497683	5413.824210755581	1.1114603420541478	2.85
904.544323262384	2850	4.0	1.2714020912566775	1358081	26804.69206456257	1.1114603420541478	-2.617028992403713
905.6476638124269	300	6.8966594499569585	0.0	163444	1103.3405500430413	1.1114603420541478	-2.25
906.8504558033114	300	9.693867459072505	0.0	179328	1202.7919908844528	1.1114603420541478	0.3
907.7094972250652	300	12.83482603731864	0.0	159914	859.0414217538661	1.1114603420541478	0.3
908.4002955250077	300	16.14402773737623	0.0	131610	690.7982999424114	1.1114603420541478	0.3
908.9689593959367	300	19.57536386644715	0.0	124011	568.6638709290792	1.1114603420541478	0.3
910.4261333698886	750	22.11818989249515	0.0	378327	1457.1739739520017	1.1114603420541478	0.3
912.6447541205638	1200	23.899569141820088	0.0	587506	2218.6207506750634	1.1114603420541478	0.75
914.7883801227504	1200	25.75594313963339	0.0	566904	2143.6260021866947	1.1114603420541478	1.2
918.5995708893905	1850	25.944752372993232	0.0	1025005	3811.190766640159	1.1114603420541478	1.2000000000000002
921.9056882965141	1850	26.63863496586968	0.0	886255	3306.11740712355	1.1114603420541478	1.85
925.5311103513977	1850	27.013212910986	0.0	973972	3625.422054883683	1.1114603420541478	1.85
929.1020099646321	1850	27.442313297751614	0.0	958994	3570.899613234387	1.1114603420541478	1.85
932.7568882618597	1850	27.787435000524084	0.0	982064	3654.8782972275276	1.1114603420541478	1.85
939.9185329582334	4300	24.625790304150364	0.0	1961140	7161.644696373723	1.1114603420541478	1.8499999999999996
946.55946867946	4300	21.98485458292373	0.0	2155012	6640.935721226633	1.1114603420541478	4.3
948.0103556255007	750	24.533967636883016	0.0	450283	1450.8869460407143	1.1114603420541478	0.75
951.0060283578023	1850	25.538294904581324	0.0	957685	2995.6727323016894	1.1114603420541478	0.75
953.7584028545368	1850	26.785920407846817	0.0	877771	2752.374496734507	1.1114603420541478	1.85
956.6797623672279	1850	27.8645608951557	0.0	933276	2921.359512691116	1.1114603420541478	1.85
959.7943654781141	1850	28.74995778426958	0.0	996749	3114.6031108861225	1.1114603420541478	1.85
962.3131871862876	1850	30.231136076096092	0.0	801058	2518.821708173488	1.1114603420541478	1.85
965.1500283127438	1850	31.39429494963994	0.0	905515	2836.8411264561564	1.1114603420541478	1.85
970.2192618162875	2850	30.32506144609618	0.0	1638769	5069.233503543761	1.1114603420541478	1.85
974.4032823611877	2850	30.141040901195993	0.0	1348011	4184.020544900183	1.1114603420541478	2.85
979.6849603553371	2850	28.859362907046656	0.0	1429765	5281.677994149338	1.1114603420541478	2.85

