588501.2873238245	750	4.0	2.198009269399147	450283	2198.009269399147	1	-8.70143985841633
588502.6892135837	750	6.598110240833712	0.0	398865	1401.8897591662883	1	0.75
588504.427829265	750	8.859494559504382	0.0	350812	1738.6156813293296	1	0.75
588505.8894157535	750	11.3979080709842	0.0	382355	1461.5864885201834	1	0.75
588507.7186221145	1200	13.568701709877882	0.0	652874	1829.206361106316	1	0.75
588509.3513216202	1200	15.936002204150583	0.0	520315	1632.6995057272982	1	1.2
588511.1285653646	1200	18.158758459724034	0.0	561791	1777.2437444265506	1	1.2
588514.2749781543	1850	19.012345670053413	0.0	1060487	3146.41278967062	1	1.2000000000000002
588517.1917219005	1850	20.095601923946724	0.0	852833	2916.743746106692	1	1.85
588519.8306748185	1850	21.456649005846973	0.0	913888	2638.952918099751	1	1.85
588522.5203063163	1850	22.767017507974366	0.0	939819	2689.631497872609	1	1.85
588526.0751021364	1850	23.21222168793606	0.0	917428	3554.7958200383023	1	1.85
588528.877367413	1850	24.409956411286316	0.0	946851	2802.265276649743	1	1.85
588531.8619768608	1850	25.425346963539102	0.0	1036454	2984.6094477472134	1	1.85
588534.2792597283	1850	27.00806409600279	0.0	821631	2417.2828675363103	1	1.85
588536.9924909439	1850	28.294832880387105	0.0	923170	2713.2312156156863	1	1.85
588541.3105782765	2850	27.97674554777939	0.0	1491626	4318.087332607714	1	1.85
588545.4193168649	2850	27.86800695932135	0.0	1358801	4108.738588458042	1	2.85
588549.8476848712	2850	27.43963895306025	0.0	1537156	4428.368006261099	1	2.85
588553.9086065971	2850	27.37871722722547	0.0	1336050	4060.921725834781	1	2.85
588558.1678730398	2850	27.119450784501886	0.0	1415116	4259.266442723582	1	2.85
588562.4886718564	2850	26.798651967881074	0.0	1468126	4320.798816620814	1	2.85
588567.2851559746	2850	26.002167849767936	0.0	1505760	4796.484118113138	1	2.85
588571.0773694288	2850	26.20995439540234	0.0	1323990	3792.2134543655934	1	2.85
588575.8590881163	2850	25.428235707941884	0.0	1383735	4781.7186874604595	1	2.85
588580.4989815238	2850	24.7883423004582	0.0	1480464	4639.893407483685	1	2.85
588584.8923462032	2850	24.39497762099118	0.0	1547572	4393.364679467019	1	2.85
588588.610237492	2850	24.67708633222007	0.0	1141971	3717.89128877111	1	2.85
588593.1420585318	2850	24.145265292410798	0.0	1498470	4531.821039809272	1	2.85
588597.5591891606	2850	23.728134663597753	0.0	1561263	4417.130628813042	1	2.85
588601.5643825259	2850	23.72294129834966	0.0	1341201	4005.193365248093	1	2.85
588607.7793068768	2850	21.50801694742207	0.0	1497683	6214.924350927588	1	2.85
588612.1977000912	2850	21.08962373307696	0.0	1358081	4418.393214345114	1	2.85
588617.2733778744	2850	20.01394594977917	0.0	1587293	5075.677783297786	1	2.85
588621.4512560739	2850	19.836067750173182	0.0	1492672	4177.8781996059915	1	2.85
588625.7532736066	2850	19.534050217507403	0.0	1439896	4302.017532665777	1	2.85
588629.3040450335	2850	19.98327879061585	0.0	1139291	3550.771426891556	1	2.85
588634.0347685887	2850	19.252555235411357	0.0	1499009	4730.723555204491	1	2.85
588640.1618593483	2850	17.125464475919955	0.0	1427478	6127.090759491403	1	2.85
588644.2545989936	2850	17.032724830700033	0.0	1402287	4092.739645219922	1	2.85
588646.7866442137	1850	18.500679610529776	0.0	858450	2532.0452201702565	1	0.8500000000000001
588649.6738260796	1850	19.613497744630767	0.0	1025005	2887.181865899009	1	1.85
588652.2898470706	1850	20.997476753712675	0.0	886255	2616.020990918093	1	1.85
588655.3709316349	1850	21.916392189350947	0.0	973972	3081.084564361727	1	1.85
588660.3689289048	2850	20.918394919513965	0.0	1464921	4997.997269836983	1	1.85
588664.8536255871	2850	20.43369823718573	0.0	1483527	4484.696682328235	1	2.85
588670.4374540154	4300	18.849869808898852	0.0	1961140	5583.828428286875	1	2.8499999999999996
588676.7138329055	4300	16.57349091871749	0.0	2155012	6276.378890181365	1	4.3
588678.9124627406	750	18.374861083744488	0.0	450283	2198.6298349730014	1	0.75
588684.7004268082	1850	16.58689701607803	0.0	957685	5787.964067666456	1	0.75
588687.2038578482	1850	18.083465976144605	0.0	877771	2503.4310399334236	1	1.85
588689.9709185667	1850	19.3164052575685	0.0	933276	2767.060718576103	1	1.85
588693.3685901945	1850	19.91873362982824	0.0	996749	3397.671627740262	1	1.85
588695.7499792959	1850	21.53734452839855	0.0	801058	2381.3891014296887	1	1.85
588698.9696857301	1850	22.31763809420228	0.0	905515	3219.70643419627	1	1.85
588703.5115725918	1850	21.775751232453967	0.0	1060487	4541.886861748314	1	1.85
588706.2048787652	1850	23.08244505927241	0.0	852833	2693.3061731815587	1	1.85
588708.8162760548	1850	24.47104776951673	0.0	913888	2611.397289755681	1	1.85
588711.4356643771	1850	25.851659447308894	0.0	939819	2619.3883222078316	1	1.85
588714.3506250213	1850	26.93669880315354	0.0	917428	2914.9606441553565	1	1.85
588717.4889491032	1850	27.79837472123271	0.0	946851	3138.324081920831	1	1.85
588722.1974344916	2850	27.089889332752747	0.0	1578343	4708.485388479963	1	1.85
588725.6766104753	2850	27.61071334904741	0.0	1231445	3479.175983705341	1	2.85
588732.8952490479	2850	24.392074776453637	0.0	1471065	7218.638572593772	1	2.85
588738.9496609928	2850	22.337662831455745	0.0	1491626	6054.411944997891	1	2.85
588743.3644539603	2850	21.922869863979393	0.0	1358801	4414.792967476351	1	2.85
588748.2437906319	2850	21.04353319236253	0.0	1537156	4879.336671616865	1	2.85
588752.5705299065	2850	20.71679391769554	0.0	1336050	4326.739274666992	1	2.85
588755.4817302369	1850	21.80559358731906	0.0	891604	2911.2003303764845	1	0.8500000000000001
588758.3864346661	1850	22.90088915809489	0.0	955231	2904.7044292241662	1	1.85
588763.5359422233	1850	21.751381600887488	0.0	968026	5149.507557207401	1	1.85
588766.2789540222	1850	23.00836980202731	0.0	874175	2743.011798860178	1	1.85
588768.8660242141	1850	24.421299610146313	0.0	897976	2587.0701918809987	1	1.85
588771.750681135	1850	25.53664268918265	0.0	905935	2884.656920963667	1	1.85
588776.0418793801	1850	25.245444444045155	0.0	1076599	4291.198245137492	1	1.85
588778.5143508611	1850	26.772972963042704	0.0	758197	2472.4714810024543	1	1.85
588781.7006795742	1850	27.58664424993412	0.0	972798	3186.328713108583	1	1.85
588784.7592096445	1850	28.528114179471224	0.0	975811	3058.530070462897	1	1.85
588787.7380508925	1850	29.549272931521262	0.0	873429	2978.8412479499616	1	1.85
588790.5014624756	1850	30.7858613483328	0.0	954453	2763.4115831884633	1	1.85
588795.1253558167	2850	30.1619680072463	0.0	1358081	4623.893341086498	1	1.85
588799.8819510882	2850	29.405372735771746	0.0	1587293	4756.595271474555	1	2.85
588804.1831393886	2850	29.10418443541013	0.0	1492672	4301.188300361618	1	2.85
588808.7518853474	2850	28.53543847655045	0.0	1439896	4568.745958859679	1	2.85
588812.7365352475	2850	28.55078857636785	0.0	1139291	3984.6499001825996	1	2.85
588818.9326615134	2850	26.354662310438297	0.0	1499009	6196.126265929554	1	2.85
588824.3580826899	2850	24.92924113400985	0.0	1427478	5425.421176428449	1	2.85
588828.5130483119	2850	24.774275511956215	0.0	1402287	4154.965622053631	1	2.85
588832.8466913406	2850	24.440632483305627	0.0	1339500	4333.643028650591	1	2.85
588837.6808583206	2850	23.60646550326838	0.0	1527299	4834.166980037248	1	2.85
588841.7022332435	2850	23.585090580337965	0.0	1343002	4021.3749229304167	1	2.85
588847.2159615728	2850	22.07136225088321	0.0	1587250	5513.728329454751	1	2.85
588852.0884838331	2850	21.198839990693322	0.0	1464921	4872.522260189889	1	2.85
588856.9977248041	2850	20.289599019674387	0.0	1483527	4909.240971018933	1	2.85
588862.9984059939	4300	18.28891782980823	0.0	1961140	6000.681189866158	1	2.8499999999999996
588869.249836234	4300	16.03748758978322	0.0	2155012	6251.4302400250135	1	4.3
588870.6809396283	750	18.60638419545552	0.0	450283	1431.103394327702	1	0.75
588873.6002011759	1850	19.687122647793693	0.0	957685	2919.2615476618234	1	0.75
588876.3082194511	1850	20.979104372673838	0.0	877771	2708.0182751198554	1	1.85
588881.7646448662	2850	19.522678957502624	0.0	1520281	5456.425415171217	1	1.85
588886.3599559813	2850	18.927367842432634	0.0	1472558	4595.311115069989	1	2.85
588890.1184854346	2850	19.168838389143733	0.0	1224260	3758.5294532889015	1	2.85
588893.8790436033	2850	19.40828022042585	0.0	1388403	3760.558168717883	1	2.85
588898.6333511638	2850	18.653972659890385	0.0	1638769	4754.307560535466	1	2.85
588904.1526931606	2850	17.13463066320669	0.0	1348011	5519.3419966837	1	2.85
588908.5443972634	2850	16.742926560303413	0.0	1429765	4391.7041029032725	1	2.85
588911.3208156963	1850	17.966508127516956	0.0	939819	2776.4184327864546	1	0.8500000000000001
588915.1661486566	1850	18.12117516712413	0.0	917428	3845.3329603928305	1	1.85
588917.8904618832	1850	19.396861940592753	0.0	946851	2724.313226531378	1	1.85
588921.7481414714	1850	19.53918235238346	0.0	1036454	3857.679588209293	1	1.85
588924.4073891476	1850	20.879934676200044	0.0	821631	2659.247676183419	1	1.85
588927.1737131445	1850	22.113610679128694	0.0	923170	2766.323997071348	1	1.85
588930.043099799	1850	23.244224024737132	0.0	966699	2869.38665439156	1	1.85
588934.1970653016	1850	23.090258522067582	0.0	885714	4153.965502669553	1	1.85
588937.594222749	1850	23.69310107460298	0.0	987708	3397.1574474646045	1	1.85
588940.2525368022	1850	25.03478702147958	0.0	923755	2658.314053123397	1	1.85
588943.4175552068	1850	25.869768616833813	0.0	891604	3165.0184046457694	1	1.85
588949.5103109798	1850	23.777012843758346	0.0	955231	6092.755773075467	1	1.85
588952.7267335355	1850	24.560590288126235	0.0	968026	3216.4225556321103	1	1.85
588955.5818132594	1850	25.70551056433495	0.0	874175	2855.0797237912852	1	1.85
588958.501771007	1850	26.78555281673889	0.0	897976	2919.9577475960627	1	1.85
588961.2216511708	1850	28.065672652980087	0.0	905935	2719.8801637588017	1	1.85
588964.8973478721	1850	28.38997595160155	0.0	1076599	3675.6967013785375	1	1.85
588967.3928214166	1850	29.89450240712802	0.0	758197	2495.4735444735306	1	1.85
588970.0833495053	1850	31.203974318439375	0.0	972798	2690.528088688648	1	1.85
588974.8187796937	2850	30.468544129965107	0.0	1561263	4735.430188474268	1	1.85
588978.9771556557	2850	30.310168167986667	0.0	1341201	4158.375961978439	1	2.85
588983.3368585206	2850	29.950465303061232	0.0	1497683	4359.702864925436	1	2.85
588987.421242145	2850	29.866081678568634	0.0	1358081	4084.3836244925997	1	2.85
588992.1814711569	2850	29.1058526668442	0.0	1587293	4760.229011724435	1	2.85
588996.6627044511	2850	28.624619372557177	0.0	1492672	4481.233294287024	1	2.85
589000.9883245308	2850	28.29899929292099	0.0	1439896	4325.620079636189	1	2.85
589004.4275926627	2850	28.85973116095257	0.0	1139291	3439.2681319684157	1	2.85
589008.9275109831	2850	28.35981284049376	0.0	1499009	4499.9183204588135	1	2.85
589013.2165158419	2850	28.070807981782497	0.0	1427478	4289.00485871126	1	2.85
589017.4312435198	2850	27.85608030380243	0.0	1402287	4214.727677980071	1	2.85
589021.4608399466	2850	27.826483876926687	0.0	1339500	4029.5964268757434	1	2.85
589026.044173036	2850	27.24315078758671	0.0	1527299	4583.333089339974	1	2.85
589030.0840953208	2850	27.20322850278867	0.0	1343002	4039.922284798042	1	2.85
589034.8441975445	2850	26.443126279154086	0.0	1587250	4760.1022236345825	1	2.85
589039.2436053439	2850	26.04371847978474	0.0	1464921	4399.407799369347	1	2.85
589046.8652952539	4300	22.422028569703926	0.0	2246506	7621.689910080815	1	2.8499999999999996

