790423.673674662	750	4.0	1.1586528544844985	450283	1158.6528544844984	0.7	-4.232207274283343
790425.9263841617	1200	5.74729050023188	0.0	611087	2252.7094997681197	0.7	0.75
790428.3021031455	1200	7.371571516434318	0.0	571051	2375.718983797562	0.7	1.2
790431.6873449769	1200	7.986329685060224	0.0	617681	3385.2418313740945	0.7	1.2
790434.8140164919	1200	8.859658170038808	0.0	652874	3126.6715150214172	0.7	1.2
790438.6321965855	1850	9.04147807636066	0.0	801058	3818.180093678147	0.7	1.2000000000000002
790442.9378308686	1850	8.73584379329131	0.0	905515	4305.634283069349	0.7	1.85
790447.9666502962	1850	7.707024365728692	0.0	1060487	5028.819427562619	0.7	1.85
790452.0264412025	1850	7.647233459412526	0.0	852833	4059.790906316166	0.7	1.85
790454.6754878885	1850	8.998186773515576	0.0	913888	2649.0466858969507	0.7	1.85
790456.5866373815	1850	11.087037280546815	0.0	939819	1911.149492968761	0.7	1.85
790459.5012106884	1850	12.17246397361084	0.0	917428	2914.573306935973	0.7	1.85
790463.506731804	1850	12.166942857976219	0.0	946851	4005.5211156346213	0.7	1.85
790465.633493119	1850	14.040181542937257	0.0	1036454	2126.761315038962	0.7	1.85
790467.3374396578	1850	16.336235004153675	0.0	821631	1703.9465387835835	0.7	1.85
790470.7607660221	1850	16.91290863986178	0.0	923170	3423.3263642918914	0.7	1.85
790475.8827129886	2850	15.790961673277456	0.0	1491626	5121.9469665843235	0.7	1.85
790481.5935933986	2850	14.080081263356732	0.0	1358801	5710.880409920725	0.7	2.85
790488.2343634565	2850	11.439311205479102	0.0	1537156	6640.7700578776285	0.7	2.85
790492.1002177447	2850	11.573456917205563	0.0	1336050	3865.854288273538	0.7	2.85
790498.2418538232	2850	9.43182083877163	0.0	1415116	6141.636078433935	0.7	2.85
790500.0673368423	1850	11.60633781961271	0.0	955231	1825.4830191589194	0.7	0.8500000000000001
790502.3070658374	1850	13.36660882454838	0.0	968026	2239.7289950643312	0.7	1.85
790504.4344908632	1850	15.239183798783932	0.0	874175	2127.4250257644467	0.7	1.85
790506.6176607491	1850	17.056013912964897	0.0	897976	2183.169885819035	0.7	1.85
790508.9985826976	1850	18.675091964418954	0.0	905935	2380.921948545944	0.7	1.85
790514.1071893553	2850	17.566485306789126	0.0	1547572	5108.606657629825	0.7	1.85
790516.376925551	2850	19.296749111080924	0.0	1141971	2269.7361957082026	0.7	2.85
790521.5103826161	2850	18.16329204598893	0.0	1498470	5133.457065091998	0.7	2.85
790528.4729808707	2850	15.200693791349448	0.0	1561263	6962.598254639481	0.7	2.85
790531.2380801588	2850	16.435594503221903	0.0	1341201	2765.0992881275465	0.7	2.85
790535.7460116013	2850	15.927663060769662	0.0	1497683	4507.93144245224	0.7	2.85
790540.63961777	2850	15.034056892182452	0.0	1358081	4893.606168587211	0.7	2.85
790545.8633947592	2850	13.81027990286537	0.0	1587293	5223.776989317083	0.7	2.85
790550.8718701917	2850	12.801804470433376	0.0	1492672	5008.475432431994	0.7	2.85
790557.5844418657	2850	10.089232796396795	0.0	1439896	6712.5716740365815	0.7	2.85
790560.239723052	2850	11.433951609997376	0.0	1139291	2655.2811863994193	0.7	2.85
790564.1458314602	2850	11.52784320178651	0.0	1499009	3906.108408210864	0.7	2.85
790568.8724619546	2850	10.801212707400731	0.0	1427478	4726.6304943857795	0.7	2.85
790571.9511142286	2850	11.72256043337029	0.0	1402287	3078.65227403044	0.7	2.85
790575.1313814004	2850	12.542293261575331	0.0	1339500	3180.2671717949597	0.7	2.85
790579.428840091	2850	12.24483457089025	0.0	1527299	4297.458690685081	0.7	2.85
790582.3815931444	2850	13.292081517426947	0.0	1343002	2952.753053463303	0.7	2.85
790587.0284366244	2850	12.645238037383871	0.0	1587250	4646.843480043076	0.7	2.85
790591.8635022597	2850	11.810172402073714	0.0	1464921	4835.065635310157	0.7	2.85
790595.6054995611	2850	12.06817510077334	0.0	1483527	3741.997301300375	0.7	2.85
790602.4744635955	4300	9.19921106634217	0.0	1961140	6868.964034431169	0.7	2.8499999999999996
790609.5284329947	4300	6.145241667179405	0.0	2155012	7053.9693991627655	0.7	4.3
790611.1202067151	750	8.553467946809677	0.0	450283	1591.773720369729	0.7	0.75
790614.3625079546	1200	9.311166707283991	0.0	611087	3242.3012395256856	0.7	0.75
790616.362779498	1200	11.310895163920753	0.0	571051	2000.2715433632386	0.7	1.2
790620.9028589389	1850	10.770815722955897	0.0	933276	4540.079440964858	0.7	1.2000000000000002
790626.6374081147	1850	9.036266547051648	0.0	996749	5734.549175904248	0.7	1.85
790631.2578048573	1850	8.415869804474886	0.0	801058	4620.396742576762	0.7	1.85
790633.2385245177	1850	10.43515014409635	0.0	905515	1980.7196603785358	0.7	1.85
790636.3564269233	1850	11.317247738569774	0.0	1060487	3117.9024055265754	0.7	1.85
790638.5366351097	1850	13.137039552194883	0.0	852833	2180.2081863748917	0.7	1.85
790640.374947379	1850	15.298727282855097	0.0	913888	1838.312269339786	0.7	1.85
790642.7364931214	1850	16.937181540460735	0.0	939819	2361.545742394365	0.7	1.85
790647.0481753743	1850	16.625499287543906	0.0	917428	4311.682252916828	0.7	1.85
790651.0660438337	1850	16.607630828058074	0.0	946851	4017.8684594858314	0.7	1.85
790653.5220506676	1850	18.151623994272924	0.0	1036454	2456.006833785153	0.7	1.85
790657.2496142176	1850	18.424060444228168	0.0	821631	3727.563550044752	0.7	1.85
790660.9629166218	2850	18.71075803997016	0.0	1471065	3713.3024042580114	0.7	1.85
790665.1567262488	2850	18.516948413089583	0.0	1491626	4193.809626880574	0.7	2.85
790670.3644391528	2850	17.309235509170037	0.0	1358801	5207.712903919545	0.7	2.85
790675.9998408768	2850	15.673833785083389	0.0	1537156	5635.40172408665	0.7	2.85
790680.5881452354	2850	15.085529426428623	0.0	1336050	4588.304358654764	0.7	2.85
790683.9296094318	2850	15.744065230045752	0.0	1415116	3341.4641963828735	0.7	2.85
790708.3681956516	2850	4.0	8.694520989770156	1468126	24438.58621981591	0.7	-34.536440256011666
790712.284930551	1200	4.083265100550558	0.0	656471	3916.734899449442	0.7	-0.44999999999999996
790713.4466093715	750	6.921586280010694	0.0	343800	1161.6788205398639	0.7	0.3
790714.4299669915	750	9.938228659940345	0.0	359903	983.3576200703482	0.7	0.75
790716.2641994116	1200	12.103996239857848	0.0	590335	1834.2324200824964	0.7	0.75
790718.6535231045	1200	13.714672546961188	0.0	696376	2389.3236928966608	0.7	1.2
790720.5777460445	1200	15.790449607015669	0.0	487160	1924.2229399455198	0.7	1.2
790725.0457269846	1200	15.322468666946982	0.0	622896	4467.980940068688	0.7	1.2
790729.5763111276	1200	14.791884523867884	0.0	641447	4530.584143079097	0.7	1.2
790734.2083376247	1200	14.159858026893014	0.0	570392	4632.02649697487	0.7	1.2
790737.488980646	1200	14.879215005558079	0.0	620283	3280.6430213349363	0.7	1.2
790740.4770942719	1200	15.891101379638394	0.0	584349	2988.1136259196846	0.7	1.2
790743.0028197019	1200	17.365375949673744	0.0	670129	2525.7254299646493	0.7	1.2
790745.6781123839	1200	18.690083267574614	0.0	690253	2675.2926820991306	0.7	1.2
790751.0569781733	1850	17.31121747812315	0.0	943942	5378.865789451462	0.7	1.2000000000000002
790754.9632776383	1850	17.404918013177323	0.0	728962	3906.299464945831	0.7	1.85
790763.127979516	1850	13.240216135424898	0.0	938587	8164.701877752423	0.7	1.85
790767.0662130559	1850	13.301982595627463	0.0	908665	3938.2335397974343	0.7	1.85
790776.5232604131	1850	7.844935238403761	0.0	930577	9457.047357223702	0.7	1.85
790778.1574339463	1200	10.210761705180238	0.0	566904	1634.1735332235235	0.7	0.5499999999999999
790779.9669973948	1200	12.401198256659955	0.0	641452	1809.5634485202834	0.7	1.2
790781.6130916653	1200	14.755103986243444	0.0	599477	1646.0942704165109	0.7	1.2

