512825.51921726274	750	4.0	3.0746135136605686	450283	3074.6135136605685	1	-12.470838108740445
512826.16913746047	300	7.350079802289929	0.0	155580	649.9201977100714	1	-0.15000000000000002
512826.7614612109	300	10.757756051864826	0.0	139857	592.3237504251026	1	0.3
512831.73949636455	750	9.779720898242417	0.0	382355	4978.035153622409	1	0.3
512835.46129949053	750	10.05791777225165	0.0	411561	3721.8031259907666	1	0.75
512836.5402554228	750	12.978961839935584	0.0	318564	1078.9559323160665	1	0.75
512837.7337528438	750	15.785464418975296	0.0	352642	1193.4974209602883	1	0.75
512839.3092380751	750	18.20997918770527	0.0	437162	1575.4852312700236	1	0.75
512840.6713036587	750	20.847913604146576	0.0	374758	1362.0655835586936	1	0.75
512842.5823501173	1200	22.936867145474647	0.0	560821	1911.0464586719274	1	0.75
512844.6782965716	1200	24.840920691186092	0.0	607410	2095.946454288554	1	1.2
512848.01847051084	1850	25.500746751968297	0.0	917428	3340.1739392177965	1	1.2000000000000002
512852.65366505773	1850	24.86555220506434	0.0	946851	4635.194546903957	1	1.85
512857.87650160544	1850	23.642715657304603	0.0	1036454	5222.836547759739	1	1.85
512862.989086336	1850	22.530130926732433	0.0	821631	5112.58473057217	1	1.85
512866.9129457378	1850	22.60627152494798	0.0	923170	3923.8594017844516	1	1.85
512878.550488283	1850	14.96872897975351	0.0	966699	11637.54254519447	1	1.85
512884.2703069456	1200	13.248910317085546	0.0	581493	5719.818662667965	1	0.5499999999999999
512887.15233688167	750	14.366880380998738	0.0	405596	2882.029936086807	1	0.3
512889.365579088	750	16.153638174727796	0.0	350713	2213.2422062709406	1	0.75
512891.52858022036	750	17.990637042335166	0.0	386472	2163.001132392631	1	0.75
512893.80808688764	750	19.71113037499948	0.0	399894	2279.5066673356855	1	0.75
512897.13879793085	750	20.380419331833465	0.0	401853	3330.711043166013	1	0.75
512899.65007724526	750	21.869140017450487	0.0	343800	2511.2793143829754	1	0.75
512905.9672783102	750	19.551938952434064	0.0	359903	6317.2010650164275	1	0.75
512912.6098594846	750	16.909357778072245	0.0	379700	6642.581174361819	1	0.75
512917.144703465	750	16.374513797688863	0.0	425781	4534.843980383382	1	0.75
512919.8636116687	750	17.655605593952583	0.0	277716	2718.908203736281	1	0.75
512931.9474223649	750	9.571794897797025	0.0	400396	12083.810696155559	1	0.75
512934.17276467086	300	11.346452591838306	0.0	149029	2225.342305958718	1	-0.15000000000000002
512937.43353823625	300	12.085679026428322	0.0	157421	3260.7735654099856	1	0.3
512939.2312168951	300	14.288000367559993	0.0	157488	1797.6786588683285	1	0.3
512940.7297157623	300	16.789501500347882	0.0	143881	1498.4988672121133	1	0.3
512943.2940673448	300	18.225149917874106	0.0	163444	2564.3515824737724	1	0.3
512948.53039016406	750	16.988827098610024	0.0	401088	5236.322819264081	1	0.3
512953.5003574794	750	16.018859783312013	0.0	365161	4969.96731529801	1	0.75
512957.3819798189	750	16.13723744373619	0.0	321064	3881.6223395758257	1	0.75
512960.36015865003	750	17.159058612665312	0.0	361565	2978.178831070879	1	0.75
512963.61240178	750	17.90681548273136	0.0	378327	3252.2431299339523	1	0.75
512976.5171272104	750	9.00209005229926	0.0	390680	12904.725430432098	1	0.75
512982.62823828484	300	6.890978977863082	0.0	147968	6111.1110744361795	1	-0.15000000000000002
512985.6450036552	300	7.874213607415043	0.0	161857	3016.765370448039	1	0.3
512987.82500084105	300	9.69421642160445	0.0	145210	2179.997185810594	1	0.3
512990.8261279252	300	10.693089337448523	0.0	172312	3001.1270841559267	1	0.3
512993.35928811214	300	12.159929150519092	0.0	167025	2533.1601869294304	1	0.3
512996.2916490403	300	13.227568222396842	0.0	160064	2932.3609281222507	1	0.3
512999.43169663695	300	14.08752062568307	0.0	137507	3140.047596713772	1	0.3
513003.326720367	750	14.192496895627086	0.0	314107	3895.0237300559847	1	0.3
513010.96486246976	750	10.554354792929473	0.0	450283	7638.142102697612	1	0.75
513012.3278301675	300	13.191387095185133	0.0	155580	1362.967697744339	1	-0.15000000000000002
513013.5847855813	300	15.93443168137602	0.0	139857	1256.9554138091128	1	0.3
513014.9619846722	300	18.557232590479074	0.0	155432	1377.1990908969447	1	0.3
513016.16138003214	300	21.35783723053831	0.0	163442	1199.3953599407641	1	0.3
513017.14764390676	300	24.371573355899724	0.0	126289	986.2638746385855	1	0.3
513020.57751759014	750	24.941699672511366	0.0	352642	3429.873683388361	1	0.3
513024.004008286	750	25.515208976665278	0.0	437162	3426.490695846085	1	0.75
513027.51454051264	750	26.004676750040357	0.0	374758	3510.532226624919	1	0.75
513030.23573162383	750	27.283485638837476	0.0	362795	2721.1911112028833	1	0.75
513033.3140227965	750	28.20519446614858	0.0	353220	3078.2911726888947	1	0.75
513035.8797000456	750	29.639517217039234	0.0	405134	2565.6772491093457	1	0.75
513038.5283176292	750	30.990899633525586	0.0	386351	2648.617583513647	1	0.75
513044.30728839594	1200	29.21192886674478	0.0	687371	5778.970766780806	1	0.75
513049.3160323844	1200	28.203184878291868	0.0	526950	5008.743988452911	1	1.2
513053.10001064633	1200	28.419206616360487	0.0	587876	3783.97826193138	1	1.2
513057.8762225721	1200	27.642994690613808	0.0	617242	4776.21192574668	1	1.2
513061.23234043637	1200	28.28687682628899	0.0	581493	3356.1178643248154	1	1.2
513065.1948370769	1200	28.324380185811297	0.0	639204	3962.4966404776937	1	1.2
513072.02767647116	1200	25.491540791532813	0.0	586839	6832.839394278483	1	1.2
513077.78994045686	1200	23.729276805815307	0.0	601738	5762.263985717508	1	1.2
513082.5197908192	1200	22.999426443450375	0.0	616206	4729.85036236493	1	1.2
513088.8241574685	1200	20.695059794188456	0.0	656471	6304.36664926192	1	1.2
513091.9772452024	750	21.541972060254068	0.0	343800	3153.0877339343874	1	0.3
513095.9804122766	750	21.53880498612074	0.0	359903	4003.1670741333305	1	0.75
513097.4799678462	750	24.039249416462262	0.0	379700	1499.5555696584765	1	0.75
513100.3080120845	750	25.21120517816899	0.0	425781	2828.0442382932733	1	0.75
513103.8033579122	750	25.715859350398947	0.0	277716	3495.345827770041	1	0.75
513108.3901068105	1200	25.129110452143962	0.0	622896	4586.748898254986	1	0.75
513112.75570436125	1200	24.763512901368937	0.0	641447	4365.597550775028	1	1.2
513116.7771646378	1200	24.7420526248177	0.0	570392	4021.46027655124	1	1.2
513120.276090907	1200	25.243126355623037	0.0	620283	3498.92626919466	1	1.2
513123.5375079167	1200	25.981709345928248	0.0	584349	3261.417009694789	1	1.2
513133.65048915823	1200	19.868728104426427	0.0	670129	10112.98124150182	1	1.2
513140.7712195272	1200	16.74799773546833	0.0	690253	7120.730368958096	1	1.2
513146.0225302337	750	15.496687028936785	0.0	365161	5251.310706531547	1	0.3
513149.61472245894	750	15.904494803731891	0.0	321064	3592.1922252048935	1	0.75
513153.8613747392	300	15.657842523433349	0.0	124011	4246.652280298543	1	-0.15000000000000002
513156.16719584144	300	17.352021421231157	0.0	144254	2305.8211022021887	1	0.3
513158.00893328624	300	19.51028397640976	0.0	149991	1841.7374448213989	1	0.3
513159.20887223637	300	22.310345026282512	0.0	147968	1199.9389501272456	1	0.3
513160.6737022993	300	24.845514963361786	0.0	161857	1464.830062920726	1	0.3
513162.5022796956	300	27.016937567108677	0.0	145210	1828.577396253109	1	0.3
513168.2126396303	750	25.306577632385487	0.0	438281	5710.359934723189	1	0.3
513175.0459578723	750	22.47325939044456	0.0	398987	6833.318241940928	1	0.75
513180.3293485974	750	21.189868665306538	0.0	393804	5283.390725138023	1	0.75
513186.72212562285	1200	18.797091639868004	0.0	538612	6392.777025438533	1	0.75
513192.9608543924	1850	16.558362870345295	0.0	846370	6238.728769522709	1	1.2000000000000002
513198.19481386285	750	15.324403399899195	0.0	450283	5233.959470446102	1	0.75
513200.72129395365	750	16.79792330907491	0.0	398865	2526.480090824283	1	0.75
513202.4675375929	750	19.051679669772273	0.0	350812	1746.2436393026364	1	0.75
513207.177856001	750	18.341361261723986	0.0	382355	4710.3184080482915	1	0.75
513209.34002181113	750	20.179195451622856	0.0	411561	2162.1658101011294	1	0.75
513211.4210777485	750	22.09813951420984	0.0	318564	2081.055937413017	1	0.75
513213.7515286884	750	23.767688574313866	0.0	352642	2330.4509398959754	1	0.75
513215.93447881046	750	25.584738452281307	0.0	437162	2182.9501220325596	1	0.75
513218.2817989018	750	27.23741836096306	0.0	374758	2347.320091318247	1	0.75
513219.90554316726	750	29.61367409552201	0.0	362795	1623.7442654410481	1	0.75
513221.5837373541	750	31.935479908639252	0.0	353220	1678.194186882759	1	0.75
513228.21648731164	1200	29.302729951049788	0.0	594078	6632.749957589466	1	0.75
513231.319969403	1200	30.199247859733337	0.0	624282	3103.482091316451	1	1.2
513237.5966376052	1200	27.92257965744871	0.0	687371	6276.668202284626	1	1.2
513247.66924369824	1200	21.849973564447577	0.0	526950	10072.606093001134	1	1.2
513251.46232683933	750	22.05689042333436	0.0	366214	3793.0831411132153	1	0.3
513258.54491098144	750	18.974306281236338	0.0	360831	7082.584142098021	1	0.75
513268.4616723003	750	13.057544962374234	0.0	372963	9916.761318862105	1	0.75
513271.6796293907	300	13.839587871912375	0.0	165384	3217.9570904618577	1	-0.15000000000000002
513273.6599585891	300	15.85925867351965	0.0	140881	1980.3291983927268	1	0.3
513276.38063897454	300	17.138578288116644	0.0	157671	2720.6803854030045	1	0.3
513280.2856733204	300	17.23354394222913	0.0	157812	3905.0343458875145	1	0.3
513286.2268890344	300	15.29232822826476	0.0	163927	5941.2157139643705	1	0.3
513289.07419750787	300	16.445019754812233	0.0	137654	2847.308473452525	1	0.3
513291.6444283045	300	17.87478895816597	0.0	146754	2570.2307966462645	1	0.3
513293.44091272575	300	20.078304536925586	0.0	153938	1796.4844212403848	1	0.3
513295.1936290604	300	22.32558820227433	0.0	181901	1752.716334651256	1	0.3
513296.80368714646	300	24.715530116194195	0.0	111155	1610.0580860801347	1	0.3
513298.222439626	300	27.2967776366758	0.0	153605	1418.7524795183979	1	0.3
513301.47570331465	750	28.043513948005128	0.0	400508	3253.2636886706673	1	0.3
513304.5553951911	750	28.963822071555587	0.0	358218	3079.6918764495417	1	0.75
513307.73357988504	750	29.785637377597464	0.0	400322	3178.184693958123	1	0.75
513309.91561950557	750	31.60359775708337	0.0	369834	2182.0396205140923	1	0.75
513316.7318088188	1200	28.787408443858446	0.0	670129	6816.189313224922	1	0.75
513322.41232101363	1200	27.106896249075167	0.0	690253	5680.512194783281	1	1.2
513329.4541290102	1200	24.065088252518507	0.0	598727	7041.807996556658	1	1.2
513333.92005970975	1200	23.599157553017875	0.0	487812	4465.930699500634	1	1.2
513340.19978067226	1200	21.319436590519455	0.0	575591	6279.72096249842	1	1.2
513346.02191570593	1200	19.497301556857494	0.0	605884	5822.135033661962	1	1.2
513349.7486789871	1200	19.77053827566831	0.0	587506	3726.7632811891835	1	1.2
513353.7305280877	1200	19.788689175104512	0.0	566904	3981.8491005637975	1	1.2
513358.7123133397	750	18.80690392305151	0.0	384505	4981.785252052998	1	0.3
513364.6698727248	750	16.849344538009564	0.0	372093	5957.559385041946	1	0.75
513372.90949412464	750	12.609723138151589	0.0	438281	8239.621399857977	1	0.75
513375.9433092775	750	13.575907985262184	0.0	398987	3033.815152889405	1	0.75
513381.5936486348	750	11.925568628007536	0.0	393804	5650.339357254648	1	0.75
513387.59546171885	750	9.923755543953037	0.0	331053	6001.813084054499	1	0.75
513393.9750553446	750	7.54416191821773	0.0	314107	6379.593625735307	1	0.75
513398.93857841427	750	6.580638848552835	0.0	450283	4963.523069664895	1	0.75
513400.05438840046	300	9.464828862395509	0.0	155580	1115.8099861573262	1	-0.15000000000000002
513401.2085276869	300	12.310689575966155	0.0	139857	1154.139286429354	1	0.3
513403.5249053463	300	13.994311916579443	0.0	155432	2316.377659386712	1	0.3
513405.33822917537	300	16.18098808746737	0.0	163442	1813.3238291120722	1	0.3
513406.58645127533	300	18.932765987530125	0.0	126289	1248.222099937248	1	0.3
513409.02275282954	300	20.49646443333908	0.0	153295	2436.3015541910445	1	0.3
513411.4181518094	300	22.10106545341562	0.0	173849	2395.3989799234632	1	0.3
513412.92120781186	300	24.598009451037093	0.0	150710	1503.056002378527	1	0.3
513414.31560951925	300	27.20360774362436	0.0	139105	1394.4017074127344	1	0.3
513415.98626157775	300	29.532955685123788	0.0	141840	1670.6520585005753	1	0.3
513418.5866865791	300	30.932530683745483	0.0	156148	2600.4250013783007	1	0.3
513421.5076569027	750	32.011560360105015	0.0	386351	2920.970323640467	1	0.3
513433.217257976	750	24.301959286843342	0.0	434409	11709.601073261674	1	0.75
513437.3117182471	750	24.207499015788688	0.0	337059	4094.460271054654	1	0.75
513444.56458625646	750	20.954631006429924	0.0	366214	7252.868009358764	1	0.75
513448.2471803273	750	21.272036935561058	0.0	360831	3682.5940708688677	1	0.75
513450.9872107466	750	22.53200651623362	0.0	372963	2740.0304193274387	1	0.75
513455.63847576757	750	21.88074149534425	0.0	405596	4651.265020889367	1	0.75
513458.65619427233	750	22.863022990568382	0.0	350713	3017.7185047758676	1	0.75
513460.3703228458	750	25.148894417086808	0.0	386472	1714.1285734815735	1	0.75
513464.57911329303	750	24.94010396984961	0.0	399894	4208.790447237198	1	0.75
513465.98168062686	750	27.537536636019187	0.0	401853	1402.5673338304239	1	0.75
513467.2680910598	750	30.25112620309063	0.0	343800	1286.410432928553	1	0.75
513470.3326237535	1200	31.18659350935535	0.0	587236	3064.532693735281	1	0.75
513473.6973758764	1200	31.82184138645127	0.0	590335	3364.7521229040813	1	1.2
513481.13052187086	1200	28.388695392027934	0.0	696376	7433.145994423334	1	1.2
513483.00700641196	1200	30.5122108509298	0.0	487160	1876.484541098131	1	1.2
513485.43101629935	1200	32.08820096353185	0.0	622896	2424.0098873979505	1	1.2
513491.13491124765	1850	30.384306015248033	0.0	975811	5703.894948283819	1	1.2000000000000002
513499.3048916855	1850	26.21432557743268	0.0	873429	8169.980437815351	1	1.85
513507.8522781428	1200	21.666939120131207	0.0	620283	8547.386457301476	1	0.5499999999999999
513515.1416866375	1200	18.377530625480585	0.0	584349	7289.408494650623	1	1.2
513528.88628409867	750	8.632933164275554	0.0	412837	13744.597461205029	1	0.3
513532.03698387655	300	9.48223338642382	0.0	179328	3150.699777851735	1	-0.15000000000000002
513534.0373196728	300	11.481897590145872	0.0	159914	2000.3357962779478	1	0.3
513535.52385586756	300	13.995361395382876	0.0	131610	1486.5361947629972	1	0.3
513537.285455107	300	16.233762156001834	0.0	124011	1761.5992393810411	1	0.3
513539.6454379775	300	17.87377928549352	0.0	144254	2359.9828705083173	1	0.3
513541.7215570681	300	19.797660194884138	0.0	149991	2076.1190906093807	1	0.3
513543.6779124297	300	21.84130483333102	0.0	147968	1956.3553615531214	1	0.3
513545.3635478708	300	24.155669392295387	0.0	161857	1685.635441035633	1	0.3
513549.29437178257	300	24.224845480514514	0.0	145210	3930.8239117808725	1	0.3
513552.8072226725	300	24.711994590563474	0.0	172312	3512.8508899510384	1	0.3
513554.61156558903	300	26.90765167407512	0.0	167025	1804.3429164883573	1	0.3
513557.95685583213	750	27.562361430927904	0.0	393804	3345.290243147214	1	0.3
513563.8466070974	1200	25.672610165620718	0.0	538612	5889.751265307184	1	0.75
513570.51746093057	1850	23.001756332504858	0.0	846370	6670.85383311586	1	1.2000000000000002
513573.70191966614	750	23.81729759690111	0.0	450283	3184.4587356037473	1	0.75
513588.1563883503	750	13.362828912739538	0.0	398865	14454.468684161571	1	0.75
513595.3433648748	750	10.175852388277836	0.0	350812	7186.976524461704	1	0.75
513596.82757334993	300	12.691643913076676	0.0	155432	1484.20847520116	1	-0.15000000000000002
513598.2693603766	300	15.249856886439026	0.0	163442	1441.787026637649	1	0.3
513599.98953002185	300	17.529687241196527	0.0	126289	1720.1696452424997	1	0.3
513602.1145112567	300	19.40470600632895	0.0	153295	2124.9812348675764	1	0.3
513604.2563202213	300	21.26289704170753	0.0	173849	2141.80896462142	1	0.3
513606.1237059932	300	23.395511269812985	0.0	150710	1867.3857718945421	1	0.3
513607.93805188476	300	25.581165378228032	0.0	139105	1814.34589158495	1	0.3
513609.9864554478	300	27.532761815186948	0.0	141840	2048.403563041089	1	0.3
513611.3347972433	300	30.184420019702877	0.0	156148	1348.3417954840688	1	0.3
513620.87712763686	750	24.642089626149826	0.0	386351	9542.330393553048	1	0.3
513645.18422499514	750	4.33499226784144	0.0	434409	24307.097358308387	1	0.75
513656.5671409313	300	4.0	7.047923668329868	140051	11382.915936171308	1	-30.45607177381843
513675.1262798485	300	4.0	14.55913891721788	138313	18559.13891721788	1	-62.30429734403688
513687.78115597373	300	4.0	8.654876125241556	143509	12654.876125241555	1	-36.91596733853869
513694.6351138146	300	4.0	2.853957840850001	150616	6853.957840850001	1	-11.972018715655004
513698.4631823255	300	4.171931489124707	0.0	165384	3828.0685108752928	1	0.3
513704.69262624194	300	4.0	2.0575124273242547	140881	6229.443916448961	1	-8.547303437494294
513721.5172671975	300	4.0	12.824640955580158	157671	16824.64095558016	1	-54.84595610899468
513725.99151030823	300	4.0	0.4742431107204857	157812	4474.243110720486	1	-1.7392453760980884
513727.86089155904	300	6.130618749161461	0.0	163927	1869.381250838539	1	0.3
513729.68406737305	300	8.307442935196221	0.0	137654	1823.1758139652409	1	0.3
513731.64990987413	300	10.34160043411017	0.0	146754	1965.8425010860524	1	0.3
513733.36162960046	300	12.629880707761387	0.0	153938	1711.7197263487815	1	0.3
513734.7914477164	300	15.20006259178434	0.0	181901	1429.8181159770484	1	0.3
513735.8179055365	300	18.173604771642747	0.0	111155	1026.4578201415934	1	0.3
513737.2531145038	300	20.738395804351043	0.0	153605	1435.2089672917045	1	0.3
513738.6479508515	300	23.343559456663694	0.0	149029	1394.8363476873503	1	0.3
513740.78812081023	750	25.2033894979298	0.0	358218	2140.1699587338935	1	0.3
513742.7711941338	750	27.220316174299285	0.0	400322	1983.073323630514	1	0.75
513744.60933188186	750	29.38217842625754	0.0	369834	1838.1377480417455	1	0.75
513748.43610902264	1200	29.555401285520777	0.0	670129	3826.777140736763	1	0.75
513753.80371785315	1200	28.18779245501672	0.0	690253	5367.608830504058	1	1.2
513757.8032904593	1200	28.188219848801978	0.0	598727	3999.572606214742	1	1.2
513759.9223522627	1200	30.06915804538877	0.0	487812	2119.0618034132067	1	1.2
513762.5694854244	1200	31.42202488371678	0.0	575591	2647.133161671989	1	1.2
513771.61301121936	1200	26.37849908870841	0.0	605884	9043.525795008372	1	1.2
513777.5774937923	1200	24.414016515809017	0.0	587506	5964.482572899395	1	1.2
513790.2477914272	1200	15.743718880924698	0.0	566904	12670.297634884319	1	1.2
513797.22089940857	1200	12.770610899511823	0.0	641452	6973.107981412875	1	1.2
513800.46180888003	750	13.529701428030517	0.0	372093	3240.909471481306	1	0.3
513803.02774515335	750	14.963765154664609	0.0	438281	2565.936273365909	1	0.75
513806.43781247933	750	15.553697828691613	0.0	398987	3410.067325972996	1	0.75
513808.6193674305	750	17.372142877485224	0.0	393804	2181.55495120639	1	0.75
513812.87119128613	1200	17.120319021873183	0.0	538612	4251.8238556120405	1	0.75
513827.24114470545	2850	6.750365602553717	0.0	1364537	14369.953419319467	1	1.2000000000000002
513830.69933643134	750	7.292173876679949	0.0	450283	3458.1917258737676	1	0.75
513834.7435277395	750	7.247982568532517	0.0	398865	4044.191308147431	1	0.75
513838.20690548356	750	7.784604824445751	0.0	350812	3463.3777440867666	1	0.75
513843.30581516214	750	6.6856951458633365	0.0	382355	5098.909678582414	1	0.75
513846.4021952863	750	7.589315021717346	0.0	411561	3096.38012414599	1	0.75
513849.5617831991	750	8.429727108924457	0.0	318564	3159.587912792889	1	0.75
513850.690483733	300	11.301026574983876	0.0	153295	1128.7005339405803	1	-0.15000000000000002
513851.8993832381	300	14.092127069859059	0.0	173849	1208.8995051248187	1	0.3
513852.86145842966	300	17.130051878377454	0.0	150710	962.0751914816036	1	0.3
513855.12232527777	750	18.86918503026488	0.0	362795	2260.8668481125715	1	0.3
513857.2468947674	750	20.744615540588697	0.0	353220	2124.5694896761834	1	0.75
513862.0049220202	1200	19.986588287823917	0.0	594078	4758.02725276478	1	0.75
513879.8646178377	1200	6.126892470304672	0.0	624282	17859.695817519245	1	1.2
513882.0525048592	300	7.939005448817195	0.0	179801	2187.887021487478	1	-0.6000000000000001
513884.50472156424	300	9.486788743789617	0.0	140051	2452.2167050275766	1	0.3
513888.09350850194	300	9.898001806048137	0.0	138313	3588.78693774148	1	0.3
513889.29453028186	300	12.696980026159025	0.0	143509	1201.0217798891144	1	0.3
513890.5075176832	300	15.483992624803218	0.0	150616	1212.9874013558065	1	0.3
513891.679541699	300	18.311968609010584	0.0	165384	1172.0240157926307	1	0.3
513893.6165330552	300	20.374977252797958	0.0	140881	1936.9913562126262	1	0.3
513895.5018154834	300	22.48969482457408	0.0	157671	1885.2824282238812	1	0.3
513899.50996200193	750	22.481548306019853	0.0	399894	4008.1465185542274	1	0.3
513902.5194932945	750	23.47201701346994	0.0	401853	3009.5312925499143	1	0.75
513905.34682616737	750	24.644684140592656	0.0	343800	2827.332872877283	1	0.75
513907.91367575346	750	26.077834554488263	0.0	359903	2566.849586104394	1	0.75
513910.2380422519	750	27.75346805604974	0.0	379700	2324.3664984385227	1	0.75
513912.5546656194	750	29.436844688576457	0.0	425781	2316.6233674732816	1	0.75
513916.0203084258	1200	29.97120188213278	0.0	487160	3465.6428064436764	1	0.75
513920.59521368396	1200	29.39629662400895	0.0	622896	4574.905258123829	1	1.2
513929.5494434138	1200	24.442066894195918	0.0	641447	8954.229729813032	1	1.2
513935.51683297445	1200	22.474677333576544	0.0	570392	5967.3895606193755	1	1.2
513939.16169011104	1200	22.829820196958476	0.0	620283	3644.8571366180663	1	1.2
513942.2746953793	1200	23.716814928707468	0.0	584349	3113.0052682510113	1	1.2
513944.0141326154	750	25.97737769266038	0.0	412837	1739.4372360470888	1	0.3
513946.1727555104	750	27.818754797683102	0.0	401088	2158.622894977277	1	0.75
513948.35888709745	1200	29.632623210580228	0.0	598727	2186.131587102875	1	0.75
513954.7844125485	1850	27.20709775949633	0.0	728962	6425.525451083895	1	1.2000000000000002
513958.79892210447	1850	27.192588203571912	0.0	938587	4014.50955592442	1	1.85
513965.3168900051	1850	24.674620302986725	0.0	908665	6517.9679005851885	1	1.85
513975.2377562934	1850	18.7537540146665	0.0	930577	9920.866288320223	1	1.85
513978.1210854096	1200	19.87042489845559	0.0	566904	2883.329116210912	1	0.5499999999999999
513980.49953705305	1200	21.49197325499062	0.0	641452	2378.4516434649686	1	1.2
513982.21874062315	1200	23.772769684876078	0.0	599477	1719.203570114539	1	1.2
513987.4898535921	1200	22.501656715929133	0.0	634861	5271.112968946946	1	1.2
513996.4283227494	1200	17.563187558672656	0.0	630203	8938.469157256477	1	1.2
513999.6890619545	1200	18.302448353551373	0.0	638661	3260.7392051212846	1	1.2
514004.7614213022	1850	17.230089005860798	0.0	830730	5072.359347690575	1	1.2000000000000002
514012.6511829513	2850	13.34032735675896	0.0	1364537	7889.761649101839	1	1.85
514015.2144417574	750	14.777068550614702	0.0	450283	2563.258806144258	1	0.75
514017.7231926365	750	16.268317671554406	0.0	398865	2508.750879060294	1	0.75
514019.35595572885	750	18.635554579222717	0.0	350812	1632.7630923316908	1	0.75
514022.1699336419	1200	19.821576666168056	0.0	617681	2813.97791305466	1	0.75
514025.139682713	1200	20.851827595033203	0.0	652874	2969.749071134854	1	1.2
514027.1764429799	1200	22.81506732821847	0.0	520315	2036.7602668147322	1	1.2
514031.05236263294	1850	22.939147675150235	0.0	905515	3875.9196530682357	1	1.2000000000000002
514035.23858082254	1850	22.75292948554227	0.0	1060487	4186.2181896079655	1	1.85
514051.72254551935	1850	10.268964788695866	0.0	852833	16483.964696846404	1	1.85
514054.70658238704	750	11.284927920998562	0.0	362795	2984.036867697305	1	-0.3500000000000001
514056.79907201935	750	13.192438288684876	0.0	353220	2092.4896323136854	1	0.75
514058.68486834056	750	15.306641967491416	0.0	405134	1885.7963211934607	1	0.75
514060.32680938276	750	17.664700925314587	0.0	386351	1641.9410421768284	1	0.75
514062.4094941989	750	19.582016109141254	0.0	434409	2082.6848161733365	1	0.75
514066.5304221554	1200	19.461088152696604	0.0	526950	4120.927956444648	1	0.75
514072.2334507273	1200	17.758059580789137	0.0	587876	5703.028571907468	1	1.2
514075.2539088244	1200	18.737601483709348	0.0	617242	3020.4580970797883	1	1.2
514083.7134430427	1200	14.278067265418002	0.0	581493	8459.534218291345	1	1.2
514085.98531718634	750	16.006193121773368	0.0	405596	2271.8741436446326	1	0.3
514087.8167161661	750	18.174794142067892	0.0	350713	1831.3989797054799	1	0.75
514091.5740014602	750	18.41750884792997	0.0	386472	3757.2852941379215	1	0.75
514093.79826202337	750	20.193248284763364	0.0	399894	2224.260563166609	1	0.75
514097.3284576486	1200	20.66305265958466	0.0	656471	3530.1956251787014	1	0.75
514100.0238385489	1200	21.967671759275202	0.0	536667	2695.380900309456	1	1.2
514102.6689079706	1200	23.322602337581674	0.0	587236	2645.0694216935317	1	1.2
514105.54022400547	1200	24.451286302704812	0.0	590335	2871.3160348768615	1	1.2
514109.8185068698	1200	24.173003438362432	0.0	696376	4278.282864342377	1	1.2
514112.32496757375	1200	25.66654273441463	0.0	487160	2506.4607039478046	1	1.2
514115.41265274945	1200	26.578857558693898	0.0	622896	3087.6851757207323	1	1.2
514118.6594244211	1200	27.332085887124205	0.0	641447	3246.771671569691	1	1.2
514121.10097092664	1200	28.890539381537607	0.0	570392	2441.5465055865952	1	1.2
514123.9384219933	1200	30.053088314911122	0.0	620283	2837.4510666264855	1	1.2
514127.2836769424	1850	30.70783336574879	0.0	885062	3345.2549491623317	1	1.2000000000000002
514131.3354715614	1850	30.65603874675082	0.0	1035329	4051.7946189979693	1	1.85
514140.21961477224	2850	25.771895535948637	0.0	1492672	8884.14321080218	1	1.85
514143.844205827	1850	26.147304481220818	0.0	943942	3624.5910547278218	1	0.8500000000000001
514148.02301367174	1850	25.968496636465282	0.0	728962	4178.8078447555345	1	1.85
514152.20336076274	1850	25.78814954547693	0.0	938587	4180.3470909883545	1	1.85
514156.837435415	1850	25.15407489315891	0.0	908665	4634.074652318019	1	1.85
514160.2380859184	1850	25.75342438974695	0.0	930577	3400.6505034119614	1	1.85
514164.65015824686	1850	25.341352061317846	0.0	858450	4412.072328429104	1	1.85
514169.793106282	1850	24.198404026219457	0.0	1025005	5142.948035098386	1	1.85
514173.813049846	1850	24.178460462235286	0.0	886255	4019.9435639841713	1	1.85
514177.2528164731	1850	24.738693835132363	0.0	973972	3439.766627102922	1	1.85
514181.48925975274	1850	24.502250555453006	0.0	958994	4236.443279679355	1	1.85
514190.4971071752	2850	19.494403133045374	0.0	1483527	9007.847422407633	1	1.85
514198.5942206691	2850	15.397289639077837	0.0	1231456	8097.113493967536	1	2.85
514205.78939739155	2850	12.202112916662411	0.0	1364537	7195.176722415426	1	2.85
514207.612582379	750	14.37892792917167	0.0	450283	1823.1849874907398	1	0.75
514209.4636577919	750	16.5278525163214	0.0	398865	1851.075412850268	1	0.75
514212.712234822	1200	17.279275486285478	0.0	571051	3248.577030035923	1	0.75
514215.44732923625	1200	18.544181071970414	0.0	617681	2735.094414315063	1	1.2
514217.8388921084	1200	20.15261819980442	0.0	652874	2391.5628721659955	1	1.2
514219.56231162837	1200	22.42919867993175	0.0	520315	1723.4195198726657	1	1.2
514221.49171207676	1200	24.499798231502847	0.0	561791	1929.400448428908	1	1.2
514227.9813857734	1850	22.010124534853173	0.0	1060487	6489.67369664967	1	1.2000000000000002
514232.3059363463	1850	21.685573961972178	0.0	852833	4324.550572880997	1	1.85
514236.2084998792	1850	21.783010429024603	0.0	913888	3902.5635329475776	1	1.85
514241.4727314714	1850	20.518778836842714	0.0	939819	5264.23159218189	1	1.85
514245.9549415397	1850	20.03656876854305	0.0	917428	4482.210068299664	1	1.85
514249.5655735879	1850	20.425936720339575	0.0	946851	3610.632048203476	1	1.85
514254.745514495	1850	19.245995813193307	0.0	1036454	5179.940907146268	1	1.85
514260.3490827852	1850	17.64242752300394	0.0	821631	5603.568290189368	1	1.85
514264.3975850263	1200	17.59392528195095	0.0	587876	4048.5022410529878	1	0.5499999999999999
514267.1733130881	1200	18.818197220128116	0.0	617242	2775.7280618228315	1	1.2
514270.9999360264	1200	18.991574281776426	0.0	581493	3826.622938351692	1	1.2
514276.2397212229	1200	17.751789085293108	0.0	639204	5239.785196483316	1	1.2
514279.25380089105	1200	18.737709417113166	0.0	586839	3014.079668179943	1	1.2
514283.8489596455	1200	18.142550662619755	0.0	601738	4595.15875449341	1	1.2
514287.925715538	1200	18.065794770173923	0.0	616206	4076.7558924458267	1	1.2
514293.61643874395	1200	16.37507156421702	0.0	656471	5690.723205956904	1	1.2
514296.3034014612	1200	17.68810884690086	0.0	536667	2686.962717316159	1	1.2
514300.06448325893	1200	17.92702704925953	0.0	587236	3761.0817976413323	1	1.2
514305.40650104417	1200	16.58500926399499	0.0	590335	5342.017785264539	1	1.2
514308.34866428684	1200	17.642846021311257	0.0	696376	2942.163242683734	1	1.2
514311.7635076157	1200	18.2280026924263	0.0	487160	3414.843328884955	1	1.2
514314.6327244424	1200	19.35878586577336	0.0	622896	2869.216826652943	1	1.2
514317.53233024984	1200	20.45918005832899	0.0	641447	2899.6058074443727	1	1.2
514319.82478384144	1200	22.166726466739167	0.0	570392	2292.453591589818	1	1.2
514322.4212119365	1200	23.57029837165791	0.0	620283	2596.4280950812613	1	1.2
514326.51505666587	1200	23.476453642313665	0.0	584349	4093.844729344245	1	1.2
514332.5717517939	1200	21.419758514317074	0.0	670129	6056.695127996592	1	1.2
514338.47066109854	1200	19.52084920969436	0.0	690253	5898.909304622709	1	1.2
514343.9112479523	1200	18.08026235588952	0.0	598727	5440.5868538048435	1	1.2
514347.2129071783	1200	18.778603129879222	0.0	487812	3301.6592260103	1	1.2
514352.2192675874	1200	17.77224272080668	0.0	575591	5006.360409072542	1	1.2
514355.8060908397	750	18.185419468524227	0.0	378327	3586.823252282456	1	0.3
514358.4689450913	750	19.522565216889525	0.0	390680	2662.854251634699	1	0.75
514360.74674368923	750	21.244766618946947	0.0	345516	2277.7985979425775	1	0.75
514377.81330696726	750	8.178203340942266	0.0	384505	17066.56327800468	1	0.75
514379.8799945464	300	10.1115157617795	0.0	145210	2066.6875791627635	1	-0.15000000000000002
514382.1962378561	300	11.795272452116107	0.0	172312	2316.2433096633945	1	0.3
514384.25607467414	300	13.735435634060906	0.0	167025	2059.8368180552006	1	0.3
514385.64133683103	300	16.350173477156282	0.0	160064	1385.2621569046264	1	0.3
514386.69063097937	300	19.300879328804374	0.0	137507	1049.294148351905	1	0.3
514394.0181310776	1850	15.97337923058659	0.0	846370	7327.500098217785	1	0.30000000000000004
514401.2886886076	750	12.702821700590805	0.0	450283	7270.5575299957845	1	0.75
514406.1532444504	750	11.838265857767064	0.0	398865	4864.55584282374	1	0.75
514410.5671989011	750	11.424311407043028	0.0	350812	4413.954450724038	1	0.75
514412.9940680062	750	12.997442301952194	0.0	382355	2426.869105090833	1	0.75
514416.98881252465	750	13.002697783471119	0.0	411561	3994.7445184810767	1	0.75
514420.6107030908	750	13.380807217333949	0.0	318564	3621.8905661371678	1	0.75
514427.25549231673	750	10.736017991383385	0.0	352642	6644.789225950564	1	0.75
514431.0605194037	750	10.930990904402776	0.0	437162	3805.0270869806095	1	0.75
514437.16038508393	750	8.831125224193038	0.0	374758	6099.8656802097385	1	0.75
514443.55354080524	300	6.437969502877959	0.0	139105	6393.155721315079	1	-0.15000000000000002
514446.1870456336	300	7.804464674479524	0.0	141840	2633.504828398435	1	0.3
514457.17908532696	300	4.0	3.1875750188926113	156148	10992.039693372135	1	-13.406572581238228
514463.0758814894	300	4.0	1.8967961624341942	160746	5896.796162434194	1	-7.856223498467036
514466.769065812	300	4.306815677417265	0.0	179801	3693.184322582735	1	0.3
514469.1188437067	300	5.957037782720396	0.0	140051	2349.7778946968697	1	0.3
514475.11555066536	300	4.0	0.039669176002090356	138313	5996.706958722486	1	0.12942254319101146
514478.378712475	300	4.736838190358204	0.0	143509	3263.161809641796	1	0.3
514481.0852044533	300	6.0303462120100155	0.0	150616	2706.4919783481882	1	0.3
514483.505597828	300	7.609952837348371	0.0	165384	2420.393374661645	1	0.3
514485.10381186905	300	10.011738796365812	0.0	140881	1598.214040982559	1	0.3
514486.693872212	300	12.421678453353936	0.0	157671	1590.0603430118763	1	0.3
514488.21658793156	300	14.898962733816475	0.0	157812	1522.7157195374612	1	0.3
514489.9004351868	300	17.21511547860032	0.0	163927	1683.8472552161547	1	0.3
514491.3318024981	300	19.783748167281193	0.0	137654	1431.3673113191264	1	0.3
514492.786924099	300	22.32862656633189	0.0	146754	1455.1216009493	1	0.3
514495.7807915239	750	23.334759141422538	0.0	379700	2993.8674249093515	1	0.3
514498.70022267016	750	24.41532799524113	0.0	425781	2919.4311461814054	1	0.75
514500.33760825836	750	26.77794240699451	0.0	277716	1637.385588246625	1	0.75
514502.41439830465	750	28.701152360707024	0.0	400396	2076.790046287486	1	0.75
514504.70420808566	750	30.41134257969497	0.0	400508	2289.809781012054	1	0.75
514506.5656745837	750	32.54987608160669	0.0	358218	1861.4664980882756	1	0.75
514508.46393970645	750	34.651610958896725	0.0	400322	1898.26512270997	1	0.75
514512.2027328717	1850	34.91281779362382	0.0	885062	3738.793165272902	1	0.75
514516.7788922742	1850	34.33665839114013	0.0	1035329	4576.15940248369	1	1.85
514521.3016735456	1850	33.81387711971432	0.0	1026056	4522.781271425812	1	1.85
514524.9980277025	1850	34.1175229627825	0.0	943942	3696.354156931822	1	1.85
514528.67648953304	1850	34.439061132247865	0.0	728962	3678.461830534637	1	1.85
514533.674522302	1850	33.441028363356104	0.0	938587	4998.032768891763	1	1.85
514539.8934901235	1850	31.222060541815924	0.0	908665	6218.96782154018	1	1.85
514545.91859191045	1850	29.196958754917073	0.0	930577	6025.101786898852	1	1.85
514550.31353564793	1850	28.80201501741856	0.0	858450	4394.94373749851	1	1.85
514556.0266028155	1850	27.08894784980894	0.0	1025005	5713.0671676096235	1	1.85
514561.842282465	1850	25.273268200261192	0.0	886255	5815.679649547746	1	1.85
514565.4044249072	1850	25.711125758134376	0.0	973972	3562.1424421268166	1	1.85
514568.9058771962	1850	26.209673469065322	0.0	958994	3501.4522890690528	1	1.85
514573.7288989407	2850	25.386651724527624	0.0	1483527	4823.021744537699	1	1.85
514577.95740332507	2850	25.15814734020064	0.0	1231456	4228.504384326987	1	2.85
514585.3258373044	2850	21.78971336088988	0.0	1364537	7368.4339793107565	1	2.85
514586.5932449354	750	24.522305729909128	0.0	450283	1267.407630980755	1	0.75
514591.42025785823	1850	23.695292807071375	0.0	957685	4827.012922837753	1	0.75
514597.81676091865	1850	21.29878974659051	0.0	877771	6396.503060480863	1	1.85
514601.8428921736	1850	21.272658491616557	0.0	933276	4026.131254973956	1	1.85
514606.59518885636	1850	20.520361808925664	0.0	996749	4752.296682690893	1	1.85
514611.79885603924	1850	19.316694626080878	0.0	801058	5203.667182844787	1	1.85
514613.8537640421	1200	21.261786623226563	0.0	561791	2054.908002854313	1	0.5499999999999999
514617.1799198814	1200	21.93563078392052	0.0	709534	3326.155839306043	1	1.2
514620.3268164133	1200	22.788734251975306	0.0	584846	3146.8965319452095	1	1.2
514622.33786223736	1200	24.777688427994956	0.0	560821	2011.0458239803527	1	1.2
514625.05671314476	1200	26.05883752052049	0.0	607410	2718.850907474466	1	1.2
514630.36780878226	1850	24.747741883022858	0.0	917428	5311.095637497635	1	1.2000000000000002
514634.57180576865	1850	24.543744896624748	0.0	946851	4203.99698639811	1	1.85
514641.4402750419	1850	21.675275623370435	0.0	1036454	6868.4692732543135	1	1.85
514645.99583373754	1850	21.119716927731552	0.0	821631	4555.558695638884	1	1.85
514651.09289740544	1850	20.022653259833195	0.0	923170	5097.063667898357	1	1.85
514654.36107606464	1200	20.754474600634996	0.0	617242	3268.1786591981995	1	0.5499999999999999
514656.82526655885	1200	22.290284106445835	0.0	581493	2464.1904941891626	1	1.2
514660.0408301472	1200	23.074720518093503	0.0	639204	3215.563588352333	1	1.2
514663.39356345916	1200	23.721987206144803	0.0	586839	3352.733311948699	1	1.2
514666.04003176023	1200	25.075518905072162	0.0	601738	2646.4683010726458	1	1.2
514669.11716307735	1200	25.99838758795968	0.0	616206	3077.131317112477	1	1.2
514672.4741165548	1200	26.64143411052698	0.0	656471	3356.9534774327003	1	1.2
514674.20742994815	1200	28.9081207171497	0.0	536667	1733.3133933772801	1	1.2
514677.13730632834	1850	29.97824433692625	0.0	897976	2929.876380223454	1	1.2000000000000002
514680.389768905	1850	30.72578176030278	0.0	905935	3252.4625766234685	1	1.85
514689.4366298876	1850	25.678920777658895	0.0	1076599	9046.860982643884	1	1.85
514694.89196882775	1850	24.223581837554185	0.0	758197	5455.33894010471	1	1.85
514703.34470595635	1850	19.770844708942203	0.0	972798	8452.737128611983	1	1.85
514708.0279633511	1200	19.0875873141361	0.0	641447	4683.2573948061045	1	0.5499999999999999
514711.1340393642	1200	19.981511301123085	0.0	570392	3106.076013013016	1	1.2
514715.10503684013	1200	20.01051382516432	0.0	620283	3970.997475958763	1	1.2
514718.33956273407	1200	20.77598793124133	0.0	584349	3234.525893922995	1	1.2
514721.7532890252	1200	21.362261640083233	0.0	670129	3413.7262911580965	1	1.2
514725.5507072007	1200	21.564843464602014	0.0	690253	3797.4181754812194	1	1.2
514728.6021819908	1200	22.51336867450071	0.0	598727	3051.4747901013047	1	1.2
514730.65640232613	1200	24.45914833920015	0.0	487812	2054.220335300562	1	1.2
514732.80348049116	1200	26.312070174152137	0.0	575591	2147.0781650480135	1	1.2
514735.20787195576	1200	27.90767870957253	0.0	605884	2404.391464579608	1	1.2
514738.67040090373	1850	28.445149761543078	0.0	930577	3462.5289480294527	1	1.2000000000000002
514741.76074965094	1850	29.354801014325755	0.0	858450	3090.3487472173224	1	1.85
514746.9838809975	1850	28.131669667717738	0.0	1025005	5223.131346608017	1	1.85
514750.76326881134	1850	28.3522818539098	0.0	886255	3779.3878138079363	1	1.85
514753.8161615103	1850	29.299389154968164	0.0	973972	3052.8926989416345	1	1.85
514760.8414414089	2850	26.274109256352713	0.0	1464921	7025.27989861545	1	1.85
514766.0729743701	2850	25.04257629517194	0.0	1483527	5231.532961180772	1	2.85
514774.99221529765	2850	20.123335367684042	0.0	1231456	8919.240927487897	1	2.85
514779.7401069003	2850	19.375443765053458	0.0	1364537	4747.891602630586	1	2.85
514781.61869809567	750	21.49685256965573	0.0	450283	1878.5911953977256	1	0.75
514784.088867506	750	23.026683159283262	0.0	398865	2470.169410372465	1	0.75
514786.3299800836	750	24.78557058167484	0.0	350812	2241.112577608424	1	0.75
514789.54753016314	1200	25.56802050221211	0.0	617681	3217.5500794627296	1	0.75
514793.1302770714	1200	25.985273593990662	0.0	652874	3582.7469082214484	1	1.2
514795.6471083479	1200	27.46844231747318	0.0	520315	2516.8312765174837	1	1.2
514798.1410979521	1200	28.974452713271194	0.0	561791	2493.9896042019814	1	1.2
514809.2027575166	1850	21.9127931487487	0.0	1060487	11061.659564522493	1	1.2000000000000002
514811.9259887933	1200	23.189561871970785	0.0	584846	2723.2312767779163	1	0.5499999999999999
514814.34070013213	1200	24.77485053313477	0.0	560821	2414.7113388360176	1	1.2
514817.6631835611	1200	25.452367104092534	0.0	607410	3322.4834290422364	1	1.2
514819.9386263174	1200	27.176924347803798	0.0	594078	2275.4427562887363	1	1.2
514821.97828598286	1200	29.13726468242533	0.0	624282	2039.6596653784698	1	1.2
514828.4948091646	1850	26.620741500701666	0.0	1036454	6516.523181723664	1	1.2000000000000002
514831.84352188394	1850	27.272028781344652	0.0	821631	3348.7127193570136	1	1.85
514839.69130843045	1850	23.424242234864266	0.0	923170	7847.786546480386	1	1.85
514845.7279161851	1850	21.387634480196407	0.0	966699	6036.607754667857	1	1.85
514848.848784541	1200	22.266766124279336	0.0	581493	3120.8683559170704	1	0.5499999999999999
514852.65836316114	1200	22.45718750412441	0.0	639204	3809.5786201549276	1	1.2
514854.73903443926	1200	24.37651622601464	0.0	586839	2080.671278109771	1	1.2
514857.73680117785	1200	25.378749487413348	0.0	601738	2997.766738601289	1	1.2
514861.47072946775	1200	25.644821197518784	0.0	616206	3733.9282898945626	1	1.2
514864.10658034874	1200	27.008970316531126	0.0	656471	2635.850880987658	1	1.2
514866.91140800243	1200	28.20414266283095	0.0	536667	2804.8276537001766	1	1.2
514873.14093936904	1200	25.97461129623663	0.0	587236	6229.531366594318	1	1.2
514876.73536011355	1200	26.38019055169759	0.0	590335	3594.420744539038	1	1.2
514881.9681054906	1200	25.14744517461996	0.0	696376	5232.745377077634	1	1.2
514885.46859068365	1200	25.646959981605608	0.0	487160	3500.485193014353	1	1.2
514889.5264048409	1200	25.589145824330895	0.0	622896	4057.814157274711	1	1.2
514893.7735605545	1200	25.341990110683945	0.0	641447	4247.155713646947	1	1.2
514900.60434306494	1200	22.511207600209623	0.0	570392	6830.782510474324	1	1.2
514913.06524462457	1200	14.050306040609897	0.0	620283	12460.901559599724	1	1.2
514918.93705271406	1200	12.17849795111678	0.0	584349	5871.808089493117	1	1.2
514922.02379352046	750	13.091757144690698	0.0	412837	3086.7408064260812	1	0.3
514924.1192781657	750	14.996272499461858	0.0	401088	2095.4846452288402	1	0.75
514926.107312262	750	17.008238403183622	0.0	365161	1988.0340962782361	1	0.75
514927.84368781256	750	19.27186285259126	0.0	321064	1736.3755505923637	1	0.75
514929.66748976096	750	21.44806090420798	0.0	361565	1823.8019483832757	1	0.75
514932.4518296204	1200	22.66372104471313	0.0	605884	2784.339859494847	1	0.75
514934.54498402093	1200	24.570566644192585	0.0	587506	2093.154400520548	1	1.2
514936.61009592086	1200	26.505454744305943	0.0	566904	2065.1118998866423	1	1.2
514941.1632158195	1850	25.95233484565266	0.0	1025005	4553.119898653281	1	1.2000000000000002
514945.6695091055	1850	25.44604155971232	0.0	886255	4506.293285940343	1	1.85
514954.999633826	1850	20.115916839188664	0.0	973972	9330.124720523656	1	1.85
514960.3887730134	1850	18.72677765188185	0.0	958994	5389.139187306814	1	1.85
514969.1431703807	1850	13.972380284556733	0.0	982064	8754.397367325117	1	1.85
514979.092371635	1850	8.023179030184007	0.0	830730	9949.201254372727	1	1.85
514982.75306746137	1200	8.362483203853799	0.0	550906	3660.695826330208	1	0.5499999999999999
514987.42497965676	750	7.690571008498488	0.0	450283	4671.91219535531	1	0.75
514989.65136839304	750	9.464182272212701	0.0	398865	2226.3887362857868	1	0.75
514991.27755234536	750	11.837998319931433	0.0	350812	1626.1839522812668	1	0.75
514992.8622098211	750	14.253340844174337	0.0	382355	1584.6574757570966	1	0.75
514995.0540314774	750	16.06151918785399	0.0	411561	2191.8216563203505	1	0.75
514996.6898056924	750	18.42574497286145	0.0	318564	1635.7742149925361	1	0.75
515000.3594101657	750	18.756140499628952	0.0	352642	3669.6044732325	1	0.75
515007.4087065643	750	15.706844100984526	0.0	437162	7049.296398644427	1	0.75
515009.44398971007	750	17.67156095519087	0.0	374758	2035.2831457936545	1	0.75
515011.1926738734	750	19.922876791896712	0.0	362795	1748.6841632941591	1	0.75
515012.8616765127	750	22.253874152549592	0.0	353220	1669.0026393471212	1	0.75
515018.7431934961	750	20.37235716924485	0.0	405134	5881.516983304743	1	0.75
515021.40040735493	750	21.715143310324514	0.0	386351	2657.213858920337	1	0.75
515023.4375788763	750	23.67797178897994	0.0	434409	2037.1715213445755	1	0.75
515026.7404424215	750	24.375108243800618	0.0	337059	3302.863545179319	1	0.75
515032.40029339294	750	22.715257272346875	0.0	366214	5659.850971453741	1	0.75
515036.0644834787	750	23.051067186596875	0.0	360831	3664.1900857499986	1	0.75
515043.63408840337	750	19.48146226197882	0.0	372963	7569.6049246180555	1	0.75
515055.8779318816	750	11.237618783729692	0.0	405596	12243.843478249128	1	0.75
515058.68496000726	300	12.430590658064297	0.0	140881	2807.0281256653957	1	-0.15000000000000002
515061.4860194691	300	13.629531196211849	0.0	157671	2801.0594618524487	1	0.3
515066.7755460955	300	12.340004569784222	0.0	157812	5289.526626427627	1	0.3
515069.6718498255	300	13.443700839770436	0.0	163927	2896.3037300137853	1	0.3
515071.5559406949	300	15.559609970418064	0.0	137654	1884.0908693523718	1	0.3
515073.5153182392	300	17.600232426047544	0.0	146754	1959.3775443705213	1	0.3
515075.2223840653	300	19.893166599967046	0.0	153938	1707.0658260804978	1	0.3
515077.886505291	300	21.229045374223276	0.0	181901	2664.1212257437683	1	0.3
515079.3175878441	300	23.797962821108747	0.0	111155	1431.0825531145288	1	0.3
515081.15224510944	300	25.963305555717618	0.0	153605	1834.6572653911262	1	0.3
515082.934629912	300	28.180920753113707	0.0	149029	1782.3848026039136	1	0.3
515084.69558600895	300	30.419964656138326	0.0	157421	1760.9560969753798	1	0.3
515086.0286489974	300	33.08690166767684	0.0	157488	1333.0629884614818	1	0.3
515088.45237040403	750	34.663180261103314	0.0	369834	2423.7214065735334	1	0.3
515091.9124351055	750	35.20311555962981	0.0	412837	3460.0647014735073	1	0.75
515095.72744355147	750	35.3881071136463	0.0	401088	3815.008445983502	1	0.75
515101.0769814971	1200	34.03856916799775	0.0	598727	5349.53794564855	1	0.75
515103.5108823958	1200	35.60466826931502	0.0	487812	2433.9008986827293	1	1.2
515108.6074717918	1200	34.5080788733388	0.0	575591	5096.589395976219	1	1.2
515111.1533608731	1200	35.96218979205468	0.0	605884	2545.8890812841205	1	1.2
515113.0708752559	1200	38.04467540922358	0.0	587506	1917.5143828311072	1	1.2
515116.0425530042	1200	39.07299766096576	0.0	566904	2971.6777482578154	1	1.2
515120.5274034806	1850	38.588147184553144	0.0	1025005	4484.850476412621	1	1.2000000000000002
515124.19365985587	1850	38.92189080931344	0.0	886255	3666.256375239704	1	1.85
515133.4870095296	2850	33.628541135573535	0.0	1587250	9293.349673739905	1	1.85
515138.234530344	2850	32.88102032115489	0.0	1464921	4747.520814418637	1	2.85
515142.1555692402	2850	32.959981424943585	0.0	1483527	3921.038896211309	1	2.85
515149.2043444607	4300	29.911206204488458	0.0	1961140	7048.775220455131	1	2.8499999999999996
515160.9459490374	4300	22.16960162778611	0.0	2155012	11741.604576702344	1	4.3
515164.74968628277	750	22.365864382379176	0.0	450283	3803.7372454069364	1	0.75
515166.63789922144	750	24.47765144373734	0.0	398865	1888.2129386418362	1	0.75
515169.1871069446	1200	25.928443720550902	0.0	571051	2549.207723186437	1	0.75
515173.1986558025	1200	25.916894862608192	0.0	617681	4011.548857942709	1	1.2
515175.22848663316	1200	27.887064031984433	0.0	652874	2029.8308306237566	1	1.2
515180.052542814	1200	27.063007851161508	0.0	520315	4824.056180822927	1	1.2
515182.2025023387	1200	28.913048326474236	0.0	561791	2149.9595246872695	1	1.2
515185.8527326101	1200	29.262818055106624	0.0	709534	3650.230271367611	1	1.2

