899429.1774488608	750	4.0	2.5751962071633208	450283	2575.1962071633207	0.7	-10.323343690802279
899433.3136707813	1850	4.0	0.13622192049084242	957685	4136.221920490842	0.7	0.16424574188937768
899437.1079246126	1200	4.205746168703476	0.0	571051	3794.253831296525	0.7	0.5499999999999999
899439.7311541404	1200	5.58251664083293	0.0	617681	2623.2295278705465	0.7	1.2
899442.1901891343	1200	7.123481646945938	0.0	652874	2459.034993886992	0.7	1.2
899443.9780561911	1200	9.335614590238196	0.0	520315	1787.8670567077418	0.7	1.2
899446.0089038035	1200	11.304766977790601	0.0	561791	2030.8476124475949	0.7	1.2
899448.5510456096	1200	12.762625171768587	0.0	709534	2542.1418060220153	0.7	1.2
899450.3170880232	1200	14.99658275817611	0.0	584846	1766.0424135924768	0.7	1.2
899452.1831457061	1200	17.130525075285053	0.0	560821	1866.057682891058	0.7	1.2
899454.1661969163	1200	19.1474738651469	0.0	607410	1983.0512101381528	0.7	1.2
899456.7099108271	1850	20.603759954214752	0.0	917428	2543.7139109321483	0.7	1.2000000000000002
899460.7214639576	2850	20.59220682377418	0.0	1422919	4011.5531304405713	0.7	1.85
899465.7163467935	2850	19.597323987877107	0.0	1578343	4994.88283589707	0.7	2.85
899469.2314009005	2850	20.08226988083035	0.0	1231445	3515.054107046758	0.7	2.85
899474.0800600095	2850	19.23361077188256	0.0	1471065	4848.6591089477915	0.7	2.85
899478.249817356	2850	19.063853425406137	0.0	1491626	4169.757346476419	0.7	2.85
899482.2643795667	2850	19.049291214677645	0.0	1358801	4014.562210728493	0.7	2.85
899487.0180847842	2850	18.295585997226116	0.0	1537156	4753.705217451526	0.7	2.85
899491.1917364271	2850	18.12193435416871	0.0	1336050	4173.651643057405	0.7	2.85
899496.2862670225	2850	17.02740375884469	0.0	1415116	5094.530595324021	0.7	2.85
899501.8210770537	2850	15.492593727717754	0.0	1468126	5534.810031126938	0.7	2.85
899506.4053048027	2850	14.908365978677393	0.0	1505760	4584.227749040362	0.7	2.85
899510.822410317	2850	14.491260464322645	0.0	1323990	4417.105514354749	0.7	2.85
899515.8269476066	2850	13.486723174744405	0.0	1383735	5004.537289578239	0.7	2.85
899520.9967130442	2850	12.316957737134928	0.0	1480464	5169.765437609478	0.7	2.85
899525.3480866685	2850	11.965584112982466	0.0	1547572	4351.373624152463	0.7	2.85
899529.0910546223	2850	12.222616159130439	0.0	1141971	3742.9679538520268	0.7	2.85

