120028.11921345987	750	4.0	5.279874867243303	450283	5279.874867243303	0.75	-21.953461929146204
120030.09390338643	300	6.025310073429274	0.0	155580	1974.689926570725	0.75	-0.15000000000000002
120031.93690489455	300	8.182308565318637	0.0	139857	1843.0015081106371	0.75	0.3
120033.90487479624	300	10.214338663622383	0.0	155432	1967.9699016962536	0.75	0.3
120038.90128636536	750	9.217927094508225	0.0	411561	4996.411569114159	0.75	0.3
120043.00905944816	750	9.110154011722264	0.0	318564	4107.773082785961	0.75	0.75
120047.44112049567	750	8.678092964197461	0.0	352642	4432.061047524802	0.75	0.75
120052.84516087346	750	7.274052586415309	0.0	437162	5404.040377782152	0.75	0.75
120057.2579765444	750	6.861236915472441	0.0	374758	4412.815670942869	0.75	0.75
120061.58633379923	750	6.53287966063596	0.0	362795	4328.357254836482	0.75	0.75
120063.35799599467	300	8.761217465198763	0.0	141840	1771.6621954371974	0.75	-0.15000000000000002
120065.20931596895	300	10.909897490906769	0.0	156148	1851.319974291993	0.75	0.3
120067.09711465455	300	13.022098805310977	0.0	160746	1887.7986855957938	0.75	0.3
120069.24285906383	300	14.876354396027352	0.0	179801	2145.7444092836226	0.75	0.3
120073.53738096874	750	14.581832491110246	0.0	337059	4294.521904917106	0.75	0.3
120078.22249656226	750	13.896716897598155	0.0	366214	4685.1155935120905	0.75	0.75
120082.40445093586	750	13.714762523991848	0.0	360831	4181.954373606308	0.75	0.75
120086.8569934087	750	13.262220051160526	0.0	372963	4452.542472831322	0.75	0.75
120091.6832694715	750	12.435943988355787	0.0	405596	4826.276062804741	0.75	0.75
120095.83536440134	750	12.2838490585131	0.0	350713	4152.094929842686	0.75	0.75
120100.4725839937	750	11.646629466154717	0.0	386472	4637.219592358381	0.75	0.75
120105.49156117516	750	10.627652284686276	0.0	399894	5018.977181468444	0.75	0.75
120110.25166291406	750	9.867550545799906	0.0	401853	4760.101738886369	0.75	0.75
120114.44787629483	750	9.67133716502412	0.0	343800	4196.213380775785	0.75	0.75
120118.76832004216	750	9.35089341768099	0.0	359903	4320.443747343133	0.75	0.75
120123.32213309911	750	8.79708036073829	0.0	379700	4553.813056942699	0.75	0.75
120128.35468454215	750	7.7645289177016865	0.0	425781	5032.551443036603	0.75	0.75
120131.68114700868	750	8.438066451160081	0.0	277716	3326.4624665416063	0.75	0.75

