261807.44499851635	750	4.0	2.3528782584752697	450283	2352.87825847527	0.75	-9.36737651144366
261808.30501431026	300	7.139984206089794	0.0	155580	860.0157939102055	0.75	-0.15000000000000002
261810.28054812062	300	9.164450395754365	0.0	139857	1975.5338103354293	0.75	0.3
261812.12010341772	300	11.324895098639653	0.0	155432	1839.5552971147129	0.75	0.3
261812.98252515448	300	14.462473361896606	0.0	163442	862.4217367430459	0.75	0.3
261813.27797836583	300	18.167020150530846	0.0	126289	295.4532113657587	0.7	0.3
261813.95959728246	750	21.485401233899598	0.0	352642	681.6189166312497	0.75	0.3
261815.2500857563	1200	24.19491276005633	0.0	709534	1290.488473843266	0.75	0.75
261816.32785237776	1200	27.117146138621223	0.0	584846	1077.7666214351093	0.75	1.2
261818.84707876126	2850	28.597919755101167	0.0	1429765	2519.2263835200533	0.75	1.2000000000000002
261829.60519072544	4300	21.839807790906583	0.0	2173522	10758.111964194582	0.75	2.8499999999999996
261833.02073312935	4300	22.42426538700442	0.0	2102452	3415.542403902158	0.8500000000000001	4.3
261839.70974404662	4300	19.73525446973694	0.0	2209463	6689.010917267482	0.8500000000000001	4.3
261844.4927143378	4300	18.9522841785753	0.0	2275376	4782.97029116164	0.8500000000000001	4.3
261853.45993772734	4300	13.985060789025832	0.0	2005399	8967.223389549468	0.8500000000000001	4.3
261858.4288892421	4300	13.016109274267292	0.0	2152483	4968.951514758541	0.8500000000000001	4.3
261862.60138813942	4300	12.84361037692466	0.0	2289689	4172.498897342632	0.8500000000000001	4.3
261870.46799887766	4300	8.976999638666456	0.0	2059512	7866.610738258205	0.8500000000000001	4.3
261874.52809723016	2850	8.916901286171273	0.0	1537156	4060.0983524951835	0.8500000000000001	1.4000000000000001
261877.76479819804	2850	9.680200318285102	0.0	1336050	3236.700967886171	0.8500000000000001	2.85
261883.0156630261	2850	8.429335490247508	0.0	1415116	5250.864828037595	0.8500000000000001	2.85
261886.16286297975	2850	9.282135536595593	0.0	1468126	3147.199953651915	0.8500000000000001	2.85
261891.00040488545	2850	8.444593630885274	0.0	1505760	4837.541905710319	0.8500000000000001	2.85
261894.43615077678	2850	9.00884773956415	0.0	1323990	3435.7458913211253	0.8500000000000001	2.85
261897.6743916681	2850	9.770606848252022	0.0	1383735	3238.2408913121276	0.8500000000000001	2.85
261901.3746369118	2850	10.0703616045477	0.0	1480464	3700.245243704324	0.8500000000000001	2.85
261904.82397366117	2850	10.621024855140671	0.0	1547572	3449.3367494070285	0.8500000000000001	2.85
261908.3682098333	2850	11.076788683027258	0.0	1141971	3544.236172113413	0.8500000000000001	2.85
261911.51662364602	2850	11.928374870293759	0.0	1498470	3148.4138127335	0.8500000000000001	2.85
261916.6539415027	2850	10.791057013581302	0.0	1561263	5137.317856712458	0.8500000000000001	2.85
261923.59580036247	2850	7.849198153845809	0.0	1341201	6941.858859735492	0.8500000000000001	2.85
261934.718903898	2850	4.0	3.2739053817008443	1497683	11123.103535546654	0.8500000000000001	-11.227793141313631

