549348.7567527674	750	4.0	7.854678232853601	450283	7854.678232853601	0.75	-33.02511640127048
549351.402884883	300	5.353867884219588	0.0	155580	2646.1321157804114	0.75	-0.15000000000000002
549353.9285110096	300	6.828241757749201	0.0	139857	2525.6261264703867	0.75	0.3
549356.7450492455	300	8.01170352174973	0.0	155432	2816.538235999472	0.75	0.3
549360.3170708021	300	8.439681965269418	0.0	163442	3572.021556480313	0.75	0.3
549362.4356111665	300	10.32114160084416	0.0	126289	2118.540364425258	0.75	0.3
549364.941112298	300	11.815640469336799	0.0	153295	2505.5011315073616	0.75	0.3
549367.8652246133	300	12.891528154016349	0.0	173849	2924.1123153204494	0.75	0.3
549370.5613213768	300	14.195431390511251	0.0	150710	2696.096763505099	0.75	0.3
549372.9199978323	300	15.836754934972335	0.0	139105	2358.676455538914	0.75	0.3
549375.2318537169	300	17.52489905040466	0.0	141840	2311.855884567676	0.75	0.3
549377.8415907993	300	18.915161967981046	0.0	156148	2609.737082423612	0.75	0.3
549380.6406790476	300	20.116073719722397	0.0	160746	2799.0882482586494	0.75	0.3
549383.6925762693	300	21.064176498033653	0.0	179801	3051.897221688744	0.75	0.3
549386.0716811257	300	22.685071641680164	0.0	140051	2379.1048563534896	0.75	0.3
549388.4160414134	300	24.340711353931237	0.0	138313	2344.3602877489257	0.75	0.3
549390.803563021	300	25.953189746251397	0.0	143509	2387.521607679841	0.75	0.3
549393.3757289662	300	27.381023801020905	0.0	150616	2572.1659452304893	0.75	0.3
549399.9025632128	750	24.854189554462234	0.0	405596	6526.834246558672	0.75	0.3
549405.7878319512	750	22.968920816072497	0.0	350713	5885.268738389738	0.75	0.75
549412.3456933934	750	20.41105937389282	0.0	386472	6557.8614421796765	0.75	0.75
549418.829715171	750	17.92703759629792	0.0	399894	6484.021777594895	0.75	0.75
549425.2363520137	750	15.520400753590584	0.0	401853	6406.636842707339	0.75	0.75
549430.9433684511	750	13.81338431615376	0.0	343800	5707.016437436823	0.75	0.75
549436.9639752988	750	11.79277746854162	0.0	359903	6020.60684761214	0.75	0.75
549443.3260728967	750	9.430679870607408	0.0	379700	6362.097597934212	0.75	0.75
549450.0530769745	750	6.703675792767169	0.0	425781	6727.004077840239	0.75	0.75
549451.9355784744	300	8.821174292833572	0.0	111155	1882.501499933597	0.75	-0.15000000000000002
549454.4900439542	300	10.266708812984252	0.0	153605	2554.46547984932	0.75	0.3
549456.8699709915	300	11.886781775694953	0.0	149029	2379.9270372892984	0.75	0.3
549459.5065065877	300	13.250246179454336	0.0	157421	2636.5355962406175	0.75	0.3
549462.1134170085	300	14.64333575868058	0.0	157488	2606.9104207737555	0.75	0.3
549464.5273613659	300	16.229391401381257	0.0	143881	2413.944357299324	0.75	0.3
549467.1107498341	300	17.64600293314147	0.0	163444	2583.388468239784	0.75	0.3
549469.9979938718	300	18.758758895412637	0.0	179328	2887.244037728833	0.75	0.3
549472.6580218887	300	20.098730878476957	0.0	159914	2660.028016935681	0.75	0.3
549475.7786005208	300	20.978152246412293	0.0	131610	3120.578632064662	0.75	0.3
549477.8145236145	300	22.942229152735855	0.0	124011	2035.9230936764397	0.75	0.3
549480.1699994849	300	24.586753282352415	0.0	144254	2355.4758703834377	0.75	0.3
549482.7383462759	300	26.018406491345885	0.0	149991	2568.346791006532	0.75	0.3
549485.1010396675	300	27.655713099840234	0.0	147968	2362.6933915056507	0.75	0.3
549487.8549765168	300	28.901776250514214	0.0	161857	2753.936849326023	0.75	0.3
549494.1184487436	750	26.638304023818776	0.0	372093	6263.472226695437	0.75	0.3
549501.7144072576	750	23.04234550978245	0.0	438281	7595.958514036322	0.75	0.75
549508.3469737133	750	20.409779054227894	0.0	398987	6632.566455554559	0.75	0.75
549514.6484932795	750	18.10825948805416	0.0	393804	6301.5195661737325	0.75	0.75
549523.5567172703	1200	13.200035497270155	0.0	538612	8908.223990784003	0.75	0.75
549532.575964063	1200	8.18078870452303	0.0	550906	9019.246792747126	0.75	1.2
549540.1156472767	750	4.641105490863374	0.0	450283	7539.683213659655	0.75	0.75
549542.7490614725	300	6.0076912950331005	0.0	155580	2633.414195830274	0.75	-0.15000000000000002
549545.1549374377	300	7.601815329780271	0.0	139857	2405.8759652528297	0.75	0.3
549547.6995176258	300	9.057235141786835	0.0	155432	2544.5801879934356	0.75	0.3
549550.3731981997	300	10.38355456798555	0.0	163442	2673.6805738012854	0.75	0.3
549552.4687938882	300	12.287958879399703	0.0	126289	2095.595688585847	0.75	0.3
549555.0197796765	300	13.736973091155862	0.0	153295	2550.98578824384	0.75	0.3
549557.9043061375	300	14.852446630197472	0.0	173849	2884.5264609583905	0.75	0.3
549560.3778055342	300	16.378947233481934	0.0	150710	2473.4993967155388	0.75	0.3
549562.7303336286	300	18.026419138975434	0.0	139105	2352.5280945064997	0.75	0.3
549565.0443147732	300	19.712437994435096	0.0	141840	2313.981144540339	0.75	0.3
549567.8020992674	300	20.954653500293755	0.0	156148	2757.78449414134	0.75	0.3
549570.5674596962	300	22.18929307147938	0.0	160746	2765.360428814377	0.75	0.3
549573.5611527704	300	23.1955999972845	0.0	179801	2993.6930741948827	0.75	0.3
549576.0705941392	300	24.686158628431734	0.0	140051	2509.441368852763	0.75	0.3

