296150.233084691	750	4.0	1.5079555519251484	450283	1507.9555519251485	1	-5.7342088732781376
296153.11260253785	1850	5.120482153123849	0.0	957685	2879.517846876152	0.0	0.75
296155.73706107144	1850	6.49602361952916	0.0	877771	2624.458533594689	0.0	1.85
296160.55974336667	2850	5.6733413243334265	0.0	1520281	4822.682295195734	0.0	1.85
296165.27876228414	2850	4.954322406839312	0.0	1472558	4719.018917494114	0.0	2.85
296168.9057018328	2850	5.3273828582225855	0.0	1224260	3626.9395486167273	0.0	2.85
296172.93931681255	2850	5.29376787843799	0.0	1388403	4033.614979784595	0.0	2.85
296177.6833541851	2850	4.549730505886777	0.0	1638769	4744.037372551213	0.0	2.85
296181.84739468375	2850	4.385690007259056	0.0	1348011	4164.040498627721	0.0	2.85
296186.16687261657	2850	4.066212074413707	0.0	1429765	4319.477932845349	0.0	2.85
296188.9919067076	1850	5.241177983435088	0.0	939819	2825.0340909786196	0.0	0.8500000000000001
296193.7914585956	2850	4.441626095423526	0.0	1519951	4799.5518880115615	0.0	1.85
296196.63506385486	1850	5.598020836115834	0.0	946851	2843.6052593076906	0.0	0.8500000000000001
296201.2291966451	2850	5.003888045911271	0.0	1578343	4594.132790204563	0.0	1.85
296205.1350765382	2850	5.098008152774872	0.0	1231445	3905.8798931363995	0.0	2.85
296209.525544349	2850	4.7075403419525355	0.0	1471065	4390.467810822336	0.0	2.85
296213.94789725164	2850	4.285187439277237	0.0	1491626	4422.3529026752985	0.0	2.85
296216.5538087495	1850	5.679275941445268	0.0	885714	2605.9114978319685	0.0	0.8500000000000001
296221.01494358544	2850	5.218141105514787	0.0	1537156	4461.134835930481	0.0	1.85
296224.92325272	2850	5.309831970975314	0.0	1336050	3908.3091345394737	0.0	2.85
296229.11517242866	2850	5.117912262277583	0.0	1415116	4191.919708697731	0.2147648845758009	2.85
296232.16265303415	1850	6.070431656797598	0.0	955231	3047.4806054799856	0.2147648845758009	0.8500000000000001
296235.15045988245	1850	7.082624808521123	0.0	968026	2987.806848276475	0.2147648845758009	1.85
296237.70898702287	1850	8.524097668066574	0.0	874175	2558.52714045455	0.2147648845758009	1.85
296240.520989498	1850	9.712095192920755	0.0	897976	2812.0024751458186	0.2147648845758009	1.85
296243.3425281332	1850	10.890556557697826	0.0	905935	2821.5386352229298	0.2147648845758009	1.85
296248.22017477464	2850	10.012909916244222	0.0	1547572	4877.646641453604	0.2147648845758009	1.85

