849526.2104629724	750	4.0	7.094420486016548	450283	7094.420486016548	1	-29.756008089871155
849528.6994464928	300	5.511016479600314	0.0	155580	2488.983520399686	0.3675467991255001	-0.15000000000000002
849530.9449768194	300	7.2654861529996015	0.0	139857	2245.5303266007127	0.3675467991255001	0.3
849533.4316687242	300	8.778794248238297	0.0	155432	2486.6919047613055	0.3675467991255001	0.3
849535.9141374376	300	10.296325534865172	0.0	163442	2482.468713373123	0.3675467991255001	0.3
849537.6932470764	300	12.517215896085235	0.0	126289	1779.1096387799385	0.3675467991255001	0.3
849539.835699167	300	14.374763805429906	0.0	153295	2142.4520906553275	0.3675467991255001	0.3
849542.2546876109	300	15.95577536152542	0.0	173849	2418.9884439044854	0.3675467991255001	0.3
849544.3623607547	300	17.848102217700347	0.0	150710	2107.6731438250717	0.3675467991255001	0.3
849546.3138986266	300	19.896564345815356	0.0	139105	1951.5378718849888	0.3675467991255001	0.3
849548.3022335661	300	21.908229406394295	0.0	141840	1988.334939421062	0.3675467991255001	0.3
849552.8469731096	750	21.363489862850038	0.0	405134	4544.739543544258	0.3675467991255001	0.3
849556.2455937961	750	21.96486917629455	0.0	386351	3398.620686555488	0.3675467991255001	0.75
849559.8825924647	750	22.327870507787328	0.0	434409	3636.998668507223	0.3675467991255001	0.75
849562.7141304797	750	23.496332492838278	0.0	337059	2831.5380149490466	0.3675467991255001	0.75
849565.5877137537	750	24.622749218840728	0.0	366214	2873.5832739975535	0.3675467991255001	0.75
849569.1695221125	1200	25.0409408600435	0.0	617242	3581.8083587972287	0.3675467991255001	0.75
849572.2653955091	1200	25.94506746342058	0.0	581493	3095.87339662292	0.3675467991255001	1.2
849575.6555948488	1200	26.55486812378618	0.0	639204	3390.1993396344014	0.3675467991255001	1.2
849580.4965838639	1850	25.713879108726395	0.0	923755	4840.989015059783	0.3675467991255001	1.2000000000000002
849585.27590589	1850	24.934557082622092	0.0	891604	4779.322026104303	0.5845315284911118	1.85
849592.2920960707	1850	21.918366901844443	0.0	955231	7016.19018077765	0.5845315284911118	1.85
849596.197521465	1850	22.01294150759021	0.0	968026	3905.425394254231	0.5845315284911118	1.85
849600.2947598414	1850	21.915703131266092	0.0	874175	4097.238376324121	0.5845315284911118	1.85
849604.7320903908	1850	21.47837258191115	0.0	897976	4437.3305493549415	0.5845315284911118	1.85
849609.2080411192	1850	21.002421853573345	0.0	905935	4475.950728337805	0.5845315284911118	1.85
849614.5121202839	1850	19.698342688757158	0.0	1076599	5304.079164816188	0.5845315284911118	1.85
849618.271188489	1850	19.939274483672314	0.0	758197	3759.068205084845	0.5845315284911118	1.85
849623.0715846285	1850	19.138878344185972	0.0	972798	4800.396139486343	0.5845315284911118	1.85
849627.8828198633	1850	18.32764310947897	0.0	975811	4811.235234707002	0.5845315284911118	1.85
849631.5753596225	1850	18.635103350335555	0.0	873429	3692.539759143415	0.5845315284911118	1.85
849634.9759812407	1850	19.234481732096274	0.0	954453	3400.621618239276	0.5845315284911118	1.85
849638.1140278175	1850	20.09643515530613	0.0	885062	3138.04657679015	0.5845315284911118	1.85
849641.7712735973	1850	20.43918937557367	0.0	1035329	3657.2457797324587	0.5845315284911118	1.85
849645.5006176062	1850	20.709845366616364	0.0	1026056	3729.3440089573046	0.5845315284911118	1.85
849648.7593900135	1850	21.45107295916566	0.0	943942	3258.7724074507014	0.5845315284911118	1.85
849651.2499239354	1850	22.96053903730415	0.0	728962	2490.533921861508	0.5845315284911118	1.85
849654.5383681505	1850	23.672094822240982	0.0	938587	3288.4442150631694	0.5845315284911118	1.85
849657.7590871209	1850	24.451375851763867	0.0	908665	3220.718970477116	0.5845315284911118	1.85
849662.816301415	2850	23.394161557670355	0.0	1402287	5057.21429409351	0.5845315284911118	1.85
849667.6719577608	2850	22.538505211868802	0.0	1339500	4855.656345801551	0.5845315284911118	2.85
849673.1971650481	2850	21.013297924607613	0.0	1527299	5525.207287261189	0.5845315284911118	2.85
849678.0653069098	2850	20.14515606292477	0.0	1343002	4868.141861682847	0.5845315284911118	2.85
849683.8042546775	2850	18.406208295195384	0.0	1587250	5738.947767729385	0.5845315284911118	2.85
849689.1070686154	2850	17.10339435734697	0.0	1464921	5302.813937848417	0.5845315284911118	2.85
849694.5165605055	2850	15.693902467317693	0.0	1483527	5409.491890029277	0.5845315284911118	2.85
849699.109320628	2850	15.101142344777129	0.0	1231456	4592.760122540565	0.5845315284911118	2.85
849704.1619162209	2850	14.048546751875495	0.0	1364537	5052.595592901634	0.5845315284911118	2.85
849705.8010657041	750	16.409397268724994	0.0	450283	1639.1494831505006	0.5845315284911118	0.75
849708.1086537923	1200	18.101809180611017	0.0	611087	2307.5880881139774	0.5845315284911118	0.75
849718.7704723821	1850	11.439990590746508	0.0	877771	10661.81858986451	0.5845315284911118	1.2000000000000002

