272598.74270458624	750	4.0	2.6174252561485205	450283	2617.4252561485205	0.75	-10.504928601438637
272604.7260073079	1850	4.0	1.983302721600683	957685	5983.302721600683	0.75	-7.778201702882937
272608.62075054867	1850	4.105256759252495	0.0	877771	3894.743240747504	0.75	1.85
272614.43429465836	1850	4.0	1.7082873504265408	933276	5813.544109679036	0.75	-5.495635606834124
272621.6571531388	1850	4.0	3.222858480376848	996749	7222.858480376848	0.75	-12.008291465620447
272626.25291031343	1200	4.0	0.5957571746498351	520315	4595.757174649835	0.75	-2.011755850994291
272627.91222559166	750	6.340684721788697	0.0	352642	1659.3152782113034	0.7	0.3
272632.2484555611	1200	6.004454752373316	0.0	709534	4336.229969415382	0.7	0.75
272636.0117932295	1200	6.241117083935047	0.0	584846	3763.337668438268	0.7	1.2
272638.4227539745	1200	7.830156338964221	0.0	560821	2410.9607449708265	0.7	1.2
272640.97414131963	1200	9.278768993828576	0.0	607410	2551.3873451356435	0.7	1.2
272644.2149422437	1200	10.03796806975871	0.0	594078	3240.800924069867	0.7	1.2
272647.24502742174	1200	11.007882891757708	0.0	624282	3030.0851780010016	0.7	1.2
272654.1379276276	1200	8.114982685847574	0.0	687371	6892.900205910134	0.7	1.2
272656.33321819565	1200	9.919692117800556	0.0	526950	2195.290568047019	0.7	1.2
272658.8907919423	1200	11.362118371157424	0.0	587876	2557.573746643132	0.7	1.2
272664.23851470585	1200	10.014395607640738	0.0	617242	5347.722763516685	0.7	1.2
272670.10266325076	1200	8.150247062746661	0.0	581493	5864.148544894077	0.7	1.2
272672.71764677874	1200	9.535263534751468	0.0	639204	2614.9835279951926	0.7	1.2
272675.0534643622	1200	11.199445951317783	0.0	586839	2335.817583433686	0.7	1.2
272679.25850005966	1200	10.994410253861112	0.0	601738	4205.035697456672	0.7	1.2
272682.16545045085	1200	12.087459862661778	0.0	616206	2906.9503911993334	0.7	1.2
272686.1813547784	1200	12.071555535065686	0.0	656471	4015.9043275960894	0.7	1.2
272692.13464107865	1200	10.11826923482437	0.0	536667	5953.286300241318	0.7	1.2
272696.69358760904	1200	9.559322704401955	0.0	587236	4558.946530422414	0.7	1.2
272699.00399354106	1200	11.248916772376496	0.0	590335	2310.4059320254582	0.7	1.2
272703.5132877651	1200	10.739622548370981	0.0	696376	4509.294224005516	0.7	1.2
272707.6346243862	1200	10.618285927261743	0.0	487160	4121.336621109239	0.7	1.2
272711.7132391506	1200	10.539671162896603	0.0	622896	4078.6147643651407	0.7	1.2
272714.61923616077	1200	11.633674152718854	0.0	641447	2905.9970101777485	0.7	1.2
272724.30306039064	1200	5.949849922804091	0.0	570392	9683.824229914762	0.7	1.2
272727.21923705604	750	7.0336732574305385	0.0	400322	2916.176665373552	0.7	0.3
272729.3881058964	750	8.864804417027019	0.0	369834	2168.868840403521	0.7	0.75
272732.34640578827	750	9.906504525177798	0.0	412837	2958.299891849221	0.7	0.75
272734.2428527491	750	12.01005756430003	0.0	401088	1896.4469608777677	0.7	0.75
272736.0388086414	750	14.214101672043993	0.0	365161	1795.9558922560375	0.7	0.75
272739.7531472792	750	14.49976303421946	0.0	321064	3714.338637824532	0.7	0.75
272741.2265947156	750	17.026315597800572	0.0	361565	1473.4474364188904	0.7	0.75
272743.22668417473	750	19.026226138668235	0.0	378327	2000.0894591323329	0.7	0.75
272745.43686679925	750	20.816043514174822	0.0	390680	2210.1826244934123	0.7	0.75
272746.9534957213	750	23.299414592119565	0.0	345516	1516.6289220552617	0.7	0.75
272754.4237549255	1850	19.829155387905946	0.0	1025005	7470.259204213616	0.7	0.75
272758.1042065937	1850	20.148703719727653	0.0	886255	3680.4516681782966	0.7	1.85
272762.20678905124	1850	20.046121262199744	0.0	973972	4102.5824575279075	0.7	1.85
272766.23927986965	1850	20.013630443745758	0.0	958994	4032.490818453984	0.7	1.85
272771.96127444645	2850	18.291635867001663	0.0	1483527	5721.994576744096	0.7	1.85
272777.2236277327	2850	17.02928258070738	0.0	1231456	5262.353286294279	0.7	2.85
272787.7372827544	2850	10.515627559066271	0.0	1364537	10513.65502164111	0.7	2.85
272789.57451493316	750	12.678395380230828	0.0	450283	1837.2321788354448	0.7	0.75
272792.61186527956	1200	13.641045033834974	0.0	611087	3037.3503463958527	0.7	0.75
272794.93471012305	1200	15.318200190348882	0.0	571051	2322.8448434860925	0.7	1.2
272797.8204031911	1200	16.432507122311993	0.0	617681	2885.6930680368896	0.7	1.2
272804.0208504609	1850	14.232059852452442	0.0	996749	6200.44726985955	0.7	1.2000000000000002
272808.01091365726	1850	14.241996656125474	0.0	801058	3990.0631963269675	0.7	1.85
272812.2053919015	1850	14.047518411866346	0.0	905515	4194.478244259129	0.7	1.85
272817.5077160496	1850	12.745194263734808	0.0	1060487	5302.324148131539	0.7	1.85
272821.51111394796	1850	12.741796365389964	0.0	852833	4003.3978983448433	0.7	1.85
272825.2320801963	1850	13.020830116971547	0.0	913888	3720.9662484184173	0.7	1.85
272829.18604225037	1850	13.066868062904701	0.0	939819	3953.9620540668448	0.7	1.85
272833.4040390501	1850	12.848871263213228	0.0	917428	4217.996799691473	0.7	1.85
272837.3379200062	1850	12.914990307111944	0.0	946851	3933.8809561012836	0.7	1.85
272842.42836922006	1850	11.824541093221399	0.0	1036454	5090.449213890546	0.7	1.85
272847.57231873216	1850	10.680591581168654	0.0	821631	5143.9495120527445	0.7	1.85
272851.65783745126	1850	10.59507286204888	0.0	923170	4085.518719119774	0.7	1.85
272857.76840681484	1850	8.484503498522836	0.0	966699	6110.569363526045	0.7	1.85
272861.1076038567	1850	9.145306456650186	0.0	885714	3339.1970418726496	0.7	1.85
272864.9739652382	1850	9.278945075107536	0.0	987708	3866.3613815426484	0.7	1.85
272869.21941624966	1850	9.033494063669634	0.0	923755	4245.451011437904	0.7	1.85
272879.16090947593	1850	4.0	0.9079991626071569	891604	9941.49322627679	0.7	-2.0543963992107743
272881.924903147	750	5.236006328927837	0.0	399894	2763.993671072163	0.7	-0.3500000000000001
272886.0759990037	750	5.084910472200633	0.0	401853	4151.095856727204	0.7	0.75
272888.2448049071	750	6.916104568765614	0.0	343800	2168.805903435019	0.7	0.75
272890.4900816786	750	8.670827797302916	0.0	359903	2245.276771462698	0.7	0.75
272892.39871450193	750	10.762194974021577	0.0	379700	1908.6328232813398	0.7	0.75
272894.13824169536	750	13.022667780584955	0.0	425781	1739.5271934366206	0.7	0.75
272897.91216014774	750	13.248749328182978	0.0	277716	3773.9184524019774	0.7	0.75
272900.59561911324	750	14.565290362662308	0.0	400396	2683.4589655206687	0.7	0.75
272902.4384374371	750	16.722472038789117	0.0	400508	1842.818323873191	0.7	0.75
272905.9244532713	1200	17.23645620455885	0.0	570392	3486.0158342302666	0.7	0.75
272910.1532687574	1200	17.007640718477525	0.0	620283	4228.815486081326	0.7	1.2
272913.06833013234	1200	18.092579343497718	0.0	584349	2915.061374979808	0.7	1.2
272915.90795463615	1200	19.2529548397007	0.0	670129	2839.624503797018	0.7	1.2
272918.6556710296	1200	20.50523844631326	0.0	690253	2747.7163933874363	0.7	1.2
272923.0231555503	1850	20.137753925583528	0.0	943942	4367.484520729731	0.7	1.2000000000000002
272926.58842648525	1850	20.57248299061654	0.0	728962	3565.270934966988	0.7	1.85
272930.1866217097	1850	20.97428776612835	0.0	938587	3598.195224488189	0.7	1.85
272934.62132754346	1850	20.539581932373363	0.0	908665	4434.705833754987	0.7	1.85
272942.33640070044	1850	16.824508775336067	0.0	930577	7715.0731570372955	0.7	1.85
272946.30314259004	1850	16.85776688572728	0.0	858450	3966.741889608786	0.7	1.85
272951.40145950916	1850	15.759449966637861	0.0	1025005	5098.31691908942	0.7	1.85
272956.0878690806	1850	15.073040395167093	0.0	886255	4686.40957147077	0.7	1.85
272962.17568601476	1850	12.985223461006026	0.0	973972	6087.8169341610665	0.7	1.85
272969.8297288691	1850	9.331180606671959	0.0	958994	7654.042854334069	0.7	1.85
272977.67861092964	1850	5.482298546140334	0.0	982064	7848.882060531624	0.7	1.85
272982.6418186002	1200	4.519090875561653	0.0	538612	4963.207670578681	0.7	0.5499999999999999
272985.76559736376	1200	5.395312111968989	0.0	550906	3123.778763592663	0.7	1.2
272988.2822384463	750	6.878671029441303	0.0	450283	2516.641082527686	0.7	0.75
272991.94744820497	750	7.213461270756141	0.0	398865	3665.2097586851623	0.7	0.75
272993.859771942	750	9.301137533742255	0.0	350812	1912.3237370138863	0.7	0.75
272996.2160838067	750	10.944825669043084	0.0	382355	2356.3118646991693	0.7	0.75
272999.15206111484	750	12.008848360889589	0.0	411561	2935.9773081534945	0.7	0.75
273001.8923766836	750	13.268532792168719	0.0	318564	2740.3155687208714	0.7	0.75
273005.124325659	750	14.03658381673962	0.0	352642	3231.948975429099	0.7	0.75
273007.81102519925	1200	15.349884276558038	0.0	709534	2686.6995401815825	0.7	0.75
273010.89739168755	1200	16.26351778822099	0.0	584846	3086.366488337047	0.7	1.2
273013.7443675888	1200	17.416541887031002	0.0	560821	2846.9759011899896	0.7	1.2
273016.5415025045	1200	18.619406971304322	0.0	607410	2797.134915726679	0.7	1.2
273019.47659330134	1200	19.684316174421838	0.0	594078	2935.090796882483	0.7	1.2
273022.4126942601	1200	20.74821521567134	0.0	624282	2936.100958750497	0.7	1.2
273027.1009639984	1850	20.059945477362476	0.0	1036454	4688.269738308867	0.7	1.2000000000000002
273035.18979033857	1850	15.971119137219246	0.0	821631	8088.826340143229	0.7	1.85
273039.83104749426	1850	15.32986198156901	0.0	923170	4641.257155650234	0.7	1.85
273044.01680437376	1850	15.14410510204198	0.0	966699	4185.756879527032	0.7	1.85
273048.28802663455	1850	14.872882841211988	0.0	885714	4271.2222608299935	0.7	1.85
273055.2920025044	1850	11.868906971352782	0.0	987708	7003.975869859205	0.7	1.85
273059.44496613834	1850	11.715943337372154	0.0	923755	4152.963633980627	0.7	1.85
273065.3747864115	1850	9.786123064233712	0.0	891604	5929.820273138443	0.7	1.85
273070.55185211694	1200	8.609057358838193	0.0	616206	5177.06570539552	0.7	0.5499999999999999
273073.4354876068	1200	9.725421868937618	0.0	656471	2883.635489900575	0.7	1.2
273076.5286030682	1200	10.632306407555525	0.0	536667	3093.1154613820927	0.7	1.2
273079.21438254137	1200	11.946526934456156	0.0	587236	2685.7794730993705	0.7	1.2
273084.93142140855	1200	10.229488067262386	0.0	590335	5717.038867193769	0.7	1.2
273087.85355661524	1200	11.307352860588676	0.0	696376	2922.1352066737113	0.7	1.2
273090.58008306584	1200	12.58082640995254	0.0	487160	2726.5264506361345	0.7	1.2
273094.0146422253	1200	13.14626725057014	0.0	622896	3434.5591593823997	0.7	1.2
273096.8335703464	1200	14.327339129440594	0.0	641447	2818.928121129548	0.7	1.2
273099.00120463077	1200	16.159704845089628	0.0	570392	2167.6342843509656	0.7	1.2
273101.7461364453	1200	17.41477303055174	0.0	620283	2744.9318145378875	0.7	1.2
273104.0109179814	1200	19.14999149452894	0.0	584349	2264.781536022797	0.7	1.2
273111.4050537974	1850	15.755855678515468	0.0	1035329	7394.135816013472	0.7	1.2000000000000002
273116.74150604	1850	14.419403435945082	0.0	1026056	5336.452242570386	0.7	1.85
273120.5275458938	1850	14.633363582133933	0.0	943942	3786.0398538111467	0.7	1.85
273126.2133101598	1850	12.947599316091646	0.0	728962	5685.764266042288	0.7	1.85
273132.28226429457	1850	10.878645181338843	0.0	938587	6068.954134752803	0.7	1.85
273136.8037545958	1850	10.357154880086167	0.0	908665	4521.490301252675	0.7	1.85
273139.5378411316	1200	11.623068344300112	0.0	587506	2734.0865357860544	0.7	0.5499999999999999
273142.40626191994	1200	12.754647556002652	0.0	566904	2868.4207882974597	0.7	1.2
273145.3790696984	1200	13.781839777504269	0.0	641452	2972.8077784983825	0.7	1.2
273147.893192709	1200	15.267716766866858	0.0	599477	2514.1230106374105	0.7	1.2
273152.6706345953	1200	14.490274880560447	0.0	634861	4777.441886306411	0.7	1.2
273155.9063210988	1200	15.254588377111626	0.0	630203	3235.6865034488214	0.7	1.2
273161.4874995641	1200	13.673409911885	0.0	638661	5581.178465226625	0.7	1.2
273173.80973622686	1850	5.351173249104421	0.0	830730	12322.23666278058	0.7	1.2000000000000002
273178.5984258007	1200	4.56248367526031	0.0	550906	4788.68957384411	0.7	0.5499999999999999
273181.53080466064	750	5.630104815344148	0.0	450283	2932.378859916162	0.7	0.75
273183.3577699663	750	7.803139509661451	0.0	398865	1826.9653056826971	0.7	0.75
273185.0207154116	750	10.14019406437605	0.0	350812	1662.9454452854004	0.7	0.75
273186.5693915538	750	12.591517922148139	0.0	382355	1548.6761422279108	0.7	0.75
273188.169509694	750	14.99139978200612	0.0	411561	1600.1181401420195	0.7	0.75
273189.5207618333	750	17.640147642648518	0.0	318564	1351.2521393576033	0.7	0.75
273192.2306491928	1200	18.930260283140345	0.0	561791	2709.887359508172	0.7	0.75
273195.6148414096	1200	19.546068066299327	0.0	709534	3384.19221684102	0.7	1.2
273200.1010781667	1850	19.059831309250523	0.0	852833	4486.236757048803	0.7	1.2000000000000002
273209.23242887435	1850	13.928480601530806	0.0	913888	9131.350707719717	0.7	1.85
273214.978172074	1850	12.182737401900898	0.0	939819	5745.743199629907	0.7	1.85
273222.190776088	1850	8.97013338789889	0.0	917428	7212.604014002009	0.7	1.85
273225.50819574477	1200	9.652713731129422	0.0	624282	3317.4196567694676	0.7	0.5499999999999999
273228.4815827234	1200	10.67932675250483	0.0	687371	2973.3869786245928	0.7	1.2
273233.0064339325	1200	10.154475543323347	0.0	526950	4524.851209181483	0.7	1.2
273235.5843262028	1200	11.576583273047781	0.0	587876	2577.8922702755667	0.7	1.2
273237.89078259247	1200	13.270126883410324	0.0	617242	2306.456389637458	0.7	1.2
273244.87629322684	1200	10.28461624902732	0.0	581493	6985.510634383003	0.7	1.2
273247.8644808901	1200	11.296428585745693	0.0	639204	2988.187663281628	0.7	1.2
273250.5546881078	1200	12.606221368052859	0.0	586839	2690.207217692835	0.7	1.2
273255.3681233952	1200	11.792786080651032	0.0	601738	4813.435287401827	0.7	1.2
273259.12340383313	1200	12.03750564269641	0.0	616206	3755.280437954623	0.7	1.2
273262.4484556541	1200	12.712453821741477	0.0	656471	3325.0518209549327	0.7	1.2
273266.38273841154	1200	12.778171064256703	0.0	536667	3934.282757484774	0.7	1.2
273269.50344646757	1200	13.657463008214531	0.0	587236	3120.708056042173	0.7	1.2
273272.43328493286	1200	14.727624542954393	0.0	590335	2929.838465260138	0.7	1.2
273275.4044111698	1200	15.756498305998916	0.0	696376	2971.126236955477	0.7	1.2
273278.03477629245	1200	17.12613318336448	0.0	487160	2630.3651226344364	0.7	1.2
273281.26771346683	1200	17.893196008997627	0.0	622896	3232.9371743668535	0.7	1.2
273283.72381987487	1200	19.4370896009522	0.0	641447	2456.106408045426	0.7	1.2
273288.183239278	1850	18.97767019785286	0.0	873429	4459.41940309934	0.7	1.2000000000000002
273292.4850241635	1850	18.675885312349294	0.0	954453	4301.784885503562	0.7	1.85
273297.2276371419	1850	17.933272333959046	0.0	885062	4742.612978390252	0.7	1.85
273305.58702054044	1850	13.573888935452203	0.0	1035329	8359.383398506841	0.7	1.85
273309.49865181174	1850	13.662257664124656	0.0	1026056	3911.6312713275465	0.7	1.85
273313.8548761283	1850	13.306033347498735	0.0	943942	4356.224316625922	0.7	1.85
273318.44969468453	1850	12.711214791290844	0.0	728962	4594.818556207891	0.7	1.85
273323.6961299308	1850	11.464779545010028	0.0	938587	5246.4352462808165	0.7	1.85
273327.7499669858	1850	11.410942490052582	0.0	908665	4053.837054957445	0.7	1.85
273331.81466303515	1850	11.346246440635873	0.0	930577	4064.6960494167083	0.7	1.85
273335.62835306884	1850	11.532556406981907	0.0	858450	3813.690033653967	0.7	1.85
273345.96375019575	1850	5.197159280070264	0.0	1025005	10335.397126911643	0.7	1.85
273349.2280207161	1200	5.932888759692553	0.0	599477	3264.270520377712	0.7	0.5499999999999999
273352.3763472906	1200	6.78456218523984	0.0	634861	3148.3265744527125	0.7	1.2
273355.59571218636	1200	7.565197289465208	0.0	630203	3219.364895774632	0.7	1.2
273358.1086622058	1200	9.052247270002594	0.0	638661	2512.9500194626144	0.7	1.2
273363.1396596875	1850	8.02124978829231	0.0	830730	5030.997481710284	0.7	1.2000000000000002
273369.9939299322	2850	5.166979543631913	0.0	1364537	6854.270244660396	0.7	1.85
273371.9770813741	750	7.183828101721256	0.0	450283	1983.1514419106572	0.7	0.75
273373.78537978773	750	9.375529688109753	0.0	398865	1808.2984136115044	0.7	0.75
273375.49291894265	750	11.667990533194196	0.0	350812	1707.5391549155572	0.7	0.75
273377.61352802836	750	13.547381447474676	0.0	382355	2120.6090857195204	0.7	0.75
273379.7547583508	750	15.406151125048847	0.0	411561	2141.2303224258276	0.7	0.75
273382.47145895957	1200	16.689450516260948	0.0	520315	2716.7006087878976	0.7	0.75
273384.978597051	1200	18.182312424811983	0.0	561791	2507.138091448967	0.7	1.2
273394.2941165963	1850	12.86679287957731	0.0	1060487	9315.51954523467	0.7	1.2000000000000002
273400.9507004665	1850	10.210209009361268	0.0	852833	6656.583870216043	0.7	1.85
273407.7021411478	1850	7.458768328067212	0.0	913888	6751.440681294056	0.7	1.85
273410.3386346568	1200	8.822274819065584	0.0	607410	2636.493509001627	0.7	0.5499999999999999
273412.9138593456	1200	10.247050130210273	0.0	594078	2575.224688855311	0.7	1.2
273417.5275750804	1200	9.633334395452753	0.0	624282	4613.715734757519	0.7	1.2
273422.7790886116	1200	8.381820864253326	0.0	687371	5251.513531199427	0.7	1.2
273426.4520713387	1200	8.708838137171888	0.0	526950	3672.982727081439	0.7	1.2
273429.1370139325	1200	10.023895543372992	0.0	587876	2684.9425937988967	0.7	1.2
273432.2004033324	1200	10.960506143465125	0.0	617242	3063.389399907866	0.7	1.2
273436.93281978526	1200	10.228089690620589	0.0	581493	4732.416452844535	0.7	1.2
273440.039009284	1200	11.12190019186564	0.0	639204	3106.18949875495	0.7	1.2
273443.10842207685	1200	12.052487399002823	0.0	586839	3069.412792862817	0.7	1.2
273447.02206304134	1200	12.138846434571517	0.0	601738	3913.6409644313035	0.7	1.2
273450.4840706636	1200	12.676838812316696	0.0	616206	3462.007622254823	0.7	1.2
273453.34779319225	1200	13.813116283631162	0.0	656471	2863.7225286855337	0.7	1.2
273455.76847472345	1200	15.392434752422107	0.0	536667	2420.6815312090544	0.7	1.2
273458.1549784324	1200	17.005931043483862	0.0	587236	2386.5037089382445	0.7	1.2
273464.1482088036	1200	15.012700672333732	0.0	590335	5993.23037115013	0.7	1.2
273468.6823573974	1200	14.478552078537334	0.0	696376	4534.1485937964	0.7	1.2
273470.5478880881	1200	16.613021387779554	0.0	487160	1865.5306907577806	0.7	1.2
273474.88944768347	1200	16.27146179245451	0.0	622896	4341.559595325043	0.7	1.2
273477.5318287666	1200	17.629080709313307	0.0	641447	2642.3810831412025	0.7	1.2
273482.5810110427	1200	16.579898433165873	0.0	570392	5049.182276147436	0.7	1.2
273486.02092255786	1200	17.139986918035692	0.0	620283	3439.9115151301835	0.7	1.2
273488.67250860453	1200	18.488400871351146	0.0	584349	2651.586046684545	0.7	1.2
273491.32832267624	1200	19.8325867996459	0.0	670129	2655.81407170525	0.7	1.2
273497.71787893906	1850	17.443030536829333	0.0	1026056	6389.556262816565	0.7	1.2000000000000002
273502.4732747459	1850	16.687634729900747	0.0	943942	4755.395806928587	0.7	1.85
273511.2188053391	1850	11.942104136770375	0.0	728962	8745.530593130372	0.7	1.85
273515.42428656353	1200	11.73662291237665	0.0	575591	4205.481224393724	0.7	0.5499999999999999
273518.33013457176	1200	12.830774904083572	0.0	605884	2905.8480082930787	0.7	1.2
273521.26302631415	1200	13.897883161731244	0.0	587506	2932.891742352327	0.7	1.2
273523.7290301659	1200	15.431879310014006	0.0	566904	2466.003851717238	0.7	1.2
273531.6455013972	1200	11.515408078661865	0.0	641452	7916.471231352141	0.7	1.2
273534.0917263549	1200	13.069183120977769	0.0	599477	2446.2249576840973	0.7	1.2
273536.92529054487	1200	14.235618930996585	0.0	634861	2833.5641899811844	0.7	1.2
273544.453524447	1200	10.707385028870284	0.0	630203	7528.233902126301	0.7	1.2
273549.218927134	1200	9.941982341881419	0.0	638661	4765.402686988867	0.7	1.2
273551.9752138449	1200	11.18569563095483	0.0	538612	2756.2867109265876	0.7	1.2
273564.5517817434	2850	4.0	1.3908722675520493	1364537	12576.56789850688	0.7	-4.780750750473811
273567.28623937414	750	5.265542369267798	0.0	450283	2734.457630732202	0.7	0.75
273568.9810252526	750	7.570756490845518	0.0	398865	1694.7858784222797	0.7	0.75
273570.56318289787	750	9.98859884558549	0.0	350812	1582.1576452600289	0.7	0.75
273572.9338353733	750	11.617946370100116	0.0	382355	2370.652475485375	0.7	0.75
273574.6771362746	750	13.87464546885296	0.0	411561	1743.3009012471548	0.7	0.75
273576.8648910468	1200	15.686890696661608	0.0	520315	2187.7547721913497	0.7	0.75
273580.52915908914	1200	16.022622654284653	0.0	561791	3664.268042376956	0.7	1.2
273583.8964012515	1200	16.65538049192918	0.0	709534	3367.242162355472	0.7	1.2
273586.56313980673	1200	17.98864193665422	0.0	584846	2666.7385552749633	0.7	1.2
273590.7949599043	1850	17.756821839146724	0.0	913888	4231.820097507496	0.7	1.2000000000000002
273599.56263791333	1850	12.98914383004172	0.0	939819	8767.678009105004	0.7	1.85
273605.39516244497	1850	11.156619298465204	0.0	917428	5832.524531576515	0.7	1.85
273609.5705702249	1200	10.981211518512922	0.0	624282	4175.407779952281	0.7	0.5499999999999999
273613.2017714527	1200	11.35001029070526	0.0	687371	3631.201227807661	0.7	1.2
273615.9776899046	1200	12.574091838721127	0.0	526950	2775.9184519841324	0.7	1.2
273619.0653106578	1200	13.486471085559302	0.0	587876	3087.6207531618256	0.7	1.2
273622.30317022157	1200	14.24861152176845	0.0	617242	3237.859563790853	0.7	1.2
273625.3581350349	1200	15.19364670840929	0.0	581493	3054.9648133591595	0.7	1.2
273628.72474118276	1200	15.8270405605902	0.0	639204	3366.6061478190895	0.7	1.2
273631.5030315535	1200	17.048750189851468	0.0	586839	2778.2903707387304	0.7	1.2
273634.1817681267	1200	18.370013616640833	0.0	601738	2678.736573210636	0.7	1.2
273639.8192083145	1850	16.73257342881223	0.0	955231	5637.440187828604	0.7	1.2000000000000002
273646.06440563186	1850	14.487376111514477	0.0	968026	6245.197317297751	0.7	1.85
273649.851043809	1850	14.70073793435809	0.0	874175	3786.6381771563856	0.7	1.85
273656.05390659004	1850	12.497875153339454	0.0	897976	6202.862781018636	0.7	1.85
273662.8906498725	1850	9.661131870876357	0.0	905935	6836.743282463097	0.7	1.85
273668.25191351085	1200	8.299868232483217	0.0	696376	5361.26363839314	0.7	0.5499999999999999
273670.468938626	1200	10.082843117360898	0.0	487160	2217.0251151223183	0.7	1.2
273673.1908948777	1200	11.360886865593125	0.0	622896	2721.9562517677723	0.7	1.2
273678.57286780817	1200	9.9789139351526	0.0	641447	5381.9729304405255	0.7	1.2
273683.62137083017	1200	8.930410913125288	0.0	570392	5048.503022027312	0.7	1.2
273686.2126204616	1200	10.339161281741093	0.0	620283	2591.2496313841953	0.7	1.2
273689.0716378555	1200	11.480143887861171	0.0	584349	2859.017393879921	0.7	1.2
273693.93615265336	1200	10.615629089974794	0.0	670129	4864.514797886377	0.7	1.2
273697.18992836424	1200	11.361853379078942	0.0	690253	3253.7757108958526	0.7	1.2
273699.9330459167	1200	12.618735826556229	0.0	598727	2743.1175525227145	0.7	1.2
273702.3491085475	1200	14.202673195774118	0.0	487812	2416.062630782111	0.7	1.2
273707.62786939443	1200	12.923912348881244	0.0	575591	5278.760846892874	0.7	1.2
273710.1412524111	1200	14.410529332177386	0.0	605884	2513.383016703857	0.7	1.2
273715.57666059106	1200	12.975121152253342	0.0	587506	5435.408179924044	0.7	1.2
273718.9624824454	1200	13.589299297921517	0.0	566904	3385.821854331824	0.7	1.2
273721.4803368749	1200	15.071444868430614	0.0	641452	2517.854429490904	0.7	1.2
273724.0468485448	1200	16.504933198578378	0.0	599477	2566.5116698522324	0.7	1.2
273727.07750823686	1200	17.47427350644802	0.0	634861	3030.659692130359	0.7	1.2
273736.4834570713	1850	12.068324672012729	0.0	958994	9405.948834435294	0.7	1.2000000000000002
273743.3376653846	1850	9.214116358707749	0.0	982064	6854.20831330498	0.7	1.85
273747.2488125714	1850	9.302969171903554	0.0	830730	3911.1471868041945	0.7	1.85
273756.2976098738	2850	4.254171869484661	0.0	1364537	9048.797302418894	0.7	1.85
273758.59841329715	750	5.953368446158138	0.0	450283	2300.8034233265225	0.7	0.75
273760.2148897142	750	8.336892029140035	0.0	398865	1616.4764170181015	0.7	0.75
273761.90528943995	750	10.646492303339564	0.0	350812	1690.399725800472	0.7	0.75
273764.05227267154	750	12.499509071823661	0.0	382355	2146.983231515903	0.7	0.75
273767.9007797524	1200	12.651001990935352	0.0	652874	3848.507080888309	0.7	0.75
273774.1723767768	1200	10.379404966583841	0.0	520315	6271.597024351511	0.7	1.2
273779.9319626773	1200	8.61981906608275	0.0	561791	5759.585900501091	0.7	1.2
273782.9783791509	1200	9.573402592426996	0.0	709534	3046.4164736557536	0.7	1.2
273785.63664868823	1200	10.915133055124864	0.0	584846	2658.2695373021324	0.7	1.2
273787.89648308005	1200	12.655298663350177	0.0	560821	2259.8343917746856	0.7	1.2
273791.61208081455	1200	12.939700928865989	0.0	607410	3715.597734484189	0.7	1.2
273797.5034470976	1200	11.04833464579597	0.0	594078	5891.366283070019	0.7	1.2
273801.25133636704	1200	11.300445376338802	0.0	624282	3747.88926945717	0.7	1.2
273804.9672001288	1200	11.584581614585032	0.0	687371	3715.8637617537693	0.7	1.2
273807.42461753683	1200	13.127164206598453	0.0	526950	2457.417407986579	0.7	1.2
273810.0848613564	1200	14.466920387026292	0.0	587876	2660.24381957216	0.7	1.2
273812.40647097194	1200	16.145310771530852	0.0	617242	2321.6096154954416	0.7	1.2
273815.250793403	1200	17.300988340446686	0.0	581493	2844.3224310841656	0.7	1.2
273818.00520947925	1200	18.546572264212074	0.0	639204	2754.41607623461	0.7	1.2
273824.62726621324	1200	15.92451553027517	0.0	586839	6622.056733936905	0.7	1.2
273829.515642949	1200	15.036138794508018	0.0	601738	4888.376735767151	0.7	1.2
273834.9939706298	1200	13.557811113688546	0.0	616206	5478.327680819472	0.7	1.2
273837.8982749321	1200	14.65350681143738	0.0	656471	2904.3043022511665	0.7	1.2
273840.0093413268	1200	16.54244041676995	0.0	536667	2111.0663946674276	0.7	1.2
273847.2411370896	1200	13.310644653914867	0.0	587236	7231.795762855084	0.7	1.2
273850.0913467098	1200	14.4604350337495	0.0	590335	2850.209620165367	0.7	1.2
273859.09409847757	1200	9.457683265975541	0.0	696376	9002.751767773958	0.7	1.2
273860.75888573873	750	11.792896004773977	0.0	277716	1664.787261201563	0.7	0.3
273864.1595030977	750	12.392278645812121	0.0	400396	3400.617358961858	0.7	0.75
273867.7062922195	750	12.845489523993054	0.0	400508	3546.789121819067	0.7	0.75
273869.4007672255	750	15.151014518014902	0.0	358218	1694.4750059781506	0.7	0.75
273871.4124494949	750	17.139332248647122	0.0	400322	2011.6822693677818	0.7	0.75
273873.2990285766	750	19.25275316694164	0.0	369834	1886.579081705479	0.7	0.75
273879.1653631746	1200	17.3864185689809	0.0	670129	5866.33459796074	0.7	0.75
273885.59647603676	1200	14.955305706739006	0.0	690253	6431.112862241896	0.7	1.2
273888.26846005005	1200	16.283321693505226	0.0	598727	2671.9840132337786	0.7	1.2
273890.09479032166	1200	18.45699142188242	0.0	487812	1826.3302716228084	0.7	1.2
273894.1378424317	1200	18.41393931180053	0.0	575591	4043.052110081892	0.7	1.2
273897.62262829614	1200	18.92915344740261	0.0	605884	3484.78586439792	0.7	1.2
273902.388866384	1200	18.16291535957349	0.0	587506	4766.23808782912	0.7	1.2
273906.7213760967	1200	17.83040564679874	0.0	566904	4332.509712774748	0.7	1.2
273909.9540061425	1200	18.59777560101443	0.0	641452	3232.6300457843136	0.7	1.2
273916.8487542481	1200	15.703027495393256	0.0	599477	6894.748105621174	0.7	1.2
273919.72136852983	1200	16.830413213701327	0.0	634861	2872.6142816919314	0.7	1.2
273922.6012282057	1200	17.95055353780606	0.0	630203	2879.8596758952663	0.7	1.2
273926.93705040315	1850	17.61473134034774	0.0	982064	4335.822197458323	0.7	1.2000000000000002
273933.9584668673	2850	14.593314876237326	0.0	1231456	7021.416464110413	0.7	1.85
273943.62733770447	2850	8.924444039040406	0.0	1364537	9668.87083719692	0.7	2.85
273945.49593508255	750	11.055846660991495	0.0	450283	1868.5973780489094	0.7	0.75
273948.3629685736	1200	12.188813169948498	0.0	611087	2867.0334910429983	0.7	0.75
273951.0997635578	1200	13.4520181857176	0.0	571051	2736.7949842308985	0.7	1.2
273954.6440908453	1200	13.907690898196867	0.0	617681	3544.3272875207326	0.7	1.2
273958.924602599	1200	13.62717914447872	0.0	652874	4280.511753718145	0.7	1.2
273961.32523046527	1200	15.226551278183788	0.0	520315	2400.627866294934	0.7	1.2
273963.67073263135	1200	16.881049112172857	0.0	561791	2345.5021660109314	0.7	1.2
273966.5675594396	1200	17.98422230390551	0.0	709534	2896.826808267347	0.7	1.2
273977.0891904972	1850	11.462591246359292	0.0	852833	10521.631057546218	0.7	1.2000000000000002
273979.36549091287	1200	13.186290830645582	0.0	560821	2276.300415713709	0.7	0.5499999999999999
273987.4172353477	1200	9.134546395825083	0.0	607410	8051.744434820498	0.7	1.2
273991.69098618464	1200	8.86079555884723	0.0	594078	4273.750836977855	0.7	1.2
273997.32559131633	1200	7.226190427187176	0.0	624282	5634.605131660052	0.7	1.2
274000.5800109594	1200	7.971770784134527	0.0	687371	3254.4196430526495	0.7	1.2
274008.0273751523	1200	4.524406591253427	0.0	526950	7447.3641928811	0.7	1.2
274011.6275865076	750	4.924195235972558	0.0	366214	3600.2113552808687	0.7	0.3
274013.0137317266	300	7.538050016889336	0.0	143509	1386.1452190832222	0.7	-0.15000000000000002
274014.2821964413	300	10.26958530226412	0.0	150616	1268.4647146252153	0.7	0.3
274016.2577781158	750	12.294003627769182	0.0	405596	1975.581674494939	0.7	0.3
274018.40682873945	750	14.144953004085618	0.0	350713	2149.0506236835636	0.7	0.75
274021.1956036407	750	15.356178102891532	0.0	386472	2788.774901194086	0.7	0.75
274023.24940353486	750	17.302378208676558	0.0	399894	2053.7998942149743	0.7	0.75
274024.79564638005	750	19.756135363485082	0.0	401853	1546.2428451914725	0.7	0.75
274026.3719192847	750	22.17986245884449	0.0	343800	1576.2729046405923	0.7	0.75
274032.074087878	1850	20.477693865575496	0.0	897976	5702.168593268995	0.7	0.75
274037.4814996411	1850	19.070282102507512	0.0	905935	5407.411763067982	0.7	1.85
274044.44195563445	1850	16.109826109088417	0.0	1076599	6960.4559934190975	0.7	1.85
274048.17230707634	1850	16.37947466725089	0.0	758197	3730.3514418375253	0.7	1.85
274053.3774445808	1850	15.174337162772884	0.0	972798	5205.137504478004	0.7	1.85
274060.5393124667	1850	12.01246927689379	0.0	975811	7161.867885879094	0.7	1.85
274069.39642613113	1200	7.155355612467847	0.0	570392	8857.113664425944	0.7	0.5499999999999999
274073.520733283	1200	7.031048460527762	0.0	620283	4124.3071519400855	0.7	1.2
274077.544617914	750	7.007163829551195	0.0	369834	4023.8846309765663	0.7	0.3
274081.9948507095	750	6.556931034084351	0.0	412837	4450.2327954668435	0.7	0.75
274083.6483382484	750	8.903443495185911	0.0	401088	1653.487538898441	0.7	0.75
274084.9625287744	750	11.58925296915065	0.0	365161	1314.1905260352617	0.7	0.75
274086.2212865139	750	14.330495229583725	0.0	321064	1258.757739566924	0.7	0.75
274087.7685416939	750	16.78324004955417	0.0	361565	1547.2551800295548	0.7	0.75
274089.6133804216	750	18.938401321875695	0.0	378327	1844.8387276784738	0.7	0.75
274095.2495676538	750	17.302214089602636	0.0	390680	5636.1872322730605	0.7	0.75
274099.3937001027	1200	17.15808164075938	0.0	566904	4144.1324488432565	0.7	0.75
274102.53256961453	1200	18.019212128916344	0.0	641452	3138.869511843038	0.7	1.2
274107.1355736827	1200	17.416208060713004	0.0	599477	4603.00406820334	0.7	1.2
274110.08089181705	1200	18.470889926425325	0.0	634861	2945.31813428768	0.7	1.2
274118.51577958453	1850	14.036002158917269	0.0	958994	8434.887767508058	0.7	1.2000000000000002
274123.39852989634	1850	13.153251847132895	0.0	982064	4882.750311784373	0.7	1.85
274127.2709885905	1850	13.280793152963753	0.0	830730	3872.4586941691423	0.7	1.85
274134.8384444385	2850	9.71333730495956	0.0	1364537	7567.455848004193	0.7	1.85
274137.79785935767	750	10.753922385784348	0.0	450283	2959.414919175213	0.7	0.75
274143.00839650864	1200	9.543385234778096	0.0	611087	5210.537151006253	0.7	0.75
274144.91428717715	1200	11.637494566276969	0.0	571051	1905.890668501127	0.7	1.2
274147.30379025295	1200	13.24799149049085	0.0	617681	2389.5030757861173	0.7	1.2
274151.0694449214	1200	13.482336822040413	0.0	652874	3765.6546684504374	0.7	1.2
274153.27115605294	1200	15.280625690463634	0.0	520315	2201.71113157678	0.7	1.2
274156.3560734696	1200	16.19570827377124	0.0	561791	3084.917416692396	0.7	1.2
274159.595673375	1200	16.95610836841334	0.0	709534	3239.599905357895	0.7	1.2
274162.0019476864	1200	18.549834057001643	0.0	584846	2406.2743114116956	0.7	1.2
274165.8484205154	1850	18.703361228032833	0.0	913888	3846.472828968811	0.7	1.2000000000000002
274171.27220193285	1850	17.27957981057674	0.0	939819	5423.781417456091	0.7	1.85
274175.4060028031	1850	17.145778940289762	0.0	917428	4133.80087028698	0.7	1.85
274179.2618108105	1850	17.28997093290356	0.0	946851	3855.808007386201	0.7	1.85
274183.6650307099	1850	16.88675103354085	0.0	1036454	4403.219899362711	0.7	1.85
274187.8046439863	1850	16.747137757097068	0.0	821631	4139.6132764437825	0.7	1.85
274195.5986889562	1850	12.953092787173874	0.0	923170	7794.044969923194	0.7	1.85
274203.2579953084	1850	9.293786434952638	0.0	966699	7659.306352221236	0.7	1.85
274210.4515539169	1200	6.100227826429468	0.0	581493	7193.558608523171	0.7	0.5499999999999999
274213.404837002	1200	7.146944741362727	0.0	639204	2953.2830850667415	0.7	1.2
274219.0530951676	1200	5.498686575702634	0.0	586839	5648.258165660092	0.7	1.2
274223.77345496305	750	4.778326780306777	0.0	386472	4720.359795395857	0.7	0.3
274226.117764472	750	6.4340172714046675	0.0	399894	2344.30950890211	0.7	0.75
274227.88016473997	750	8.671617003366624	0.0	401853	1762.400268038043	0.7	0.75
274229.41691577114	750	11.134865972187352	0.0	343800	1536.751031179271	0.7	0.75
274231.07254822046	750	13.479233522853177	0.0	359903	1655.6324493341747	0.7	0.75
274234.9315231242	750	13.620258619082504	0.0	379700	3858.9749037706733	0.7	0.75
274237.9212102361	1200	14.630571507247401	0.0	696376	2989.687111835103	0.7	0.75
274240.2532436268	1200	16.298538116553328	0.0	487160	2332.033390694072	0.7	1.2
274244.0120740857	1200	16.539707657602346	0.0	622896	3758.830458950981	0.7	1.2
274247.7311268022	1200	16.82065494112942	0.0	641447	3719.052716472927	0.7	1.2
274252.38271885016	1850	16.16906289321591	0.0	873429	4651.592047913509	0.7	1.2000000000000002
274256.2559527985	1850	16.295828944804956	0.0	954453	3873.233948410953	0.7	1.85
274260.6872800104	1850	15.864501732974656	0.0	885062	4431.3272118303	0.7	1.85
274266.2156784757	1850	14.336103267697888	0.0	1035329	5528.398465276767	0.7	1.85
274273.8646501231	1850	10.687131620227596	0.0	1026056	7648.971647470292	0.7	1.85
274281.72487799515	1850	6.826903748237632	0.0	943942	7860.227871989964	0.7	1.85
274283.5376511541	1200	9.01413058925661	0.0	487812	1812.7731589810235	0.7	0.5499999999999999
274288.8090482969	1200	7.742733446497374	0.0	575591	5271.397142759235	0.7	1.2
274291.84415320563	1200	8.707628537710523	0.0	605884	3035.1049087868514	0.7	1.2
274295.29576673015	1200	9.256015013239576	0.0	587506	3451.613524470947	0.7	1.2
274297.8595678277	1200	10.69221391565066	0.0	566904	2563.8010975889165	0.7	1.2
274302.1384076316	1200	10.413374111747867	0.0	641452	4278.8398039027925	0.7	1.2
274305.24860920274	1200	11.303172540594003	0.0	599477	3110.201571153864	0.7	1.2
274308.01988767454	1200	12.531894068791072	0.0	634861	2771.2784718029297	0.7	1.2
274311.3869028868	1200	13.164878856582066	0.0	630203	3367.0152122090076	0.7	1.2
274316.57217172836	1850	11.979610015046998	0.0	982064	5185.2688415350685	0.7	1.2000000000000002
274322.5695668352	1850	9.982214908235484	0.0	830730	5997.395106811513	0.7	1.85
274332.2259282348	2850	4.3258535085785494	0.0	1364537	9656.361399656935	0.7	1.85
274334.7824603698	750	5.769321373550185	0.0	450283	2556.5321350283643	0.7	0.75
274339.25290718576	750	5.298874557644035	0.0	398865	4470.446815906151	0.7	0.75
274341.40427677915	750	7.147504964181022	0.0	350812	2151.369593463012	0.7	0.75
274342.8579865993	750	9.69379514401102	0.0	382355	1453.7098201700026	0.7	0.75
274344.74501921074	750	11.806762532601914	0.0	411561	1887.0326114091054	0.7	0.75
274352.2448181201	1200	8.306963623320138	0.0	520315	7499.798909281774	0.7	0.75
274355.13000094326	1200	9.421780800141173	0.0	561791	2885.182823178966	0.7	1.2
274359.69853057334	1200	8.853251170038579	0.0	709534	4568.529630102594	0.7	1.2
274362.9268087482	1200	9.62497299517817	0.0	584846	3228.278174860408	0.7	1.2
274365.2551779224	1200	11.296603821083098	0.0	560821	2328.369174095073	0.7	1.2
274368.18352968816	1200	12.368252055252066	0.0	607410	2928.3517658310325	0.7	1.2
274371.1283647199	1200	13.423417023525264	0.0	594078	2944.8350317268023	0.7	1.2
274374.17443027004	1200	14.3773514734598	0.0	624282	3046.0655500654625	0.7	1.2
274377.3142878573	1200	15.237493886107227	0.0	687371	3139.857587352573	0.7	1.2
274379.5982145839	1200	16.953567159603097	0.0	526950	2283.9267265041326	0.7	1.2
274382.2398436576	1200	18.31193808587353	0.0	587876	2641.6290737295685	0.7	1.2
274393.25248034083	1850	11.299301402646705	0.0	966699	11012.636683226823	0.7	1.2000000000000002
274403.36547894165	1200	5.186302801876478	0.0	581493	10112.998600770226	0.7	0.5499999999999999
274407.720228799	750	4.83155294449781	0.0	405596	4354.749857378668	0.7	0.3
274409.4345571643	750	7.117224579155251	0.0	350713	1714.3283653425588	0.7	0.75
274411.1174380456	750	9.434343697845465	0.0	386472	1682.8808813097862	0.7	0.75
274412.9442590662	750	11.607522677311293	0.0	399894	1826.8210205341709	0.7	0.75
274416.8990092893	750	11.652772454187149	0.0	401853	3954.7502231241456	0.7	0.75
274418.6389421949	750	13.912839548483664	0.0	343800	1739.9329057034845	0.7	0.75
274421.20982861164	750	15.341953131805758	0.0	359903	2570.8864166779053	0.7	0.75
274426.71356344904	750	13.838218294371519	0.0	379700	5503.73483743424	0.7	0.75
274429.41067323065	750	15.141108512730922	0.0	425781	2697.1097816405963	0.7	0.75

