948108.7143080538	750	4.0	3.042693995911183	450283	3042.6939959111833	1	-12.333584182418088
948109.8165589129	300	6.897749140999311	0.0	155580	1102.2508590006887	1	-0.15000000000000002
948110.8155005403	300	9.89880751362266	0.0	139857	998.9416273766507	1	0.3
948111.9167789534	300	12.797529100483471	0.0	155432	1101.278413139189	1	0.3
948114.7009734886	750	14.013334565317109	0.0	411561	2784.1945351663608	1	0.3
948116.8741237819	750	15.840184271920172	0.0	318564	2173.1502933969364	1	0.75
948119.624431905	750	17.089876148836538	0.0	352642	2750.308123083635	1	0.75
948123.600169095	750	17.114138958968983	0.0	437162	3975.7371898675556	1	0.75
948126.3149066663	750	18.399401387665378	0.0	374758	2714.7375713036045	1	0.75
948128.7772726803	750	19.93703537362934	0.0	362795	2462.3660140360357	1	0.75
948131.1588842082	750	21.555423845651724	0.0	353220	2381.6115279776172	1	0.75
948133.8991099485	750	22.815198105337178	0.0	405134	2740.2257403145454	1	0.75
948136.6008562689	750	24.113451784917164	0.0	386351	2701.7463204200135	1	0.75
948139.6065234309	750	25.107784622893895	0.0	434409	3005.667162023272	1	0.75
948141.9610128738	750	26.75329518001258	0.0	337059	2354.4894428813154	1	0.75
948145.86090991	1200	26.853398143652253	0.0	587876	3899.8970363603257	1	0.75
948150.0014384873	1200	26.712869566486663	0.0	617242	4140.528577165588	1	1.2
948154.1023333076	1200	26.611974746207597	0.0	581493	4100.894820279066	1	1.2
948158.5826286945	1200	26.13167935927846	0.0	639204	4480.295386929137	1	1.2
948162.6076061259	1200	26.106701927936243	0.0	586839	4024.977431342217	1	1.2
948167.6727440708	1200	25.041563982954624	0.0	601738	5065.13794498162	1	1.2
948173.2394738429	1200	23.474834210832995	0.0	616206	5566.729772121626	1	1.2
948177.708492542	1200	23.005815511634108	0.0	656471	4469.018699198889	1	1.2
948181.5452943612	1200	23.169013692398405	0.0	536667	3836.8018192357003	1	1.2
948187.0229687244	1200	21.691339329205505	0.0	587236	5477.6743631929	1	1.2
948193.9685979289	1200	18.745710124692188	0.0	590335	6945.629204513317	1	1.2
948196.8308605889	750	19.88344746465581	0.0	425781	2862.262660036378	1	0.3
948198.8061184775	750	21.90818957608656	0.0	277716	1975.257888569249	1	0.75
948201.5178440781	750	23.196463975395275	0.0	400396	2711.7256006912817	1	0.75
948204.2541569201	750	24.460151133457263	0.0	400508	2736.3128419380123	1	0.75
948206.8859328809	750	25.828375172650166	0.0	358218	2631.7759608070974	1	0.75
948209.8334407617	750	26.880867291830487	0.0	400322	2947.5078808196795	1	0.75
948214.1894941713	1200	26.524813882309342	0.0	584349	4356.053409521143	1	0.75
948220.2923401898	1200	24.421967863780573	0.0	670129	6102.84601852877	1	1.2
948225.0699647103	1200	23.64434334338035	0.0	690253	4777.624520400226	1	1.2
948228.9205824045	1200	23.793725649104058	0.0	598727	3850.6176942762913	1	1.2
948233.0934959118	1200	23.620812141766656	0.0	487812	4172.913507337404	1	1.2
948236.9310110874	1200	23.783296966231724	0.0	575591	3837.515175534932	1	1.2
948240.9915484821	1200	23.722759571590753	0.0	605884	4060.537394640969	1	1.2
948244.7213859629	1200	23.992922090675478	0.0	587506	3729.8374809152747	1	1.2
948247.8731992187	1200	24.84110883503693	0.0	566904	3151.8132556385453	1	1.2
948252.1492718002	1200	24.565036253490028	0.0	641452	4276.072581546906	1	1.2
948254.2262417332	1200	26.4880663204195	0.0	599477	2076.969933070529	1	1.2
948258.8485350957	1200	25.86577295791521	0.0	634861	4622.2933625042915	1	1.2
948262.8245832669	1200	25.889724786726017	0.0	630203	3976.0481711891903	1	1.2
948267.1180057812	1200	25.59630227238442	0.0	638661	4293.422514341598	1	1.2
948275.9281292799	2850	20.786178773649503	0.0	1231456	8810.123498734916	1	1.2000000000000002
948284.0707328152	2850	16.643575238397617	0.0	1364537	8142.603535251885	1	2.85
948287.6526337028	750	17.061674350709236	0.0	450283	3581.9008876883818	1	0.75
948291.24029901	750	17.47400904369782	0.0	398865	3587.665307011415	1	0.75
948293.6395443411	750	19.074763712531844	0.0	350812	2399.245331165976	1	0.75
948296.1336402929	750	20.580667760678583	0.0	382355	2494.09595185326	1	0.75
948298.7563671472	750	21.95794090637482	0.0	411561	2622.7268543037612	1	0.75
948300.9664121949	750	23.747895858685162	0.0	318564	2210.0450476896594	1	0.75
948303.8750701683	750	24.839237885267657	0.0	352642	2908.657973417508	1	0.75
948306.813550533	750	25.900757520414093	0.0	437162	2938.4803648535626	1	0.75
948309.3568228314	750	27.357485222108902	0.0	374758	2543.2722983051885	1	0.75
948312.9511881692	1200	27.763119884259652	0.0	560821	3594.365337849249	1	0.75
948316.9443091846	1200	27.76999886892346	0.0	607410	3993.121015336195	1	1.2
948320.9163300056	1200	27.79797804787721	0.0	594078	3972.0208210462524	1	1.2
948325.0917462903	1200	27.62256176324123	0.0	624282	4175.4162846359795	1	1.2
948330.1379539254	1200	26.57635412824358	0.0	687371	5046.20763499765	1	1.2
948332.787147158	1200	27.927160895704937	0.0	526950	2649.1932325386447	1	1.2
948336.4101550916	1200	28.304152962084046	0.0	587876	3623.0079336208923	1	1.2
948340.5412449192	1200	28.17306313441133	0.0	617242	4131.089827672717	1	1.2
948344.5264255852	1200	28.187882468439327	0.0	581493	3985.180665972002	1	1.2
948348.8609461274	1200	27.853361926217264	0.0	639204	4334.520542222061	1	1.2
948352.860193709	1200	27.854114344562827	0.0	586839	3999.247581654439	1	1.2
948356.9051715767	1200	27.809136476980495	0.0	601738	4044.9778675823313	1	1.2
948361.1477563898	1200	27.56655166375896	0.0	616206	4242.5848132215315	1	1.2
948365.5461587218	1200	27.16814933181778	0.0	656471	4398.40233194118	1	1.2
948369.1755424676	1200	27.538765586030696	0.0	536667	3629.3837457870864	1	1.2
948372.3897703487	1200	28.324537704957358	0.0	587236	3214.227881073337	1	1.2
948375.5101765511	1200	29.20413150257855	0.0	590335	3120.406202378806	1	1.2
948379.866128863	1200	28.848179190668997	0.0	696376	4355.952311909554	1	1.2
948382.1542505808	1200	30.56005747281464	0.0	487160	2288.1217178543557	1	1.2
948385.861164885	1200	30.853143168609652	0.0	622896	3706.9143042049895	1	1.2
948390.1592352183	1200	30.555072835331085	0.0	641447	4298.070333278567	1	1.2
948394.1266522461	1200	30.587655807524783	0.0	570392	3967.417027806302	1	1.2
948398.3279325564	1200	30.386375497196866	0.0	620283	4201.280310327914	1	1.2
948402.2609414832	1200	30.453366570491472	0.0	584349	3933.008926705397	1	1.2
948406.759389042	1200	29.95491901161147	0.0	670129	4498.44755888	1	1.2
948411.3763444265	1200	29.337963627160303	0.0	690253	4616.95538445117	1	1.2

