1.462865376672159	750	4.0	1.462865376672159	450283	1462.865376672159	1	-5.540321119690284
2.7227589317792744	750	6.740106444892884	0.0	398865	1259.8935551071156	1.1646076855604344	0.75
6.292707429508596	1200	7.170157947163563	0.0	571051	3569.9484977293214	1.1646076855604344	0.75
8.041967926489987	1200	9.420897450182173	0.0	617681	1749.2604969813901	1.1646076855604344	1.2
9.886336229394281	1200	11.576529147277878	0.0	652874	1844.368302904296	1.1646076855604344	1.2
11.37246864319181	1200	14.090396733480347	0.0	520315	1486.13241379753	1.1646076855604344	1.2
12.970688442505164	1200	16.492176934166995	0.0	561791	1598.2197993133545	1.1646076855604344	1.2
15.916616092315186	1850	17.54624928435697	0.0	1060487	2945.927649810021	1.1646076855604344	1.2000000000000002
20.325522950368317	1850	17.137342426303835	0.0	852833	4408.906858053134	1.1646076855604344	1.85
35.17795629224138	1850	6.284909084430771	0.0	913888	14852.433341873066	1.1646076855604344	1.85
38.51080318837589	750	6.952062188296266	0.0	353220	3332.8468961345047	1.1646076855604344	-0.3500000000000001
41.574158488295616	750	7.888706888376537	0.0	405134	3063.3552999197295	1.1646076855604344	0.75
44.03396003277066	750	9.428905343901494	0.0	386351	2459.8015444750417	1.1646076855604344	0.75
46.60160556425522	750	10.861259812416929	0.0	434409	2567.6455314845666	1.1646076855604344	0.75
48.47548319225669	750	12.987382184415463	0.0	337059	1873.8776280014665	1.1646076855604344	0.75
50.29335297903047	750	15.169512397641677	0.0	366214	1817.869786773787	1.1646076855604344	0.75
52.07855439484513	750	17.38431098182702	0.0	360831	1785.2014158146562	1.1646076855604344	0.75
53.76580121427293	750	19.69706416239922	0.0	372963	1687.246819427801	1.1646076855604344	0.75
56.38577252919201	1200	21.077092847480152	0.0	639204	2619.971314919069	1.1646076855604344	0.75
64.30090437317178	1200	17.161961003500387	0.0	586839	7915.131843979767	1.1646076855604344	1.2
69.29194052280923	1200	16.17092485386294	0.0	601738	4991.036149637445	0.7866867067035481	1.2
73.22193559345494	1200	16.240929783217222	0.0	616206	3929.995070645716	0.7866867067035481	1.2
77.0678903817155	1200	16.394974994956666	0.0	656471	3845.954788260559	0.7866867067035481	1.2
79.8444013402535	1200	17.618464036418665	0.0	536667	2776.5109585380005	0.7866867067035481	1.2
82.70036430104082	1200	18.76250107563132	0.0	587236	2855.962960787341	0.7866867067035481	1.2
85.4228199833967	1200	20.040045393275438	0.0	590335	2722.4556823558823	0.7866867067035481	1.2
88.46327881081224	1200	20.999586565859897	0.0	696376	3040.4588274155417	0.7866867067035481	1.2
90.61431101520148	1200	22.848554361470665	0.0	487160	2151.0322043892315	0.7866867067035481	1.2
93.23330989315438	1200	24.229555483517768	0.0	622896	2618.9988779528962	0.7866867067035481	1.2
97.22847213288652	1850	24.234393243785625	0.0	975811	3995.1622397321435	0.7866867067035481	1.2000000000000002
100.86368676894323	1850	24.599178607728923	0.0	873429	3635.214636056704	0.7866867067035481	1.85
103.75487061828328	1850	25.707994758388864	0.0	954453	2891.183849340058	0.7866867067035481	1.85
105.94469758957996	1850	27.5181677870922	0.0	885062	2189.826971296666	0.7866867067035481	1.85
108.36007210788014	1850	29.102793268792013	0.0	1035329	2415.374518300189	0.7866867067035481	1.85
111.80527195883644	2850	29.657593417835713	0.0	1492672	3445.199850956297	0.7866867067035481	1.85
117.80590871317938	2850	27.656956663492775	0.0	1439896	6000.636754342935	0.7866867067035481	2.85
123.61798824715083	2850	25.84487712952133	0.0	1139291	5812.079533971448	0.7866867067035481	2.85
131.2355450494635	2850	22.227320327208666	0.0	1499009	7617.556802312666	0.7866867067035481	2.85
138.4848973663457	2850	18.977968010326443	0.0	1427478	7249.352316882222	0.7866867067035481	2.85
143.20877143611986	1850	18.25409394055231	0.0	930577	4723.874069774133	0.7866867067035481	0.8500000000000001
147.552680432247	1850	17.910184944425165	0.0	858450	4343.9089961271475	0.7866867067035481	1.85
160.294396054538	1850	9.168469322134174	0.0	1025005	12741.71562229099	0.7866867067035481	1.85
166.67955435953897	1200	6.783311017133198	0.0	599477	6385.158305000975	0.7866867067035481	0.5499999999999999
170.08819691163762	750	7.374668465034562	0.0	438281	3408.6425520986363	0.7866867067035481	0.3
172.4929380641465	750	8.969927312525671	0.0	398987	2404.7411525088896	0.7866867067035481	0.75
174.65565411936475	750	10.807211257307415	0.0	393804	2162.7160552182554	0.7866867067035481	0.75
177.25200325819188	1200	12.210862118480305	0.0	538612	2596.349138827111	0.7866867067035481	0.75
183.29594967038872	2850	10.166915706283449	0.0	1364537	6043.946412196856	0.7866867067035481	1.2000000000000002
185.20050326990565	750	12.262362106766501	0.0	450283	1904.5535995169494	0.7866867067035481	0.75
187.74548091430944	1200	13.717384462362721	0.0	611087	2544.97764440378	0.7866867067035481	0.75
190.11958758801237	1200	15.3432777886598	0.0	571051	2374.1066737029214	0.7866867067035481	1.2
192.4669141178193	1200	16.99595125885285	0.0	617681	2347.3265298069505	0.7866867067035481	1.2

