51280.06148369934	750	4.0	1.1010376323790223	450283	1101.0376323790224	0.75	-3.9844618192297956
51281.568312133946	1200	6.493171565401495	0.0	611087	1506.8284345985046	0.75	0.75
51284.17974840444	1850	7.881735294911798	0.0	877771	2611.4362704896976	0.75	1.2000000000000002
51286.77183074254	1850	9.289652956811853	0.0	933276	2592.082338099944	0.75	1.85
51288.84040912117	1850	11.221074578178813	0.0	996749	2068.57837863304	0.75	1.85
51293.96061757617	1850	10.100866123177916	0.0	801058	5120.208455000899	0.75	1.85
51302.202345502614	1850	5.859138196736778	0.0	905515	8241.727926441137	0.75	1.85
51308.84234561242	1850	4.0	0.7808619130679207	1060487	6640.000109804699	0.75	-1.507706226192059
51310.70175769656	1200	6.140587915861108	0.0	584846	1859.4120841388922	0.75	0.5499999999999999
51318.486401356764	1200	4.0	1.644055744341954	560821	7784.643660203062	0.75	-5.8694397006704015
51319.58074783073	750	6.905653526033826	0.0	353220	1094.3464739661742	0.75	0.3
51320.70646127038	750	9.779940086385107	0.0	405134	1125.7134396487204	0.75	0.75
51322.3705964344	1200	12.11580492236857	0.0	624282	1664.1351640165362	0.75	0.75
51324.13531826186	1200	14.351083094908187	0.0	687371	1764.7218274603838	0.75	1.2
51325.447932378775	1200	17.03846897799414	0.0	526950	1312.6141169140456	0.75	1.2
51327.71520753432	1850	18.771193822446477	0.0	923170	2267.2751555476625	0.75	1.2000000000000002
51335.67431469851	1850	14.81208665825694	0.0	966699	7959.107164189536	0.75	1.85
51341.504093702766	1850	12.982307654004071	0.0	885714	5829.779004252869	0.75	1.85
51349.37859161782	1850	9.107809738950637	0.0	987708	7874.497915053434	0.75	1.85
51351.92734357638	1850	10.559057780389923	0.0	923755	2548.751958560714	0.75	1.85
51358.34364046605	1850	8.142760890711255	0.0	891604	6416.296889678668	0.75	1.85
51361.18657674156	1850	9.299824615209785	0.0	955231	2842.93627550147	0.75	1.85
51363.35288440183	1850	11.133516954944568	0.0	968026	2166.3076602652172	0.75	1.85
51365.15430515193	1850	13.332096204839955	0.0	874175	1801.4207501046133	0.75	1.85
51367.101124191024	1850	15.38527716574934	0.0	897976	1946.8190390906138	0.75	1.85
51369.93942939592	2850	16.54697196085059	0.0	1480464	2838.305204898749	0.75	1.85
51373.376343958334	2850	17.11005739843668	0.0	1547572	3436.91456241391	0.75	2.85

