830803.8901674612	750	4.0	2.614114836651785	450283	2614.114836651785	0.8	-10.490693797602676
830806.9806242926	750	4.909543168631028	0.0	398865	3090.4568313689724	0.8	0.75
830809.9624631784	750	5.927704282863411	0.0	350812	2981.8388857676164	0.8	0.75
830816.0342536736	750	4.0	0.14408621246822714	382355	6071.790495331638	0.8	0.13042928638662332
830821.220412106	1200	4.0	1.1861584323431134	652874	5186.158432343113	0.8	-4.350481259075387
830826.9060522096	1200	4.0	1.6856401034808268	520315	5685.640103480827	0.8	-6.048252444967555
830829.6384772288	750	5.267574980697882	0.0	352642	2732.425019302118	0.8	0.3
830832.9423224876	750	5.96372972187701	0.0	437162	3303.845258820872	0.8	0.75
830837.6502953486	750	5.25575686087846	0.0	374758	4707.9728609985505	0.8	0.75
830841.4121824204	750	5.4938697890924475	0.0	362795	3761.887071786012	0.8	0.75
830844.4625458124	750	6.443506397039387	0.0	353220	3050.3633920530606	0.8	0.75
830849.94629111	750	4.959761099346361	0.0	405134	5483.745297693027	0.8	0.75
830851.9353065608	300	6.970745648459067	0.0	160746	1989.0154508872938	0.8	-0.15000000000000002
830854.707331383	300	8.198720826384852	0.0	179801	2772.024822074214	0.8	0.3
830856.5718100616	300	10.334242147800262	0.0	140051	1864.4786785845904	0.8	0.3
830860.5404203878	750	10.365631821612348	0.0	366214	3968.6103261879125	0.8	0.3
830863.32985512	750	11.576197089260475	0.0	360831	2789.434732351874	0.8	0.75
830866.0095600028	750	12.896492206489928	0.0	372963	2679.704882770548	0.8	0.75
830868.7722221203	750	14.133830089004675	0.0	405596	2762.662117485252	0.8	0.75
830871.3031511235	750	15.602901085871675	0.0	350713	2530.9290031329992	0.8	0.75
830873.8324409885	750	17.073611220759666	0.0	386472	2529.2898651120076	0.8	0.75
830877.7130431972	1200	17.193009012149645	0.0	616206	3880.6022086100247	0.8	0.75
830883.4299198646	1200	15.476132344630994	0.0	656471	5716.876667518649	0.8	1.2
830889.3049986806	1200	13.601053528749526	0.0	536667	5875.078815881469	0.8	1.2
830894.7212266808	1200	12.184825528577775	0.0	587236	5416.22800017175	0.8	1.2
830904.3788143911	1200	6.527237818228574	0.0	590335	9657.587710349202	0.8	1.2
830907.7386475526	750	7.16740465669897	0.0	425781	3359.833161529604	0.8	0.3
830910.1489942339	750	8.757057975351799	0.0	277716	2410.3466813471705	0.8	0.75
830913.416023808	750	9.490028401305652	0.0	400396	3267.0295740461474	0.8	0.75
830916.2981485177	750	10.60790369158082	0.0	400508	2882.124709724832	0.8	0.75
830919.6505917471	750	11.255460462143748	0.0	358218	3352.4432294370713	0.8	0.75
830924.4926877072	750	10.413364502114685	0.0	400322	4842.095960029063	0.8	0.75
830927.0374805592	750	11.868571650117516	0.0	369834	2544.7928519971697	0.8	0.75
830930.4969014927	750	12.40915071660759	0.0	412837	3459.4209335099267	0.8	0.75
830937.8506605298	750	9.055391679430635	0.0	401088	7353.759037176956	0.8	0.75
830944.8903144739	750	6.0157377354126025	0.0	365161	7039.653944018032	0.8	0.75
830948.4891678201	750	6.416884389207213	0.0	321064	3598.8533462053906	0.8	0.75
830951.7447964905	750	7.161255718728801	0.0	361565	3255.6286704784125	0.8	0.75
830956.3731198227	750	6.5329323865351805	0.0	378327	4628.3233321936195	0.8	0.75
830959.8233475109	750	7.082704698311133	0.0	390680	3450.2276882240476	0.8	0.75
830965.3971083423	750	5.508943866965338	0.0	345516	5573.760831345795	0.8	0.75
830966.7075938318	300	8.19845837742805	0.0	161857	1310.4854895372869	0.8	-0.15000000000000002
830967.8251801024	300	11.08087210680154	0.0	145210	1117.586270626511	0.8	0.3
830970.7781642438	750	12.1278879653525	0.0	438281	2952.9841414490406	0.8	0.3
830974.5315433583	750	12.374508850836811	0.0	398987	3753.3791145156883	0.8	0.75
830980.4342952668	1200	10.471756942423509	0.0	638661	5902.751908413302	0.8	0.75
830984.0787800823	1200	10.827272126822308	0.0	538612	3644.4848156012013	0.8	1.2
830993.8766620096	2850	5.029390199560068	0.0	1364537	9797.88192726224	0.8	1.2000000000000002
830996.7580402225	750	6.148011986716308	0.0	450283	2881.3782128437592	0.8	0.75
831000.2248650057	750	6.6811872034106	0.0	398865	3466.824783305709	0.8	0.75
831003.6954030498	750	7.210649159264819	0.0	350812	3470.538044145781	0.8	0.75
831007.6877643096	750	7.218287899614962	0.0	382355	3992.361259649857	0.8	0.75
831011.3433942867	750	7.562657922400713	0.0	411561	3655.6299772142493	0.8	0.75
831015.0497809685	750	7.856271240688607	0.0	318564	3706.3866817121057	0.8	0.75
831018.0422452299	750	8.863806979119616	0.0	352642	2992.464261568992	0.8	0.75
831021.3540031259	750	9.552049083223732	0.0	437162	3311.7578958958834	0.8	0.75
831023.8624546172	750	11.043597591941628	0.0	374758	2508.4514912821037	0.8	0.75
831026.6229101996	750	12.283142009539858	0.0	362795	2760.45558240177	0.8	0.75
831029.6985213018	750	13.207530907226154	0.0	353220	3075.6111023137055	0.8	0.75
831032.5608156697	750	14.345236539487276	0.0	405134	2862.294367738878	0.8	0.75
831035.7571586559	750	15.148893553210826	0.0	386351	3196.34298627645	0.8	0.75
831042.2252912559	1200	12.680760953232468	0.0	687371	6468.132599978358	0.8	0.75
831045.8583426443	1200	13.047709564688455	0.0	526950	3633.0513885440128	0.8	1.2
831049.1013870373	1200	13.804665171728434	0.0	587876	3243.0443929600206	0.8	1.2
831052.1491156479	1200	14.756936561147475	0.0	617242	3047.7286105809594	0.8	1.2
831055.2167662762	1200	15.689285932977873	0.0	581493	3067.650628169603	0.8	1.2
831058.8481061837	1200	16.057946025395136	0.0	639204	3631.3399075827374	0.8	1.2
831061.813877773	1200	17.092174436014226	0.0	586839	2965.771589380912	0.8	1.2
831065.0221663258	1200	17.883885883303503	0.0	601738	3208.2885527107246	0.8	1.2
831068.4668201504	1200	18.439232058719536	0.0	616206	3444.6538245839656	0.7	1.2
831071.4241264894	1200	19.481925719718397	0.0	656471	2957.3063390011375	0.7	1.2
831074.6919445217	1850	20.21410768730606	0.0	874175	3267.8180324123355	0.7	1.2000000000000002
831078.5014537324	1850	20.404598476682864	0.0	897976	3809.5092106232005	0.7	1.85
831081.6669900342	1850	21.2390621748279	0.0	905935	3165.5363018549633	0.7	1.85
831087.4466450699	1850	19.45940713917665	0.0	1076599	5779.655035651249	0.7	1.85
831091.4101141265	1850	19.495938082454856	0.0	758197	3963.469056721793	0.7	1.85
831095.9767499416	1850	18.92930226740584	0.0	972798	4566.635815049015	0.7	1.85
831101.8140417666	1850	17.092010442503742	0.0	975811	5837.291824902097	0.7	1.85
831107.1248650863	1850	15.781187122737357	0.0	873429	5310.823319766385	0.7	1.85
831117.7809738368	1850	9.125078372238816	0.0	954453	10656.10875049854	0.7	1.85
831124.2325820324	1200	6.673470176608068	0.0	584349	6451.608195630749	0.7	0.5499999999999999
831127.9736522625	750	6.9323999465572745	0.0	412837	3741.0702300507937	0.7	0.3
831135.8233730232	750	4.0	0.9173208141074192	401088	7849.720760664693	0.7	-3.1944795006619024
831139.3021363518	750	4.52123667138416	0.0	365161	3478.7633286158402	0.7	0.75
831142.8562846367	750	4.96708838660921	0.0	321064	3554.14828477495	0.7	0.75
831146.3838400126	300	5.439533010620151	0.0	124011	3527.555375989059	0.7	-0.15000000000000002
831148.9852646474	300	6.83810837581755	0.0	144254	2601.4246348026004	0.7	0.3
831151.654385105	300	8.168987918143195	0.0	149991	2669.120457674355	0.7	0.3
831153.2034605837	300	10.619912439485883	0.0	147968	1549.0754786573123	0.75	0.3
831157.5253027501	300	10.298070273028454	0.0	161857	4321.842166457429	0.75	0.3
831159.9011400333	300	11.922232989952962	0.0	145210	2375.837283075493	0.75	0.3
831163.7247258058	300	12.098647217455797	0.0	172312	3823.5857724971643	0.75	0.3
831165.3409694635	300	14.48240355969207	0.0	167025	1616.2436577637275	0.75	0.3
831170.6604244474	750	13.16294857574359	0.0	393804	5319.454983948479	0.75	0.3
831174.2189974831	750	13.604375540081842	0.0	331053	3558.5730356617487	0.75	0.75
831188.6957092182	1850	4.0	0.8723361949506234	846370	14476.711735032464	0.75	-3.0010456382876805
831197.055632002	750	4.0	4.3599227838807675	450283	8359.922783880767	0.75	-17.9976679706873
831200.0078172686	300	5.0478147333555805	0.0	155580	2952.1852666444192	0.75	-0.15000000000000002
831202.0137999754	300	7.041832026562059	0.0	139857	2005.9827067935225	0.75	0.3
831204.2733658783	300	8.782266123766174	0.0	155432	2259.5659027958845	0.75	0.3
831208.6066793341	300	8.448952667946585	0.0	163442	4333.313455819588	0.75	0.3
831211.059090063	300	9.996541939065422	0.0	126289	2452.4107288811624	0.75	0.3
831213.4278834008	300	11.627748601296732	0.0	153295	2368.7933377686904	0.75	0.3
831215.7320430541	300	13.323588948015924	0.0	173849	2304.1596532808067	0.75	0.3
831224.1920260096	750	8.86360599260491	0.0	374758	8459.982955411015	0.75	0.3
831226.5175276371	300	10.53810436506463	0.0	139105	2325.50162754028	0.75	-0.15000000000000002
831228.9439031075	300	12.11172889464627	0.0	141840	2426.3754704183602	0.75	0.3
831231.1442172065	300	13.911414795745529	0.0	156148	2200.314098900741	0.75	0.3
831235.3871615529	300	13.668470449328572	0.0	160746	4242.944346416955	0.75	0.3
831241.4333870421	750	11.622244960010402	0.0	434409	6046.225489318169	0.75	0.3
831254.2824650452	750	4.0	1.2268330429817962	337059	12849.078002992199	0.75	-4.525382084821723
831265.830730443	300	4.0	7.548265397811853	138313	11548.265397811852	0.75	-32.60754121059097
831273.3980375188	300	4.0	3.567307075881723	143509	7567.307075881723	0.75	-15.039420426291407
831278.5309132135	300	4.0	1.132875694575022	150616	5132.875694575022	0.75	-4.571365486672595
831292.1901999419	300	4.0	9.659286728384362	165384	13659.286728384363	0.75	-41.23493293205276
831301.4397341822	300	4.0	5.249534240327721	140881	9249.53424032772	0.75	-22.2729972334092
831310.6581676909	300	4.0	5.218433508660842	157671	9218.433508660843	0.75	-22.13926408724162
831316.0727827817	300	4.0	1.4146150908504542	157812	5414.615090850454	0.75	-5.782844890656953
831320.1245785025	300	4.0	0.051795720797901595	163927	4051.7957207979016	0.75	0.07727840056902313
831324.0910077627	300	4.0335707398918395	0.0	137654	3966.4292601081606	0.75	0.3
831327.5535054861	300	4.571073016476208	0.0	146754	3462.4977234156313	0.75	0.3
831332.7801688097	300	4.0	0.6555903069899478	153938	5226.663323466156	0.75	-2.5190383200567754
831335.8692528441	300	4.9109159655661445	0.0	181901	3089.0840344338553	0.75	0.3
831338.3712084948	300	6.408960314924647	0.0	111155	2501.955650641497	0.75	0.3
831342.6692550973	300	6.110913712450657	0.0	153605	4298.04660247399	0.75	0.3
831347.4928920717	300	5.287276737971027	0.0	149029	4823.63697447963	0.75	0.3
831354.8007050887	300	4.0	2.020536278958464	157421	7307.813016929491	0.75	-8.388305999521394
831360.6435411442	300	4.0	1.842836055581777	157488	5842.836055581777	0.75	-7.624195039001641
831365.0825488439	300	4.0	0.43900769967729414	143881	4439.007699677294	0.75	-1.5877331086123647
831368.747874309	300	4.33467453503005	0.0	163444	3665.3254649699506	0.75	0.3
831371.3337484787	300	5.748800365306575	0.0	179328	2585.8741697234746	0.75	0.3
831374.1887013972	300	6.893847446738616	0.0	159914	2854.9529185679594	0.75	0.3
831376.0652323407	300	9.017316503282178	0.0	131610	1876.5309434564376	0.75	0.3
831377.8025130176	300	11.280035826469936	0.0	124011	1737.2806768122423	0.75	0.3
831379.7825312015	300	13.300017642464761	0.0	144254	1980.0181840051746	0.75	0.3
831381.7928164678	300	15.28973237622622	0.0	149991	2010.2852662385421	0.75	0.3
831384.024996892	300	17.057551952032	0.0	147968	2232.1804241942177	0.75	0.3
831391.8445355925	300	13.238013251519329	0.0	161857	7819.538700512671	0.75	0.3
831395.9617666274	300	13.120782216505827	0.0	145210	4117.231035013503	0.75	0.3
831400.7900372049	300	12.29251163911205	0.0	172312	4828.270577393777	0.75	0.3
831405.5056053703	300	11.576943473681018	0.0	167025	4715.568165431031	0.75	0.3
831407.699224367	300	13.383324476942645	0.0	160064	2193.6189967383725	0.75	0.3
831410.0507285224	300	15.031820321605528	0.0	137507	2351.5041553371175	0.75	0.3
831414.5530839735	750	14.529464870428928	0.0	314107	4502.355451176601	0.75	0.3
831424.2150578802	750	8.86749096383981	0.0	450283	9661.973906589119	0.75	0.75
831426.1943295929	300	10.888219251183394	0.0	155580	1979.2717126564175	0.75	-0.15000000000000002
831428.860763082	300	12.22178576193337	0.0	139857	2666.433489250022	0.75	0.3
831433.6904039562	300	11.392144887778263	0.0	155432	4829.640874155105	0.75	0.3
831436.5306543467	300	12.551894497276615	0.0	163442	2840.250390501649	0.75	0.3
831438.7817237012	300	14.300825142911782	0.0	126289	2251.069354364833	0.75	0.3
831443.2085788989	300	13.873969945128248	0.0	153295	4426.855197783532	0.75	0.3
831446.6764565291	300	14.406092315000395	0.0	173849	3467.877630127855	0.75	0.3
831453.1803550035	300	11.902193840487346	0.0	150710	6503.898474513049	0.75	0.3
831457.2043845158	300	11.878164328241201	0.0	139105	4024.029512246145	0.75	0.3
831460.499017254	300	12.583531590053008	0.0	141840	3294.6327381881933	0.75	0.3
831464.6945791054	300	12.387969738658192	0.0	156148	4195.561851394816	0.75	0.3
831467.8189796391	300	13.263569205002824	0.0	160746	3124.4005336553673	0.75	0.3
831471.5989184749	300	13.483630369189926	0.0	179801	3779.9388358128986	0.75	0.3
831473.7045236591	300	15.378025184979066	0.0	140051	2105.60518421086	0.75	0.3
831475.7951722877	300	17.287376556373115	0.0	138313	2090.6486286059517	0.75	0.3
831478.4214684479	300	18.661080396179983	0.0	143509	2626.2961601931306	0.75	0.3
831485.7228908743	300	15.359657969793828	0.0	150616	7301.422426386153	0.75	0.3
831489.4034319107	300	15.679116933456509	0.0	165384	3680.5410363373194	0.75	0.3
831502.6511236124	300	6.431425231695687	0.0	140881	13247.691701760823	0.75	0.3
831511.9867858724	300	4.0	2.904237028226702	157671	9335.662259922388	0.75	-12.188219221374817
831516.97743448	300	4.0	0.9906486076060046	157812	4990.648607606005	0.75	-3.95978901270582
831521.3054553715	300	4.0	0.3280208915683179	163927	4328.020891568318	0.75	-1.1104898337437668
831526.9504068766	300	4.0	1.644951505187305	137654	5644.951505187305	0.75	-6.773291472305411
831532.3184993869	300	4.0	1.368092510182466	146754	5368.092510182466	0.75	-5.582797793784604
831537.0708057057	300	4.0	0.7523063189095683	153938	4752.306318909568	0.75	-2.934917171311144
831545.0113906362	300	4.0	3.940584930421942	181901	7940.584930421942	0.75	-16.64451520081435
831547.7211436715	300	5.290246964708888	0.0	111155	2709.7530352911126	0.75	0.3
831551.5023665295	300	5.509024106692961	0.0	153605	3781.2228580159262	0.75	0.3
831553.833192944	300	7.17819769234854	0.0	149029	2330.826414344421	0.75	0.3
831557.6062913135	300	7.405099322731446	0.0	157421	3773.0983696170942	0.75	0.3
831560.6150009442	300	8.396389691947473	0.0	157488	3008.709630783974	0.75	0.3
831564.363620044	300	8.647770592220228	0.0	143881	3748.6190997272442	0.75	0.3
831568.9864009663	300	8.024989669870044	0.0	163444	4622.7809223501845	0.75	0.3
831573.1592992186	300	7.852091417651973	0.0	179328	4172.89825221807	0.75	0.3
831578.7622667492	300	6.249123887097114	0.0	159914	5602.967530554859	0.75	0.3
831580.6863289978	300	8.325061638417179	0.0	131610	1924.0622486799348	0.75	0.3
831582.5461373073	300	10.465253328990661	0.0	124011	1859.8083094265196	0.75	0.3
831584.5201557506	300	12.491234885712991	0.0	144254	1974.01844327767	0.75	0.3
831588.1788778738	300	12.832512762413373	0.0	149991	3658.7221232996185	0.75	0.3
831590.6648111661	300	14.346579469998394	0.0	147968	2485.933292414979	0.75	0.3
831595.2924414392	300	13.718949196842892	0.0	161857	4627.6302731555015	0.75	0.3
831597.3399604602	300	15.67143017589744	0.0	145210	2047.5190209454531	0.75	0.3
831599.8406777183	300	17.170712917820914	0.0	172312	2500.717258076525	0.75	0.3
831603.5197969269	300	17.49159370919529	0.0	167025	3679.119208625628	0.75	0.3
831609.752193046	750	15.25919759000147	0.0	393804	6232.396119193817	0.75	0.3
831622.5670436561	750	6.444346979952126	0.0	331053	12814.850610049343	0.75	0.75
831628.1727229351	300	4.838667700969935	0.0	118421	5605.679278982192	0.75	-0.15000000000000002
831642.0160094558	750	4.0	9.004618819757718	450283	13843.286520727652	0.75	-37.96986092495819
831646.1464556841	300	4.0	0.1304462282873128	155580	4130.446228287313	0.75	-0.7109187816354451
831649.683280469	300	4.463175214947915	0.0	139857	3536.8247850520847	0.75	0.3
831655.6633293935	300	4.0	1.5168737094607359	155432	5980.048924408651	0.75	-6.222556950681164
831664.0560989195	300	4.0	4.39276952596553	163442	8392.76952596553	0.75	-18.58890896165178
831666.7072522283	300	5.348846691235281	0.0	126289	2651.1533087647194	0.75	0.3
831669.3338990486	300	6.722199870873109	0.0	153295	2626.6468203621703	0.75	0.3
831671.7329520306	300	8.323146888826406	0.0	173849	2399.0529820467045	0.75	0.3
831674.1404605303	300	9.915638389157344	0.0	150710	2407.5084996690625	0.75	0.3
831677.1712004348	300	10.884898484585527	0.0	139105	3030.7399045718175	0.75	0.3
831680.8684161662	300	11.187682753254451	0.0	141840	3697.2157313310745	0.75	0.3
831684.5726996595	300	11.483399259921306	0.0	156148	3704.2834933331446	0.75	0.3
831687.492250929	300	12.563847990441063	0.0	160746	2919.5512694802446	0.75	0.3
831691.6691071619	300	12.386991757571206	0.0	179801	4176.856232869856	0.75	0.3
831693.69712419	300	14.358974729357197	0.0	140051	2028.0170282140105	0.75	0.3
831695.38476342	300	16.67133549944048	0.0	138313	1687.6392299167142	0.75	0.3
831696.9602545991	300	19.09584432028542	0.0	143509	1575.4911791550624	0.75	0.3
831700.7466197173	300	19.309479201984477	0.0	150616	3786.365118300944	0.75	0.3
831706.3137689556	300	17.74232996379091	0.0	165384	5567.149238193565	0.75	0.3
831708.6714744354	300	19.384624484055543	0.0	140881	2357.7054797353676	0.75	0.3
831710.8082672186	300	21.247831700780583	0.0	157671	2136.7927832749615	0.75	0.3
831717.3447028021	750	18.71139611719567	0.0	399894	6536.435583584912	0.75	0.3
831725.7928166246	750	14.263282294695054	0.0	401853	8448.113822500614	0.75	0.75
831732.0454354852	750	12.010663434083487	0.0	343800	6252.618860611568	0.75	0.75
831736.8751368802	750	11.180962039142702	0.0	359903	4829.701394940783	0.75	0.75
831741.719381522	750	10.33671739727252	0.0	379700	4844.244641870183	0.75	0.75
831747.2702264112	750	8.785872508102823	0.0	425781	5550.844889169699	0.75	0.75
831750.3173397728	750	9.738759146477275	0.0	277716	3047.1133616255484	0.75	0.75
831756.4647513704	750	7.591347548962198	0.0	400396	6147.411597515076	0.75	0.75
831762.7568020183	750	5.299296900980624	0.0	400508	6292.050647981573	0.75	0.75
831764.5722992576	300	7.483799661637338	0.0	157421	1815.497239343286	0.75	-0.15000000000000002
831767.9536046943	300	8.10249422492919	0.0	157488	3381.3054367081486	0.75	0.3
831772.7205332748	300	7.335565644526281	0.0	143881	4766.928580402909	0.75	0.3
831778.0216189735	300	6.0344799458317135	0.0	163444	5301.085698694567	0.75	0.3
831782.4166917304	300	5.639407188967272	0.0	179328	4395.0727568644415	0.75	0.3
831786.9554237238	300	5.100675195492264	0.0	159914	4538.7319934750085	0.75	0.3
831790.0724200197	300	5.983678899670579	0.0	131610	3116.9962958216847	0.75	0.3
831792.5900101535	300	7.466088765807504	0.0	124011	2517.5901338630756	0.75	0.3
831795.5734042911	300	8.482694628282639	0.0	144254	2983.394137524864	0.75	0.3
831799.1130985005	300	8.943000418768282	0.0	149991	3539.694209514356	0.75	0.3
831802.074792742	300	9.981306177204788	0.0	147968	2961.694241563495	0.75	0.3
831805.1738200921	300	10.882278827137732	0.0	161857	3099.027350067055	0.75	0.3
831808.7403382197	300	11.315760699543674	0.0	145210	3566.5181275940577	0.75	0.3
831815.1887295075	300	8.867369411726322	0.0	172312	6448.391287817352	0.75	0.3
831818.5670824513	300	9.48901646779194	0.0	167025	3378.352943934382	0.75	0.3
831821.7361528903	300	10.319946028936611	0.0	160064	3169.0704388553286	0.75	0.3
831824.4887155492	300	11.567383369882977	0.0	137507	2752.562659053635	0.75	0.3
831831.7421752284	750	8.313923690581735	0.0	314107	7253.4596793012415	0.75	0.3
831843.2544088807	750	4.0	3.1983099616010184	450283	11512.233652182753	0.75	-13.002732834884378
831846.4375632866	300	4.816845594011482	0.0	155580	3183.154405988518	0.75	-0.15000000000000002
831853.1933675122	300	4.0	1.9389586315985252	139857	6755.804225610007	0.75	-8.037522115873657
831865.6584811824	300	4.0	8.465113670247852	155432	12465.113670247852	0.75	-36.099988782065765
831873.2094218729	300	4.0	3.5509406903705694	163442	7550.940690370569	0.75	-14.969044968593447
831877.4016253538	300	4.0	0.19220348093151188	126289	4192.203480931512	0.75	-0.526474968005501
831882.2049043085	300	4.0	0.8032789547103757	153295	4803.278954710376	0.75	-3.1540995052546155
831886.8031928062	300	4.0	0.5982884976273762	173849	4598.288497627376	0.75	-2.272640539797718
831890.92204867	300	4.0	0.11885586381654867	150710	4118.855863816549	0.75	-0.21108021441115926
831896.3703628806	300	4.0	1.4483142104789086	139105	5448.3142104789085	0.75	-5.927751105059307
831910.6443635658	300	4.0	10.274000685162477	141840	14274.000685162477	0.75	-43.878202946198655
831919.8454078187	300	4.0	5.2010442528471446	156148	9201.044252847145	0.75	-22.06449028724272
831929.6672539115	300	4.0	5.821846092783704	160746	9821.846092783704	0.75	-24.733938198969927
831942.8126059539	300	4.0	9.145352042384877	179801	13145.352042384877	0.75	-39.02501378225497
831949.0376082058	300	4.0	2.2250022518698453	140051	6225.002251869845	0.75	-9.267509683040334
831953.266650424	300	4.0	0.22904221818318457	138313	4229.042218183185	0.75	-0.6848815381876936
831957.1516780835	300	4.1149723405638445	0.0	143509	3885.027659436156	0.75	0.3
831962.2032404351	300	4.0	0.9365900111149749	150616	5051.562351678819	0.75	-3.727337047794392
831965.532681914	300	4.670558521086021	0.0	165384	3329.4414789139796	0.75	0.3
831970.0108120451	300	4.192428390098054	0.0	140881	4478.130130987967	0.75	0.3
831977.2098610832	300	4.0	3.0066206479640996	157671	7199.049038062153	0.75	-12.628468786245627
831981.8173735461	300	4.0	0.6075124629190713	157812	4607.512462919071	0.75	-2.312303590552007
831985.9732566333	300	4.0	0.1558830871377204	163927	4155.88308713772	0.75	-0.3702972746921977
831989.8799992566	300	4.093257376623874	0.0	137654	3906.7426233761266	0.75	0.3
831992.8511101195	300	5.122146513830979	0.0	146754	2971.1108627928934	0.75	0.3
831997.0912481367	300	4.882008496545839	0.0	153938	4240.13801728514	0.75	0.3
831999.5806180437	300	6.392638589606219	0.0	181901	2489.3699069396203	0.75	0.3
832000.9123392237	300	9.060917409640401	0.0	111155	1331.7211799658173	0.75	0.3
832006.7794854471	300	7.193771186158478	0.0	153605	5867.146223481925	0.75	0.3
832009.7517109519	300	8.221545681327187	0.0	149029	2972.2255048312904	0.75	0.3
832013.7509114563	300	8.222345176958745	0.0	157421	3999.2005043684426	0.75	0.3
832019.7651760846	300	6.208080548610153	0.0	157488	6014.264628348592	0.75	0.3
832024.5437151822	300	5.429541451102864	0.0	143881	4778.539097507289	0.75	0.3
832028.6292107812	300	5.344045852106051	0.0	163444	4085.495598996813	0.75	0.3
832031.7749916674	300	6.198264965908654	0.0	179328	3145.780886197396	0.75	0.3
832033.8976409548	300	8.075615678444615	0.0	159914	2122.649287464039	0.75	0.3
832035.7353741722	300	10.237882461138236	0.0	131610	1837.73321730638	0.75	0.3
832037.2793523294	300	12.69390430388729	0.0	124011	1543.978157250946	0.75	0.3
832041.274316355	300	12.698940278440455	0.0	144254	3994.964025446835	0.75	0.3
832043.2356971869	300	14.7375594465167	0.0	149991	1961.3808319237564	0.75	0.3
832046.8608827759	300	15.112373857534298	0.0	147968	3625.185588982402	0.75	0.3
832048.6980794921	300	17.275177141335945	0.0	161857	1837.1967161983512	0.75	0.3
832050.3491402057	300	19.624116427859256	0.0	145210	1651.0607134766915	0.75	0.3
832052.2934776032	300	21.679779030294686	0.0	172312	1944.3373975645698	0.75	0.3
832058.7512619621	750	19.221994671483575	0.0	398987	6457.784358811112	0.75	0.3
832064.3243768122	750	17.64887982130027	0.0	393804	5573.114850183305	0.75	0.75
832076.4765184922	1200	9.496738141257076	0.0	538612	12152.141680043194	0.75	0.75
832088.9312303212	1200	4.0	2.9579736877393663	550906	12454.711828996442	0.75	-11.519286857279276
832097.6734476201	750	4.0	4.742217298939757	450283	8742.217298939757	0.75	-19.641534385440952
832101.9073718233	300	4.0	0.23392420312934428	155580	4233.924203129344	0.75	-1.1558740734561803
832104.7701974554	300	5.137174367956102	0.0	139857	2862.825632043898	0.75	0.3
832111.1196113368	300	4.0	1.2122395135115094	155432	6349.413881467612	0.75	-4.912629908099491
832114.764029116	300	4.355582220850809	0.0	163442	3644.4177791491907	0.75	0.3
832116.2567818018	300	6.862829535072471	0.0	126289	1492.7526857783375	0.75	0.3
832118.1145129002	300	9.005098436661443	0.0	153295	1857.7310984110286	0.75	0.3
832120.4359550306	300	10.683656306291136	0.0	173849	2321.4421303703075	0.75	0.3
832122.2860958563	300	12.833515480538148	0.0	150710	1850.1408257529874	0.75	0.3
832124.0844743821	300	15.035136954692291	0.0	139105	1798.3785258458565	0.75	0.3
832125.6798354405	300	17.439775896389126	0.0	141840	1595.3610583031684	0.75	0.3
832130.289208156	300	16.830403180766954	0.0	156148	4609.372715622174	0.75	0.3
832136.174144616	300	14.945466720893979	0.0	160746	5884.9364598729735	0.75	0.3
832140.2783272581	300	14.841284078750851	0.0	179801	4104.18264214313	0.75	0.3
832142.6887171326	300	16.43089420433168	0.0	140051	2410.3898744191724	0.75	0.3
832145.3444875492	300	17.7751237877028	0.0	138313	2655.770416628878	0.75	0.3
832148.1953534822	300	18.924257854728317	0.0	143509	2850.8659329744846	0.75	0.3
832151.2369640457	300	19.882647291199692	0.0	150616	3041.610563528622	0.75	0.3
832154.6222227783	300	20.497388558553293	0.0	165384	3385.2587326464027	0.75	0.3
832156.7147524554	300	22.404858881471284	0.0	140881	2092.529677082006	0.75	0.3
832158.6477060932	300	24.47190524358029	0.0	157671	1932.9536378909947	0.75	0.3
832160.3154176573	300	26.80419367955809	0.0	157812	1667.711564022204	0.75	0.3
832167.1716578327	750	23.94795350404312	0.0	401853	6856.240175514964	0.75	0.3
832174.4521150894	750	20.667496247390336	0.0	343800	7280.457256652788	0.75	0.75
832182.1574665387	750	16.962144798147687	0.0	359903	7705.351449242647	0.75	0.75
832193.7602725807	750	9.359338756238248	0.0	379700	11602.80604190944	0.75	0.75
832203.7345001712	750	4.0	0.6148888343733361	425781	9974.227590611585	0.75	-1.894021987805345
832205.3934788911	300	6.3410212800304535	0.0	111155	1658.9787199695468	0.75	-0.15000000000000002
832207.386773028	300	8.347727143278375	0.0	153605	1993.29413675208	0.75	0.3
832209.1788764048	300	10.555623766399915	0.0	149029	1792.1033768784605	0.75	0.3
832211.9884844531	300	11.746015718078079	0.0	157421	2809.608048321836	0.75	0.3
832214.6239253549	300	13.110574816158362	0.0	157488	2635.4409019197174	0.75	0.3
832217.0151182652	300	14.719381905906872	0.0	143881	2391.1929102514896	0.75	0.3
832220.4105583449	300	15.323941826141706	0.0	163444	3395.4400797651665	0.75	0.3
832222.331978761	300	17.402521410106797	0.0	179328	1921.4204160349088	0.75	0.3
832224.3272454282	300	19.407254742879857	0.0	159914	1995.266667226941	0.75	0.3
832229.4230237816	300	18.311476389439246	0.0	131610	5095.778353440611	0.75	0.3
832231.7800939498	300	19.954406221299177	0.0	124011	2357.0701681400665	0.75	0.3
832242.5238801232	750	13.210620047896029	0.0	378327	10743.786173403148	0.75	0.3
832253.9768917339	750	5.757608437101486	0.0	390680	11453.011610794543	0.75	0.75
832258.0469212625	300	5.687578908460347	0.0	147968	4070.0295286411388	0.75	-0.15000000000000002
832261.1951100138	300	6.539390157179349	0.0	161857	3148.1887512809994	0.75	0.3
832263.4749436922	300	8.259556478819817	0.0	145210	2279.833678359532	0.75	0.3
832267.8169842699	300	7.917515901141318	0.0	172312	4342.040577678499	0.75	0.3
832271.6393701669	300	8.095130004095333	0.0	167025	3822.3858970459846	0.75	0.3
832274.3288329882	300	9.405667182831968	0.0	160064	2689.4628212633675	0.75	0.3
832276.5517599785	300	11.182740192455421	0.0	137507	2222.926990376545	0.75	0.3
832283.0468837022	750	8.687616468816309	0.0	314107	6495.123723639113	0.75	0.3
832293.0101301547	750	4.0	1.2756299836749732	450283	9963.246452491281	0.75	-4.7352089298023845
832297.7341943689	300	4.0	0.7240642143684636	155580	4724.064214368464	0.75	-3.2634761217843935
832300.6075481274	300	5.126646241588553	0.0	139857	2873.353758411448	0.75	0.3
832302.6894588043	300	7.044735564628475	0.0	155432	2081.9106769600776	0.75	0.3
832305.866141008	300	7.8680533609815955	0.0	163442	3176.6822036468793	0.75	0.3
832308.6168634865	300	9.117330882513562	0.0	126289	2750.7224784680357	0.75	0.3
832314.0340325822	300	7.700161786921438	0.0	153295	5417.169095592123	0.75	0.3
832328.0678865393	300	4.0	6.33369217019018	173849	14033.853957111618	0.75	-26.934876331817772
832336.9257454129	300	4.0	4.857858873684039	150710	8857.85887368404	0.75	-20.588793156841366
832339.7086082699	300	5.21713714302396	0.0	139105	2782.86285697604	0.75	0.3
832342.0690363436	300	6.8567090693426795	0.0	141840	2360.4280736812793	0.75	0.3
832345.8386094805	300	7.087135932379817	0.0	156148	3769.5731369628625	0.75	0.3
832348.2209167529	300	8.704828659895862	0.0	160746	2382.3072724839553	0.75	0.3
832350.4607614025	300	10.464984010379656	0.0	179801	2239.844649516205	0.75	0.3
832352.0635552054	300	12.862190207561627	0.0	140051	1602.7938028180286	0.75	0.3
832353.768749578	300	15.156995834870434	0.0	138313	1705.1943726911932	0.75	0.3
832355.6494017057	300	17.276343707100015	0.0	143509	1880.652127770422	0.75	0.3
832357.3290195672	300	19.596725845532365	0.0	150616	1679.617861567651	0.75	0.3
832359.0211215807	300	21.90462383210152	0.0	165384	1692.1020134308421	0.75	0.3
832363.5904581276	750	21.335287285324995	0.0	350713	4569.336546776527	0.75	0.3
832368.2697103638	750	20.65603504901747	0.0	386472	4679.252236307526	0.75	0.75
832376.0017775042	750	16.923967908667347	0.0	399894	7732.067140350121	0.75	0.75
832384.2128141067	750	12.712931306125407	0.0	401853	8211.036602541939	0.75	0.75
832388.3978824846	750	12.527862928311192	0.0	343800	4185.068377814217	0.75	0.75
832390.6659923338	300	14.259753079109531	0.0	146754	2268.109849201661	0.75	-0.15000000000000002
832394.8983846604	300	14.027360752461984	0.0	153938	4232.392326647548	0.75	0.3
832397.1178275951	300	15.80791781774063	0.0	181901	2219.4429347213536	0.75	0.3
832398.4834840929	300	18.442261320019842	0.0	111155	1365.6564977207877	0.75	0.3
832401.2076339388	300	19.718111474072014	0.0	153605	2724.149845947827	0.75	0.3
832403.0556113035	300	21.87013410926927	0.0	149029	1847.977364802743	0.75	0.3
832406.7815392474	300	22.14420616540921	0.0	157421	3725.927943860061	0.75	0.3
832408.973726874	300	23.952018538767888	0.0	157488	2192.187626641325	0.75	0.3
832410.8642404955	300	26.061504917329376	0.0	143881	1890.51362143851	0.75	0.3
832417.3268158457	750	23.59892956700456	0.0	412837	6462.575350324817	0.75	0.3
832423.8974347572	750	21.028310655464928	0.0	401088	6570.6189115396355	0.75	0.75
832428.4476937681	750	20.478051644717503	0.0	365161	4550.2590107474225	0.75	0.75
832432.6310911458	750	20.294654267010962	0.0	321064	4183.397377706539	0.75	0.75
832438.2105267957	750	18.71521861697395	0.0	361565	5579.435650037012	0.75	0.75
832441.7548884052	750	19.170857007465006	0.0	378327	3544.3616095089433	0.75	0.75
832448.612329408	750	16.313416004770133	0.0	390680	6857.441002694872	0.75	0.75
832452.7441569202	750	16.18158849250727	0.0	345516	4131.827512262864	0.75	0.75
832458.5315147395	750	14.39423067314121	0.0	384505	5787.35781936606	0.75	0.75
832459.9933240023	300	16.932421410351584	0.0	145210	1461.809262789628	0.75	-0.15000000000000002
832467.0615502151	750	13.864195197518663	0.0	438281	7068.22621283292	0.75	0.3
832473.0955380095	750	11.830207403132063	0.0	398987	6033.9877943866	0.75	0.75
832477.0118946338	750	11.913850778843841	0.0	393804	3916.3566242882207	0.75	0.75
832480.2974849023	750	12.628260510355888	0.0	331053	3285.5902684879534	0.75	0.75
832490.0173623988	1850	6.908383013863146	0.0	846370	9719.877496492743	0.75	0.75
832494.9791617682	750	5.946583644375838	0.0	450283	4961.799369487308	0.75	0.75
832507.197405635	750	4.0	6.271660222440989	398865	12218.243866816827	0.75	-26.21813895649625
832511.046757984	300	4.150647651073854	0.0	139857	3849.352348926146	0.75	-0.15000000000000002
832515.3139590705	300	4.0	0.11655343539007754	155432	4267.2010864639315	0.75	-0.20117977217733335
832518.7939561609	300	4.5200029094920335	0.0	163442	3479.9970905079667	0.75	0.3
832520.8267826461	300	6.487176424168189	0.0	126289	2032.8264853238443	0.75	0.3
832525.0406259127	300	6.273333157656947	0.0	153295	4213.843266511242	0.75	0.3
832527.3778063051	300	7.93615276523261	0.0	173849	2337.1803924243372	0.75	0.3
832529.2621902385	300	10.051768831752048	0.0	150710	1884.3839334805612	0.75	0.3
832530.9345352578	300	12.37942381257648	0.0	139105	1672.3450191755678	0.75	0.3
832532.5585022143	300	14.755456855983383	0.0	141840	1623.9669565930974	0.75	0.3
832534.486782408	300	16.82717666224648	0.0	156148	1928.2801937369027	0.75	0.3
832536.1407238354	300	19.1732352347641	0.0	160746	1653.9414274823794	0.75	0.3
832538.6793159877	300	20.634643082470323	0.0	179801	2538.592152293774	0.75	0.3
832543.7714244438	750	19.542534626383524	0.0	337059	5092.108456086802	0.75	0.3
832551.3640164288	750	15.949942641386977	0.0	366214	7592.591984996546	0.75	0.75
832557.0021710382	750	14.311788032043442	0.0	360831	5638.1546093435345	0.75	0.75
832563.3853387301	750	11.928620340048598	0.0	372963	6383.167691994845	0.75	0.75
832570.8235784516	750	8.490380618496598	0.0	405596	7438.2397215519995	0.75	0.75
832579.1301338741	750	4.183825195915073	0.0	350713	8306.555422581525	0.75	0.75
832581.7432921992	300	5.570666870820136	0.0	157671	2613.158325094937	0.75	-0.15000000000000002
832583.9468646181	300	7.367094451957746	0.0	157812	2203.5724188623904	0.75	0.3
832585.8544185326	300	9.45954053746083	0.0	163927	1907.5539144969143	0.75	0.3
832587.4227662904	300	11.89119277969265	0.0	137654	1568.3477577681804	0.75	0.3
832589.1562955617	300	14.157663508425879	0.0	146754	1733.529271266772	0.75	0.3
832590.9348377457	300	16.379121324364764	0.0	153938	1778.5421840611132	0.75	0.3
832593.3289591797	300	17.984999890550345	0.0	181901	2394.1214338144214	0.75	0.3
832594.8663398818	300	20.44761918835619	0.0	111155	1537.380702194159	0.75	0.3
832599.5310479059	750	19.782911164239994	0.0	400396	4664.708024116192	0.75	0.3
832603.997144902	750	19.3168141681645	0.0	400508	4466.096996075496	0.75	0.75
832609.2230436803	750	18.09091538989489	0.0	358218	5225.8987782696095	0.75	0.75
832614.0405385083	750	17.273420561871024	0.0	400322	4817.494828023866	0.75	0.75
832618.1748664045	750	17.139092665639136	0.0	369834	4134.327896231891	0.75	0.75
832627.3014974314	750	12.012461638757474	0.0	412837	9126.631026881661	0.75	0.75
832635.5570142847	750	7.756944785507949	0.0	401088	8255.516853249525	0.75	0.75
832642.8345272617	750	4.479431808557073	0.0	365161	7277.512976950876	0.75	0.75
832646.7501893679	300	4.563769702229935	0.0	131610	3915.6621063271377	0.75	-0.15000000000000002
832648.2107210063	300	7.103238063794167	0.0	124011	1460.5316384357684	0.75	0.3
832649.8716883403	300	9.442270729807362	0.0	144254	1660.967333986806	0.75	0.3
832652.1281056629	300	11.185853407330338	0.0	149991	2256.417322477024	0.75	0.3
832653.9916829275	300	13.32227614267295	0.0	147968	1863.577264657388	0.75	0.3
832656.1885670801	300	15.12539199013966	0.0	161857	2196.8841525332896	0.75	0.3
832658.1793563415	300	17.13460272864109	0.0	145210	1990.78926149857	0.75	0.3
832660.5242801623	300	18.789678907752553	0.0	172312	2344.923820888538	0.75	0.3
832667.7661988582	750	15.547760211950637	0.0	398987	7241.918695801915	0.75	0.3
832676.6640219337	750	10.64993713638974	0.0	393804	8897.823075560897	0.75	0.75
832682.9861872498	750	8.327771820322555	0.0	331053	6322.165316067186	0.75	0.75
832688.9172012198	750	6.3967578502546205	0.0	314107	5931.013970067936	0.75	0.75
832697.0895358918	750	4.0	1.7755768217057666	450283	8172.334671960387	0.75	-6.884980333334796
832699.0828345718	300	6.006701319937452	0.0	155580	1993.298680062548	0.75	-0.15000000000000002
832700.9206418155	300	8.168894076289645	0.0	139857	1837.807243647808	0.75	0.3
832702.9827187954	300	10.10681709644277	0.0	155432	2062.0769798468755	0.75	0.3
832705.1461456491	300	11.943390242696019	0.0	163442	2163.426853746751	0.75	0.3
832706.7881734412	300	14.301362450743653	0.0	126289	1642.0277919523671	0.75	0.3
832710.0101386263	300	15.079397265578402	0.0	153295	3221.9651851652497	0.75	0.3
832712.2220894776	300	16.867446414369578	0.0	173849	2211.9508512088255	0.75	0.3
832714.3895011813	300	18.70003471050751	0.0	150710	2167.411703862067	0.75	0.3
832716.2908887212	300	20.798647170605083	0.0	139105	1901.3875399024269	0.75	0.3
832720.4612753624	750	20.628260529497123	0.0	353220	4170.38664110796	0.75	0.3
832725.6662757645	750	19.42326012739154	0.0	405134	5205.000402105583	0.75	0.75
832730.7704177996	750	18.319118092300968	0.0	386351	5104.142035090571	0.75	0.75
832735.8254884909	750	17.264047401025408	0.0	434409	5055.0706912755595	0.75	0.75
832739.4314789713	750	17.658056920544105	0.0	337059	3605.9904804812995	0.75	0.75
832748.5545863834	750	12.534949508460668	0.0	366214	9123.107412083438	0.75	0.75
832755.2194173235	750	9.870118568284372	0.0	360831	6664.830940176297	0.75	0.75
832760.7047674864	750	8.384768405312368	0.0	372963	5485.350162972003	0.75	0.75
832765.4138045874	750	7.675731304247528	0.0	405596	4709.0371010648405	0.75	0.75
832770.4184345534	750	6.671101338334212	0.0	350713	5004.629965913316	0.75	0.75
832772.9128032499	300	8.176732641704717	0.0	157671	2494.3686966294945	0.75	-0.15000000000000002
832775.8433012634	300	9.246234628242176	0.0	157812	2930.498013462541	0.75	0.3
832777.891554924	300	11.197980967659854	0.0	163927	2048.2536605823225	0.75	0.3
832780.1177580982	300	12.971777793570496	0.0	137654	2226.2031740893576	0.75	0.3
832782.6629254777	300	14.426610413963674	0.0	146754	2545.1673796068235	0.75	0.3
832786.7230467296	300	14.366489162164179	0.0	153938	4060.1212517994954	0.75	0.3
832791.4650864686	300	13.624449423197564	0.0	181901	4742.039738966614	0.75	0.3
832792.8974924514	300	16.192043440423845	0.0	111155	1432.4059827737206	0.75	0.3
832795.6238085962	300	17.465727295615267	0.0	153605	2726.316144808579	0.75	0.3
832797.4907553014	300	19.598780590291106	0.0	149029	1866.9467053241622	0.75	0.3
832799.1617752224	300	21.927760669316044	0.0	157421	1671.0199209750622	0.75	0.3
832802.1849529789	300	22.904582912943006	0.0	157488	3023.17775637304	0.75	0.3
832803.7624942333	300	25.327041658443278	0.0	143881	1577.5412544997257	0.75	0.3
832805.8732767567	300	27.216259135014027	0.0	163444	2110.7825234292523	0.75	0.3
832811.6569529036	750	25.43258298816399	0.0	401088	5783.676146850038	0.75	0.3
832818.6780241167	750	22.411511775109876	0.0	365161	7021.071213054115	0.75	0.75
832822.3313128378	750	22.758223053981496	0.0	321064	3653.288721128383	0.75	0.75
832827.1960033394	750	21.89353255229918	0.0	361565	4864.690501682315	0.75	0.75
832832.9614316386	750	20.128104253112678	0.0	378327	5765.428299186503	0.75	0.75
832838.4703708101	750	18.619165081554158	0.0	390680	5508.939171558519	0.75	0.75
832842.7077318833	750	18.381804008473352	0.0	345516	4237.361073080805	0.75	0.75
832847.5958205047	750	17.493715387091534	0.0	384505	4888.088621381815	0.75	0.75
832852.3157843498	750	16.77375154195226	0.0	372093	4719.963845139277	0.75	0.75
832859.5435404211	750	13.545995470697223	0.0	438281	7227.7560712550385	0.75	0.75
832864.9448134748	750	12.144722416922408	0.0	398987	5401.273053774814	0.75	0.75
832869.5901417393	750	11.499394152379091	0.0	393804	4645.328264543317	0.75	0.75
832874.0319274138	750	11.057608477900276	0.0	331053	4441.785674478815	0.75	0.75
832882.1035910136	1850	6.9859448781409235	0.0	846370	8071.663599759352	0.75	0.75

