0.9499772728452827	750	4.0	0.9499772728452827	450283	949.9772728452826	1	-3.3349022732347153
2.306229766523956	1200	6.6437475063213265	0.0	611087	1356.2524936786733	0.8114160531712018	0.75
4.525094316707469	1850	8.424882956137813	0.0	877771	2218.8645501835135	0.8114160531712018	1.2000000000000002
7.113555595581101	1850	9.83642167726418	0.0	933276	2588.4612788736313	0.8114160531712018	1.85
11.323853244827374	1850	9.626124028017909	0.0	996749	4210.297649246274	0.8114160531712018	1.85
13.487212536356603	1850	11.46276473648868	0.0	801058	2163.359291529228	0.8114160531712018	1.85
16.098808560955312	1850	12.851168711889972	0.0	905515	2611.5960245987076	0.8114160531712018	1.85
18.820158185947413	1850	14.12981908689787	0.0	1060487	2721.349624992103	0.8114160531712018	1.85
20.750170191660278	1850	16.199807081185007	0.0	852833	1930.0120057128618	0.8114160531712018	1.85
24.24176224884297	1850	16.708215024002314	0.0	913888	3491.5920571826928	0.8114160531712018	1.85
26.170594141707205	1850	18.77938313113808	0.0	939819	1928.8318928642352	0.8114160531712018	1.85
29.92505481018678	1850	19.024922462658505	0.0	917428	3754.460668479572	0.8114160531712018	1.85
32.52954757504094	1850	20.420429697804344	0.0	946851	2604.4927648541607	0.8114160531712018	1.85
35.12720310949519	1850	21.8227741633501	0.0	1036454	2597.655534454248	0.8114160531712018	1.85
38.2016232515721	1850	22.74835402127319	0.0	821631	3074.4201420769095	0.8114160531712018	1.85
41.066193602596975	1850	23.88378367024831	0.0	923170	2864.570351024879	0.8114160531712018	1.85
43.81188619940463	1850	25.138091073440652	0.0	966699	2745.6925968076575	0.8114160531712018	1.85
52.032849376369576	2850	20.917127896475712	0.0	1358801	8220.963176964942	0.8114160531712018	1.85
56.000391462412566	2850	20.94958581043272	0.0	1537156	3967.5420860429927	0.8114160531712018	2.85
58.954137073727956	2850	21.995840199117335	0.0	1336050	2953.745611315387	0.8114160531712018	2.85
62.259380940261636	2850	22.69059633258365	0.0	1415116	3305.2438665336836	0.8321760443268756	2.85
65.39149753932082	2850	23.558479733524457	0.0	1468126	3132.1165990591912	0.8321760443268756	2.85
68.8838442466777	2850	24.066133026167595	0.0	1505760	3492.346707356866	0.8321760443268756	2.85
72.50295341539045	2850	24.447023857454823	0.0	1323990	3619.109168712769	0.8321760443268756	2.85
77.97254119137115	2850	22.97743608147414	0.0	1383735	5469.587775980685	0.8321760443268756	2.85
85.54799417792935	2850	19.401983094915924	0.0	1480464	7575.4529865582135	0.8321760443268756	2.85
90.35519633773073	2850	18.59478093511456	0.0	1547572	4807.202159801363	0.8321760443268756	2.85
94.4215328680204	2850	18.528444404824878	0.0	1141971	4066.336530289683	0.8321760443268756	2.85
99.47400162492639	1850	17.4759756479189	0.0	972798	5052.468756905973	0.8321760443268756	0.8500000000000001
111.658328440701	1850	9.29164883214429	0.0	975811	12184.326815774612	0.8321760443268756	1.85
114.24964236287661	1200	10.70033490996866	0.0	570392	2591.31392217563	0.8321760443268756	0.5499999999999999
116.67729788649183	1200	12.272679386353456	0.0	620283	2427.655523615203	0.8321760443268756	1.2
118.88616457334503	1200	14.063812699500252	0.0	584349	2208.866686853205	0.8321760443268756	1.2
121.59117826420112	1200	15.358799008644148	0.0	670129	2705.013690856103	0.8321760443268756	1.2
124.07707520813415	1200	16.872902064711116	0.0	690253	2485.8969439330294	0.8321760443268756	1.2
129.10530313572195	1850	15.844674137123324	0.0	943942	5028.227927587794	0.8321760443268756	1.2000000000000002
132.20032097619776	1850	16.74965629664751	0.0	728962	3095.017840475813	0.8321760443268756	1.85
137.0733909799317	1850	15.87658629291358	0.0	938587	4873.07000373393	0.8321760443268756	1.85
139.97989339277018	1850	16.97008388007511	0.0	908665	2906.502412838471	0.8321760443268756	1.85
145.67820051395935	1850	15.271776758885899	0.0	930577	5698.307121189208	0.8321760443268756	1.85
150.88248185230918	1850	14.067495420536062	0.0	858450	5204.281338349836	0.8321760443268756	1.85
153.44787206765793	1200	15.502105205187316	0.0	641452	2565.3902153487466	0.8321760443268756	0.5499999999999999
155.67342045486714	1200	17.276556817978094	0.0	599477	2225.5483872092236	0.8321760443268756	1.2
160.64477829642445	1200	16.305198976420805	0.0	634861	4971.357841557287	0.8321760443268756	1.2
162.92820371192198	1200	18.021773560923265	0.0	630203	2283.425415497538	0.8321760443268756	1.2
165.28862179791383	1200	19.661355474931437	0.0	638661	2360.4180859918315	0.8321760443268756	1.2
169.01944736335267	2850	19.930529909492606	0.0	1231456	3730.8255654388313	0.8321760443268756	1.2000000000000002
172.71703661378	2850	20.232940659065246	0.0	1364537	3697.589250427359	0.8321760443268756	2.85
173.99944330708283	750	22.95053396576243	0.0	450283	1282.4066933028187	0.8321760443268756	0.75
178.25404081529373	1850	22.69593645755153	0.0	957685	4254.597508210902	0.8321760443268756	0.75
182.42787252239896	1850	22.522104750446317	0.0	877771	4173.831707105211	0.8321760443268756	1.85
185.59924427904528	1850	23.35073299379997	0.0	933276	3171.371756646348	0.8321760443268756	1.85
189.4630155535476	1850	23.48696171929765	0.0	996749	3863.771274502316	0.8321760443268756	1.85
191.767790634113	1850	25.18218663873225	0.0	801058	2304.7750805654	0.8321760443268756	1.85
195.4631383955862	1850	25.486838877259014	0.0	905515	3695.347761473237	0.8321760443268756	1.85
199.76666323188618	1850	25.183314040959054	0.0	1060487	4303.524836299963	0.8321760443268756	1.85
203.25834867754915	1850	25.69162859529609	0.0	852833	3491.685445662961	0.8321760443268756	1.85
206.19237458813717	1850	26.757602684708065	0.0	913888	2934.0259105880236	0.8321760443268756	1.85
208.80920475691195	1850	28.14077251593329	0.0	939819	2616.830168774777	0.8321760443268756	1.85
212.92007095257478	1850	28.029906320270477	0.0	917428	4110.86619566281	0.8321760443268756	1.85
215.53141853207495	1850	29.418558740770298	0.0	946851	2611.3475795001796	0.8321760443268756	1.85
218.53377701927994	2850	30.416200253565314	0.0	1578343	3002.358487204985	0.8321760443268756	1.85
221.91452388585495	2850	31.035453386990316	0.0	1231445	3380.746866574999	0.8321760443268756	2.85
225.19193846798183	2850	31.758038804863457	0.0	1471065	3277.4145821268608	0.8321760443268756	2.85
228.34493401400084	2850	32.605043258844425	0.0	1491626	3152.995546019031	0.8321760443268756	2.85
239.39960551308147	4300	25.550371759763795	0.0	2059512	11054.671499080627	0.8321760443268756	2.8499999999999996
249.13552601272073	4300	19.81445126012452	0.0	2220726	9735.920499639271	0.8321760443268756	4.3
256.717746547989	4300	16.232230724856233	0.0	2156729	7582.220535268289	0.8321760443268756	4.3
258.79722977604763	1850	18.15274749679765	0.0	891604	2079.4832280585824	0.8321760443268756	-0.6000000000000001
261.5832261933371	1850	19.366751079508138	0.0	955231	2785.9964172895166	0.8321760443268756	1.85
265.1312728398809	1850	19.818704432964378	0.0	968026	3548.04664654376	0.8321760443268756	1.85
267.23508025635476	1850	21.714897016490486	0.0	874175	2103.807416473891	0.8321760443268756	1.85
269.65103299200223	1850	23.29894428084306	0.0	897976	2415.9527356474237	0.8321760443268756	1.85
274.16306887022006	2850	22.786908402625226	0.0	1480464	4512.035878217835	0.8321760443268756	1.85
278.20512108829877	2850	22.744856184546478	0.0	1547572	4042.052218078749	0.8321760443268756	2.85
285.61879824232994	2850	19.331179030515308	0.0	1141971	7413.67715403117	0.8321760443268756	2.85
291.2997727656051	2850	17.650204507240197	0.0	1498470	5680.974523275113	0.8321760443268756	2.85
293.9975317313862	1850	18.952445541459078	0.0	975811	2697.7589657811163	0.8321760443268756	0.8500000000000001
296.06016113090107	1850	20.88981614194418	0.0	873429	2062.6293995148935	0.8321760443268756	1.85
298.7877001516583	1850	22.162277121186943	0.0	954453	2727.5390207572386	0.8321760443268756	1.85
300.9943905109773	1850	23.95558676186798	0.0	885062	2206.690359318965	0.8321760443268756	1.85
304.6558283189403	2850	24.29414895390498	0.0	1587293	3661.4378079629996	0.8321760443268756	1.85
308.6933708286654	2850	24.256606444179823	0.0	1492672	4037.5425097251577	0.8321760443268756	2.85
312.3497978993894	2850	24.60017937345586	0.0	1439896	3656.427070723962	0.8321760443268756	2.85
315.3911515929428	2850	25.558825679902505	0.0	1139291	3041.353693553356	0.8321760443268756	2.85
321.02059004340947	2850	23.929387229435765	0.0	1499009	5629.438450466738	0.8321760443268756	2.85
324.6723182733858	2850	24.27765899945945	0.0	1427478	3651.7282299763124	0.8321760443268756	2.85
330.29617849034565	2850	22.653798782499603	0.0	1402287	5623.860216959851	0.8321760443268756	2.85
335.8686447255464	2850	21.081332547298814	0.0	1339500	5572.466235200785	0.8321760443268756	2.85
339.6139818621489	2850	21.335995410696388	0.0	1527299	3745.3371366024244	0.8321760443268756	2.85
343.17369763852264	2850	21.77627963432257	0.0	1343002	3559.7157763738164	0.8321760443268756	2.85
347.0388030217357	2850	21.911174251109536	0.0	1587250	3865.105383213034	0.8321760443268756	2.85
351.3221284929559	2850	21.62784877988928	0.0	1464921	4283.325471220256	0.8321760443268756	2.85
356.9629645417403	4300	19.987012731104922	0.0	2246506	5640.836048784359	0.8321760443268756	2.8499999999999996
361.8879607243555	4300	19.062016548489744	0.0	1961140	4924.996182615176	0.8321760443268756	4.3
367.7109845328366	4300	17.238992740008644	0.0	2155012	5823.023808481098	0.8321760443268756	4.3
368.7424322312487	750	20.207545041596518	0.0	450283	1031.4476984121272	0.8321760443268756	0.75
372.1664473348326	2850	20.783529938012663	0.0	1431809	3424.0151035838544	0.8321760443268756	0.75
375.7273440757348	2850	21.222633197110444	0.0	1300868	3560.8967409022207	0.8321760443268756	2.85
381.01819963349453	2850	19.931777639350695	0.0	1520281	5290.855557759752	0.8321760443268756	2.85
384.83958113728727	2850	20.11039613555798	0.0	1472558	3821.3815037927147	0.8321760443268756	2.85
387.32759035962215	2850	21.622386913223092	0.0	1224260	2488.0092223348884	0.8321760443268756	2.85
392.1722393232607	2850	20.77773794958451	0.0	1388403	4844.648963638585	0.8321760443268756	2.85
400.557005560778	2850	16.392971712067236	0.0	1638769	8384.766237517271	0.8321760443268756	2.85
403.94824076614145	2850	17.001736506703796	0.0	1348011	3391.235205363441	0.8321760443268756	2.85
407.32028753286073	2850	17.629689739984517	0.0	1429765	3372.046766719279	0.8321760443268756	2.85
410.44443898615094	2850	18.505538286694254	0.0	1354548	3124.1514532902643	0.8321760443268756	2.85
414.95443971420366	2850	17.995537558641587	0.0	1519951	4510.000728052665	0.8321760443268756	2.85
418.95427399858687	2850	17.995703274258346	0.0	1422919	3999.8342843832393	0.8321760443268756	2.85
422.70073108567993	2850	18.249246187165248	0.0	1578343	3746.4570870930984	0.8321760443268756	2.85
425.98638753463644	2850	18.963589738208803	0.0	1231445	3285.6564489564453	0.8321760443268756	2.85
431.74937214619246	2850	17.20060512665277	0.0	1471065	5762.984611556033	0.8321760443268756	2.85
436.753393080025	2850	16.196584192820243	0.0	1491626	5004.02093383253	0.8321760443268756	2.85
440.392292687369	2850	16.557684585476242	0.0	1358801	3638.8996073440003	0.8321760443268756	2.85
447.41009621324076	2850	13.539881059604468	0.0	1537156	7017.8035258717755	0.8321760443268756	2.85
449.79758862840526	1850	15.152388644439972	0.0	923755	2387.492415164495	0.8321760443268756	0.8500000000000001
452.9069986603219	1850	16.042978612523264	0.0	891604	3109.4100319167087	0.8321760443268756	1.85
456.94432370948056	1850	16.00565356336463	0.0	955231	4037.3250491586373	0.8321760443268756	1.85
465.19239613766706	1850	11.757581135178146	0.0	968026	8248.07242818648	0.8321760443268756	1.85
467.9040263712372	1200	13.045950901608006	0.0	536667	2711.6302335701425	0.8321760443268756	0.5499999999999999
469.85029477800447	1200	15.099682494840739	0.0	587236	1946.268406767265	0.8321760443268756	1.2
471.882011645623	1200	17.06796562722223	0.0	590335	2031.7168676185138	0.8321760443268756	1.2
473.78823426513185	1200	19.161743007713326	0.0	696376	1906.2226195089002	0.8321760443268756	1.2
474.91632069751705	1200	22.033656575328106	0.0	487160	1128.0864323852168	0.8321760443268756	1.2
476.36560865765136	1200	24.584368615193814	0.0	622896	1449.2879601342925	0.8321760443268756	1.2
481.25067214726255	2850	23.699305125582583	0.0	1561263	4885.063489611226	0.8321760443268756	1.2000000000000002
486.4713080964182	2850	22.47866917642692	0.0	1341201	5220.635949155667	0.8321760443268756	2.85
490.3340905117365	2850	22.615886761108623	0.0	1497683	3862.782415318296	0.8321760443268756	2.85
497.9823408377247	2850	18.967636435120454	0.0	1358081	7648.2503259881705	0.8321760443268756	2.85
505.9176624169063	2850	15.03231485593885	0.0	1587293	7935.321579181603	0.8321760443268756	2.85
512.4292285754208	1850	12.520748697424343	0.0	1026056	6511.566158514505	0.8321760443268756	0.8500000000000001
515.2561737800709	1850	13.69380349277432	0.0	943942	2826.945204650024	0.8321760443268756	1.85
517.3447506152816	1850	15.605226657563634	0.0	728962	2088.576835210686	0.8321760443268756	1.85
519.4677956098919	1850	17.48218166295328	0.0	938587	2123.0449946103518	0.8321760443268756	1.85
521.7116254131876	1850	19.238351859657627	0.0	908665	2243.8298032956554	0.8321760443268756	1.85
524.459079962221	1850	20.490897310624106	0.0	930577	2747.4545490335177	0.8321760443268756	1.85
526.1917529181544	1850	22.75822435469089	0.0	858450	1732.6729559332214	0.8321760443268756	1.85
531.6929561086934	1850	21.25702116415185	0.0	1025005	5501.203190539037	0.8321760443268756	1.85
534.8227076387477	1850	22.12726963409748	0.0	886255	3129.751530054373	0.8321760443268756	1.85
538.7172182113449	1850	22.232759061500303	0.0	973972	3894.5105725971766	0.8321760443268756	1.85
545.2517591596849	2850	19.698218113160344	0.0	1464921	6534.540948339959	0.8321760443268756	1.85
551.8682794017102	2850	17.08169787113505	0.0	1483527	6616.520242025294	0.8321760443268756	2.85
557.3741577788232	2850	15.575819494021925	0.0	1231456	5505.878377113123	0.8321760443268756	2.85
563.4664000376379	2850	13.48357723520731	0.0	1364537	6092.242258814614	0.8321760443268756	2.85
565.5303773728263	750	15.419599900019024	0.0	450283	2063.9773351882877	0.8321760443268756	0.75
567.3678035243795	750	17.58217374846572	0.0	398865	1837.4261515533042	0.8321760443268756	0.75
569.9638928309636	1200	18.986084441881623	0.0	571051	2596.0893065840974	0.8321760443268756	0.75
572.7654370695345	1200	20.184540203310686	0.0	617681	2801.544238570936	0.8321760443268756	1.2
575.7220440450004	1200	21.227933227844773	0.0	652874	2956.6069754659143	0.8321760443268756	1.2
577.1324107432836	1200	23.817566529561617	0.0	520315	1410.3666982831558	0.8321760443268756	1.2

