33200.610612974895	750	4.0	2.747228378707316	450283	2747.228378707316	1	-11.063082028441459
33202.867453414605	750	5.743159560287786	0.0	398865	2256.8404397122144	0.27116226275099764	0.75
33205.22106408865	750	7.389548886248472	0.0	350812	2353.610674039314	0.27116226275099764	0.75
33207.891368650584	750	8.719244324308713	0.0	382355	2670.3045619397594	0.27116226275099764	0.75
33211.915778887036	1200	8.694834087862352	0.0	652874	4024.4102364463606	0.27116226275099764	0.75
33215.42882174095	1200	9.181791233944603	0.0	520315	3513.04285391775	0.27116226275099764	1.2
33218.87807233359	1200	9.732540641312024	0.0	561791	3449.2505926325794	0.27116226275099764	1.2
33224.11981265108	1200	8.49080032381909	0.0	709534	5241.740317492933	0.27116226275099764	1.2
33230.61923000029	1200	5.991382974608517	0.0	584846	6499.417349210573	0.27116226275099764	1.2
33234.59388527488	1200	6.0167277000153785	0.0	560821	3974.6552745931394	0.27116226275099764	1.2
33238.35235005637	1200	6.258262918533548	0.0	607410	3758.4647814818304	0.27116226275099764	1.2
33240.86511854132	1200	7.74549443357808	0.0	594078	2512.7684849554685	0.27116226275099764	1.2
33244.261848141716	1200	8.348764833183882	0.0	624282	3396.729600394197	0.27116226275099764	1.2
33247.24864488451	1200	9.361968090392415	0.0	687371	2986.796742791468	0.27116226275099764	1.2
33249.88201925492	1200	10.728593719980038	0.0	526950	2633.3743704123754	0.27116226275099764	1.2
33253.5173904318	1200	11.093222543100566	0.0	587876	3635.3711768794724	0.27116226275099764	1.2
33256.65924214889	1200	11.95137082601171	0.0	617242	3141.8517170888567	0.27116226275099764	1.2
33260.35117341242	1200	12.259439562483545	0.0	581493	3691.931263528164	0.27116226275099764	1.2
33264.06831009453	1200	12.54230288036662	0.0	639204	3717.1366821169245	0.27116226275099764	1.2
33268.19710523027	1200	12.413507744627612	0.0	586839	4128.795135739009	0.27116226275099764	1.2
33272.05816034568	1200	12.552452629218626	0.0	601738	3861.0551154089862	0.152883328128012	1.2
33276.96597370472	1850	11.64463927018056	0.0	955231	4907.813359038066	0.152883328128012	1.2000000000000002
33282.833694725436	1850	9.776918249462138	0.0	968026	5867.721020718423	0.152883328128012	1.85
33288.77440985515	1850	7.836203119751029	0.0	874175	5940.7151297111095	0.152883328128012	1.85
33292.49093483519	1200	8.11967813971221	0.0	587236	3716.524980038818	0.152883328128012	0.5499999999999999
33295.36114671183	1200	9.24946626306268	0.0	590335	2870.211876649532	0.152883328128012	1.2
33299.649646034704	1200	8.960966940188303	0.0	696376	4288.499322874375	0.152883328128012	1.2
33302.30879432319	1200	10.301818651708427	0.0	487160	2659.1482884798766	0.152883328128012	1.2
33305.52042082686	1200	11.090192148034493	0.0	622896	3211.6265036739337	0.152883328128012	1.2
33310.26926139714	1200	10.341351577761467	0.0	641447	4748.840570273028	0.152883328128012	1.2
33314.05577763243	1200	10.554835342465642	0.0	570392	3786.516235295826	0.152883328128012	1.2
33318.026010365276	1200	10.58460260961912	0.0	620283	3970.232732846522	0.152883328128012	1.2
33320.805898973296	1200	11.80471400160237	0.0	584349	2779.88860801675	0.152883328128012	1.2
33325.994134325454	1200	10.616478649439552	0.0	670129	5188.235352162818	0.152883328128012	1.2
33330.708538816194	1200	9.90207415869907	0.0	690253	4714.404490740481	0.152883328128012	1.2
33334.339007097675	1200	10.271605877222417	0.0	598727	3630.468281476654	0.152883328128012	1.2
33337.59910829947	1200	11.011504675421238	0.0	487812	3260.101201801178	0.152883328128012	1.2
33340.2527622529	1200	12.357850721993595	0.0	575591	2653.6539534276435	0.152883328128012	1.2
33343.77259772359	1200	12.838015251310214	0.0	605884	3519.83547068338	0.152883328128012	1.2
33346.44968737092	1200	14.160925603976281	0.0	587506	2677.0896473339353	0.152883328128012	1.2
33349.8579637307	1200	14.752649244201972	0.0	566904	3408.2763597743087	0.152883328128012	1.2
33354.94510650397	1850	13.665506470931604	0.0	1025005	5087.142773270369	0.152883328128012	1.2000000000000002
33359.76300805905	1850	12.847604915842997	0.0	886255	4817.901555088607	0.152883328128012	1.85
33365.22453710395	1850	11.386075870944184	0.0	973972	5461.529044898812	0.152883328128012	1.85
33371.7108540064	1850	8.899758968500231	0.0	958994	6486.316902443952	0.152883328128012	1.85
33376.223503131245	1850	8.387109843653718	0.0	982064	4512.6491248465145	0.152883328128012	1.85
33381.60186758035	1850	7.008745394552581	0.0	830730	5378.364449101136	0.152883328128012	1.85
33389.39917089763	2850	4.0	0.7885579227305834	1364537	7797.303317283165	0.152883328128012	-1.5407990677415087
33393.365114205524	750	4.03405669210963	0.0	450283	3965.9433078903703	0.152883328128012	0.75
33395.36119089947	750	6.03797999815928	0.0	398865	1996.07669395035	0.152883328128012	0.75
33398.27014891813	1200	7.129021979501685	0.0	571051	2908.958018657595	0.152883328128012	0.75
33402.95768986487	1200	6.44148103276536	0.0	617681	4687.540946736325	0.152883328128012	1.2
33407.42759050932	1200	5.97158038830822	0.0	652874	4469.90064445714	0.152883328128012	1.2
33410.06916896561	1200	7.330001932026093	0.0	520315	2641.5784562821273	0.152883328128012	1.2
33414.05544592586	1200	7.343724971777505	0.0	561791	3986.2769602485873	0.152883328128012	1.2
33417.50800681759	1200	7.8911640800481075	0.0	709534	3452.560891729398	0.152883328128012	1.2
33422.14148411123	1200	7.257686786404474	0.0	584846	4633.477293643634	0.152883328128012	1.2
33426.79004910611	1200	6.609121791527245	0.0	560821	4648.564994877229	0.152883328128012	1.2

