947404.602692277	750	4.0	3.4821045606376124	450283	3482.1045606376124	1	-14.223049610741732
947407.6981163268	750	4.904575950263243	0.0	398865	3095.424049736757	0.330593809398578	0.75
947410.3973136733	750	6.205378603850293	0.0	350812	2699.197346412949	0.330593809398578	0.75
947412.8628469137	750	7.739845363419172	0.0	382355	2465.5332404311207	0.330593809398578	0.75
947415.6191275509	750	8.983564726279122	0.0	411561	2756.280637140051	0.330593809398578	0.75
947417.8016034093	750	10.801088867857423	0.0	318564	2182.4758584216975	0.330593809398578	0.75
947420.3816457735	750	12.221046503578808	0.0	352642	2580.0423642786154	0.330593809398578	0.75
947425.236305243	1200	11.36638703407689	0.0	709534	4854.659469501918	0.330593809398578	0.75
947429.3021719023	1200	11.300520374829686	0.0	584846	4065.866659247203	0.330593809398578	1.2
947433.7176682148	1200	10.885024062279559	0.0	560821	4415.496312550127	0.330593809398578	1.2
947437.5640302005	1200	11.038662076654198	0.0	607410	3846.3619856253604	0.330593809398578	1.2
947441.6155865613	1200	10.987105715853112	0.0	594078	4051.5563608010875	0.330593809398578	1.2
947445.8082324807	1200	10.794459796545807	0.0	624282	4192.645919307304	0.330593809398578	1.2
947452.6018025735	1200	8.000889703577355	0.0	687371	6793.570092968452	0.330593809398578	1.2
947456.141956667	1200	8.460735610166763	0.0	526950	3540.1540934105924	0.330593809398578	1.2
947460.3007762337	1200	8.301916043406461	0.0	587876	4158.819566760302	0.330593809398578	1.2
947464.4830646376	1200	8.119627639400576	0.0	617242	4182.288404005884	0.330593809398578	1.2
947467.8881096898	1200	8.714582587194698	0.0	581493	3405.045052205879	0.330593809398578	1.2
947471.967030604	1200	8.635661672994186	0.0	639204	4078.9209142005125	0.330593809398578	1.2
947476.054054073	1200	8.548638203848325	0.0	586839	4087.023469145859	0.330593809398578	1.2
947480.171486034	1200	8.431206242926619	0.0	601738	4117.431960921706	0.2826882879779802	1.2
947484.3990992745	1200	8.203593002468736	0.0	616206	4227.613240457882	0.2826882879779802	1.2
947488.2437513421	1200	8.358940934934905	0.0	656471	3844.652067533832	0.2826882879779802	1.2
947491.6154289613	1200	8.987263315621087	0.0	536667	3371.677619313817	0.2826882879779802	1.2
947495.8299049613	1200	8.772787315795846	0.0	587236	4214.475999825242	0.2826882879779802	1.2
947499.9307031407	1200	8.671989136243484	0.0	590335	4100.798179552361	0.2826882879779802	1.2
947504.621514943	1200	7.981177333998305	0.0	696376	4690.811802245179	0.2826882879779802	1.2
947507.9115215688	1200	8.691170708261039	0.0	487160	3290.0066257372664	0.2826882879779802	1.2
947512.3386554454	1200	8.264036831752898	0.0	622896	4427.13387650814	0.2826882879779802	1.2
947518.1816330219	1200	6.421059255093033	0.0	641447	5842.977576659866	0.2826882879779802	1.2
947522.9563993058	1200	5.646292971238165	0.0	570392	4774.766283854868	0.2826882879779802	1.2
947527.4491026463	1200	5.1535896307563345	0.0	620283	4492.703340481831	0.2826882879779802	1.2
947530.0535100552	750	6.549182221947523	0.0	369834	2604.407408808812	0.2826882879779802	0.3
947532.8737013296	750	7.728990947486578	0.0	412837	2820.191274460944	0.2826882879779802	0.75
947535.6388773369	750	8.96381494023408	0.0	401088	2765.176007252498	0.2826882879779802	0.75
947537.6264585525	750	10.976233724544782	0.0	365161	1987.5812156892998	0.2826882879779802	0.75
947540.8181622203	1200	11.784530056893939	0.0	487812	3191.703667650844	0.2826882879779802	0.75
947544.6984440641	1200	11.904248213017029	0.0	575591	3880.2818438769095	0.2826882879779802	1.2
947548.8016856136	1200	11.801006663580319	0.0	605884	4103.241549436709	0.2826882879779802	1.2
947552.7972839886	1200	11.80540828862091	0.0	587506	3995.598374959409	0.2826882879779802	1.2
947556.8398931922	1200	11.762799085084739	0.0	566904	4042.609203536173	0.2826882879779802	1.2
947563.4700264415	1200	9.132665835801374	0.0	641452	6630.133249283364	0.2826882879779802	1.2
947567.5505663751	1200	9.05212590211293	0.0	599477	4080.5399336884448	0.2826882879779802	1.2
947571.7878483986	1200	8.814843878705389	0.0	634861	4237.282023407542	0.2826882879779802	1.2
947576.0353838464	1200	8.567308430889234	0.0	630203	4247.535447816155	0.2826882879779802	1.2
947580.2437483376	1200	8.358943939606398	0.0	638661	4208.364491282836	0.2826882879779802	1.2
947584.2435650415	1200	8.35912723578041	0.0	538612	3999.816703825987	0.2826882879779802	1.2
947594.5177637192	2850	4.0	1.9150714420192871	1364537	10274.198677799697	0.2826882879779802	-7.034807200682936
947597.6814818155	750	4.836281903581508	0.0	450283	3163.7180964184913	0.2826882879779802	0.75
947599.9151396315	750	6.602624087649965	0.0	398865	2233.6578159315427	0.2826882879779802	0.75
947601.3031109767	750	9.214652742446473	0.0	350812	1387.9713452034914	0.2826882879779802	0.75
947605.3840430112	1200	9.133720707956076	0.0	617681	4080.9320344903967	0.2826882879779802	0.75
947609.7921984033	1200	8.725565315889112	0.0	652874	4408.155392066964	0.2826882879779802	1.2
947613.2905505293	1200	9.227213189858915	0.0	520315	3498.352126030195	0.2826882879779802	1.2
947617.2693982489	1200	9.248365470140874	0.0	561791	3978.8477197180423	0.2826882879779802	1.2
947622.0287694334	1200	8.488994285676654	0.0	709534	4759.37118446422	0.2826882879779802	1.2
947626.0257479432	1200	8.492015775839075	0.0	584846	3996.9785098375787	0.2826882879779802	1.2
947630.3902150838	1200	8.127548635143066	0.0	560821	4364.467140696009	0.2826882879779802	1.2
947634.8289977416	1200	7.6887659773959705	0.0	607410	4438.782657747095	0.2826882879779802	1.2
947637.6367739107	750	8.88098980816769	0.0	405134	2807.7761692282797	0.2826882879779802	0.3
947641.0829143343	750	9.434849384608066	0.0	386351	3446.1404235596256	0.2826882879779802	0.75
947643.3813510265	750	11.13641269247531	0.0	434409	2298.436692132755	0.2826882879779802	0.75
947645.1230685863	750	13.394695132543292	0.0	337059	1741.7175599320171	0.2826882879779802	0.75
947647.6600600448	750	14.857703674052253	0.0	366214	2536.99145849104	0.2826882879779802	0.75
947650.1526116487	750	16.365152070312345	0.0	360831	2492.5516037399057	0.2826882879779802	0.75
947654.0479397571	1200	16.469823961901877	0.0	581493	3895.328108410467	0.2826882879779802	0.75
947658.2143192248	1200	16.30344449421587	0.0	639204	4166.379467686008	0.2826882879779802	1.2
947662.1037261714	1200	16.41403754762856	0.0	586839	3889.406946587311	0.2826882879779802	1.2
947666.7154921971	1200	15.802271521930702	0.0	601738	4611.766025697855	0.2826882879779802	1.2
947670.8323038022	1200	15.68545991666762	0.0	616206	4116.811605263083	0.2826882879779802	1.2
947675.2666878364	1200	15.251075882505447	0.0	656471	4434.384034162172	0.2826882879779802	1.2
947678.8703664496	1200	15.647397269371963	0.0	536667	3603.6786131334857	0.2826882879779802	1.2
947682.8550449014	1200	15.662718817643206	0.0	587236	3984.678451728756	0.2826882879779802	1.2
947686.5143974012	1200	16.0033663177452	0.0	590335	3659.3524998980074	0.2826882879779802	1.2
947688.9801950065	1200	17.5375687124721	0.0	696376	2465.7976052730996	0.2826882879779802	1.2
947692.1434269734	1200	18.374336745571092	0.0	487160	3163.2319669010058	0.2826882879779802	1.2
947696.0545808357	1200	18.463182883270232	0.0	622896	3911.153862300863	0.2826882879779802	1.2
947699.6607654083	1200	18.85699831073301	0.0	641447	3606.184572537221	0.2826882879779802	1.2
947703.1991876183	1850	19.31857610058724	0.0	873429	3538.422210145769	0.2826882879779802	1.2000000000000002
947710.578297032	1850	15.93946668695526	0.0	954453	7379.10941363198	0.2826882879779802	1.85
947716.7542243014	1850	13.763539417527175	0.0	885062	6175.9272694280835	0.2826882879779802	1.85
947724.5931739579	1850	9.924589761067823	0.0	1035329	7838.949656459352	0.2826882879779802	1.85
947729.3352999279	1200	9.18246379114164	0.0	690253	4742.1259699261855	0.2826882879779802	0.5499999999999999
947733.6077299584	1200	8.91003376049941	0.0	598727	4272.430030642229	0.2826882879779802	1.2
947736.976233953	1200	9.541529765885066	0.0	487812	3368.503994614343	0.2826882879779802	1.2
947740.8359798572	1200	9.681783861680222	0.0	575591	3859.745904204845	0.2826882879779802	1.2
947744.9364458545	1200	9.581317864301523	0.0	605884	4100.4659973786975	0.2826882879779802	1.2
947748.9437105561	1200	9.574053162734632	0.0	587506	4007.2647015668917	0.2826882879779802	1.2
947752.7625844092	1200	9.755179309688513	0.0	566904	3818.8738530461173	0.2826882879779802	1.2
947757.0750276622	1200	9.442736056812548	0.0	641452	4312.443252875966	0.2826882879779802	1.2
947760.9344597076	1200	9.583304011322785	0.0	599477	3859.432045489762	0.2826882879779802	1.2
947765.3930447241	1200	9.124718994832898	0.0	634861	4458.5850164898875	0.2826882879779802	1.2
947770.4617501004	1200	8.056013618593438	0.0	630203	5068.705376239461	0.2826882879779802	1.2
947775.3237603875	1200	7.194003331466524	0.0	638661	4862.010287126913	0.2826882879779802	1.2
947779.1774690817	1200	7.340294637214663	0.0	538612	3853.7086942518613	0.2826882879779802	1.2
947785.1251640847	1850	5.392599634308378	0.0	846370	5947.6950029062855	0.2826882879779802	1.2000000000000002
947788.4131220666	750	6.104641652358156	0.0	450283	3287.957981950222	0.2826882879779802	0.75
947791.2709282177	750	7.246835501344518	0.0	398865	2857.806151013637	0.2826882879779802	0.75
947793.7164346162	750	8.801329102841386	0.0	350812	2445.5063985031315	0.2826882879779802	0.75
947796.3480503875	750	10.169713331593515	0.0	382355	2631.6157712478703	0.2826882879779802	0.75
947799.2101484293	750	11.30761528980428	0.0	411561	2862.0980417892356	0.2826882879779802	0.75
947802.7854459228	1200	11.732317796383226	0.0	520315	3575.297493421054	0.2826882879779802	0.75
947806.5121849426	1200	12.005578776569935	0.0	561791	3726.73901981329	0.2826882879779802	1.2
947811.4874511601	1200	11.030312559148252	0.0	709534	4975.266217421684	0.2826882879779802	1.2
947815.4753356089	1200	11.042428110203701	0.0	584846	3987.884448944549	0.2826882879779802	1.2
947819.2598799148	1200	11.25788380434384	0.0	560821	3784.544305859863	0.2826882879779802	1.2
947823.4212387404	1200	11.096524978616044	0.0	607410	4161.358825727795	0.2826882879779802	1.2
947827.4808067443	1200	11.036956974680914	0.0	594078	4059.56800393513	0.2826882879779802	1.2
947831.7474196583	1200	10.770344060676011	0.0	624282	4266.612914004901	0.2826882879779802	1.2
947836.3972764184	1200	10.120487300492565	0.0	687371	4649.8567601834475	0.2826882879779802	1.2
947839.9450350564	1200	10.572728662478305	0.0	526950	3547.7586380142607	0.2826882879779802	1.2
947843.946555927	1200	10.571207791929943	0.0	587876	4001.5208705483615	0.2826882879779802	1.2
947849.9107291838	1200	8.607034535162366	0.0	617242	5964.173256767575	0.2826882879779802	1.2
947855.0077491291	1200	7.510014589872778	0.0	581493	5097.0199452895895	0.2826882879779802	1.2
947860.0100474277	1200	6.5077162911366395	0.0	639204	5002.298298736138	0.2826882879779802	1.2
947863.9986999757	1200	6.519063743346344	0.0	586839	3988.6525477902956	0.2826882879779802	1.2
947868.082773281	1200	6.434990438021441	0.0	601738	4084.0733053249023	0.2826882879779802	1.2
947870.7855122254	750	7.732251493661348	0.0	399894	2702.7389443600937	0.2826882879779802	0.3
947873.1257987194	750	9.39196499962496	0.0	401853	2340.286494036387	0.2826882879779802	0.75
947875.4516866829	750	11.066077036222763	0.0	343800	2325.8879634021973	0.2826882879779802	0.75
947879.4690689513	1200	11.048694767692442	0.0	587236	4017.3822685303194	0.2826882879779802	0.75
947883.4625121652	1200	11.055251553885	0.0	590335	3993.443213807443	0.2826882879779802	1.2
947888.2475073216	1200	10.270256397458931	0.0	696376	4784.995156426069	0.2826882879779802	1.2
947891.6018622936	1200	10.91590142539982	0.0	487160	3354.3549720591122	0.2826882879779802	1.2
947895.2813608897	1200	11.236402829299761	0.0	622896	3679.4985961000593	0.2826882879779802	1.2
947898.900429355	1200	11.617334363908594	0.0	641447	3619.068465391166	0.2826882879779802	1.2
947901.5319609367	1200	12.98580278216031	0.0	570392	2631.5315817482833	0.2826882879779802	1.2
947904.3590165561	1200	14.158747162948758	0.0	620283	2827.055619211551	0.2826882879779802	1.2
947907.0641335996	1200	15.453630119287311	0.0	584349	2705.117043661448	0.2826882879779802	1.2
947912.4796259766	1850	14.038137742227274	0.0	1035329	5415.492377060035	0.2826882879779802	1.2000000000000002
947916.9828290141	1850	13.534934704884382	0.0	1026056	4503.2030373428925	0.2826882879779802	1.85
947921.8767007539	1850	12.641062965055298	0.0	943942	4893.871739829083	0.2826882879779802	1.85
947926.7415654839	1850	11.776198235194766	0.0	728962	4864.864729860532	0.2826882879779802	1.85
947932.9362192114	1850	9.581544507542535	0.0	938587	6194.65372765223	0.2826882879779802	1.85
947936.5954605197	1850	9.922303199364531	0.0	908665	3659.2413081780046	0.2826882879779802	1.85
947941.4178536201	1850	9.099910098881987	0.0	930577	4822.3931004825445	0.2826882879779802	1.85
947946.5325609642	1850	7.985202754772513	0.0	858450	5114.7073441094735	0.2826882879779802	1.85
947949.7377405636	1200	8.780023155403383	0.0	641452	3205.179599369132	0.2826882879779802	0.5499999999999999
947952.8740921245	1200	9.643671594553139	0.0	599477	3136.3515608502444	0.2826882879779802	1.2
947958.0621418868	1200	8.455621832148077	0.0	634861	5188.049762405061	0.2826882879779802	1.2

