243927.67665142374	750	4.0	2.638001737517281	450283	2638.001737517281	0.8	-10.593407471324308
243931.707960403	1200	4.0	0.03130897925037698	611087	4031.308979250377	0.8	0.615371389223379
243936.0195956383	1200	4.0	0.3116352352991216	571051	4311.635235299122	0.8	-0.14003151178622297
243939.5293772195	1200	4.490218418797569	0.0	617681	3509.7815812024314	0.8	1.2
243943.3281423289	1200	4.691453309415596	0.0	652874	3798.7651093819723	0.7	1.2
243948.1087565897	1200	4.0	0.08916095139900881	520315	4780.614260814606	0.7	0.816607908984262
243950.7821474763	750	5.326609113392693	0.0	352642	2673.390886607307	0.7	0.3
243952.95553101797	750	7.153225571763923	0.0	437162	2173.3835416287698	0.7	0.75
243955.75400052985	750	8.35475605986519	0.0	374758	2798.4695118987324	0.7	0.75
243957.98879870525	750	10.119957884460232	0.0	362795	2234.7981754049583	0.7	0.75
243959.73972408206	750	12.369032507669155	0.0	353220	1750.9253767910784	0.7	0.75
243962.5872136949	1200	13.521542894813262	0.0	594078	2847.489612855893	0.7	0.75
243966.3792476786	1200	13.729508911141629	0.0	624282	3792.0339836716325	0.7	1.2
243970.51058640613	1200	13.59817018356469	0.0	687371	4131.338727576938	0.7	1.2
243973.45052970218	1200	14.658226887533901	0.0	526950	2939.94329603079	0.7	1.2
243977.15990346356	1200	14.948853126148236	0.0	587876	3709.3737613856647	0.7	1.2
243981.33074585916	1200	14.778010730584736	0.0	617242	4170.842395563501	0.7	1.2
243984.11443083556	1200	15.994325754173623	0.0	581493	2783.6849764111116	0.7	1.2
243989.15609684982	1200	14.95265973989623	0.0	639204	5041.666014277394	0.7	1.2
243992.44335456364	1200	15.665402026082552	0.0	586839	3287.2577138136785	0.7	1.2
243996.9833648258	1200	15.125391763931882	0.0	601738	4540.010262150669	0.7	1.2
244000.52233866224	1200	15.586417927516807	0.0	616206	3538.973836415075	0.7	1.2
244005.4256681119	1200	14.683088477856376	0.0	656471	4903.329449660432	0.7	1.2
244008.08823145993	1200	16.020525129844724	0.0	536667	2662.5633480116503	0.7	1.2
244011.466329814	1200	16.64242677576536	0.0	587236	3378.0983540793636	0.7	1.2
244014.41601497837	1200	17.692741611376302	0.0	590335	2949.685164389059	0.7	1.2
244020.616022893	1200	15.492733696784672	0.0	696376	6200.007914591631	0.7	1.2
244023.1114975763	1200	16.997259013479677	0.0	487160	2495.4746833049953	0.7	1.2
244026.35853363073	1200	17.75022295904395	0.0	622896	3247.0360544357286	0.7	1.2
244030.0342231396	1200	18.07453345017043	0.0	641447	3675.689508873519	0.7	1.2
244032.83565327997	1200	19.273103309826308	0.0	570392	2801.4301403441264	0.7	1.2
244035.9221127345	1200	20.18664385528849	0.0	620283	3086.459454537817	0.7	1.2
244039.26043097017	1200	20.848325619620503	0.0	584349	3338.318235667988	0.7	1.2
244042.8924945354	1200	21.216262054383968	0.0	670129	3632.0635652365354	0.7	1.2

