366015.0454589572	750	4.0	9.534054872630644	450283	9534.054872630644	0.7	-40.24643595231177
366017.50651148456	300	5.538947472609147	0.0	155580	2461.0525273908534	0.7	-0.15000000000000002
366019.8326169561	300	7.212842001072562	0.0	139857	2326.105471536585	0.7	0.3
366022.33674223046	300	8.708716726717379	0.0	155432	2504.1252743551836	0.7	0.3
366024.93385305954	300	10.111605897673204	0.0	163442	2597.1108290441757	0.7	0.3
366026.9617356109	300	12.083723346326325	0.0	126289	2027.8825513468794	0.7	0.3
366029.4518631146	300	13.593595842610249	0.0	153295	2490.1275037160785	0.7	0.3
366032.75822399056	300	14.287234966664206	0.0	173849	3306.3608759460426	0.7	0.3
366036.11008909316	300	14.935369864071067	0.0	150710	3351.8651025931395	0.7	0.3
366038.3478064418	300	16.697652515441725	0.0	139105	2237.7173486293404	0.7	0.3
366040.2085730886	300	18.836885868658655	0.0	141840	1860.7666467830713	0.7	0.3
366042.24897318985	300	20.79648576740454	0.0	156148	2040.4001012541103	0.7	0.3
366044.347100061	300	22.69835889625542	0.0	160746	2098.126871149123	0.7	0.3
366046.68445781525	300	24.36100114203769	0.0	179801	2337.3577542177313	0.7	0.3
366048.5227640028	300	26.522694954441697	0.0	140051	1838.306187595995	0.7	0.3
366052.79488492745	750	26.250574029776754	0.0	366214	4272.120924664941	0.7	0.3
366057.00389658805	750	26.041562369224614	0.0	360831	4209.011660552139	0.7	0.75
366061.241243837	750	25.80421512023053	0.0	372963	4237.347248994083	0.7	0.75
366066.5509929759	750	24.494465981314026	0.0	405596	5309.74913891651	0.7	0.75
366070.59345111775	750	24.45200783942707	0.0	350713	4042.458141886957	0.7	0.75
366075.2342650608	750	23.811193896427653	0.0	386472	4640.813942999414	0.7	0.75
366079.77800217294	750	23.267456784249937	0.0	399894	4543.737112177713	0.7	0.75
366084.4431796036	750	22.602279353546077	0.0	401853	4665.17743070386	0.7	0.75
366087.8603875469	750	23.185071410308836	0.0	343800	3417.2079432372416	0.7	0.75
366091.05799515574	750	23.987463801457356	0.0	359903	3197.6076088514815	0.7	0.75
366094.89142278733	750	24.15403616988613	0.0	379700	3833.427631571225	0.7	0.75
366099.1803724065	750	23.865086550718292	0.0	425781	4288.949619167836	0.7	0.75
366101.9080186544	750	25.13744030281686	0.0	277716	2727.646247901434	0.7	0.75
366105.6769446085	750	25.368514348737374	0.0	400396	3768.925954079484	0.7	0.75
366109.44690244034	750	25.59855651694968	0.0	400508	3769.9578317876953	0.7	0.75
366115.08004715637	1200	23.965411800863375	0.0	570392	5633.144716086308	0.7	0.75
366121.0162178472	1200	22.029241110117287	0.0	620283	5936.1706907460875	0.7	1.2
366126.6329405846	1200	20.41251837270299	0.0	584349	5616.722737414296	0.7	1.2
366134.2531398858	1200	16.792319071523316	0.0	670129	7620.199301179673	0.7	1.2
366142.284077645	1200	12.761381312288592	0.0	690253	8030.937759234726	0.7	1.2
366148.41339397023	1200	10.632064987069903	0.0	598727	6129.316325218688	0.7	1.2
366151.81015947676	750	11.235299480586663	0.0	321064	3396.76550648324	0.7	0.3
366155.5977739534	750	11.447685003942544	0.0	361565	3787.61447664412	0.7	0.75
366159.5138310924	750	11.531627864915503	0.0	378327	3916.057139027042	0.7	0.75
366163.11068596126	750	11.934772996110324	0.0	390680	3596.8548688051796	0.7	0.75
366167.5251126239	750	11.520346333498884	0.0	345516	4414.42666261144	0.7	0.75
366172.64232751256	750	10.403131444792292	0.0	384505	5117.214888706591	0.7	0.75
366178.8488631302	750	8.196595827170484	0.0	372093	6206.535617621807	0.7	0.75

