52330.92117107111	750	4.0	2.270553829200454	450283	2270.553829200454	1	-9.013381465561952
52332.69680613877	750	6.224364932346131	0.0	398865	1775.6350676538689	1	0.75
52334.268160680665	750	8.653010390449026	0.0	350812	1571.3545418971057	1	0.75
52335.97360925673	750	10.94756181438245	0.0	382355	1705.4485760665762	1	0.75
52344.10619349766	750	6.814977573452833	0.0	411561	8132.584240929617	1	0.75
52351.48165099774	750	4.0	0.5604799266251966	318564	7375.45750007803	1	-1.6600636844883456
52354.36778212934	300	5.11386886839542	0.0	153295	2886.1311316045803	1	-0.15000000000000002
52357.391520173245	300	6.090130824489699	0.0	173849	3023.73804390572	1	0.3
52360.347304323	300	7.134346674739288	0.0	150710	2955.78414975041	1	0.3
52363.1496788293	300	8.331972168439375	0.0	139105	2802.374506299913	1	0.3
52364.8533752203	300	10.62827577743645	0.0	141840	1703.696391002926	1	0.3
52366.52400095147	300	12.957650046265446	0.0	156148	1670.625731171004	1	0.3
52368.248452036845	300	15.233198960890508	0.0	160746	1724.4510853749375	1	0.3
52370.186581706155	300	17.29506929157284	0.0	179801	1938.129669317669	1	0.3
52371.713920254435	300	19.7677307433022	0.0	140051	1527.3385482706374	1	0.3
52373.43900977256	300	22.04264122517126	0.0	138313	1725.0895181309402	1	0.3
52375.26309644763	300	24.218554550107275	0.0	143509	1824.0866750639882	1	0.3
52377.173555573194	300	26.308095424537186	0.0	150616	1910.4591255700875	1	0.3
52378.964006375034	300	28.51764462269742	0.0	165384	1790.4508018397664	1	0.3
52380.2558356475	300	31.225815350234967	0.0	140881	1291.8292724624548	1	0.3
52381.69208903311	300	33.7895619646228	0.0	157671	1436.2533856121672	1	0.3
52385.23316599301	750	34.2484850047192	0.0	399894	3541.076959903603	1	0.3
52388.78254565541	750	34.699105342316194	0.0	401853	3549.3796624030106	1	0.75
52391.65088505605	750	35.830765941678386	0.0	343800	2868.339400637809	1	0.75
52397.66243598032	750	33.81921501740408	0.0	359903	6011.5509242743055	1	0.75
52400.38636154479	750	35.09528945292606	0.0	379700	2723.925564478021	1	0.75
52403.45875403761	750	36.0228969601099	0.0	425781	3072.392492816167	1	0.75
52405.568951020985	750	37.91269997673789	0.0	277716	2110.196983372003	1	0.75
52408.57597989708	750	38.90567110064066	0.0	400396	3007.028876097224	1	0.75
52411.583827530696	750	39.897823467028076	0.0	400508	3007.847633612591	1	0.75
52414.60210421425	750	40.879546783475575	0.0	358218	3018.276683552496	1	0.75
52420.57879798536	1200	38.902853012369555	0.0	620283	5976.693771106026	1	0.75
52425.23301474025	1200	38.24863625747932	0.0	584349	4654.216754890234	1	1.2
52430.314247432376	1200	37.16740356535735	0.0	670129	5081.232692121974	1	1.2
52435.50242565114	1200	35.97922534658872	0.0	690253	5188.1782187686285	1	1.2
52441.188141041275	1200	34.29350995645064	0.0	598727	5685.715390138085	1	1.2
52453.10742951679	1200	26.374221480940236	0.0	487812	11919.2884755104	1	1.2
52459.68840539138	1200	23.79324560635027	0.0	575591	6580.975874589969	1	1.2
52465.67908392764	1200	21.80256707009391	0.0	605884	5990.678536256358	1	1.2
52471.99402292145	1200	19.487628076284736	0.0	587506	6314.938993809178	1	1.2
52476.990270736365	1200	18.49138026136749	0.0	566904	4996.247814917245	1	1.2
52481.388642478014	1200	18.093008519725228	0.0	641452	4398.371741642263	1	1.2
52483.91101672902	750	19.570634268715352	0.0	372093	2522.374251009873	1	0.3
52486.93077691284	750	20.5508740848882	0.0	438281	3019.760183827153	1	0.75
52489.89204303587	750	21.5896079618646	0.0	398987	2961.2661230236013	1	0.75
52494.56959916008	1200	20.91205183765768	0.0	638661	4677.5561242069225	1	0.75
52501.223321681755	1850	18.2583293159881	0.0	830730	6653.722521669576	1	1.2000000000000002
52509.37158930033	2850	14.110061697409405	0.0	1364537	8148.267618578695	1	1.85

