5.52878823926276	750	4.0	5.52878823926276	450283	5528.788239262761	1	-23.02378942882987
7.196714771889226	300	6.332073467373534	0.0	155580	1667.9265326264656	0.6194337863131097	-0.15000000000000002
11.466236415912526	300	6.062551823350234	0.0	139857	4269.5216440233	0.6194337863131097	0.3
12.487110815804458	300	9.041677423458301	0.0	155432	1020.8743998919333	0.6194337863131097	0.3
13.426320149445676	300	12.102468089817085	0.0	163442	939.2093336412164	0.6194337863131097	0.3
14.0504495486055	300	15.478338690657262	0.0	126289	624.129399159824	0.6194337863131097	0.3
14.611581444384866	300	18.91720679487789	0.0	153295	561.1318957793678	0.6194337863131097	0.3
15.237224152557653	300	22.291564086705108	0.0	173849	625.6427081727865	0.6194337863131097	0.3
17.993926967869346	1850	23.534861271393417	0.0	852833	2756.7028153116908	0.6194337863131097	0.30000000000000004
20.70678281690384	1850	24.822005422358917	0.0	913888	2712.8558490344967	0.6194337863131097	1.85
22.796931585064268	1850	26.73185665419849	0.0	939819	2090.1487681604267	0.6194337863131097	1.85
24.83918896023532	1850	28.68959927902744	0.0	917428	2042.2573751710527	0.6194337863131097	1.85
26.94437824804655	1850	30.584409991216205	0.0	946851	2105.1892878112358	0.6194337863131097	1.85
31.891107121906092	4300	29.637681117356667	0.0	2275376	4946.72887385954	0.6194337863131097	1.8499999999999996
36.260390834536025	4300	29.268397404726738	0.0	2005399	4369.283712629932	0.6194337863131097	4.3
64.46201690014153	4300	5.06677133912122	0.0	2152483	28201.626065605516	0.6194337863131097	4.3
70.14128584973886	1200	4.0	0.6124976104761017	617242	5679.268949597322	0.6194337863131097	-4.533739725047237
72.72880874058812	750	5.412477109150737	0.0	372963	2587.522890849263	0.6194337863131097	0.3
75.6766894225162	750	6.464596427222652	0.0	405596	2947.8806819280853	0.6194337863131097	0.75
82.41439178248208	750	4.0	0.2731059327432167	350713	6737.702359965869	0.6194337863131097	-0.4243555107958319
84.35871720848954	300	6.055674573992532	0.0	157671	1944.3254260074673	1.0825540420252946	-0.15000000000000002
85.97677452994604	300	8.437617252536045	0.0	157812	1618.057321456487	1.0825540420252946	0.3
87.29014860061815	300	11.124243181863934	0.0	163927	1313.3740706721117	1.0825540420252946	0.3
88.40584665111805	300	14.008545131364023	0.0	137654	1115.6980504999106	1.0825540420252946	0.3
89.59001239786761	300	16.824379384614467	0.0	146754	1184.1657467495595	1.0825540420252946	0.3
92.08813685532749	300	18.326254927154586	0.0	153938	2498.1244574598763	1.0825540420252946	0.3
100.28938488669654	750	14.125006895785537	0.0	425781	8201.24803136905	1.0825540420252946	0.3
103.49166691626249	750	14.922724866219584	0.0	277716	3202.282029565953	1.0825540420252946	0.75
108.97736106291755	750	13.437030719564516	0.0	400396	5485.694146655067	1.0825540420252946	0.75
114.04581370969727	750	12.368578072784807	0.0	400508	5068.45264677971	1.0825540420252946	0.75
115.96833850390941	300	14.446053278572654	0.0	157421	1922.5247942121541	1.0825540420252946	-0.15000000000000002
117.4925607402366	300	16.92183104224546	0.0	157488	1524.2222363271921	1.0825540420252946	0.3
119.22912450721043	300	19.185267275271624	0.0	143881	1736.5637669738348	1.0825540420252946	0.3
121.60147319253463	300	20.81291858994743	0.0	163444	2372.348685324195	1.0825540420252946	0.3
123.995687795868	300	22.418703986614055	0.0	179328	2394.2146033333725	1.0825540420252946	0.3
126.40133294449952	300	24.013058837982534	0.0	159914	2405.645148631518	1.0825540420252946	0.3
127.77350845587199	300	26.640883326610055	0.0	131610	1372.1755113724787	1.0825540420252946	0.3
129.05152972248598	300	29.36286205999608	0.0	124011	1278.0212666139762	1.0825540420252946	0.3
130.52511061284355	300	31.889281169638508	0.0	144254	1473.5808903575692	1.0825540420252946	0.3
137.5324251129224	750	28.881966669559652	0.0	390680	7007.314500078855	1.0825540420252946	0.3
141.25822221736735	750	29.156169565114695	0.0	345516	3725.797104444959	1.0825540420252946	0.75

