3.6952931550013095	750	4.0	3.6952931550013095	450283	3695.2931550013095	1	-15.13976056650563
5.024434937069707	300	6.670858217931603	0.0	155580	1329.1417820683967	0.9602160912889498	-0.15000000000000002
6.203454296462939	300	9.49183885853837	0.0	139857	1179.0193593932327	0.9602160912889498	0.3
7.479782099186074	300	12.215511055815236	0.0	155432	1276.3278027231347	0.9602160912889498	0.3
9.401771652812947	300	14.293521502188362	0.0	163442	1921.9895536268739	0.9602160912889498	0.3
10.21808754238394	300	17.47720561261737	0.0	126289	816.3158895709911	0.9602160912889498	0.3
11.559299482253003	750	20.135993672748306	0.0	352642	1341.2119398690647	0.9602160912889498	0.3
13.148136693181288	750	22.547156461820023	0.0	437162	1588.8372109282836	0.9602160912889498	0.75
14.524979360138937	750	25.170313794862377	0.0	374758	1376.8426669576493	0.9602160912889498	0.75
15.905248848109107	750	27.790044306892206	0.0	362795	1380.2694879701687	0.9602160912889498	0.75
18.831841763543434	1850	28.86345139145788	0.0	939819	2926.59291543433	0.9602160912889498	0.75
21.840277795858366	1850	29.855015359142946	0.0	917428	3008.43603231493	0.9602160912889498	1.85
26.53803159086016	1850	29.157261564141155	0.0	946851	4697.753795001796	0.9602160912889498	1.85
29.736350232347498	1850	29.95894292265382	0.0	1036454	3198.3186414873326	0.9602160912889498	1.85
32.2604718495083	1850	31.43482130549302	0.0	821631	2524.121617160799	0.9602160912889498	1.85
35.08664349263561	1850	32.608649662365714	0.0	923170	2826.1716431273094	0.9602160912889498	1.85
39.603812186756315	2850	32.091480968245	0.0	1491626	4517.168694120711	0.9602160912889498	1.85
43.72586378597751	2850	31.969429369023803	0.0	1358801	4122.051599221196	0.9602160912889498	2.85
52.94826444271584	2850	26.747028712285477	0.0	1537156	9222.400656738324	0.9602160912889498	2.85
58.79286264380513	2850	24.902430511196183	0.0	1336050	5844.598201089294	0.9602160912889498	2.85
62.290536031020956	2850	25.404757123980357	0.0	1415116	3497.6733872158266	0.633320234169714	2.85
68.73606643041961	2850	22.959226724581708	0.0	1468126	6445.53039939865	0.633320234169714	2.85
74.61030566771045	2850	21.084987487290878	0.0	1505760	5874.239237290833	0.633320234169714	2.85
78.61041460455677	2850	21.08487855044456	0.0	1323990	4000.1089368463163	0.633320234169714	2.85
82.15174100137578	2850	21.543552153625548	0.0	1383735	3541.326396819014	0.633320234169714	2.85
85.7447675065483	2850	21.950525648453016	0.0	1480464	3593.026505172528	0.633320234169714	2.85
89.47763388483489	2850	22.21765927016644	0.0	1547572	3732.8663782865783	0.633320234169714	2.85
92.52230998236882	2850	23.1729831726325	0.0	1141971	3044.6760975339416	0.633320234169714	2.85
98.17644793032763	2850	21.518845224673687	0.0	1498470	5654.137947958812	0.633320234169714	2.85
106.5879189423661	2850	17.107374212635214	0.0	1561263	8411.471012038472	0.633320234169714	2.85
109.93128728664469	2850	17.764005868356627	0.0	1341201	3343.368344278587	0.633320234169714	2.85
113.58227463061324	2850	18.11301852438807	0.0	1497683	3650.9873439685575	0.633320234169714	2.85
119.17460787208562	2850	16.520685282915704	0.0	1358081	5592.333241472367	0.633320234169714	2.85
128.58272448169748	2850	11.112568673303855	0.0	1587293	9408.116609611849	0.633320234169714	2.85
132.0969222310986	2850	11.598370923902708	0.0	1492672	3514.1977494011467	0.633320234169714	2.85
137.29146566180728	2850	10.40382749319403	0.0	1439896	5194.54343070868	0.633320234169714	2.85
139.0803677107549	1850	12.614925444246406	0.0	728962	1788.9020489476218	0.633320234169714	0.8500000000000001
142.96982101040558	1850	12.725472144595718	0.0	938587	3889.453299650687	0.633320234169714	1.85
145.86214302954207	1850	13.83315012545925	0.0	908665	2892.3220191364694	0.633320234169714	1.85
150.03507967807323	1850	13.66021347692806	0.0	930577	4172.936648531189	0.633320234169714	1.85
152.17943790032683	1850	15.515855254674458	0.0	858450	2144.3582222536015	0.633320234169714	1.85
154.69161077702142	1850	17.003682377979857	0.0	1025005	2512.1728766946017	0.633320234169714	1.85
157.12633445849366	1850	18.56895869650763	0.0	886255	2434.723681472228	0.633320234169714	1.85
161.46947317922047	2850	18.22581997578079	0.0	1587250	4343.138720726838	0.633320234169714	1.85
165.10878515747206	2850	18.586507997529203	0.0	1464921	3639.311978251588	0.633320234169714	2.85
174.23496229336862	4300	13.460330861632663	0.0	2246506	9126.17713589654	0.633320234169714	2.8499999999999996
181.11602159622427	4300	10.579271558776993	0.0	1961140	6881.059302855671	0.633320234169714	4.3
189.00642602541905	4300	6.688867129582227	0.0	2155012	7890.404429194766	0.633320234169714	4.3
190.22298956650076	750	9.472303588500534	0.0	450283	1216.5635410816938	0.633320234169714	0.75
193.14986576617108	1850	10.545427388830216	0.0	957685	2926.8761996703174	0.633320234169714	0.75
204.01220455096993	1850	4.0	0.31691139596865103	877771	10862.338784798867	0.633320234169714	0.4872809973348007
206.32006581562803	750	5.692138735341904	0.0	382355	2307.861264658096	0.633320234169714	-0.3500000000000001
208.60149166785274	750	7.4107128831172	0.0	411561	2281.4258522247037	0.633320234169714	0.75
210.41624391017118	750	9.595960640798761	0.0	318564	1814.7522423184396	0.633320234169714	0.75
212.2834309794413	750	11.728773571528645	0.0	352642	1867.1870692701157	0.633320234169714	0.75
215.08210212615515	750	12.930102424814818	0.0	437162	2798.6711467138293	0.633320234169714	0.75
218.88639556012984	750	13.12580899084011	0.0	374758	3804.293433974709	0.633320234169714	0.75
222.448719349796	750	13.563485201173973	0.0	362795	3562.3237896661362	0.633320234169714	0.75
225.91913655230945	750	14.093067998660509	0.0	353220	3470.4172025134653	0.633320234169714	0.75
231.00208787189482	750	13.010116679075141	0.0	405134	5082.951319585368	0.633320234169714	0.75
232.8308761363328	750	15.18132841463718	0.0	386351	1828.788264437961	0.633320234169714	0.75
235.09963697646396	750	16.912567574505992	0.0	434409	2268.7608401311873	0.633320234169714	0.75
236.84365044363182	750	19.168554107338135	0.0	337059	1744.0134671678566	0.633320234169714	0.75
238.41155595996165	750	21.60064859100829	0.0	366214	1567.9055163298449	0.633320234169714	0.75
239.74820093702556	750	24.26400361394435	0.0	360831	1336.6449770639406	0.633320234169714	0.75
244.532897433047	1850	23.479307117922897	0.0	885714	4784.696496021454	0.633320234169714	0.75
247.35444402949318	1850	24.657760521476728	0.0	987708	2821.5465964461696	0.633320234169714	1.85
250.14944215965028	1850	25.86276239131963	0.0	923755	2794.998130157098	0.633320234169714	1.85
252.5280577689091	1850	27.484146782060808	0.0	891604	2378.6156092588226	0.633320234169714	1.85
257.2475190026233	2850	26.764685548346606	0.0	1468126	4719.461233714204	0.633320234169714	1.85
266.3487042425239	2850	21.663500308445997	0.0	1505760	9101.185239900607	0.633320234169714	2.85
272.96228378437576	2850	19.04992076659416	0.0	1323990	6613.579541851841	0.633320234169714	2.85
279.57606916276166	2850	16.436135388208225	0.0	1383735	6613.78537838593	0.633320234169714	2.85
286.63914410994664	2850	13.373060441023288	0.0	1480464	7063.074947184938	0.633320234169714	2.85
293.71878198951606	2850	10.293422561453827	0.0	1547572	7079.637879569461	0.633320234169714	2.85
295.9875621436654	1200	12.02464240730446	0.0	487160	2268.7801541493664	0.633320234169714	-0.44999999999999996
298.8661958633859	1200	13.14600868758399	0.0	622896	2878.63371972047	0.633320234169714	1.2
303.1160766697162	1850	12.896127881253612	0.0	975811	4249.880806330377	0.633320234169714	1.2000000000000002
306.5543407119563	1850	13.457863839013559	0.0	873429	3438.2640422400546	0.633320234169714	1.85
310.40908072383996	1850	13.603123827129828	0.0	954453	3854.740011883731	0.633320234169714	1.85
313.9139573775945	1850	14.098247173375352	0.0	885062	3504.8766537544757	0.633320234169714	1.85
318.1167725702557	1850	13.89543198071417	0.0	1035329	4202.815192661184	0.633320234169714	1.85
322.30266828569626	1850	13.709536265273627	0.0	1026056	4185.895715440542	0.633320234169714	1.85
327.6879365652803	1850	12.324267985689572	0.0	943942	5385.268279584056	0.633320234169714	1.85
330.0444403278584	1850	13.967764223111459	0.0	728962	2356.5037625781133	0.633320234169714	1.85
332.9849861079161	1850	15.02721844305381	0.0	938587	2940.5457800576487	0.633320234169714	1.85
335.5732821587728	1850	16.438922392197096	0.0	908665	2588.2960508567157	0.633320234169714	1.85
338.2220645088337	1850	17.79014004213619	0.0	930577	2648.782350060903	0.633320234169714	1.85
340.67174612401413	1850	19.34045842695574	0.0	858450	2449.6816151804546	0.633320234169714	1.85
344.9677311682025	2850	19.044473382767386	0.0	1527299	4295.9850441883555	0.633320234169714	1.85
348.7549792881286	2850	19.25722526284126	0.0	1343002	3787.248119926124	0.633320234169714	2.85
353.2164542065224	2850	18.795750344447438	0.0	1587250	4461.474918393822	0.633320234169714	2.85
357.34024983980544	2850	18.671954711164467	0.0	1464921	4123.795633282971	0.633320234169714	2.85
363.6215474885824	4300	16.390657062387508	0.0	2246506	6281.297648776961	0.633320234169714	2.8499999999999996
369.2283276633443	4300	14.783876887625567	0.0	1961140	5606.7801747619405	0.633320234169714	4.3
379.5245805312353	4300	8.487624019734556	0.0	2155012	10296.252867891011	0.633320234169714	4.3
380.63789440075635	750	11.374310150213542	0.0	450283	1113.3138695210125	0.633320234169714	0.75
382.14132982649477	1200	13.87087472447509	0.0	611087	1503.4354257384525	0.633320234169714	0.75
383.5761649764218	1200	16.43603957454808	0.0	571051	1434.835149927013	0.633320234169714	1.2
385.8497294796561	1850	18.162475071313768	0.0	933276	2273.5645032343073	0.633320234169714	1.2000000000000002
389.17696706473873	2850	18.835237486231147	0.0	1472558	3327.2375850826215	0.633320234169714	1.85
395.49467648966356	2850	16.517528061306358	0.0	1224260	6317.709424924791	0.633320234169714	2.85
402.36937285552	2850	13.642831695449892	0.0	1388403	6874.6963658564655	0.633320234169714	2.85
406.24498325548194	2850	13.767221295487959	0.0	1638769	3875.6103999619345	0.633320234169714	2.85
409.447158846345	2850	14.565045704624884	0.0	1348011	3202.175590863073	0.633320234169714	2.85
412.8386877460872	2850	15.173516804882714	0.0	1429765	3391.52889974217	0.633320234169714	2.85
426.60435221623317	2850	5.407852334736748	0.0	1354548	13765.664470145966	0.633320234169714	2.85
432.64216336412585	1200	4.0	0.6299588131558966	594078	6037.811147892645	0.633320234169714	-3.1588228965703555
436.59674935249683	750	4.045414011628993	0.0	386351	3954.5859883710073	0.633320234169714	0.3
441.0332930773022	750	4.0	0.39112971317632944	434409	4436.543724805322	0.633320234169714	-0.9318577666582166
442.5178180876098	300	6.515474989692409	0.0	140051	1484.5250103075905	0.633320234169714	-0.15000000000000002
443.9849132725829	300	9.048379804719264	0.0	138313	1467.095184973144	0.633320234169714	0.3
445.5041174175318	300	11.529175659770411	0.0	143509	1519.2041449488545	0.633320234169714	0.3
447.0945953073897	300	13.938697769912517	0.0	150616	1590.4778898578952	0.633320234169714	0.3
448.83317656924936	300	16.200116508052833	0.0	165384	1738.5812618596835	0.633320234169714	0.3
450.3260253741643	300	18.707267703137884	0.0	140881	1492.84880491495	0.633320234169714	0.3
454.2818248313877	750	18.751468245914477	0.0	386472	3955.7994572234056	0.633320234169714	0.3
458.37222907321353	750	18.66106400408869	0.0	399894	4090.404241825789	0.633320234169714	0.75
462.4822794760463	750	18.551013601255896	0.0	401853	4110.050402832798	0.633320234169714	0.75
466.01013560376947	750	19.02315747353278	0.0	343800	3527.856127723113	0.633320234169714	0.75
469.69948337554354	750	19.333809701758693	0.0	359903	3689.3477717740884	0.633320234169714	0.75
473.5873686917055	750	19.44592438559678	0.0	379700	3887.885316161913	0.633320234169714	0.75
477.93738506726703	750	19.09590801003519	0.0	425781	4350.0163755615895	0.633320234169714	0.75
480.8025066855531	750	20.230786391749117	0.0	277716	2865.121618286073	0.633320234169714	0.75
484.89794531881614	750	20.135347758486102	0.0	400396	4095.4386332630115	0.633320234169714	0.75
488.99450716291767	750	20.03878591438451	0.0	400508	4096.561844101595	0.633320234169714	0.75
492.666956628772	750	20.36633644853018	0.0	358218	3672.449465854328	0.633320234169714	0.75
496.7616531405881	750	20.271639936714088	0.0	400322	4094.6965118160906	0.633320234169714	0.75
500.5505956162727	750	20.482697461029534	0.0	369834	3788.9424756845533	0.633320234169714	0.75
504.7708009106323	750	20.262492166669944	0.0	412837	4220.205294359589	0.633320234169714	0.75
508.87317938229086	750	20.1601136950114	0.0	401088	4102.378471658545	0.633320234169714	0.75
512.6152578914691	750	20.4180351858331	0.0	365161	3742.0785091782996	0.633320234169714	0.75
515.9151022189599	750	21.118190858342427	0.0	321064	3299.8443274906735	0.633320234169714	0.75
519.621117637285	750	21.41217544001722	0.0	361565	3706.01541832521	0.633320234169714	0.75
523.4952335920061	750	21.538059485296152	0.0	378327	3874.1159547210646	0.633320234169714	0.75
527.493233685022	750	21.540059392280256	0.0	390680	3998.0000930158976	0.633320234169714	0.75
531.0382990073791	750	21.99499406992313	0.0	345516	3545.0653223571235	0.633320234169714	0.75
545.6352327829233	750	11.398060294379011	0.0	384505	14596.93377554412	0.633320234169714	0.75
549.527677882452	300	11.505615194850215	0.0	145210	3892.4450995287943	0.633320234169714	-0.15000000000000002
553.4500622644863	300	11.583230812815863	0.0	172312	3922.384382034352	0.633320234169714	0.3
557.0759418247941	300	11.957351252508113	0.0	167025	3625.8795603077506	0.633320234169714	0.3
559.7576403735181	300	13.27565270378409	0.0	160064	2681.6985487240227	0.633320234169714	0.3
561.966244476952	300	15.067048600350214	0.0	137507	2208.604103433876	0.633320234169714	0.3
566.4419103127503	750	14.591382764551884	0.0	314107	4475.665835798329	0.633320234169714	0.3
572.4774688548156	750	12.555824222486644	0.0	450283	6035.55854206524	0.633320234169714	0.75
577.9371682998539	750	11.096124777448386	0.0	398865	5459.699445038259	0.633320234169714	0.75
582.9624961567027	750	10.070796920599484	0.0	350812	5025.327856848901	0.633320234169714	0.75
587.4259499094914	750	9.607343167810894	0.0	382355	4463.453752788592	0.633320234169714	0.75
592.038974958793	750	8.994318118509177	0.0	411561	4613.025049301715	0.633320234169714	0.75
595.5313918129062	750	9.501901264395906	0.0	318564	3492.416854113272	0.633320234169714	0.75
599.5194128842401	750	9.513880193062104	0.0	352642	3988.021071333804	0.633320234169714	0.75
604.4280594330895	750	8.605233644212603	0.0	437162	4908.6465488495005	0.633320234169714	0.75
613.2923956520602	750	4.0	0.2591025747580752	374758	8864.336218970679	0.633320234169714	-0.3641410714597233
616.0630326650954	300	5.229362986964899	0.0	139105	2770.6370130351006	0.633320234169714	-0.15000000000000002
624.896239665593	300	4.0	3.6038440135326817	141840	8833.207000497581	0.633320234169714	-15.19652925819053
631.8695259390798	300	4.0	2.9732862734868033	156148	6973.286273486803	0.633320234169714	-12.485130975993252
635.6582762375243	300	4.211249701555433	0.0	160746	3788.750298444567	0.633320234169714	0.3
640.4079333164701	300	4.0	0.5384073773903983	179801	4749.657078945831	0.633320234169714	-2.015151722778713
643.2769638225951	300	5.1309694938750505	0.0	140051	2869.0305061249496	0.633320234169714	0.3
646.0309739061903	300	6.376959410279908	0.0	138313	2754.0100835951425	0.633320234169714	0.3
648.8078640467946	300	7.60006926967557	0.0	143509	2776.890140604338	0.633320234169714	0.3
651.2502396053926	300	9.157693711077608	0.0	150616	2442.375558597963	0.633320234169714	0.3
653.9242476748086	300	10.483685641661571	0.0	165384	2674.008069416035	0.633320234169714	0.3
656.1718348925439	300	12.236098423926382	0.0	140881	2247.5872177351894	0.633320234169714	0.3
658.6137508680695	300	13.794182448400752	0.0	157671	2441.9159755256305	0.633320234169714	0.3
660.956890873459	300	15.45104244301127	0.0	157812	2343.140005389482	0.633320234169714	0.3
663.3394781183979	300	17.068455198072282	0.0	163927	2382.587244938987	0.633320234169714	0.3
665.1934081507721	300	19.214525165698046	0.0	137654	1853.9300323742375	0.633320234169714	0.3
667.1456830902019	300	21.26225022626824	0.0	146754	1952.2749394298091	0.633320234169714	0.3
669.1896108851918	300	23.218322431278352	0.0	153938	2043.9277949898874	0.633320234169714	0.3
671.4930922068397	300	24.91484110963052	0.0	181901	2303.4813216478374	0.633320234169714	0.3
672.9124036732671	300	27.495529643203145	0.0	111155	1419.3114664273726	0.633320234169714	0.3
677.9933224349564	750	26.414610881513845	0.0	400396	5080.918761689305	0.633320234169714	0.3
683.07589089868	750	25.332042417790362	0.0	400508	5082.568463723483	0.633320234169714	0.75
687.2471649945303	750	25.160768321940022	0.0	358218	4171.27409585034	0.633320234169714	0.75
691.7830344980448	750	24.6248988184255	0.0	400322	4535.869503514522	0.633320234169714	0.75
695.936558343173	750	24.4713749732973	0.0	369834	4153.5238451282	0.633320234169714	0.75
700.5694885372485	750	23.838444779221874	0.0	412837	4632.930194075426	0.633320234169714	0.75
705.141343636567	750	23.266589679903454	0.0	401088	4571.855099318423	0.633320234169714	0.75
709.205728347556	750	23.202204968914266	0.0	365161	4064.384710989187	0.633320234169714	0.75
712.713289765824	750	23.694643550646404	0.0	321064	3507.561418267863	0.633320234169714	0.75
716.5162522993722	750	23.89168101709814	0.0	361565	3802.9625335482624	0.633320234169714	0.75
720.4881617814706	750	23.9197715349998	0.0	378327	3971.90948209834	0.633320234169714	0.75
724.6537079995023	750	23.75422531696798	0.0	390680	4165.54621803182	0.633320234169714	0.75
728.4341110556742	750	23.973822260796144	0.0	345516	3780.4030561718337	0.633320234169714	0.75
732.5153405288452	750	23.89259278762512	0.0	384505	4081.2294731710253	0.633320234169714	0.75
736.466171714709	750	23.941761601761275	0.0	372093	3950.8311858638444	0.633320234169714	0.75
741.2346405272524	750	23.17329278921795	0.0	438281	4768.468812543325	0.633320234169714	0.75
745.525805706527	750	22.88212760994334	0.0	398987	4291.165179274613	0.633320234169714	0.75
752.2682484223091	1200	20.139684894161206	0.0	638661	6742.442715782131	0.633320234169714	0.75
757.8766074743149	1200	18.53132584215531	0.0	538612	5608.359052005897	0.633320234169714	1.2
771.7446834291442	2850	8.663249887326057	0.0	1364537	13868.075954829254	0.633320234169714	1.2000000000000002
776.5087986416115	750	7.899134674858746	0.0	450283	4764.115212467312	0.633320234169714	0.75
780.4961428708696	750	7.9117904456006185	0.0	398865	3987.344229258128	0.633320234169714	0.75
784.0730638437935	750	8.334869472676626	0.0	350812	3576.9209729239915	0.633320234169714	0.75
787.9375560041811	750	8.47037731228906	0.0	382355	3864.492160387566	0.633320234169714	0.75
792.0056647316585	750	8.402268584811688	0.0	411561	4068.1087274773713	0.633320234169714	0.75
795.3575371794319	750	9.050396137038312	0.0	318564	3351.8724477733754	0.633320234169714	0.75
798.9689380009938	750	9.438995315476372	0.0	352642	3611.4008215619406	0.633320234169714	0.75
803.3087151081885	750	9.099218208281679	0.0	437162	4339.777107194694	0.633320234169714	0.75
806.8720269991369	750	9.535906317333213	0.0	374758	3563.3118909484656	0.633320234169714	0.75
810.5045814408589	750	9.903351875611248	0.0	362795	3632.554441721964	0.633320234169714	0.75
814.4519527332611	750	9.955980583208971	0.0	353220	3947.371292402276	0.633320234169714	0.75
818.6450383466375	750	9.762894969832654	0.0	405134	4193.085613376316	0.633320234169714	0.75
822.4884625938421	750	9.919470722628088	0.0	386351	3843.4242472045653	0.633320234169714	0.75
826.8808842594336	750	9.527049057036566	0.0	434409	4392.4216655915225	0.633320234169714	0.75
830.1096286838269	750	10.2983046326433	0.0	337059	3228.7444243932664	0.633320234169714	0.75
833.6639322466848	750	10.744001069785439	0.0	366214	3554.3035628578605	0.633320234169714	0.75
837.3131222708814	750	11.094811045588822	0.0	360831	3649.1900241966173	0.633320234169714	0.75
841.145028530039	750	11.262904786431248	0.0	372963	3831.906259157574	0.633320234169714	0.75
845.1816401720254	750	11.226293144444789	0.0	405596	4036.6116419864597	0.633320234169714	0.75
848.8429747530438	750	11.56495856342632	0.0	350713	3661.3345810184687	0.633320234169714	0.75
852.7564592898793	750	11.651474026590916	0.0	386472	3913.484536835403	0.633320234169714	0.75
856.6546949026232	750	11.753238413847049	0.0	399894	3898.235612743868	0.633320234169714	0.75
860.7595326218086	750	11.648400694661625	0.0	401853	4104.837719185423	0.633320234169714	0.75
864.5853557001727	750	11.822577616297533	0.0	343800	3825.8230783640925	0.633320234169714	0.75
871.6963428780361	750	8.711590438434053	0.0	359903	7110.987177863481	0.633320234169714	0.75
875.630146493244	750	8.777786823226313	0.0	379700	3933.803615207738	0.633320234169714	0.75
879.5962111740549	750	8.811722142415446	0.0	425781	3966.0646808108663	0.633320234169714	0.75
882.257410218528	750	10.150523097942283	0.0	277716	2661.1990444731637	0.633320234169714	0.75
886.08491047715	750	10.323022839320235	0.0	400396	3827.500258622049	0.633320234169714	0.75
889.9294531413497	750	10.478480175120602	0.0	400508	3844.5426641996323	0.633320234169714	0.75
893.3764943592137	750	11.03143895725663	0.0	358218	3447.0412178639726	0.633320234169714	0.75
897.2603957291271	750	11.147537587343168	0.0	400322	3883.9013699134607	0.633320234169714	0.75
900.862387404687	750	11.54554591178325	0.0	369834	3601.991675559918	0.633320234169714	0.75
904.9202822912188	750	11.487651025251512	0.0	412837	4057.894886531738	0.633320234169714	0.75
909.0920008670648	750	11.31593244940546	0.0	401088	4171.718575846052	0.633320234169714	0.75
912.8107182092618	750	11.597215107208365	0.0	365161	3718.717342197094	0.633320234169714	0.75
916.1154153415059	750	12.29251797496436	0.0	321064	3304.697132244006	0.633320234169714	0.75
919.9397810111069	750	12.468152305363398	0.0	361565	3824.3656696009607	0.633320234169714	0.75
924.0725208604493	750	12.335412456020972	0.0	378327	4132.739849342428	0.633320234169714	0.75
928.196423045434	750	12.211510271036227	0.0	390680	4123.902184984744	0.633320234169714	0.75
931.7560085589329	750	12.651924757537307	0.0	345516	3559.58551349892	0.633320234169714	0.75
935.6832711810331	750	12.72466213543713	0.0	384505	3927.2626221001756	0.633320234169714	0.75
939.4891764223058	750	12.918756894164387	0.0	372093	3805.905241272743	0.633320234169714	0.75
943.9611356969674	750	12.446797619502904	0.0	438281	4471.9592746614835	0.633320234169714	0.75
948.0443734398658	750	12.363559876604455	0.0	398987	4083.237742898449	0.633320234169714	0.75
952.1008380170754	750	12.307095299394879	0.0	393804	4056.464577209576	0.633320234169714	0.75
957.7609834924739	1200	10.646949823996337	0.0	538612	5660.145475398542	0.633320234169714	0.75
969.7470104273823	1850	4.0	1.3390771109121142	846370	11986.026934908452	0.633320234169714	-4.558031576922091
974.6110917385603	750	4.0	0.8640813111778716	450283	4864.081311177872	0.633320234169714	-2.9655496380648474
978.5681773891314	300	4.0429143494288295	0.0	155580	3957.0856505711704	0.633320234169714	-0.15000000000000002
981.3127667264015	300	5.298325012158668	0.0	139857	2744.5893372701616	0.633320234169714	0.3
983.2311903838831	300	7.3799013546770835	0.0	155432	1918.4236574815845	0.633320234169714	0.3
984.9754934658138	300	9.635598272746304	0.0	163442	1744.3030819307803	0.633320234169714	0.3
986.3414736417415	300	12.269618096818718	0.0	126289	1365.980175927585	0.633320234169714	0.3
987.9824514867543	300	14.628640251805937	0.0	153295	1640.9778450127812	0.633320234169714	0.3
989.8607465702976	300	16.75034516826255	0.0	173849	1878.295083543384	0.633320234169714	0.3
991.5028649659882	300	19.10822677257193	0.0	150710	1642.1183956906223	0.633320234169714	0.3
995.3432573975759	750	19.267834340984248	0.0	362795	3840.39243158768	0.633320234169714	0.3
999.5576326913147	750	19.053459047245465	0.0	353220	4214.375293738783	0.633320234169714	0.75
1004.630999060205	750	17.980092678355206	0.0	405134	5073.36636889026	0.633320234169714	0.75
1009.2215836208496	750	17.38950811771047	0.0	386351	4590.5845606447365	0.633320234169714	0.75
1014.1176196043663	750	16.49347213419383	0.0	434409	4896.035983516638	0.633320234169714	0.75
1017.9130453457416	750	16.698046392818515	0.0	337059	3795.4257413753157	0.633320234169714	0.75
1022.1298313244068	750	16.481260414153258	0.0	366214	4216.785978665261	0.633320234169714	0.75
1026.2156699876564	750	16.39542175090379	0.0	360831	4085.8386632494703	0.633320234169714	0.75
1033.2259748096262	750	13.385116928933869	0.0	372963	7010.30482196992	0.633320234169714	0.75
1037.6949616445766	750	12.916130093983496	0.0	405596	4468.986834950372	0.633320234169714	0.75
1041.4371196739899	750	13.173972064570236	0.0	350713	3742.1580294132605	0.633320234169714	0.75
1043.2071827313948	300	15.403909007165389	0.0	157671	1770.0630574048487	0.633320234169714	-0.15000000000000002
1044.978757156718	300	17.63233458184194	0.0	157812	1771.574425323452	0.633320234169714	0.3
1046.836537587432	300	19.77455415112807	0.0	163927	1857.7804307138676	0.633320234169714	0.3
1050.6581876940365	750	19.952904044523553	0.0	343800	3821.6501066045143	0.633320234169714	0.3
1054.5372078725634	750	20.073883865996983	0.0	359903	3879.020178526567	0.633320234169714	0.75
1058.5835658350652	750	20.02752590349508	0.0	379700	4046.357962501903	0.633320234169714	0.75
1063.0717909512414	750	19.539300787319004	0.0	425781	4488.225116176076	0.633320234169714	0.75
1065.9701204032945	750	20.64097133526577	0.0	277716	2898.329452053231	0.633320234169714	0.75
1070.1092254842138	750	20.50186625434646	0.0	400396	4139.105080919312	0.633320234169714	0.75
1074.1449694455282	750	20.466122293031976	0.0	400508	4035.7439613144857	0.633320234169714	0.75
1077.763022843548	750	20.84806889501208	0.0	358218	3618.0533980198957	0.633320234169714	0.75
1081.7541747366542	750	20.856917001905924	0.0	400322	3991.151893106153	0.633320234169714	0.75
1085.3905489459598	750	21.220542792600256	0.0	369834	3636.3742093056676	0.633320234169714	0.75
1089.4404458711945	750	21.170645867365895	0.0	412837	4049.8969252343595	0.633320234169714	0.75
1093.3773628092315	750	21.233728929328855	0.0	401088	3936.916938037042	0.633320234169714	0.75
1097.464668973233	750	21.146422765327234	0.0	365161	4087.30616400162	0.633320234169714	0.75
1101.26414594655	750	21.34694579201044	0.0	321064	3799.476973316796	0.633320234169714	0.75
1105.5934659720053	750	21.01762576655509	0.0	361565	4329.320025455354	0.633320234169714	0.75
1110.113816553333	750	20.497275185227423	0.0	378327	4520.350581327665	0.633320234169714	0.75
1114.4519223823017	750	20.159169356258868	0.0	390680	4338.1058289685525	0.633320234169714	0.75
1118.264259668677	750	20.346832069883543	0.0	345516	3812.337286375327	0.633320234169714	0.75
1122.4323053320863	750	20.17878640647418	0.0	384505	4168.045663409366	0.633320234169714	0.75
1126.457910144543	750	20.153181594017674	0.0	372093	4025.6048124565036	0.633320234169714	0.75
1131.188230706823	750	19.422861031737398	0.0	438281	4730.320562280278	0.633320234169714	0.75
1135.507402522356	750	19.10368921620444	0.0	398987	4319.171815532959	0.633320234169714	0.75
1142.369442870288	1200	16.241648868272556	0.0	638661	6862.040347931883	0.633320234169714	0.75
1148.092683214036	1200	14.518408524524322	0.0	538612	5723.240343748234	0.633320234169714	1.2
1157.5705102726859	1850	9.040581465874363	0.0	846370	9477.82705864996	0.633320234169714	1.2000000000000002
1162.3175021030695	750	8.293589635490665	0.0	450283	4746.991830383698	0.633320234169714	0.75
1166.612091390093	750	7.999000348467407	0.0	398865	4294.589287023259	0.633320234169714	0.75
1170.3075534570307	750	8.303538281529475	0.0	350812	3695.462066937932	0.633320234169714	0.75
1174.1909987659578	750	8.420092972602554	0.0	382355	3883.4453089269214	0.633320234169714	0.75
1178.2762081741282	750	8.334883564431982	0.0	411561	4085.209408170571	0.633320234169714	0.75
1181.480287986177	750	9.130803752383388	0.0	318564	3204.0798120485947	0.633320234169714	0.75
1185.138665598994	750	9.47242613956619	0.0	352642	3658.3776128171976	0.633320234169714	0.75
1189.6533429586925	750	8.957748779867794	0.0	437162	4514.677359698398	0.633320234169714	0.75
1193.4786767927917	750	9.132414945768476	0.0	374758	3825.333834099318	0.633320234169714	0.75
1197.2469334778493	750	9.364158260711104	0.0	362795	3768.256685057373	0.633320234169714	0.75
1200.979645425008	750	9.631446313552336	0.0	353220	3732.711947158766	0.633320234169714	0.75
1205.5041673362634	750	9.106924402296801	0.0	405134	4524.521911255535	0.633320234169714	0.75
1209.6709960298285	750	8.940095708731835	0.0	386351	4166.828693564967	0.633320234169714	0.75
1214.2395385470068	750	8.371553191553573	0.0	434409	4568.542517178261	0.633320234169714	0.75
1217.7970497296394	750	8.81404200892092	0.0	337059	3557.511182632654	0.633320234169714	0.75
1221.5998535153533	750	9.011238223207002	0.0	366214	3802.803785713918	0.633320234169714	0.75
1225.4387109272316	750	9.172380811328807	0.0	360831	3838.8574118781935	0.633320234169714	0.75
1229.4288618301734	750	9.182229908386836	0.0	372963	3990.1509029419717	0.633320234169714	0.75
1233.825003565191	750	8.786088173369375	0.0	405596	4396.141735017459	0.633320234169714	0.75
1237.6765167589979	750	8.934574979562393	0.0	350713	3851.5131938069812	0.633320234169714	0.75
1239.3969710179504	300	11.214120720609976	0.0	157671	1720.4542589524171	0.633320234169714	-0.15000000000000002
1241.1188922813012	300	13.492199457259083	0.0	157812	1721.9212633508942	0.633320234169714	0.3
1243.0005472399837	300	15.610544498576608	0.0	163927	1881.6549586824754	0.633320234169714	0.3
1244.615123889874	300	17.995967848686394	0.0	137654	1614.5766498902121	0.633320234169714	0.3
1246.3311479914476	300	20.27994374711297	0.0	146754	1716.0241015734252	0.633320234169714	0.3
1250.4134309235344	750	20.197660815026126	0.0	379700	4082.282932086845	0.633320234169714	0.3
1254.9001626617778	750	19.710929076782552	0.0	425781	4486.731738243576	0.633320234169714	0.75
1257.899872778182	750	20.71121896037811	0.0	277716	2999.710116404444	0.633320234169714	0.75
1262.2151388415402	750	20.395952897019832	0.0	400396	4315.2660633582755	0.633320234169714	0.75
1266.5809511116884	750	20.03014062687179	0.0	400508	4365.812270148044	0.633320234169714	0.75
1270.4710923374962	750	20.13999940106406	0.0	358218	3890.1412258077303	0.633320234169714	0.75
1274.7980036256401	750	19.813088112920056	0.0	400322	4326.911288144003	0.633320234169714	0.75
1278.7970466284294	750	19.814045110130856	0.0	369834	3999.0430027891975	0.633320234169714	0.75
1283.2535095590397	750	19.357582179520413	0.0	412837	4456.462930610444	0.633320234169714	0.75
1287.5591088901574	750	19.051982848402634	0.0	401088	4305.599331117781	0.633320234169714	0.75
1291.455408002546	750	19.15568373601428	0.0	365161	3896.2991123883553	0.633320234169714	0.75
1295.0204740858605	750	19.590617652699404	0.0	321064	3565.066083314875	0.633320234169714	0.75
1299.0111001937405	750	19.599991544819467	0.0	361565	3990.6261078799384	0.633320234169714	0.75
1303.0892398249316	750	19.521851913628428	0.0	378327	4078.139631191039	0.633320234169714	0.75
1307.162861837483	750	19.448229901076903	0.0	390680	4073.6220125515238	0.633320234169714	0.75
1310.7281699706668	750	19.8829217678931	0.0	345516	3565.308133183798	0.633320234169714	0.75
1314.7823281432172	750	19.828763595342718	0.0	384505	4054.158172550384	0.633320234169714	0.75
1318.654249916348	750	19.956841822211967	0.0	372093	3871.9217731307526	0.633320234169714	0.75
1323.1757639902378	750	19.435327748322024	0.0	438281	4521.514073889941	0.633320234169714	0.75
1327.424634755719	750	19.186456982840973	0.0	398987	4248.8707654810505	0.633320234169714	0.75
1334.1454284263805	1200	16.46566331217939	0.0	638661	6720.793670661583	0.633320234169714	0.75
1339.4998458639418	1200	15.111245874618024	0.0	538612	5354.417437561365	0.633320234169714	1.2
1353.797288525726	2850	4.8138032128339745	0.0	1364537	14297.442661784049	0.633320234169714	1.2000000000000002
1358.6645211332948	750	4.0	0.053429394734814194	450283	4867.232607568789	0.633320234169714	0.520253602640299
1360.3985867966344	300	6.265934336660385	0.0	155580	1734.0656633396156	0.633320234169714	-0.15000000000000002
1361.9654916782238	300	8.699029455070923	0.0	139857	1566.9048815894625	0.633320234169714	0.3
1363.697983863493	300	10.966537269801588	0.0	155432	1732.4921852693349	0.633320234169714	0.3
1365.4757450926668	300	13.188776040627932	0.0	163442	1777.7612291736555	0.633320234169714	0.3
1366.8639493249673	300	15.800571808327389	0.0	126289	1388.2042323005423	0.633320234169714	0.3
1368.5319036819621	300	18.132617451332624	0.0	153295	1667.9543569947632	0.633320234169714	0.3
1373.2796938243382	750	17.38482730895632	0.0	437162	4747.790142376304	0.633320234169714	0.3
1377.7404258606784	750	16.924095272615936	0.0	374758	4460.732036340386	0.633320234169714	0.75
1381.8036361504267	750	16.860884982867777	0.0	362795	4063.2102897481623	0.633320234169714	0.75
1385.3170670873765	750	17.34745404591795	0.0	353220	3513.43093694983	0.633320234169714	0.75
1389.4252094763785	750	17.239311656915955	0.0	405134	4108.142389001994	0.633320234169714	0.75
1393.3013764237733	750	17.363144709521002	0.0	386351	3876.1669473949505	0.633320234169714	0.75
1397.672973585143	750	16.991547548151313	0.0	434409	4371.597161369689	0.633320234169714	0.75
1401.2143792530385	750	17.450141880255906	0.0	337059	3541.4056678954075	0.633320234169714	0.75
1404.9978143460296	750	17.666706787264687	0.0	366214	3783.435092991217	0.633320234169714	0.75
1408.6493962071843	750	18.015124926110005	0.0	360831	3651.5818611546824	0.633320234169714	0.75
1412.4168705713475	750	18.247650561946582	0.0	372963	3767.4743641634223	0.633320234169714	0.75
1416.461815012238	750	18.20270612105618	0.0	405596	4044.9444408904014	0.633320234169714	0.75
1419.964397148485	750	18.700123984809036	0.0	350713	3502.5821362471443	0.633320234169714	0.75
1423.8420087356096	750	18.822512397684477	0.0	386472	3877.611587124561	0.633320234169714	0.75
1427.8754818654686	750	18.789039267825572	0.0	399894	4033.473129858904	0.633320234169714	0.75
1431.9583222322958	750	18.706198900998398	0.0	401853	4082.840366827176	0.633320234169714	0.75
1435.5344722598063	750	19.130048873487926	0.0	343800	3576.1500275104754	0.633320234169714	0.75
1439.3552801716494	750	19.30924096164486	0.0	359903	3820.8079118430646	0.633320234169714	0.75
1443.3946370655199	750	19.269884067774424	0.0	379700	4039.3568938704398	0.633320234169714	0.75
1447.7852447084133	750	18.879276424881073	0.0	425781	4390.607642893349	0.633320234169714	0.75
1450.8454147891548	750	19.819106344139406	0.0	277716	3060.1700807416687	0.633320234169714	0.75
1455.0554304347656	750	19.609090698528753	0.0	400396	4210.015645610653	0.633320234169714	0.75
1459.1951579972808	750	19.46936313601357	0.0	400508	4139.727562515187	0.633320234169714	0.75
1462.9307795321256	750	19.733741601168703	0.0	358218	3735.6215348448673	0.633320234169714	0.75
1467.222810437769	750	19.441710695525295	0.0	400322	4292.030905643409	0.633320234169714	0.75
1471.0651619666423	750	19.599359166652036	0.0	369834	3842.351528873255	0.633320234169714	0.75
1475.3461245113901	750	19.318396621904068	0.0	412837	4280.962544747968	0.633320234169714	0.75
1479.5371919968356	750	19.127329136458606	0.0	401088	4191.06748544546	0.633320234169714	0.75
1483.327024652409	750	19.33749648088531	0.0	365161	3789.8326555732947	0.633320234169714	0.75
1486.5360680022786	750	20.128453131015494	0.0	321064	3209.043349869817	0.633320234169714	0.75
1490.17000889783	750	20.494512235464036	0.0	361565	3633.940895551456	0.633320234169714	0.75
1494.036456991357	750	20.628064141937045	0.0	378327	3866.448093526995	0.633320234169714	0.75
1498.1439065288284	750	20.520614604465607	0.0	390680	4107.449537471437	0.633320234169714	0.75
1501.6607597010563	750	21.003761432237543	0.0	345516	3516.853172228063	0.633320234169714	0.75
1505.5448072985214	750	21.119713834772767	0.0	384505	3884.047597464776	0.633320234169714	0.75
1509.36715676782	750	21.297364365474017	0.0	372093	3822.3494692987483	0.633320234169714	0.75
1513.9567492883696	750	20.707771844924434	0.0	438281	4589.592520549584	0.633320234169714	0.75
1518.1648921980243	750	20.49962893526969	0.0	398987	4208.142909654744	0.633320234169714	0.75
1524.7992231039327	1200	17.865298029361213	0.0	638661	6634.330905908477	0.633320234169714	0.75
1530.5985171218874	1200	16.06600401140642	0.0	538612	5799.294017954791	0.633320234169714	1.2
1544.5086431207535	2850	6.155878012540359	0.0	1364537	13910.125998866062	0.633320234169714	1.2000000000000002
1549.6593000598095	750	5.005221073484362	0.0	450283	5150.656939055997	0.633320234169714	0.75
1551.3196515929942	300	7.344869540299938	0.0	155580	1660.3515331844233	0.633320234169714	-0.15000000000000002
1552.812289613592	300	9.852231519702185	0.0	139857	1492.6380205977518	0.633320234169714	0.3
1554.4622443017204	300	12.202276831573956	0.0	155432	1649.9546881282292	0.633320234169714	0.3
1556.1931047045784	300	14.471416428715767	0.0	163442	1730.8604028581888	0.633320234169714	0.3
1557.5486979389768	300	17.11582319431728	0.0	126289	1355.593234398489	0.633320234169714	0.3
1559.1770676692552	300	19.48745346403898	0.0	153295	1628.369730278301	0.633320234169714	0.3
1563.611214266619	750	19.053306866675054	0.0	437162	4434.146597363922	0.633320234169714	0.3
1567.4785059442806	750	19.18601518901352	0.0	374758	3867.2916776615352	0.633320234169714	0.75
1571.3620458962034	750	19.30247523709071	0.0	362795	3883.539951922809	0.633320234169714	0.75
1575.0547737931731	750	19.60974734012122	0.0	353220	3692.7278969694903	0.633320234169714	0.75
1579.4287235655431	750	19.235797567751145	0.0	405134	4373.949772370074	0.633320234169714	0.75
1583.3873466701325	750	19.277174463161597	0.0	386351	3958.623104589547	0.633320234169714	0.75
1587.7723250113802	750	18.892196121913955	0.0	434409	4384.978341247642	0.633320234169714	0.75
1591.1958830675335	750	19.468638065760793	0.0	337059	3423.5580561531647	0.633320234169714	0.75
1594.810342061788	750	19.854179071506117	0.0	366214	3614.458994254673	0.633320234169714	0.75
1598.7680681805402	750	19.89645295275392	0.0	360831	3957.7261187522	0.633320234169714	0.75
1602.8697044115831	750	19.794816721710912	0.0	372963	4101.636231043008	0.633320234169714	0.75
1607.03258817337	750	19.631932959924235	0.0	405596	4162.8837617866775	0.633320234169714	0.75
1610.432851735702	750	20.2316693975923	0.0	350713	3400.2635623319356	0.633320234169714	0.75
1614.2740631963059	750	20.390457936988124	0.0	386472	3841.2114606041737	0.633320234169714	0.75
1617.9477593957406	750	20.716761737553377	0.0	399894	3673.6961994347485	0.633320234169714	0.75
1623.052604502352	1200	19.611916630941955	0.0	656471	5104.845106611422	0.633320234169714	0.75
1627.0453481257423	1200	19.61917300755192	0.0	536667	3992.743623390033	0.633320234169714	1.2
1631.4067813318554	1200	19.257739801438877	0.0	587236	4361.433206113044	0.633320234169714	1.2
1635.9252704639114	1200	18.739250669382983	0.0	590335	4518.489132055897	0.633320234169714	1.2
1649.0215126915014	1200	9.64300844179298	0.0	696376	13096.242227590003	0.633320234169714	1.2
1652.6520852085903	750	10.012435924703997	0.0	277716	3630.5725170889814	0.633320234169714	0.3
1657.7232442163413	750	8.941276916953138	0.0	400396	5071.159007750859	0.633320234169714	0.75
1662.7713123681294	750	7.89320876516503	0.0	400508	5048.0681517881085	0.633320234169714	0.75
1664.7643172984956	300	9.900203834798774	0.0	157421	1993.0049303662563	0.633320234169714	-0.15000000000000002
1666.684360387994	300	11.980160745300436	0.0	157488	1920.043089498337	0.633320234169714	0.3
1668.4454233245995	300	14.219097808695041	0.0	143881	1761.0629366053936	0.633320234169714	0.3
1670.3715912365913	300	16.292929896703118	0.0	163444	1926.167911991922	0.633320234169714	0.3
1672.4727591469705	300	18.19176198632394	0.0	179328	2101.167910379181	0.633320234169714	0.3
1674.2811405983812	300	20.383380534913254	0.0	159914	1808.3814514106855	0.633320234169714	0.3
1677.831262428338	750	20.8332587049564	0.0	321064	3550.1218299568536	0.633320234169714	0.3
1681.8783844147658	750	20.7861367185285	0.0	361565	4047.1219864279014	0.633320234169714	0.75
1686.0648196218428	750	20.59970151145143	0.0	378327	4186.435207077069	0.633320234169714	0.75
1690.3511370770568	750	20.313384056237528	0.0	390680	4286.317455213903	0.633320234169714	0.75
1694.1995440379562	750	20.464977095337936	0.0	345516	3848.4069608995896	0.633320234169714	0.75
1698.5088806859253	750	20.155640447369	0.0	384505	4309.3366479689375	0.633320234169714	0.75
1702.6078927745116	750	20.05662835878273	0.0	372093	4099.012088586266	0.633320234169714	0.75
1707.2194905169304	750	19.44503061636392	0.0	438281	4611.597742418812	0.633320234169714	0.75
1711.4320553496118	750	19.232465783682308	0.0	398987	4212.564832681613	0.633320234169714	0.75
1718.325399111975	1200	16.339122021319263	0.0	638661	6893.343762363045	0.633320234169714	0.75
1724.0068809294	1200	14.657640203894212	0.0	538612	5681.481817425049	0.633320234169714	1.2
1732.6230688636383	1850	10.041452269656082	0.0	846370	8616.18793423813	0.633320234169714	1.2000000000000002
1737.5394656812744	750	9.125055452019831	0.0	450283	4916.3968176362505	0.633320234169714	0.75
1741.375860215668	750	9.288660917626402	0.0	398865	3836.3945343934297	0.633320234169714	0.75
1744.7627860904647	750	9.901735042829484	0.0	350812	3386.9258747969157	0.633320234169714	0.75
1748.4705974103156	750	10.193923722978633	0.0	382355	3707.8113198508513	0.633320234169714	0.75
1752.4427918079448	750	10.221729325349369	0.0	411561	3972.1943976292664	0.633320234169714	0.75
1755.3432758963559	750	11.321245236938315	0.0	318564	2900.484088411052	0.633320234169714	0.75
1758.7834954947116	750	11.881025638582555	0.0	352642	3440.2195983557613	0.633320234169714	0.75
1763.1437384602466	750	11.520782673047465	0.0	437162	4360.242965535089	0.633320234169714	0.75
1766.8926094523433	750	11.771911680950922	0.0	374758	3748.870992096544	0.633320234169714	0.75
1770.631131332535	750	12.033389800759288	0.0	362795	3738.5218801916353	0.633320234169714	0.75
1774.1181195535034	750	12.546401579790945	0.0	353220	3486.9882209683415	0.633320234169714	0.75
1777.5407853024396	750	13.12373583085454	0.0	405134	3422.665748936404	0.633320234169714	0.75
1780.6928868928185	750	13.971634240475968	0.0	386351	3152.1015903785747	0.633320234169714	0.75
1783.809098824462	750	14.855422308832438	0.0	434409	3116.2119316435287	0.633320234169714	0.75
1786.1155432478604	750	16.54897788543386	0.0	337059	2306.4444233985764	0.633320234169714	0.75
1788.6145711274614	750	18.049950005832706	0.0	366214	2499.027879601156	0.633320234169714	0.75
1791.0780415814156	750	19.586479551878558	0.0	360831	2463.47045395415	0.633320234169714	0.75
1793.6216500045225	750	21.042871128771615	0.0	372963	2543.6084231069435	0.633320234169714	0.75
1797.9239143001325	1200	20.740606833161458	0.0	639204	4302.264295610156	0.633320234169714	0.75
1801.8802814019834	1200	20.784239731310457	0.0	586839	3956.3671018510026	0.633320234169714	1.2
1805.9350639013294	1200	20.729457231964606	0.0	601738	4054.782499345849	0.633320234169714	1.2
1810.085414826137	1200	20.57910630715695	0.0	616206	4150.350924807653	0.633320234169714	1.2
1814.501736351665	1200	20.162784781629114	0.0	656471	4416.3215255278365	0.633320234169714	1.2
1818.1266921290571	1200	20.537829004236897	0.0	536667	3624.955777392219	0.633320234169714	1.2
1822.0856816158202	1200	20.57883951747379	0.0	587236	3958.9894867631074	0.633320234169714	1.2
1826.0651415581062	1200	20.599379575187726	0.0	590335	3979.4599422860647	0.633320234169714	1.2
1830.7450557030738	1200	19.919465430220207	0.0	696376	4679.914144967519	0.633320234169714	1.2
1834.0429928158726	1200	20.621528317421408	0.0	487160	3297.937112798799	0.633320234169714	1.2
1838.2375345594762	1200	20.42698657381783	0.0	622896	4194.541743603581	0.633320234169714	1.2
1842.5546149995646	1200	20.109906133729456	0.0	641447	4317.080440088372	0.633320234169714	1.2
1846.4023413844145	1200	20.26217974887944	0.0	570392	3847.726384850014	0.633320234169714	1.2
1850.579622947224	1200	20.08489818607014	0.0	620283	4177.281562809298	0.633320234169714	1.2
1854.519542345218	1200	20.144978788075917	0.0	584349	3939.9193979942224	0.633320234169714	1.2
1859.0260818383267	1200	19.6384392949674	0.0	670129	4506.539493108519	0.633320234169714	1.2
1863.665550485015	1200	18.998970648279023	0.0	690253	4639.468646688377	0.633320234169714	1.2
1867.700443813151	1200	18.964077320143122	0.0	598727	4034.8933281359036	0.633320234169714	1.2
1871.0026877142689	1200	19.6618334190252	0.0	487812	3302.2439011179235	0.633320234169714	1.2
1874.8847561121115	1200	19.779765021182655	0.0	575591	3882.0683978425436	0.633320234169714	1.2
1878.9669250292045	1200	19.697596104089733	0.0	605884	4082.1689170929208	0.633320234169714	1.2
1882.9276980019279	1200	19.736823131366254	0.0	587506	3960.772972723482	0.633320234169714	1.2
1886.7523843903714	1200	19.912136742922847	0.0	566904	3824.686388443407	0.633320234169714	1.2
1891.0694978579777	1200	19.59502327531669	0.0	641452	4317.1134676061565	0.633320234169714	1.2
1895.1093453137812	1200	19.55517581951308	0.0	599477	4039.847455803608	0.633320234169714	1.2
1899.3829219074435	1200	19.28159922585072	0.0	634861	4273.576593662366	0.633320234169714	1.2
1903.6257300655377	1200	19.038791067756573	0.0	630203	4242.808158094142	0.633320234169714	1.2
1910.19275731068	1850	16.471763822614033	0.0	982064	6567.02724514254	0.633320234169714	1.2000000000000002
1915.7601472805368	1850	14.904373852757423	0.0	830730	5567.38996985661	0.633320234169714	1.85
1924.8536012876127	2850	9.810919845681445	0.0	1364537	9093.45400707598	0.633320234169714	1.85
1927.9079472457422	750	10.756573887551914	0.0	450283	3054.3459581295297	0.633320234169714	0.75
1930.622651421981	750	12.041869711313117	0.0	398865	2714.7041762387985	0.633320234169714	0.75
1933.019941335798	750	13.644579797495947	0.0	350812	2397.2899138171697	0.633320234169714	0.75
1935.6255886483118	750	15.038932484982224	0.0	382355	2605.647312513722	0.633320234169714	0.75
1938.4241562977095	750	16.24036483558452	0.0	411561	2798.5676493977066	0.633320234169714	0.75
1940.6084319328227	750	18.056089200471543	0.0	318564	2184.2756351129747	0.633320234169714	0.75
1944.3993443815793	1200	18.26517675171477	0.0	561791	3790.9124487567747	0.633320234169714	0.75
1949.1661737423492	1200	17.49834739094503	0.0	709534	4766.829360769732	0.633320234169714	1.2
1953.0716851782772	1200	17.592835955016998	0.0	584846	3905.5114359280365	0.633320234169714	1.2
1956.6061327997627	1200	18.05838833353156	0.0	560821	3534.447621485438	0.633320234169714	1.2
1960.4275512376717	1200	18.236969895622728	0.0	607410	3821.4184379088333	0.633320234169714	1.2
1964.1668495415454	1200	18.497671591748897	0.0	594078	3739.2983038738316	0.633320234169714	1.2
1968.092193189583	1200	18.572327943711162	0.0	624282	3925.3436480377372	0.633320234169714	1.2
1972.4061414832954	1200	18.25837964999879	0.0	687371	4313.948293712373	0.633320234169714	1.2
1975.7319564120191	1200	18.932564721275096	0.0	526950	3325.8149287236956	0.633320234169714	1.2
1979.4330527153468	1200	19.2314684179477	0.0	587876	3701.0963033273947	0.633320234169714	1.2
1983.3150325962372	1200	19.34948853705716	0.0	617242	3881.979880890542	0.633320234169714	1.2
1986.9768120067095	1200	19.687709126584952	0.0	581493	3661.7794104722034	0.633320234169714	1.2
1990.9940695941464	1200	19.670451539148	0.0	639204	4017.2575874369504	0.633320234169714	1.2
1994.688778365296	1200	19.975742767998394	0.0	586839	3694.7087711496056	0.633320234169714	1.2
1998.3532162073259	1200	20.31130492596865	0.0	601738	3664.4378420297467	0.633320234169714	1.2
2001.7484180817257	1200	20.916103051568964	0.0	616206	3395.2018743996864	0.633320234169714	1.2
2005.3602465444299	1200	21.30427458886487	0.0	656471	3611.8284627040903	0.633320234169714	1.2
2008.3275268440836	1200	22.33699428921109	0.0	536667	2967.280299653779	0.633320234169714	1.2
2011.5668694793628	1200	23.0976516539317	0.0	587236	3239.342635279394	0.633320234169714	1.2
2014.8228848030105	1200	23.841636330283862	0.0	590335	3256.0153236478363	0.633320234169714	1.2
2018.649403046077	1200	24.01511808721749	0.0	696376	3826.518243066371	0.633320234169714	1.2
2021.3503345935342	1200	25.314186539760065	0.0	487160	2700.9315474574264	0.633320234169714	1.2
2024.7358753370163	1200	25.92864579627792	0.0	622896	3385.540743482145	0.633320234169714	1.2
2028.2069814067188	1200	26.457539726575416	0.0	641447	3471.106069702504	0.633320234169714	1.2
2031.3024445288627	1200	27.362076604431653	0.0	570392	3095.463122143763	0.633320234169714	1.2
2036.4283039085865	1850	26.23621722470774	0.0	954453	5125.859379723911	0.633320234169714	1.2000000000000002
2041.1873173270965	1850	25.477203806197657	0.0	885062	4759.013418510084	0.633320234169714	1.85
2046.7407398484258	1850	23.9237812848685	0.0	1035329	5553.422521329156	0.633320234169714	1.85
2052.245139260154	1850	22.419381873140527	0.0	1026056	5504.399411727972	0.633320234169714	1.85
2057.3154306570223	1850	21.349090476272007	0.0	943942	5070.29139686852	0.633320234169714	1.85
2061.249197940652	1850	21.415323192642216	0.0	728962	3933.767283629788	0.633320234169714	1.85
2066.2911793243734	1850	20.373341808920937	0.0	938587	5041.9813837212805	0.633320234169714	1.85
2071.1688716987783	1850	19.495649434516228	0.0	908665	4877.692374404711	0.633320234169714	1.85
2076.0295136786785	1850	18.63500745461574	0.0	930577	4860.64197990049	0.633320234169714	1.85
2080.5196184928377	1850	18.144902640456806	0.0	858450	4490.104814158931	0.633320234169714	1.85
2085.8653642963636	1850	16.799156836930713	0.0	1025005	5345.745803526093	0.633320234169714	1.85
2090.4983114011134	1850	16.166209732180963	0.0	886255	4632.947104749751	0.633320234169714	1.85
2095.581885990264	1850	15.082635143030748	0.0	973972	5083.574589150216	0.633320234169714	1.85
2100.588514280961	1850	14.076006852332943	0.0	958994	5006.628290697804	0.633320234169714	1.85
2105.713659803953	1850	12.9508613293413	0.0	982064	5125.145522991644	0.633320234169714	1.85
2110.0613589969944	1850	12.603162136300064	0.0	830730	4347.699193041236	0.633320234169714	1.85
2117.151378442271	2850	9.513142691023127	0.0	1364537	7090.019445276935	0.633320234169714	1.85
2119.5446118583513	750	11.119909274943069	0.0	450283	2393.2334160800583	0.633320234169714	0.75
2122.512255693395	1200	12.152265439899049	0.0	611087	2967.6438350440194	0.633320234169714	0.75
2125.2733871260616	1200	13.39113400723284	0.0	571051	2761.131432666211	0.633320234169714	1.2
2128.253450245574	1200	14.411070887720399	0.0	617681	2980.0631195124392	0.633320234169714	1.2
2131.3987473958646	1200	15.265773737429935	0.0	652874	3145.2971502904647	0.633320234169714	1.2
2133.9216691338315	1200	16.742851999463063	0.0	520315	2522.921737966871	0.633320234169714	1.2
2136.63932410456	1200	18.025197028735434	0.0	561791	2717.6549707276295	0.633320234169714	1.2
2140.0506446169925	1200	18.613876516302415	0.0	709534	3411.320512433018	0.633320234169714	1.2
2142.87654470975	1200	19.787976423545196	0.0	584846	2825.9000927572197	0.633320234169714	1.2
2145.5896454506633	1200	21.074875682631866	0.0	560821	2713.1007409133285	0.633320234169714	1.2
2150.082172986587	1850	20.582348146707886	0.0	939819	4492.527535923982	0.633320234169714	1.2000000000000002
2154.4695729351174	1850	20.194948198177723	0.0	917428	4387.39994853016	0.633320234169714	1.85
2158.9951162896537	1850	19.669404843641203	0.0	946851	4525.54335453652	0.633320234169714	1.85
2163.941353101975	1850	18.72316803132037	0.0	1036454	4946.236812320835	0.633320234169714	1.85
2167.878978253061	1850	18.78554288023409	0.0	821631	3937.6251510862808	0.633320234169714	1.85
2172.122099428117	1850	18.54242170517782	0.0	923170	4243.121175056271	0.633320234169714	1.85
2176.5084370666973	1850	18.1560840665975	0.0	966699	4386.337638580317	0.633320234169714	1.85
2180.5340121994095	1850	18.130508933885533	0.0	885714	4025.5751327119683	0.633320234169714	1.85
2185.0139382739444	1850	17.650582859350553	0.0	987708	4479.9260745349775	0.633320234169714	1.85
2189.208974004122	1850	17.455547129173155	0.0	923755	4195.035730177399	0.633320234169714	1.85
2193.2607872199305	1850	17.403733913364754	0.0	891604	4051.8132158084004	0.633320234169714	1.85
2197.596038553426	1850	17.068482579869308	0.0	955231	4335.2513334954465	0.633320234169714	1.85
2202.019884380626	1850	16.64463675266912	0.0	968026	4423.84582720019	0.633320234169714	1.85
2206.0231914523624	1850	16.641329680932525	0.0	874175	4003.3070717365936	0.633320234169714	1.85
2210.1333176754297	1850	16.531203457865363	0.0	897976	4110.1262230671655	0.633320234169714	1.85
2214.279163978554	1850	16.385357154741055	0.0	905935	4145.846303124306	0.633320234169714	1.85
2219.1909522018786	1850	15.473568931416725	0.0	1076599	4911.788223324328	0.633320234169714	1.85
2222.5492117457106	1850	16.115309387584933	0.0	758197	3358.2595438317903	0.633320234169714	1.85
2225.927897805207	1850	16.736623328088548	0.0	972798	3378.6860594963855	0.633320234169714	1.85
2229.310255526841	1850	17.354265606454486	0.0	975811	3382.3577216340623	0.633320234169714	1.85
2232.3461301813068	1850	18.31839095198849	0.0	873429	3035.874654465995	0.633320234169714	1.85
2235.656207762403	1850	19.008313370892566	0.0	954453	3310.0775810959244	0.633320234169714	1.85
2238.7314510316683	1850	19.933070101627425	0.0	885062	3075.2432692651405	0.633320234169714	1.85
2242.3152306750435	1850	20.34929045825215	0.0	1035329	3583.7796433752765	0.633320234169714	1.85
2245.8676284594803	1850	20.79689267381545	0.0	1026056	3552.397784436698	0.633320234169714	1.85
2251.1725967963484	1850	19.49192433694758	0.0	943942	5304.968336867868	0.633320234169714	1.85
2257.006698552854	1850	17.657822580441835	0.0	728962	5834.101756505744	0.633320234169714	1.85
2260.7539848872384	1850	17.910536246057042	0.0	938587	3747.286334384793	0.633320234169714	1.85
2264.6174416080553	1850	18.047079525240033	0.0	908665	3863.4567208170124	0.633320234169714	1.85
2267.216878592424	1850	19.44764254087164	0.0	930577	2599.43698436839	0.633320234169714	1.85
2271.529085234174	1850	19.135435899121823	0.0	858450	4312.206641749815	0.633320234169714	1.85
2274.219555956581	1850	20.444965176714643	0.0	1025005	2690.4707224071826	0.633320234169714	1.85
2276.499198446888	1850	22.165322686407634	0.0	886255	2279.6424903070074	0.633320234169714	1.85
2280.5186769747834	2850	22.145844158512396	0.0	1587250	4019.4785278952418	0.633320234169714	1.85
2287.64937624338	2850	19.01514488991506	0.0	1464921	7130.699268597334	0.633320234169714	2.85
2291.694812165815	2850	18.969708967480265	0.0	1483527	4045.435922434794	0.633320234169714	2.85
2297.962269979991	4300	16.702251153304793	0.0	1961140	6267.457814175471	0.633320234169714	2.8499999999999996
2303.5137455639624	4300	15.150775569333234	0.0	2155012	5551.47558397156	0.633320234169714	4.3
2304.6327759125566	750	18.031745220739328	0.0	450283	1119.030348593906	0.633320234169714	0.75
2306.932737854561	1850	19.731783278734977	0.0	957685	2299.961942004354	0.633320234169714	0.75
2309.0469385742567	1850	21.61758255903905	0.0	877771	2114.200719695928	0.633320234169714	1.85
2311.2018065663133	1850	23.462714566982598	0.0	933276	2154.8679920564505	0.633320234169714	1.85
2316.6495649555054	2850	22.01495617779044	0.0	1472558	5447.758389192156	0.633320234169714	1.85
2320.8417522702416	2850	21.822768863054097	0.0	1224260	4192.187314736344	0.633320234169714	2.85
2324.2698997596904	2850	22.394621373605393	0.0	1388403	3428.1474894487023	0.633320234169714	2.85
2328.3018073204894	2850	22.362713812806145	0.0	1638769	4031.90756079925	0.633320234169714	2.85
2331.6325491046828	2850	23.031972028612913	0.0	1348011	3330.7417841932315	0.633320234169714	2.85
2336.579364364219	2850	22.085156769076377	0.0	1429765	4946.815259536537	0.633320234169714	2.85
2340.3332480512927	2850	22.331273082003122	0.0	1354548	3753.883687073256	0.633320234169714	2.85
2350.667495165664	2850	15.997025967631693	0.0	1519951	10334.247114371428	0.633320234169714	2.85
2355.5422276886593	2850	15.122293444636496	0.0	1422919	4874.732522995197	0.633320234169714	2.85
2366.908625828934	2850	7.7558953043622605	0.0	1578343	11366.398140274236	0.633320234169714	2.85
2368.659070835943	1200	10.00545029735274	0.0	526950	1750.445007009521	0.633320234169714	-0.44999999999999996
2370.2998371141475	1200	12.364684019148815	0.0	587876	1640.7662782039235	0.633320234169714	1.2
2371.984811557878	1200	14.679709575418459	0.0	617242	1684.974443730357	0.633320234169714	1.2
2374.228622602554	1850	16.43589853074208	0.0	885714	2243.811044676377	0.633320234169714	1.2000000000000002
2376.537552931006	1850	18.12696820228993	0.0	987708	2308.9303284521525	0.633320234169714	1.85
2382.975266926651	2850	15.689254206645249	0.0	1336050	6437.713995644682	0.633320234169714	1.85
2388.4869428571883	2850	14.17757827610787	0.0	1415116	5511.675930537378	0.633320234169714	2.85
2393.907527412268	2850	12.75699372102829	0.0	1468126	5420.5845550795775	0.633320234169714	2.85
2397.208394686118	2850	13.456126447178075	0.0	1505760	3300.8672738502155	0.633320234169714	2.85
2401.9536570007594	2850	12.710864132536523	0.0	1323990	4745.2623146415535	0.633320234169714	2.85
2403.953922371328	1850	14.710598761967965	0.0	897976	2000.2653705685573	0.633320234169714	0.8500000000000001
2405.964655112104	1850	16.69986602119226	0.0	905935	2010.7327407757055	0.633320234169714	1.85
2409.8594821247093	2850	16.805039008586903	0.0	1547572	3894.8270126053576	0.633320234169714	1.85
2412.574484336547	2850	18.090036796749427	0.0	1141971	2715.002211837476	0.633320234169714	2.85
2417.1170121127084	2850	17.547509020588407	0.0	1498470	4542.527776161019	0.633320234169714	2.85
2425.542433629198	2850	13.122087504098861	0.0	1561263	8425.421516489547	0.633320234169714	2.85
2432.000612561072	2850	10.663908572224504	0.0	1341201	6458.178931874357	0.633320234169714	2.85
2438.4688188158584	2850	8.19570231743811	0.0	1497683	6468.206254786393	0.633320234169714	2.85
2440.394255862995	1850	10.27026527030169	0.0	885062	1925.437047136419	0.633320234169714	0.8500000000000001
2442.633013659143	1850	12.031507474153283	0.0	1035329	2238.757796148407	0.633320234169714	1.85
2444.8524363830165	1850	13.812084750280146	0.0	1026056	2219.4227238731364	0.633320234169714	1.85
2446.9006437370185	1850	15.763877396277776	0.0	943942	2048.2073540023703	0.633320234169714	1.85
2449.3561720264142	2850	17.30834910688212	0.0	1139291	2455.528289395656	0.633320234169714	1.85
2452.5617459891323	2850	18.102775144164347	0.0	1499009	3205.5739627177713	0.633320234169714	2.85
2455.618171126775	2850	19.046350006521788	0.0	1427478	3056.4251376425623	0.633320234169714	2.85
2458.6220706733807	2850	20.042450459916253	0.0	1402287	3003.899546605535	0.633320234169714	2.85
2461.512200827511	2850	21.15232030578564	0.0	1339500	2890.130154130612	0.633320234169714	2.85
2471.1398735271396	4300	15.524647606157203	0.0	2184571	9627.672699628438	0.633320234169714	2.8499999999999996
2475.698446533621	2850	14.966074599675979	0.0	1343002	4558.573006481222	0.633320234169714	1.4000000000000001
2482.7801682302843	2850	11.884352903012386	0.0	1587250	7081.721696663594	0.633320234169714	2.85
2487.575843640725	2850	11.088677492571547	0.0	1464921	4795.675410440838	0.633320234169714	2.85
2492.331672197897	2850	10.3328489353995	0.0	1483527	4755.828557172046	0.633320234169714	2.85
2495.1910096984016	2850	11.473511434895022	0.0	1231456	2859.3375005044804	0.633320234169714	2.85
2500.251599571013	2850	10.412921562284028	0.0	1364537	5060.5898726109945	0.633320234169714	2.85
2501.3134420094157	750	13.351079123881233	0.0	450283	1061.8424384027949	0.633320234169714	0.75
2503.567810394655	1850	15.096710738641237	0.0	957685	2254.368385239995	0.633320234169714	0.75
2507.3594415546277	1850	15.305079578668636	0.0	877771	3791.631159972601	0.633320234169714	1.85
2509.4516541689836	1850	17.212866964312926	0.0	933276	2092.2126143557084	0.633320234169714	1.85
2513.390935425774	1850	17.273585707522674	0.0	996749	3939.2812567902533	0.633320234169714	1.85
2515.4008272434144	1850	19.263693889882322	0.0	801058	2009.8918176403554	0.633320234169714	1.85
2517.559408581011	1850	21.105112552285693	0.0	905515	2158.581337596627	0.633320234169714	1.85
2524.7396215335298	2850	17.92489959976702	0.0	1638769	7180.21295251867	0.633320234169714	1.85
2527.7608560437043	2850	18.903665089592685	0.0	1348011	3021.2345101743326	0.633320234169714	2.85
2533.8387206097277	2850	16.825800523569065	0.0	1429765	6077.864566023621	0.633320234169714	2.85
2537.1874495653537	2850	17.477071567943145	0.0	1354548	3348.7289556259225	0.633320234169714	2.85
2542.3380746009307	2850	16.326446532366273	0.0	1519951	5150.625035576871	0.633320234169714	2.85
2545.650991246546	2850	17.0135298867514	0.0	1422919	3312.916645614876	0.633320234169714	2.85
2549.3170361002512	2850	17.34748503304594	0.0	1578343	3666.0448537054604	0.633320234169714	2.85
2552.194917805857	2850	18.469603327439916	0.0	1231445	2877.8817056060193	0.633320234169714	2.85
2555.6272276625295	2850	19.0372934707676	0.0	1471065	3432.3098566723165	0.633320234169714	2.85
2561.2121806089	2850	17.452340524397165	0.0	1491626	5584.952946370437	0.633320234169714	2.85
2569.859942935996	2850	12.804578197300863	0.0	1358801	8647.762327096301	0.633320234169714	2.85
2576.934317659919	2850	9.730203473377788	0.0	1537156	7074.374723923075	0.633320234169714	2.85
2583.194350402228	2850	7.470170731068917	0.0	1336050	6260.03274230887	0.633320234169714	2.85
2587.398553772741	1850	7.265967360556169	0.0	891604	4204.203370512749	0.633320234169714	0.8500000000000001
2589.9979756951066	1200	8.66654543819049	0.0	616206	2599.42192236568	0.633320234169714	0.5499999999999999
2592.617756982326	1200	10.046764150971795	0.0	656471	2619.7812872186946	0.633320234169714	1.2
2594.774035757881	1200	11.89048537541614	0.0	536667	2156.2787755556533	0.633320234169714	1.2
2597.125957905213	1200	13.538563228084184	0.0	587236	2351.922147331957	0.633320234169714	1.2
2599.4898695878164	1200	15.174651545480918	0.0	590335	2363.9116826032655	0.633320234169714	1.2
2603.7350589016446	1850	14.929462231652343	0.0	1076599	4245.189313828577	0.633320234169714	1.2000000000000002
2606.7484018103573	1850	15.91611932293992	0.0	758197	3013.3429087124223	0.633320234169714	1.85
2610.592001659618	1850	16.0725194736796	0.0	972798	3843.5998492603203	0.633320234169714	1.85
2614.4472583239067	1850	16.217262809391062	0.0	975811	3855.256664288539	0.633320234169714	1.85
2617.9064154076377	1850	16.75810572565981	0.0	873429	3459.1570837312497	0.633320234169714	1.85
2621.7988973441784	1850	16.86562378911875	0.0	954453	3892.481936541061	0.633320234169714	1.85
2625.703347605137	1850	16.961173528160167	0.0	885062	3904.450260958585	0.633320234169714	1.85
2630.257118102829	1850	16.40740303046849	0.0	1035329	4553.770497691677	0.633320234169714	1.85
2634.7708189474683	1850	15.89370218582922	0.0	1026056	4513.70084463927	0.633320234169714	1.85
2638.9296961653695	1850	15.734824967928361	0.0	943942	4158.877217900857	0.633320234169714	1.85
2642.159621154951	1850	16.504899978346963	0.0	728962	3229.924989581399	0.633320234169714	1.85
2645.63566051199	1850	17.028860621307693	0.0	938587	3476.0393570392716	0.633320234169714	1.85
2648.879890830742	1850	17.784630302555662	0.0	908665	3244.230318752028	0.633320234169714	1.85
2652.143054927586	1850	18.5214662057119	0.0	930577	3263.1640968437646	0.633320234169714	1.85
2657.687775575342	1850	16.97674555795591	0.0	858450	5544.720647755989	0.633320234169714	1.85
2662.9946038527423	1850	15.669917280555628	0.0	1025005	5306.828277400282	0.633320234169714	1.85
2666.0276957691613	1850	16.63682536413638	0.0	886255	3033.091916419248	0.633320234169714	1.85
2669.6021673647974	1850	17.062353768500458	0.0	973972	3574.4715956359223	0.633320234169714	1.85
2671.8264724450682	1850	18.838048688229666	0.0	958994	2224.3050802707958	0.633320234169714	1.85
2678.5863614510954	2850	16.078159682202696	0.0	1483527	6759.889006026968	0.633320234169714	1.85

