899665.6258502273	750	4.0	9.405939483918523	450283	9405.939483918522	0.7	-39.69553978084965
899673.3127430384	750	4.0	3.686892811108748	398865	7686.892811108748	0.7	-15.103639087767617
899675.5973710674	300	5.7153719709802875	0.0	139857	2284.628029019713	0.7	-0.15000000000000002
899677.9780175426	300	7.3347254957834815	0.0	155432	2380.646475196806	0.7	0.3
899680.4814508514	300	8.831292186895146	0.0	163442	2503.4333088883354	0.7	0.3
899682.2788583202	300	11.033884718104542	0.0	126289	1797.407468790603	0.7	0.3
899684.3991668754	300	12.913576162945162	0.0	153295	2120.30855515938	0.75	0.3
899686.7930427487	300	14.5197002895905	0.0	173849	2393.875873354663	0.75	0.3
899689.5739618608	300	15.738781177440863	0.0	150710	2780.919112149635	0.75	0.3
899692.8672511827	300	16.445491855640096	0.0	139105	3293.2893218007675	0.75	0.3
899697.3120029067	300	16.000740131592007	0.0	141840	4444.751724048087	0.75	0.3
899700.7021426442	300	16.610600394122528	0.0	156148	3390.139737469481	0.75	0.3
899704.2215301594	300	17.091212878993705	0.0	160746	3519.387515128825	0.75	0.3
899708.4748737239	300	16.8378693144109	0.0	179801	4253.343564582807	0.75	0.3
899712.0403512045	300	17.27239183391378	0.0	140051	3565.4774804971207	0.75	0.3
899714.3867425796	300	18.92600045890533	0.0	138313	2346.3913750084457	0.75	0.3
899716.4044767178	300	20.908266320685957	0.0	143509	2017.7341382193722	0.75	0.3
899723.5709465392	750	17.74179649930693	0.0	372963	7166.469821379028	0.75	0.3
899729.1156531608	750	16.197089877692882	0.0	405596	5544.706621614048	0.75	0.75
899734.8173372761	750	14.495405762379677	0.0	350713	5701.684115313203	0.75	0.75
899739.6546915732	750	13.658051465257483	0.0	386472	4837.354297122195	0.75	0.75
899748.6248409224	750	8.68790211607667	0.0	399894	8970.149349180812	0.75	0.75

