387086.8881099606	750	4.0	15.826229161113698	450283	15826.229161113699	0.7	-67.3027853927889
387099.4981567629	750	4.0	8.610046802265865	398865	12610.046802265864	0.7	-36.27320124974322
387102.08303441707	300	5.415122345814112	0.0	139857	2584.8776541858883	0.7	-0.15000000000000002
387107.04690792627	300	4.451248836665891	0.0	155432	4963.873509148221	0.7	0.3
387109.05684737064	300	6.441309392291598	0.0	163442	2009.939444374293	0.7	0.3
387110.6280804839	300	8.870076279073544	0.0	126289	1571.2331132180534	0.7	0.3
387112.51820313977	300	10.979953623175078	0.0	153295	1890.1226558984672	0.75	0.3
387119.0226321676	300	8.475524595300602	0.0	173849	6504.429027874476	0.75	0.3
387121.83463783795	300	9.663518924997545	0.0	150710	2812.0056703030573	0.75	0.3
387126.75843045575	300	8.739726307206839	0.0	139105	4923.792617790707	0.75	0.3
387132.68151889346	300	6.816637869469737	0.0	141840	5923.088437737101	0.75	0.3
387137.1684580199	300	6.329698743016647	0.0	156148	4486.93912645309	0.75	0.3
387145.06179695314	300	4.0	1.563640190217252	160746	7893.338933233899	0.75	-6.423652817934184
387154.7036214593	300	4.0	5.641824506169298	179801	9641.824506169298	0.75	-23.95984537652798
387162.2332638721	300	4.0	3.5296424128084865	140051	7529.642412808486	0.75	-14.87746237507649
387167.5375940024	300	4.0	1.304330130281922	138313	5304.330130281922	0.75	-5.308619560212264
387170.4478487564	300	5.089745246001554	0.0	143509	2910.2547539984466	0.75	0.3
387172.0115763713	300	7.526017631078599	0.0	150616	1563.7276149229556	0.75	0.3
387173.7159409011	300	9.82165310131678	0.0	165384	1704.364529761817	0.75	0.3
387175.1792777898	300	12.358316212619474	0.0	140881	1463.3368886973058	0.75	0.3
387180.31079294626	300	11.226801056088247	0.0	157671	5131.515156531229	0.75	0.3
387186.1120208189	300	9.42557318341594	0.0	157812	5801.227872672307	0.75	0.3
387187.76039965503	300	11.777194347324919	0.0	163927	1648.3788360910212	0.75	0.3
387189.1536216707	300	14.383972331723646	0.0	137654	1393.222015601273	0.75	0.3
387191.5842954173	300	15.95329858510668	0.0	146754	2430.6737466169643	0.75	0.3
387193.5106574079	300	18.02693659447493	0.0	153938	1926.361990631752	0.75	0.3
387195.7167548032	300	19.820839199236737	0.0	181901	2206.0973952381933	0.75	0.3
387200.1422157243	300	19.395378278121004	0.0	111155	4425.460921115732	0.75	0.3
387201.87273357285	300	21.664860429556324	0.0	153605	1730.5178485646786	0.75	0.3
387203.55408134445	300	23.983512657975027	0.0	149029	1681.3477715812994	0.75	0.3
387211.5296135414	750	20.007980461049787	0.0	358218	7975.532196925239	0.75	0.3
387225.0077170628	750	10.529876939615496	0.0	400322	13478.103521434288	0.75	0.75
387233.425382277	300	6.112211725370847	0.0	143881	8417.66521424465	0.75	-0.15000000000000002
387246.40805142117	300	4.0	6.870457418780515	163444	12982.669144151363	0.75	-29.242966900756212
387254.88559280196	300	4.0	4.477541380797842	179328	8477.541380797842	0.75	-18.953427937430718
387257.0782183599	300	5.8073744420998406	0.0	159914	2192.625557900159	0.75	0.3
387259.48346208525	300	7.402130716725236	0.0	131610	2405.2437253746048	0.75	0.3
387261.5719039831	300	9.31368881888598	0.0	124011	2088.441897839254	0.75	0.3
387263.06447928573	300	11.821113516239862	0.0	144254	1492.575302646119	0.75	0.3
387264.5077965675	300	14.377796234469072	0.0	149991	1443.3172817707919	0.75	0.3
387265.9249146829	300	16.960678119044307	0.0	147968	1417.118115424763	0.75	0.3
387267.4535299621	300	19.432062839858904	0.0	161857	1528.6152791854038	0.75	0.3
387268.8082419921	300	22.077350809912254	0.0	145210	1354.7120299466471	0.75	0.3
387273.2274895345	750	21.658103267488265	0.0	438281	4419.247542423989	0.75	0.3
387278.78086161485	1200	20.10473118711059	0.0	630203	5553.372080377676	0.75	0.75
387285.30135484174	1200	17.584237960279562	0.0	638661	6520.4932268310295	0.75	1.2
387294.8819538493	1850	12.003638952752246	0.0	830730	9580.599007527317	0.75	1.2000000000000002
387302.5979096127	1850	8.287683189264724	0.0	846370	7715.955763487523	0.75	1.85
387306.6963779967	750	8.189214805291185	0.0	450283	4098.468383973539	0.75	0.75
387311.04122074775	750	7.8443720542024495	0.0	398865	4344.842751088736	0.75	0.75
387314.4549272386	750	8.430665563395381	0.0	350812	3413.7064908070683	0.75	0.75
387318.3748954662	750	8.510697335787714	0.0	382355	3919.9682276076683	0.75	0.75
387322.3668277331	750	8.518765068890337	0.0	411561	3991.9322668973764	0.75	0.75
387326.73508015415	750	8.150512647844465	0.0	318564	4368.252421045873	0.75	0.75
387330.23708124156	750	8.648511560424824	0.0	352642	3502.0010874196396	0.75	0.75
387334.5390136997	750	8.346579102273726	0.0	437162	4301.9324581511	0.75	0.75
387337.9554600225	750	8.930132779483538	0.0	374758	3416.446322790186	0.75	0.75
387341.4538710909	750	9.431721711121224	0.0	362795	3498.411068362314	0.75	0.75
387344.7963327586	750	10.089260043380964	0.0	353220	3342.461667740259	0.75	0.75
387348.76228644274	750	10.123306359206316	0.0	405134	3965.9536841746485	0.75	0.75
387352.39112207084	750	10.494470731127208	0.0	386351	3628.8356280791063	0.75	0.75
387356.2278091092	750	10.657783692763275	0.0	434409	3836.6870383639352	0.75	0.75
387359.79486610764	750	11.090726694310558	0.0	337059	3567.056998452717	0.75	0.75
387363.0494393009	750	11.836153501059151	0.0	366214	3254.573193251407	0.75	0.75
387366.3459979978	750	12.53959480414933	0.0	360831	3296.5586969098204	0.75	0.75
387369.8551642271	750	13.030428574894708	0.0	372963	3509.166229254622	0.75	0.75
387374.41988311074	750	12.465709691195247	0.0	405596	4564.718883699461	0.75	0.75
387378.1782940996	750	12.707298702368861	0.0	350713	3758.4109888263847	0.75	0.75
387382.4820120184	750	12.40358078357754	0.0	386472	4303.717918791322	0.75	0.75
387386.67367623775	750	12.211916564205444	0.0	399894	4191.664219372097	0.75	0.75
387390.57649221667	750	12.309100585325105	0.0	401853	3902.8159788803378	0.75	0.75
387398.8892144924	750	7.996378309600292	0.0	343800	8312.722275724813	0.75	0.75
387403.9986045772	750	6.886988224824956	0.0	359903	5109.390084775336	0.75	0.75
387405.4555210032	300	9.43007179874053	0.0	153938	1456.9164260844257	0.75	-0.15000000000000002
387407.18697464233	300	11.698618159665987	0.0	181901	1731.4536390745432	0.75	0.3
387408.2808918015	300	14.604701000465582	0.0	111155	1093.9171592004045	0.75	0.3
387409.7663784998	300	17.119214302201275	0.0	153605	1485.4866982643068	0.75	0.3
387411.20999476983	300	19.67559803218642	0.0	149029	1443.6162700148525	0.75	0.3
387458.9766194405	750	4.0	28.091026638494824	358218	47766.624670681245	0.75	-120.49141454552775

