269151.8759496457	750	4.0	1.9878414130356665	450283	1987.8414130356666	1.0	-7.797718076053366
269155.1379473042	1850	4.738002341514485	0.0	957685	3261.997658485515	1.0	0.75
269158.13442325057	1850	5.741526395157918	0.0	877771	2996.475946356567	1.0	1.85
269161.3153197319	1850	6.560629913829791	0.0	933276	3180.8964813281273	1.0	1.85
269166.2880309135	2850	5.587918732194794	0.0	1472558	4972.711181634997	1.0	1.85
269171.22882107453	2850	4.647128571186944	0.0	1224260	4940.79016100785	1.0	2.85
269174.1628146679	1850	5.713134977797994	0.0	905515	2933.9935933889496	1.0	0.8500000000000001
269177.5405078092	1850	6.335441836492987	0.0	1060487	3377.693141305007	1.0	1.85
269181.17234230036	1850	6.703607345358217	0.0	852833	3631.8344911347704	1.0	1.85
269185.3285961571	1850	6.547353488652408	0.0	913888	4156.253856705809	1.0	1.85
269189.5791771244	1850	6.296772521278969	0.0	939819	4250.580967373438	1.0	1.85
269193.22151483333	1850	6.6544348123898915	0.0	917428	3642.3377088890775	1.0	1.85
269196.1460708205	1850	7.729878825215702	0.0	946851	2924.55598717419	1.0	1.85
269199.0163308061	1850	8.85961883964951	0.0	1036454	2870.259985566191	1.0	1.85
269201.3082611978	1850	10.56768844794787	0.0	821631	2291.930391701643	1.0	1.85
269205.3485467538	2850	10.527402891939662	0.0	1471065	4040.285556008206	1.0	1.85
269209.4441850178	2850	10.431764627983755	0.0	1491626	4095.638263955907	1.0	2.85
269213.18224225775	2850	10.693707387964107	0.0	1358801	3738.0572400196497	1.0	2.85
269220.1143171857	2850	7.761632460009871	0.0	1537156	6932.074927954236	1.0	2.85
269223.86657904927	2850	8.009370596446232	0.0	1336050	3752.2618635636386	1.0	2.85
269227.79366426874	2850	8.08228537701039	0.0	1415116	3927.085219435842	1.0	2.85
269236.26964958524	2850	4.0	0.3936999394977802	1468126	8475.98531650817	1.0	1.1570902601595452
269240.86623730813	1850	4.0	0.5965877228969594	968026	4596.587722896959	1.0	-1.7153272084569253
269244.46565059794	1850	4.400586710202221	0.0	874175	3599.413289797779	1.0	1.85
269248.46794252895	1850	4.398294779149646	0.0	897976	4002.2919310525754	1.0	1.85
269252.4452558634	1850	4.420981444677598	0.0	905935	3977.3133344720477	1.0	1.85
269256.214517496	1850	4.651719812131437	0.0	1076599	3769.2616325461613	1.0	1.85
269262.8706382362	1850	4.0	2.0044009281070765	758197	6656.1207402385135	1.0	-6.768923990860429
269267.8725054687	1200	4.0	1.0018672325176485	622896	5001.8672325176485	1.0	-3.758029099825888
269272.44742414524	1200	4.0	0.5749186764902207	641447	4574.918676490221	1.0	-1.2721503089079487
269277.0232232413	1200	4.0	0.5757990961158148	570392	4575.799096115815	1.0	-1.2759361132980038
269282.6582348582	1200	4.0	1.6350116169128641	620283	5635.011616912864	1.0	-5.830549952725315
269285.52303877915	750	5.135196079095697	0.0	369834	2864.8039209043036	1.0	0.3
269288.22146247886	750	6.436772379336065	0.0	412837	2698.423699759631	0.7	0.75
269290.8485307325	750	7.809704125699758	0.0	401088	2627.0682536363074	0.7	0.75
269293.48698908795	750	9.17124577027635	0.0	365161	2638.458355423408	0.7	0.75
269296.0341629101	750	10.624071948150634	0.0	321064	2547.173822125715	0.7	0.75
269298.0212413492	750	12.636993508954374	0.0	361565	1987.0784391962604	0.7	0.75
269299.92105783115	750	14.737177027011226	0.0	378327	1899.8164819431474	0.7	0.75

