519875.1702864573	750	4.0	8.38927664706689	450283	8389.27664706689	0.75	-35.32388958238762
519891.14692878304	750	4.0	11.976642325755115	398865	15976.642325755116	0.75	-50.74956200074699
519898.4440184725	750	4.0	3.2970896894392436	350812	7297.089689439244	0.75	-13.427485664588747
519905.27954055753	750	4.0	2.835522085022055	382355	6835.522085022055	0.75	-11.442744965594835
519911.93227549596	750	4.0	2.6527349384506307	411561	6652.734938450631	0.75	-10.656760235337712
519914.0291432814	300	5.9031322145635965	0.0	126289	2096.867785436403	0.75	-0.15000000000000002
519916.5573038272	300	7.374971668764094	0.0	153295	2528.160545799503	0.75	0.3
519919.4137170353	300	8.51855846072275	0.0	173849	2856.4132080413438	0.75	0.3
519921.9005944668	300	10.031681029251121	0.0	150710	2486.8774314716275	0.75	0.3
519924.2021370658	300	11.730138430187617	0.0	139105	2301.542599063504	0.75	0.3
519926.54735831777	300	13.38491717824723	0.0	141840	2345.2212519403865	0.75	0.3
519928.77765361377	300	15.15462188232251	0.0	156148	2230.2952959247204	0.75	0.3
519931.57163923536	300	16.360636260713996	0.0	160746	2793.9856216085127	0.75	0.3
519933.48239173496	300	18.44988376114369	0.0	179801	1910.7524995703093	0.75	0.3
519935.0825199505	300	20.849755545566104	0.0	140051	1600.1282155775816	0.75	0.3
519936.78532575886	300	23.146949737217877	0.0	138313	1702.8058083482292	0.75	0.3
519944.6240319943	750	19.308243501723094	0.0	360831	7838.706235494785	0.75	0.3
519951.35956603143	750	16.572709464606767	0.0	372963	6735.534037116326	0.75	0.75
519963.7709308424	750	8.161344653672778	0.0	405596	12411.36481093399	0.75	0.75
519965.7031085851	300	10.229166910942066	0.0	140881	1932.1777427307118	0.75	-0.15000000000000002
519968.9305057047	300	11.001769791380365	0.0	157671	3227.3971195617	0.75	0.3
519971.26339085674	300	12.66888463936813	0.0	157812	2332.8851520122344	0.75	0.3
519977.1037587199	300	10.828516776190654	0.0	163927	5840.3678631774765	0.75	0.3
519980.95963868714	300	10.972636808973032	0.0	137654	3855.8799672176233	0.75	0.3
519986.1516693191	300	9.780606177024065	0.0	146754	5192.030631948966	0.75	0.3
519990.0322037181	300	9.900071778047646	0.0	153938	3880.5343989764183	0.75	0.3
519994.14180371293	300	9.790471783210075	0.0	181901	4109.599994837572	0.75	0.3
519996.2061139163	300	11.726161579810599	0.0	111155	2064.3102033994755	0.75	0.3
519998.92288943584	300	13.009386060251673	0.0	153605	2716.7755195589266	0.75	0.3
520000.6833667011	300	15.248908794979588	0.0	149029	1760.4772652720833	0.75	0.3
520002.43525744	300	17.497018056094362	0.0	157421	1751.8907388852253	0.75	0.3
520005.9788884864	300	17.953387009732953	0.0	157488	3543.63104636141	0.75	0.3
520007.8819670626	300	20.050308433512882	0.0	143881	1903.078576220072	0.75	0.3
520012.96818184113	300	18.964093654962628	0.0	163444	5086.214778550255	0.75	0.3
520017.48764706816	750	18.444628427936582	0.0	401088	4519.465227026046	0.75	0.3
520021.2948761305	750	18.637399365608974	0.0	365161	3807.2290623276085	0.75	0.75
520024.93613974575	750	18.996135750308575	0.0	321064	3641.2636153003978	0.75	0.75
520028.80513630196	750	19.127139194174458	0.0	361565	3868.9965561341146	0.75	0.75
520035.9573003392	750	15.974975156926819	0.0	378327	7152.1640372476395	0.75	0.75
520053.0771393997	750	4.0	1.144863903633741	390680	17119.83906056056	0.75	-4.172914785625085
520057.42301236134	300	4.0	0.34587296165679615	147968	4345.872961656796	0.75	-1.6372537351242233
520059.5824364874	300	5.840575873895834	0.0	161857	2159.424126104166	0.75	0.3
520061.6498223728	300	7.77318998850756	0.0	145210	2067.3858853882743	0.75	0.3
520064.8466336203	300	8.576378741062253	0.0	172312	3196.8112474453073	0.75	0.3
520067.9631861775	300	9.459826183886586	0.0	167025	3116.552557175668	0.75	0.3
520069.9694720907	300	11.453540270647139	0.0	160064	2006.285913239447	0.75	0.3
520071.86592316965	300	13.55708919169769	0.0	137507	1896.4510789494493	0.75	0.3
520076.3179804226	750	13.105031938820613	0.0	314107	4452.057252877077	0.75	0.3
520081.71340981964	750	11.709602541720555	0.0	450283	5395.429397100059	0.75	0.75
520088.0429680596	750	9.380044301769415	0.0	398865	6329.55823995114	0.75	0.75
520094.7978034546	750	6.62520890670579	0.0	350812	6754.835395063624	0.75	0.75
520098.69887104566	300	6.724141315664947	0.0	155432	3901.067591040844	0.75	-0.15000000000000002
520101.07881707395	300	8.344195287383432	0.0	163442	2379.946028281514	0.75	0.3
520102.9002385719	300	10.522773789377831	0.0	126289	1821.4214980055995	0.75	0.3
520107.0835226912	300	10.339489670117734	0.0	153295	4183.284119260098	0.75	0.3
520111.05879186984	300	10.364220491495493	0.0	173849	3975.2691786222413	0.75	0.3
520115.84935700585	300	9.573655355452091	0.0	150710	4790.565136043403	0.75	0.3
520117.92991225445	300	11.493100106851436	0.0	139105	2080.555248600655	0.75	0.3
520120.5713758286	300	12.851636532725188	0.0	141840	2641.463574126249	0.75	0.3
520124.5989129681	300	12.824099393161935	0.0	156148	4027.5371395632515	0.75	0.3
520130.02514770045	300	11.397864660841734	0.0	160746	5426.234732320203	0.75	0.3
520132.7858989162	300	12.637113445063262	0.0	179801	2760.751215778471	0.75	0.3

