137621.16459275427	750	4.0	2.813251493588166	450283	2813.251493588166	0.7	-11.346981422429113
137623.97392102555	750	5.190671728722402	0.0	398865	2809.328271277598	0.7	0.75
137625.32569293462	750	7.838899819639334	0.0	350812	1351.7719090830676	0.7	0.75
137626.66471794603	750	10.499874808242923	0.0	382355	1339.0250113964123	0.7	0.75
137628.93594757206	1200	12.228645182218445	0.0	652874	2271.2296260244784	0.7	0.75
137631.02213204047	1200	14.142460713797801	0.0	520315	2086.184468420642	0.7	1.2
137632.44571664854	1200	16.718876105729212	0.0	561791	1423.5846080685906	0.7	1.2
137636.99091790718	1850	16.173674847096542	0.0	1060487	4545.201258632669	0.7	1.2000000000000002
137639.13699252898	1850	18.027600225285667	0.0	852833	2146.074621810874	0.7	1.85
137641.4591891676	1850	19.705403586681207	0.0	913888	2322.196638604459	0.7	1.85
137645.89062481417	2850	19.27396794009011	0.0	1354548	4431.435646591096	0.7	1.85
137652.32089749078	2850	16.843695263488886	0.0	1519951	6430.272676601222	0.7	2.85
137656.77570195863	2850	16.38889079563653	0.0	1422919	4454.80446785236	0.7	2.85
137662.3450869154	2850	14.819505838866725	0.0	1578343	5569.3849567698035	0.7	2.85
137666.23072453184	2850	14.933868222440365	0.0	1231445	3885.63761642636	0.7	2.85
137671.58013972198	2850	13.584453032286744	0.0	1471065	5349.415190153623	0.7	2.85
137679.4797539603	2850	9.684838793972185	0.0	1491626	7899.614238314558	0.7	2.85
137681.6562776716	1850	11.508315082679248	0.0	885714	2176.5237112929362	0.7	0.8500000000000001
137684.60638228545	1850	12.558210468828271	0.0	987708	2950.1046138509773	0.7	1.85
137688.0433768989	1850	13.121215855388426	0.0	923755	3436.994613439846	0.7	1.85
137693.62749928454	1850	11.53709346972757	0.0	891604	5584.122385660856	0.7	1.85
137696.65414976503	1850	12.510442989204847	0.0	955231	3026.650480522724	0.7	1.85
137703.75961018045	1850	9.404982573820373	0.0	968026	7105.460415384474	0.7	1.85
137708.50105066592	1850	8.663542088353298	0.0	874175	4741.440485467076	0.7	1.85
137714.1793547665	1850	6.9852379877950215	0.0	897976	5678.304100558275	0.7	1.85
137716.5739589225	1200	8.590633831778453	0.0	590335	2394.604156016569	0.7	0.5499999999999999
137718.77774290158	1200	10.386849852677777	0.0	696376	2203.7839791006763	0.7	1.2
137720.07822706705	1200	13.086365687228154	0.0	487160	1300.4841654496238	0.7	1.2
137722.68108955133	1200	14.483503202945865	0.0	622896	2602.8624842822887	0.7	1.2
137724.6086475676	1200	16.55594518667247	0.0	641447	1927.5580162733963	0.7	1.2
137728.17906972283	1200	16.98552303143792	0.0	570392	3570.4221552345466	0.7	1.2
137731.7982511234	1850	17.36634163087464	0.0	954453	3619.181400563286	0.7	1.2000000000000002
137735.23002524095	1850	17.934567513312512	0.0	885062	3431.774117562128	0.7	1.85
137740.48776072793	1850	16.67683202631692	0.0	1035329	5257.735486995593	0.7	1.85
137744.24399644427	1850	16.920596309980866	0.0	1026056	3756.2357163360552	0.7	1.85
137749.02581643904	1850	16.13877631523238	0.0	943942	4781.8199947484845	0.7	1.85
137758.54690373916	1850	10.617689015099272	0.0	728962	9521.08730013311	0.7	1.85
137762.43242319918	1850	10.73216955509079	0.0	938587	3885.5194600084824	0.7	1.85
137764.67895195002	1850	12.485640804259079	0.0	908665	2246.528750831711	0.7	1.85
137769.04275947966	1850	12.121833274602563	0.0	930577	4363.807529656516	0.7	1.85
137771.94557932735	1850	13.21901342693805	0.0	858450	2902.8198476645116	0.7	1.85
137775.39012038196	1850	13.774472372321899	0.0	1025005	3444.541054616152	0.7	1.85
137777.83477565128	1850	15.3298171030007	0.0	886255	2444.6552693212006	0.7	1.85
137781.64546512236	1850	15.519127631916195	0.0	973972	3810.689471084504	0.7	1.85
137785.94905282735	1850	15.215539926941691	0.0	958994	4303.587704974505	0.7	1.85
137789.6648042893	1850	15.499788465020469	0.0	982064	3715.751461921222	0.7	1.85
137796.6939378457	4300	12.470654908605296	0.0	1961140	7029.133556415172	0.7	1.8499999999999996
137806.9734728083	4300	6.191119946003213	0.0	2155012	10279.534962602083	0.7	4.3
137809.10272138967	750	8.06187136461292	0.0	450283	2129.2485813902936	0.7	0.75
137813.24865972652	1200	7.915933027761424	0.0	611087	4145.9383368514955	0.7	0.75
137815.8146453919	1200	9.34994736241667	0.0	571051	2565.9856653447555	0.7	1.2
137818.8069802131	1200	10.357612541188777	0.0	617681	2992.3348212278916	0.7	1.2
137820.9607463335	1200	12.20384642079591	0.0	652874	2153.7661203928665	0.7	1.2
137823.27576942637	1200	13.888823327932258	0.0	520315	2315.0230928636543	0.7	1.2
137826.14785399736	1850	15.016738756957398	0.0	905515	2872.0845709748587	0.7	1.2000000000000002
137829.51934325576	1850	15.645249498536836	0.0	1060487	3371.489258420562	0.7	1.85
137833.1300081367	1850	16.034584617586145	0.0	852833	3610.6648809506896	0.7	1.85
137837.1443988961	1850	16.02019385820676	0.0	913888	4014.3907593793856	0.7	1.85
137840.44168313872	1850	16.722909615568607	0.0	939819	3297.284242638156	0.7	1.85
137844.51970216905	1850	16.64489058524899	0.0	917428	4078.0190303196164	0.7	1.85
137852.32166242687	1850	12.842930327436491	0.0	946851	7801.9602578125	0.7	1.85
137857.80371154196	1850	11.360881212359468	0.0	1036454	5482.049115077025	0.7	1.85
137860.39951878486	1850	12.765073969447615	0.0	821631	2595.807242911852	0.7	1.85
137865.070705662	1850	12.093887092323424	0.0	923170	4671.186877124189	0.7	1.85
137869.08507422442	1850	12.079518529893571	0.0	966699	4014.3685624298546	0.7	1.85
137871.35237363158	1850	13.812219122719378	0.0	885714	2267.299407174192	0.7	1.85
137878.2514860724	1850	10.913106681922459	0.0	987708	6899.112440796918	0.7	1.85
137884.26544123513	1850	8.899151519199766	0.0	923755	6013.955162722694	0.7	1.85
137885.80315411228	1200	11.361438642036672	0.0	601738	1537.712877163093	0.7	0.5499999999999999
137887.58129521256	1200	13.583297541753849	0.0	616206	1778.141100282823	0.7	1.2
137894.49499702675	1850	10.669595727568984	0.0	968026	6913.701814184867	0.7	1.2000000000000002
137902.42189664167	1850	6.742696112637321	0.0	874175	7926.899614931662	0.7	1.85
137905.00087164517	1200	8.163721109120285	0.0	587236	2578.9750035170364	0.7	0.5499999999999999
137907.05288417585	1200	10.111708578470399	0.0	590335	2052.0125306498862	0.7	1.2
137913.82823767044	1200	7.336355083853276	0.0	696376	6775.353494617124	0.7	1.2
137917.277316325	1200	7.887276429283112	0.0	487160	3449.078654570163	0.7	1.2
137919.5150702563	1200	9.649522497981819	0.0	622896	2237.753931301293	0.7	1.2
137926.64947827504	1200	6.51511447928553	0.0	641447	7134.408018696289	0.7	1.2
137928.21659462745	1200	8.947998126881917	0.0	570392	1567.1163524036117	0.7	1.2
137930.06440795024	1200	11.100184804071926	0.0	620283	1847.8133228099925	0.7	1.2
137932.06152708756	1200	13.103065666762715	0.0	584349	1997.1191373092095	0.7	1.2
137935.48279711034	1200	13.681795643970258	0.0	670129	3421.2700227924574	0.7	1.2
137938.8524269652	1200	14.312165789104005	0.0	690253	3369.629854866252	0.7	1.2
137941.57941022044	1200	15.585182533857504	0.0	598727	2726.983255246501	0.7	1.2
137942.97856169046	1200	18.18603106385654	0.0	487812	1399.1514700009657	0.7	1.2
137948.81831655206	1850	16.346276202245786	0.0	938587	5839.7548616107515	0.7	1.2000000000000002
137952.21713984318	1850	16.947452911135528	0.0	908665	3398.823291110255	0.7	1.85
137956.37362787002	1850	16.790964884300433	0.0	930577	4156.488026835099	0.7	1.85
137966.25330571958	1850	10.91128703474227	0.0	858450	9879.677849558164	0.7	1.85
137969.74566558356	1850	11.418927170786384	0.0	1025005	3492.359863955883	0.7	1.85
137974.28005275657	1850	10.884539997757745	0.0	886255	4534.387173028639	0.7	1.85
137978.59956650168	1850	10.565026252646616	0.0	973972	4319.5137451111295	0.7	1.85
137981.11094482616	1850	12.053647928162277	0.0	958994	2511.3783244843376	0.7	1.85
137985.7056008423	1850	11.458991912030346	0.0	982064	4594.656016131932	0.7	1.85
137988.746899555	1850	12.417693199337354	0.0	830730	3041.298712692993	0.7	1.85
137993.40372659836	2850	11.76086615598921	0.0	1364537	4656.827043348144	0.7	1.85
137996.6160257504	750	12.54856700393496	0.0	450283	3212.2991520542505	0.7	0.75
138000.5709784494	1850	12.593614304933363	0.0	957685	3954.952699001597	0.7	0.75
138004.12114107594	1850	13.043451678384296	0.0	877771	3550.1626265490663	0.7	1.85
138008.50293825517	1850	12.661654499167089	0.0	933276	4381.7971792172075	0.7	1.85
138013.20143110454	1850	11.963161649777234	0.0	996749	4698.492849389855	0.7	1.85
138018.3580630929	1850	10.806529661440894	0.0	801058	5156.6319883363385	0.7	1.85
138024.59886852116	1850	8.565724233188366	0.0	905515	6240.805428252528	0.7	1.85
138027.77111940517	1850	9.393473349165236	0.0	1060487	3172.250884023131	0.7	1.85
138035.00024163275	1850	6.164351121574116	0.0	852833	7229.122227591119	0.7	1.85
138036.93934034716	1200	8.225252407154766	0.0	560821	1939.0987144193498	0.7	0.5499999999999999
138039.50497143646	1200	9.659621317864381	0.0	607410	2565.631089290386	0.7	1.2
138041.41862195224	1200	11.745970802105967	0.0	594078	1913.6505157584152	0.7	1.2
138048.18701778052	1200	8.977574973828851	0.0	624282	6768.3958282771155	0.7	1.2
138053.98739896592	1200	7.177193788406135	0.0	687371	5800.381185422715	0.7	1.2
138055.31075448624	1200	9.853838268096093	0.0	526950	1323.3555203100425	0.7	1.2
138056.91392291916	1200	12.250669835178366	0.0	587876	1603.1684329177283	0.7	1.2
138059.3867096477	1200	13.777883106658889	0.0	617242	2472.7867285194766	0.7	1.2
138062.4452871995	1200	14.719305554848022	0.0	581493	3058.5775518108667	0.7	1.2
138066.3922418633	1200	14.77235089103297	0.0	639204	3946.954663815054	0.7	1.2
138070.7865314481	1200	14.378061306253786	0.0	586839	4394.289584779185	0.7	1.2
138073.00896200768	1200	16.155630746667597	0.0	601738	2222.4305595861865	0.7	1.2
138076.4640966359	1850	16.70049611843582	0.0	955231	3455.1346282317786	0.7	1.2000000000000002
138083.20791255665	1850	13.956680197693276	0.0	968026	6743.815920742543	0.7	1.85
138090.05747910374	1850	11.107113650602562	0.0	874175	6849.566547090713	0.7	1.85
138091.58697248864	1200	13.577620265709065	0.0	587236	1529.493384893497	0.7	0.5499999999999999
138093.31617037155	1200	15.848422382816413	0.0	590335	1729.1978828926533	0.7	1.2
138095.30291081566	1200	17.861681938678256	0.0	696376	1986.740444138156	0.7	1.2
138097.2430385456	1850	19.92155420871525	0.0	758197	1940.127729963006	0.7	1.2000000000000002
138100.25344009782	1850	20.911152656505628	0.0	972798	3010.401552209625	0.7	1.85
138105.13083477883	1850	20.03375797550009	0.0	975811	4877.394681005534	0.7	1.85
138110.2603160979	1850	18.90427665641049	0.0	873429	5129.481319089599	0.7	1.85
138113.38516489218	1850	19.77942786213639	0.0	954453	3124.8487942741026	0.7	1.85
138117.41810603754	1850	19.746486716817735	0.0	885062	4032.941145318658	0.7	1.85
138124.96208844247	1850	16.20250431188239	0.0	1035329	7543.982404935344	0.7	1.85
138128.21242983604	1850	16.952162918336754	0.0	1026056	3250.3413935456315	0.7	1.85
138130.59824607003	1850	18.566346684338882	0.0	943942	2385.8162339978744	0.7	1.85
138132.26566329054	1850	20.89892946384423	0.0	728962	1667.4172204946499	0.7	1.85
138135.52154095093	1850	21.64305180344953	0.0	938587	3255.877660394702	0.7	1.85
138144.25208065045	1850	16.91251210391247	0.0	908665	8730.539699537061	0.7	1.85
138150.08858717798	1850	15.07600557641172	0.0	930577	5836.506527500748	0.7	1.85
138154.05868227666	1850	15.105910477709582	0.0	858450	3970.0950987021383	0.7	1.85
138159.25153007483	1850	13.913062679537495	0.0	1025005	5192.847798172087	0.7	1.85
138162.93231352177	1850	14.232279232606276	0.0	886255	3680.78344693122	0.7	1.85
138165.52905677195	1850	15.635535982413868	0.0	973972	2596.7432501924077	0.7	1.85
138172.50669180887	1850	12.657900945485373	0.0	958994	6977.635036928495	0.7	1.85
138174.98455896226	1850	14.180033792101295	0.0	982064	2477.8671533840784	0.7	1.85
138180.62111748333	2850	12.543475271045075	0.0	1231456	5636.5585210562185	0.7	1.85
138192.52656177554	2850	4.638030978826249	0.0	1364537	11905.444292218826	0.7	2.85
138193.9065069379	750	7.258085816469151	0.0	450283	1379.9451623570976	0.7	0.75
138195.563484635	1200	9.601108119361115	0.0	611087	1656.977697108036	0.7	0.75
138197.77203046237	1200	11.392562291999827	0.0	571051	2208.5458273612867	0.7	1.2
138200.81765470843	1200	12.346938045934262	0.0	617681	3045.624246065565	0.7	1.2
138203.0420184315	1200	14.122574322836453	0.0	652874	2224.3637230978097	0.7	1.2
138205.0824993904	1200	16.082093363938963	0.0	520315	2040.4809588974904	0.7	1.2
138206.66427543873	1200	18.50031731563591	0.0	561791	1581.7760483030522	0.7	1.2
138210.66783623854	1850	18.496756515818767	0.0	1060487	4003.5607998171436	0.7	1.2000000000000002
138213.9823042034	1850	19.182288550925602	0.0	852833	3314.4679648931656	0.7	1.85
138217.04835831316	1850	20.11623444121748	0.0	913888	3066.0541097081245	0.7	1.85
138219.920451445	1850	21.24414130934232	0.0	939819	2872.093131875158	0.7	1.85
138227.19781413724	2850	17.96677861711556	0.0	1519951	7277.362692226766	0.7	1.85
138233.52280670693	2850	15.641786047437304	0.0	1422919	6324.992569678254	0.7	2.85
138239.10802992914	2850	14.056562825230298	0.0	1578343	5585.223222207005	0.7	2.85
138243.07275732586	2850	14.09183542851214	0.0	1231445	3964.72739671816	0.7	2.85
138247.6109014851	2850	13.553691269252958	0.0	1471065	4538.144159259181	0.7	2.85
138254.51651666866	2850	10.648076085684473	0.0	1491626	6905.615183568486	0.7	2.85
138259.31186201665	1850	9.852730737714621	0.0	885714	4795.34534796985	0.7	0.8500000000000001
138264.39087118307	1850	8.773721571289412	0.0	987708	5079.009166425209	0.7	1.85
138267.85095360733	1850	9.313639147035262	0.0	923755	3460.082424254149	0.7	1.85
138270.85100895946	1850	10.31358379487518	0.0	891604	3000.0553521600837	0.7	1.85
138276.94979105605	1850	8.214801698313725	0.0	955231	6098.7820965614565	0.7	1.85
138281.1945410902	1850	7.970051664160681	0.0	968026	4244.750034153043	0.7	1.85
138285.22000340407	1850	7.944589350262973	0.0	874175	4025.462313897708	0.7	1.85
138288.5626692543	1850	8.601923500074209	0.0	897976	3342.6658501887655	0.7	1.85
138292.43425395398	1850	8.730338800368768	0.0	905935	3871.5846997054405	0.7	1.85
138296.30024442237	1850	8.864348331982692	0.0	1076599	3865.9904683860764	0.7	1.85
138298.55333074444	1850	10.611262009912489	0.0	758197	2253.0863220702026	0.7	1.85
138305.12285758552	1850	8.041735168847762	0.0	972798	6569.526841064727	0.7	1.85
138309.4159795151	1850	7.74861323927577	0.0	975811	4293.121929571992	0.7	1.85
138314.5821195309	1850	6.582473223468555	0.0	873429	5166.140015807215	0.7	1.85
138318.51950491918	1850	6.64508783522225	0.0	954453	3937.3853882463054	0.7	1.85
138320.89787080232	1200	8.266721952082772	0.0	584349	2378.365883139477	0.7	0.5499999999999999
138325.14433062068	1200	8.020262133712487	0.0	670129	4246.4598183702865	0.7	1.2
138328.51600091023	1200	8.648591844179256	0.0	690253	3371.67028953323	0.7	1.2
138330.99360439996	1200	10.170988354461253	0.0	598727	2477.6034897180034	0.7	1.2
138334.02783984703	1200	11.136752907386775	0.0	487812	3034.2354470744776	0.7	1.2
138336.46395346333	1200	12.700639291073774	0.0	575591	2436.1136163130004	0.7	1.2
138338.60303629568	1200	14.561556458734053	0.0	605884	2139.082832339722	0.7	1.2
138344.05661421994	1200	13.10797853449471	0.0	587506	5453.577924239342	0.7	1.2
138347.36131734028	1200	13.803275414138506	0.0	566904	3304.7031203562033	0.7	1.2
138351.60491645715	1200	13.559676297278251	0.0	641452	4243.599116860256	0.7	1.2
138355.33226660074	1200	13.832326153679224	0.0	599477	3727.3501435990274	0.7	1.2
138358.14234089138	1200	15.022251863042838	0.0	634861	2810.074290636384	0.7	1.2
138362.34064273047	1850	14.82395002394856	0.0	958994	4198.301839094279	0.7	1.2000000000000002
138366.7089305504	1850	14.455662204030126	0.0	982064	4368.287819918434	0.7	1.85
138374.04413977425	2850	11.120452980158628	0.0	1231456	7335.209223871497	0.7	1.85
138382.97957664658	2850	6.185016107828482	0.0	1364537	8935.436872330147	0.7	2.85
138386.087029712	750	7.077563042418029	0.0	450283	3107.4530654104524	0.7	0.75
138390.9754811923	750	6.1891115621458255	0.0	398865	4888.451480272203	0.7	0.75
138393.53075924207	750	7.633833512383306	0.0	350812	2555.2780497625204	0.7	0.75
138396.01598625933	750	9.148606495108044	0.0	382355	2485.227017275261	0.7	0.75
138399.0236301017	750	10.1409626527318	0.0	411561	3007.6438423762456	0.7	0.75
138400.87539259603	750	12.289200158402348	0.0	318564	1851.7624943294518	0.7	0.75
138403.6259492201	750	13.538643534339615	0.0	352642	2750.5566240627318	0.7	0.75
138406.79246588697	750	14.372126867463832	0.0	437162	3166.5166668757834	0.7	0.75
138408.55166870946	750	16.61292404498466	0.0	374758	1759.2028224791732	0.7	0.75
138410.3157922675	1200	18.848800486955064	0.0	560821	1764.1235580295934	0.7	0.75
138414.1182190951	1200	19.04637365934604	0.0	607410	3802.426827609021	0.7	1.2
138417.75035200678	1200	19.41424074767526	0.0	594078	3632.1329116707775	0.7	1.2
138419.69751458932	1200	21.467078165156124	0.0	624282	1947.162582519139	0.7	1.2
138425.4381762353	1850	19.726416519188	0.0	1036454	5740.6616459681245	0.7	1.2000000000000002
138429.44610860143	1850	19.71848415304457	0.0	821631	4007.93236614343	0.7	1.85
138433.31045770744	1850	19.854135047041208	0.0	923170	3864.3491060033625	0.7	1.85
138435.6668416923	1850	21.497751062186595	0.0	966699	2356.3839848546104	0.7	1.85
138438.67301538392	1850	22.491577370570376	0.0	885714	3006.17369161622	0.7	1.85
138445.34812189027	1850	19.816470864213155	0.0	987708	6675.1065063572205	0.7	1.85
138452.25838385147	1850	16.906208903033082	0.0	923755	6910.261961180074	0.7	1.85
138455.14163242638	1850	18.022960328115722	0.0	891604	2883.2485749173616	0.7	1.85
138459.37479425865	1850	17.789798495852228	0.0	955231	4233.161832263493	0.7	1.85
138463.9179133089	1850	17.246679445608855	0.0	968026	4543.1190502433765	0.7	1.85
138467.24636245164	1850	17.918230302858596	0.0	874175	3328.449142750257	0.7	1.85
138470.05917864369	1850	19.105414110837753	0.0	897976	2812.816192020845	0.7	1.85
138473.1406147329	1850	20.02397802162426	0.0	905935	3081.436089213495	0.7	1.85
138478.61484368538	1850	18.549749069140518	0.0	1076599	5474.22895248374	0.7	1.85
138480.64476355433	1850	20.51982920018513	0.0	758197	2029.9198689553903	0.7	1.85
138484.65656444975	1850	20.508028304761837	0.0	972798	4011.8008954232955	0.7	1.85
138491.8007089491	1850	17.363883805427953	0.0	975811	7144.144499333881	0.7	1.85
138495.26633678898	1850	17.89825596554453	0.0	873429	3465.627839883427	0.7	1.85
138498.05063680405	1850	19.113955950480598	0.0	954453	2784.3000150639305	0.7	1.85
138502.04426703296	1850	19.120325721576183	0.0	885062	3993.6302289044133	0.7	1.85
138509.94672742876	1850	15.21786532575349	0.0	1035329	7902.460395822694	0.7	1.85
138513.8995357887	1850	15.265056965822124	0.0	1026056	3952.808359931364	0.7	1.85
138517.8375388582	1850	15.327053896308396	0.0	943942	3938.003069513728	0.7	1.85
138525.00419150403	1850	12.16040125049279	0.0	728962	7166.652645815607	0.7	1.85
138531.81886084203	1850	9.345731912491898	0.0	938587	6814.669338000891	0.7	1.85
138535.04531388826	1200	10.119278866257929	0.0	605884	3226.453046233967	0.7	0.5499999999999999
138536.5536973092	1200	12.610895445326353	0.0	587506	1508.3834209315773	0.7	1.2
138541.56855870987	1200	11.596034044651592	0.0	566904	5014.861400674759	0.7	1.2
138543.6108153905	1200	13.553777364012781	0.0	641452	2042.256680638812	0.7	1.2
138545.36534206063	1200	15.7992506938916	0.0	599477	1754.5266701211797	0.7	1.2
138548.66863274216	1200	16.495960012348984	0.0	634861	3303.2906815426168	0.7	1.2
138552.76094707957	1850	16.403645674932456	0.0	958994	4092.3143374165247	0.7	1.2000000000000002
138558.58558662346	1850	14.579006131040446	0.0	982064	5824.639543892011	0.7	1.85
138570.05182077404	2850	7.112771980449961	0.0	1231456	11466.234150590484	0.7	1.85
138575.9455014226	2850	5.2190913319245515	0.0	1364537	5893.680648525409	0.7	2.85
138579.57674974788	750	5.587843006632667	0.0	450283	3631.248325291885	0.7	0.75
138581.33077130216	750	7.833821452342294	0.0	398865	1754.0215542903734	0.7	0.75
138582.7471250839	750	10.417467670610021	0.0	350812	1416.3537817322729	0.7	0.75
138584.60741185202	1200	12.557180902457088	0.0	617681	1860.2867681529358	0.7	0.75
138586.55537312943	1200	14.609219625073923	0.0	652874	1947.9612773831636	0.7	1.2
138588.7947120363	1200	16.36988071823061	0.0	520315	2239.3389068433107	0.7	1.2
138590.77677385867	1200	18.38781889584606	0.0	561791	1982.0618223845536	0.7	1.2
138594.7813914011	1850	18.383201353400334	0.0	1060487	4004.6175424457238	0.7	1.2000000000000002
138597.8651398576	1850	19.299452896935353	0.0	852833	3083.7484564649812	0.7	1.85
138600.51683047143	1850	20.647762283087832	0.0	913888	2651.690613847522	0.7	1.85
138609.38998678004	2850	15.774605974468852	0.0	1354548	8873.15630861898	0.7	1.85
138614.41055360256	2850	14.754039151975403	0.0	1519951	5020.566822493449	0.7	2.85
138619.10847409826	2850	14.056118656254624	0.0	1422919	4697.920495720779	0.7	2.85
138625.7583475425	2850	11.406245212011116	0.0	1578343	6649.87344424351	0.7	2.85
138628.36642543128	1850	12.798167323236733	0.0	821631	2608.0778887743827	0.7	0.8500000000000001
138634.04649729497	1850	11.118095459561149	0.0	923170	5680.071863675583	0.7	1.85
138640.7050239098	1850	8.459568844710688	0.0	966699	6658.5266148504625	0.7	1.85
138644.8755832682	1850	8.289009486324055	0.0	885714	4170.559358386631	0.7	1.85
138651.73710241038	1850	5.4274903441505495	0.0	987708	6861.519142173506	0.7	1.85
138655.23673384596	1200	5.927858908591876	0.0	586839	3499.631435558674	0.7	0.5499999999999999
138661.8330126424	1200	4.0	0.6684198878573443	601738	6596.27879644922	0.7	-1.6742055177865802
138663.71671880333	750	6.116293839034908	0.0	399894	1883.7061609650918	0.7	0.3
138665.4167237305	750	8.416288911890135	0.0	401853	1700.0049271447738	0.7	0.75
138666.9835906021	750	10.849422040308964	0.0	343800	1566.8668715811705	0.7	0.75
138668.4919893656	750	13.341023276796042	0.0	359903	1508.3987635129217	0.7	0.75

