187406.09914844803	750	4.0	1.6216063576544122	450283	1621.6063576544122	0.75	-6.2229073379139725
187406.4310477897	300	7.668100658340622	0.0	155580	331.8993416593786	0.75	-0.15000000000000002
187406.967625853	300	11.131522595028386	0.0	139857	536.5780633122354	0.75	0.3
187411.34177333958	750	10.757375108461217	0.0	382355	4374.14748656717	0.75	0.3
187412.02810228214	750	14.071046165883134	0.0	411561	686.3289425780827	0.75	0.75
187412.87465218303	1200	17.22449626499963	0.0	520315	846.5499008835022	0.6499999999999999	0.75
187417.88586591315	1850	16.21328253486668	0.0	905515	5011.213730132951	0.75	1.2000000000000002
187420.61649012892	1850	17.482658319114968	0.0	1060487	2730.6242157517086	0.75	1.85
187423.9228307881	1850	18.176317659911323	0.0	852833	3306.340659203646	0.75	1.85
187426.88605040312	1850	19.213098044901642	0.0	913888	2963.219615009681	0.75	1.85
187432.24416081098	1850	17.854987637051313	0.0	939819	5358.110407850331	0.75	1.85
187433.88477557685	1850	20.214372871156527	0.0	917428	1640.6147658947827	0.75	1.85
187440.94358211255	2850	17.15556633547369	0.0	1422919	7058.806535682836	0.75	1.85
187445.70502029706	2850	16.39412815098264	0.0	1578343	4761.438184491049	0.75	2.85
187454.20531845195	2850	11.893829996082305	0.0	1231445	8500.298154900336	0.75	2.85
187455.17256095316	1850	14.92658749485317	0.0	923170	967.2425012291344	0.75	0.8500000000000001
187456.1816384131	1850	17.917510034910034	0.0	966699	1009.0774599431339	0.75	1.85
187458.09359450047	1850	20.005553947519925	0.0	885714	1911.956087390112	0.75	1.85
187461.76318530575	2850	20.335963142268835	0.0	1537156	3669.590805251089	0.75	1.85
187464.11867065047	2850	21.980477797546026	0.0	1336050	2355.48534472281	0.75	2.85
187467.25872398866	2850	22.840424459350142	0.0	1415116	3140.0533381958853	0.75	2.85
187475.55294086778	4300	18.546207580211668	0.0	2176469	8294.216879138476	0.75	2.8499999999999996
187486.15253163374	4300	11.946616814252797	0.0	2221506	10599.59076595887	0.75	4.3
187491.21584102602	2850	10.883307421967599	0.0	1323990	5063.309392285198	0.75	1.4000000000000001
187498.06627809085	2850	8.032870357148006	0.0	1383735	6850.437064819592	0.75	2.85
187503.8761594042	2850	6.22298904378955	0.0	1480464	5809.881313358456	0.75	2.85
187507.19355424988	1850	6.905594198099765	0.0	1076599	3317.3948456897856	0.75	0.8500000000000001
187509.34428707752	1850	8.754861370479105	0.0	758197	2150.732827620659	0.75	1.85
187513.99186018863	1850	8.10728825936373	0.0	972798	4647.573111115377	0.75	1.85
187517.68819992017	1850	8.410948527827063	0.0	975811	3696.339731536665	0.75	1.85
187520.02153464465	1850	10.077613803333989	0.0	873429	2333.3347244930756	0.75	1.85
187523.14707635998	1850	10.952072088014427	0.0	954453	3125.5417153195617	0.75	1.85
187526.00207246136	1850	12.097075986623256	0.0	885062	2854.99610139117	0.75	1.85

