911209.5554456176	750	4.0	6.722625716931526	450283	6722.625716931527	0.7	-28.15729058280556
911213.1719968016	750	4.383448816096369	0.0	398865	3616.551183903632	0.7	0.75
911215.02459791	750	6.530847707608136	0.0	350812	1852.6011084882325	0.7	0.75
911216.4328208565	750	9.122624761171995	0.0	382355	1408.2229464361415	0.7	0.75
911217.9424994641	750	11.61294615344304	0.0	411561	1509.6786077289553	0.7	0.75
911219.1291255439	750	14.426320073730516	0.0	318564	1186.626079712526	0.7	0.75
911220.4341316147	750	17.121314002730703	0.0	352642	1305.0060709998136	0.7	0.75
911222.9789073862	1200	18.576538231322925	0.0	709534	2544.775771407778	0.7	0.75
911225.0905425873	1200	20.464903030184214	0.0	584846	2111.63520113871	0.7	1.2
911227.1187198599	1200	22.436725757640993	0.0	560821	2028.1772725432209	0.7	1.2
911230.4634585484	1850	23.09198706899649	0.0	939819	3344.738688644501	0.7	1.2000000000000002
911235.8234569678	2850	21.731988649573285	0.0	1519951	5359.998419423205	0.7	1.85
911240.6020728851	2850	20.953372732303087	0.0	1422919	4778.615917270199	0.7	2.85
911245.7462729969	2850	19.80917262055975	0.0	1578343	5144.20011174334	0.7	2.85
911249.5924679759	2850	19.96297764148061	0.0	1231445	3846.1949790791355	0.7	2.85
911254.4114022978	2850	19.144043319671	0.0	1471065	4818.934321809609	0.7	2.85
911258.6722130297	2850	18.883232587692017	0.0	1491626	4260.810731978982	0.7	2.85
911262.4803692123	2850	19.07507640509496	0.0	1358801	3808.156182597056	0.7	2.85
911266.9367058075	2850	18.618739810026437	0.0	1537156	4456.336595068525	0.7	2.85
911270.981029154	2850	18.57441646337184	0.0	1336050	4044.3233466545976	0.7	2.85
911275.6243565824	2850	17.93108903502137	0.0	1415116	4643.327428350469	0.7	2.85
911281.8245562951	2850	15.730889322391242	0.0	1468126	6200.1997126301285	0.7	2.85
911286.2914652947	2850	15.263980322672186	0.0	1505760	4466.908999719057	0.7	2.85
911290.6961608479	2850	14.859284769503137	0.0	1323990	4404.695553169046	0.7	2.85
911295.082172773	2850	14.473272844412769	0.0	1383735	4386.011925090369	0.7	2.85
911299.4680440936	2850	14.087401523748547	0.0	1480464	4385.871320664221	0.7	2.85
911303.9231961952	2850	13.632249422260157	0.0	1547572	4455.152101488389	0.7	2.85
911307.4458196035	2850	14.109626013790972	0.0	1141971	3522.6234084691864	0.7	2.85
911312.5578440896	2850	12.997601527680489	0.0	1498470	5112.024486110484	0.7	2.85
911319.0385658197	2850	10.516879797594221	0.0	1561263	6480.721730086266	0.7	2.85
911324.0767171446	2850	9.478728472711763	0.0	1341201	5038.151324882458	0.7	2.85
911328.603276776	2850	8.952168841190622	0.0	1497683	4526.559631521142	0.7	2.85
911332.9316261694	2850	8.623819447979146	0.0	1358081	4328.349393211477	0.7	2.85
911337.5683136722	2850	7.987131945068069	0.0	1587293	4636.687502911077	0.7	2.85
911342.0568131807	2850	7.4986324365862895	0.0	1492672	4488.499508481779	0.7	2.85
911346.311388703	2850	7.244056914340072	0.0	1439896	4254.575522246218	0.7	2.85
911348.6487914362	1850	8.906654181139446	0.0	728962	2337.4027332006253	0.7	0.8500000000000001
911351.5107377217	1850	10.044707895596424	0.0	938587	2861.946285543021	0.7	1.85
911354.2181282066	1850	11.337317410634906	0.0	908665	2707.3904849615174	0.7	1.85
911356.9004616458	1850	12.654983971394973	0.0	930577	2682.333439239934	0.7	1.85
911359.5026851789	1850	14.052760438333474	0.0	858450	2602.2235330614994	0.7	1.85
911370.7348968227	1850	6.820548794557502	0.0	1025005	11232.21164377597	0.7	1.85
911390.0372865087	1850	4.0	12.481840891453192	886255	19302.389686010694	0.7	-51.821915833248724
911392.0648195363	750	5.972466972389951	0.0	438281	2027.5330276100494	0.7	-0.3500000000000001
911394.1681895168	750	7.869096991896333	0.0	398987	2103.3699804936177	0.7	0.75
911396.5503512472	1200	9.486935261525542	0.0	638661	2382.1617303707926	0.7	0.75
911398.5660149097	1200	11.471271599133196	0.0	538612	2015.6636623923434	0.7	1.2
911403.5498876175	2850	10.48739889134009	0.0	1364537	4983.872707793107	0.7	1.2000000000000002
911405.2481145432	750	12.789171965662586	0.0	450283	1698.226925677504	0.7	0.75
911406.7615554741	750	15.275731034713923	0.0	398865	1513.4409309486643	0.7	0.75
911408.8937984061	1200	17.143488102746552	0.0	571051	2132.2429319673724	0.7	0.75
911410.642903971	1200	19.39438253785386	0.0	617681	1749.1055648926938	0.7	1.2
911415.3138966296	1850	18.723389879395985	0.0	996749	4670.992658457874	0.7	1.2000000000000002
911421.8828678672	1850	16.154418641791526	0.0	801058	6568.97123760446	0.7	1.85
911424.4588750858	1850	17.578411423247847	0.0	905515	2576.0072185436807	0.7	1.85
911427.3235491965	1850	18.713737312589895	0.0	1060487	2864.674110657948	0.7	1.85
911429.8623567804	1850	20.174929728659947	0.0	852833	2538.8075839299513	0.7	1.85
911432.7941760913	1850	21.24311041777994	0.0	913888	2931.8193108800087	0.7	1.85
911437.4041584292	1850	20.633128079886	0.0	939819	4609.982337893939	0.7	1.85
911440.185073137	1850	21.85221337213483	0.0	917428	2780.9147077511693	0.7	1.85
911443.2547122608	1850	22.78257424830735	0.0	946851	3069.6391238274828	0.7	1.85
911453.8598840695	2850	16.177402439560346	0.0	1578343	10605.171808747004	0.7	1.85
911457.9571835409	2850	16.08010296819718	0.0	1231445	4097.299471363162	0.7	2.85
911462.513093008	2850	15.524193501165545	0.0	1471065	4555.909467031637	0.7	2.85
911476.434120479	2850	5.603166030082723	0.0	1491626	13921.027471082822	0.7	2.85
911479.6153818482	1200	6.421904660834679	0.0	581493	3181.2613692480436	0.7	-0.44999999999999996
911483.1044317804	1200	6.932854728558923	0.0	639204	3489.0499322757564	0.7	1.2
911486.3142048314	1200	7.723081677691325	0.0	586839	3209.773050867598	0.7	1.2
911489.6034383283	1200	8.433848180798709	0.0	601738	3289.233496892618	0.7	1.2
911492.9698336303	1200	9.06745287887958	0.0	616206	3366.3953019191285	0.7	1.2
911496.5509732008	1200	9.486313308271452	0.0	656471	3581.139570608128	0.7	1.2
911499.4931652397	1200	10.544121269415886	0.0	536667	2942.1920388555664	0.7	1.2
911502.7050556003	1200	11.332230908858245	0.0	587236	3211.890360557641	0.7	1.2
911505.9334737763	1200	12.10381273286121	0.0	590335	3228.418175997035	0.7	1.2
911509.727437637	1200	12.309848872124322	0.0	696376	3793.963860736889	0.7	1.2
911512.405595291	1200	13.631691218218123	0.0	487160	2678.157653906198	0.7	1.2
911515.7858804323	1200	14.251406076922995	0.0	622896	3380.2851412951286	0.7	1.2
911519.1945051758	1200	14.842781333506766	0.0	641447	3408.6247434162283	0.7	1.2
911522.2344082148	1200	15.802878294523545	0.0	570392	3039.90303898322	0.7	1.2
911525.5332078066	1200	16.504078702787286	0.0	620283	3298.7995917362596	0.7	1.2
911528.6455371185	1200	17.391749390793418	0.0	584349	3112.329311993866	0.7	1.2
911532.202999747	1200	17.834286762266395	0.0	670129	3557.4626285270238	0.7	1.2
911535.864890714	1200	18.17239579540977	0.0	690253	3661.8909668566253	0.7	1.2
911540.843235702	1850	17.194050807359627	0.0	943942	4978.344988050145	0.7	1.2000000000000002
911544.7059970996	1850	17.33128940975362	0.0	728962	3862.7613976060074	0.7	1.85
911549.6565536882	1850	16.38073282121426	0.0	938587	4950.556588539361	0.7	1.85
911554.4518377295	1850	15.585448779857284	0.0	908665	4795.284041356975	0.7	1.85
911559.3608284768	1850	14.67645803260296	0.0	930577	4908.990747254323	0.7	1.85
911563.9758547749	1850	14.06143173444416	0.0	858450	4615.026298158801	0.7	1.85
911569.3370045276	1850	12.700281981878058	0.0	1025005	5361.149752566099	0.7	1.85
911573.985637476	1850	12.05164903350841	0.0	886255	4648.632948369649	0.7	1.85
911579.0864504136	1850	10.950836095934593	0.0	973972	5100.812937573817	0.7	1.85
911584.1100519567	1850	9.927234552711928	0.0	958994	5023.601543222664	0.7	1.85
911589.2525790486	1850	8.784707460839172	0.0	982064	5142.5270918727565	0.7	1.85
911593.6149813473	1850	8.422305162178946	0.0	830730	4362.402298660226	0.7	1.85
911600.7291517582	2850	5.308134751327131	0.0	1364537	7114.170410851814	0.7	1.85
911603.1303547415	750	6.906931768110415	0.0	450283	2401.2029832167154	0.7	0.75
911606.3605002442	1200	7.676786265382236	0.0	611087	3230.14550272818	0.7	0.75
911609.3381222078	1200	8.699164301756053	0.0	571051	2977.621963626183	0.7	1.2
911612.5462602305	1200	9.491026279118389	0.0	617681	3208.138022637665	0.7	1.2
911616.2641093864	1200	9.77317712316586	0.0	652874	3717.849155952529	0.7	1.2
911619.2691697355	1200	10.768116774102605	0.0	520315	3005.0603490632543	0.7	1.2
911622.5073961532	1200	11.5298903563353	0.0	561791	3238.226417767304	0.7	1.2
911626.5761909597	1200	11.46109554989642	0.0	709534	4068.7948064388825	0.7	1.2
911629.9440259152	1200	12.093260594324798	0.0	584846	3367.834955571621	0.7	1.2
911633.1767992737	1200	12.860487235836183	0.0	560821	3232.7733584886146	0.7	1.2
911636.6714825073	1200	13.36580400236317	0.0	607410	3494.6832334730143	0.7	1.2
911640.091217095	1200	13.946069414563855	0.0	594078	3419.734587799314	0.7	1.2
911643.6807498296	1200	14.356536679905222	0.0	624282	3589.5327346586328	0.7	1.2
911647.6249506641	1200	14.412335845418502	0.0	687371	3944.200834486721	0.7	1.2
911650.667311063	1200	15.36997544654689	0.0	526950	3042.360398871611	0.7	1.2
911653.954664915	1200	16.082621594653638	0.0	587876	3287.353851893252	0.7	1.2
911657.3543906475	1200	16.682895862143102	0.0	617242	3399.7257325105397	0.7	1.2
911660.5618467756	1200	17.475439734117543	0.0	581493	3207.4561280255575	0.7	1.2
911664.0796911982	1200	17.95759531147024	0.0	639204	3517.844422647304	0.7	1.2
911667.4223013497	1200	18.61498516002558	0.0	586839	3342.6101514446577	0.7	1.2
911670.4951821117	1200	19.54210439795853	0.0	601738	3072.8807620670477	0.7	1.2
911673.6400227614	1200	20.397263748256687	0.0	616206	3144.8406497018423	0.7	1.2
911678.5347201757	1850	19.502566334131743	0.0	968026	4894.697414124945	0.7	1.2000000000000002
911682.962628302	1850	19.074658207704687	0.0	874175	4427.908126427053	0.7	1.85
911687.5089161138	1850	18.528370396069192	0.0	897976	4546.287811635494	0.7	1.85
911692.0947898215	1850	17.942496688270765	0.0	905935	4585.873707798428	0.7	1.85
911697.5294997378	1850	16.507786772060353	0.0	1076599	5434.709916210413	0.7	1.85
911702.1467274879	1850	15.890559021846704	0.0	758197	4617.2277502136485	0.7	1.85
911713.5336803616	1850	8.50360614813263	0.0	972798	11386.952873714075	0.7	1.85
911720.2114662613	1200	5.825820248484399	0.0	641447	6677.78589964823	0.7	0.5499999999999999
911726.1014085924	1200	4.0	0.06412208268397626	570392	5889.942331168375	0.7	0.9242750444589021
911730.331454903	750	4.0	0.23004631058558334	400322	4230.046310585583	0.7	-0.6891991355180083
911731.884154199	300	6.447300704019424	0.0	143881	1552.6992959805752	0.7	-0.15000000000000002
911736.2010225526	750	6.130432350373563	0.0	412837	4316.868353645861	0.75	0.3
911740.4564518132	750	5.87500308973143	0.0	401088	4255.429260642133	0.75	0.75
911744.3512592765	750	5.980195626452351	0.0	365161	3894.807463279079	0.75	0.75
911747.7822610849	750	6.5491938180044	0.0	321064	3431.00180844795	0.75	0.75
911751.1802558484	750	7.15119905449234	0.0	361565	3397.99476351206	0.75	0.75
911754.7870255079	750	7.544429395010724	0.0	378327	3606.7696594816152	0.75	0.75
911758.6864002586	750	7.645054644342595	0.0	390680	3899.3747506681284	0.75	0.75
911762.0985157674	750	8.232939135541328	0.0	345516	3412.115508801267	0.75	0.75
911765.9367636493	750	8.394691253550784	0.0	384505	3838.2478819905455	0.75	0.75
911769.7428097435	750	8.588645159385614	0.0	372093	3806.04609416517	0.75	0.75
911774.1204709834	750	8.210983919473856	0.0	438281	4377.661239911759	0.75	0.75
911779.5500278514	750	6.781427051504416	0.0	398987	5429.556867969441	0.75	0.75

