369931.6532779577	750	4.0	10.536082311941774	450283	10536.082311941775	1	-44.55515394134963
369937.31877925235	300	4.0	1.6655012946787255	155580	5665.501294678726	1	-7.31165556711852
369940.09006066207	300	5.228718590278819	0.0	139857	2771.2814097211804	1	0.3
369943.4317885052	300	5.886990747198592	0.0	155432	3341.7278430802276	1	0.3
369952.4634116657	300	4.0	3.1446324132796253	163442	9031.623160478217	1	-13.221919377102388
369956.9310372671	300	4.0	0.46762560141906395	126289	4467.625601419064	1	-1.710790086101975
369963.92019140185	300	4.0	2.9891541347221056	153295	6989.1541347221055	1	-12.553362779305052
369968.4942785137	300	4.0	0.5740871118886999	173849	4574.0871118887	1	-2.1685745811214097
369971.50019521534	300	4.99408329839929	0.0	150710	3005.91670160071	1	0.3
369973.3286328	300	7.1656457137293215	0.0	139105	1828.4375846699672	1	0.3
369976.0166791683	300	8.47759934551247	0.0	141840	2688.0463682168524	1	0.3
369982.1339295922	300	6.360348921619563	0.0	156148	6117.250423892907	1	0.3
369988.30896682275	300	4.185311691068344	0.0	160746	6175.037230551218	1	0.3
369993.7835531938	300	4.0	1.289274680024827	179801	5474.586371093172	1	-5.243881124106756
369996.2265992588	300	5.55695393505419	0.0	140051	2443.04606494581	1	0.3
370010.77750142105	300	4.0	8.993948227209886	138313	14550.902162264078	1	-38.37397737700251
370020.2812802521	300	4.0	5.503778831037666	143509	9503.778831037665	1	-23.36624897346196
370025.3729869787	300	4.0	1.0917067265529403	150616	5091.70672655294	1	-4.394338924177643
370028.95738638163	300	4.415600597004164	0.0	165384	3584.3994029958353	1	0.3
370032.71674353856	300	4.656243440086783	0.0	140881	3759.357156917381	1	0.3

