268343.880803615	750	4.0	1.4880891940391543	450283	1488.0891940391543	1	-5.648783534368363
268345.03129619476	750	6.8495074201656205	0.0	398865	1150.4925798343797	1	0.75
268346.01405006915	750	9.866753545810441	0.0	350812	982.7538743551792	1	0.75
268347.55226788955	1200	12.32853572540734	0.0	617681	1538.2178204031004	1	0.75
268350.4954579327	1850	13.385345682261349	0.0	996749	2943.1900431459935	1	1.2000000000000002
268352.4372908196	1850	15.443512795354575	0.0	801058	1941.8328869067727	1	1.85
268354.8805591217	1850	17.00024449323376	0.0	905515	2443.268302120814	1	1.85
268358.13372109673	1850	17.747082518201115	0.0	1060487	3253.1619750326463	1	1.85
268360.01998733403	1850	19.860816280953202	0.0	852833	1886.266237247911	1	1.85
268362.35799694736	1850	21.52280666760854	0.0	913888	2338.0096133446605	1	1.85
268365.9285938043	2850	21.95220981064559	0.0	1354548	3570.5968569629486	1	1.85
268369.53151541116	2850	22.349288203778805	0.0	1519951	3602.9216068667874	1	2.85
268373.59274254396	2850	22.288061071003696	0.0	1422919	4061.2271327751073	1	2.85
268378.2301532025	2850	21.650650412443248	0.0	1578343	4637.410658560448	1	2.85
268381.8034098723	2850	22.077393742661837	0.0	1231445	3573.2566697814123	1	2.85
268385.5638800441	2850	22.316923570864212	0.0	1471065	3760.4701717976254	1	2.85
268389.5441198421	2850	22.336683772866834	0.0	1491626	3980.239797997376	1	2.85
268393.16590964963	2850	22.71489396533699	0.0	1358801	3621.7898075298426	1	2.85
268397.84979080147	2850	22.031012813490758	0.0	1537156	4683.881151846236	1	2.85
268401.1018653151	2850	22.7789382998624	0.0	1336050	3252.074513628359	1	2.85
268406.5573927068	2850	21.32341090814626	0.0	1415116	5455.527391716135	1	2.85
268410.56376810715	2850	21.317035507824457	0.0	1468126	4006.375400321804	1	2.85
268413.68981507735	2850	22.190988537599864	0.0	1505760	3126.0469702245923	1	2.85
268417.00231437007	2850	22.87848924491044	0.0	1323990	3312.499292689423	1	2.85
268421.09100899345	2850	22.789794621536	0.0	1383735	4088.69462337444	1	2.85
268424.3431291958	2850	23.537674419204443	0.0	1480464	3252.1202023315554	1	2.85
268428.74595577625	2850	23.13484783872222	0.0	1547572	4402.826580482221	1	2.85
268431.2824241976	2850	24.598379417371486	0.0	1141971	2536.468421350735	1	2.85
268434.3977930622	2850	25.483010552805528	0.0	1498470	3115.3688645659554	1	2.85
268437.8798978397	2850	26.000905775298705	0.0	1561263	3482.104777506821	1	2.85
268442.0005973134	2850	25.88020630157066	0.0	1341201	4120.699473728049	1	2.85
268445.7363182498	2850	26.144485365238893	0.0	1497683	3735.7209363317675	1	2.85
268450.2058233374	2850	25.674980277547455	0.0	1358081	4469.5050876914365	1	2.85
268455.356183821	2850	24.524619794035942	0.0	1587293	5150.360483511514	1	2.85
268459.01379349595	2850	24.867010119028734	0.0	1492672	3657.6096750072065	1	2.85
268462.6308958509	2850	25.249907764061675	0.0	1439896	3617.102354967061	1	2.85
268465.4144934967	2850	26.46631011826387	0.0	1139291	2783.5976457978013	1	2.85
268469.90981620795	2850	25.970987407019425	0.0	1499009	4495.322711244448	1	2.85
268474.0149482915	2850	25.865855323510118	0.0	1427478	4105.1320835093065	1	2.85
268477.91989758925	2850	25.96090602572727	0.0	1402287	3904.94929778285	1	2.85
268481.1598706521	2850	26.72093296290293	0.0	1339500	3239.97306282434	1	2.85
268484.7708576225	2850	27.10994599250077	0.0	1527299	3610.986970402157	1	2.85
268488.4395672173	2850	27.44123639773447	0.0	1343002	3668.709594766297	1	2.85
268491.9808283374	2850	27.899975277640216	0.0	1587250	3541.2611200942556	1	2.85
268496.7753273995	4300	27.10547621553456	0.0	2124950	4794.499062105656	1	2.8499999999999996
268502.61773819325	4300	25.263065421726257	0.0	2246506	5842.410793808303	1	4.3
268507.9393587054	4300	23.941444909572112	0.0	1961140	5321.620512154142	1	4.3
268514.2186448252	4300	21.66215878978245	0.0	2155012	6279.286119789665	1	4.3
268515.48252202023	750	24.39828159479524	0.0	450283	1263.8771949872098	1	0.75
268520.13407439465	2850	23.74672922037566	0.0	1431809	4651.55237441958	1	0.75
268523.23421111394	2850	24.646592501086058	0.0	1300868	3100.136719289601	1	2.85
268527.20562576165	2850	24.675177853374123	0.0	1520281	3971.414647711937	1	2.85
268531.0293137815	2850	24.851489833477157	0.0	1472558	3823.6880198969648	1	2.85
268535.4213716112	2850	24.459432003790912	0.0	1224260	4392.057829686242	1	2.85
268538.3930685526	2850	25.487735062332927	0.0	1388403	2971.696941457989	1	2.85
268541.9784991997	2850	25.90230441523836	0.0	1638769	3585.4306470945685	1	2.85
268545.54395838233	2850	26.336845232643565	0.0	1348011	3565.459182594792	1	2.85
268552.58159143827	2850	23.299212176683838	0.0	1429765	7037.6330559597245	1	2.85
268555.6608863498	2850	24.219917265177674	0.0	1354548	3079.2949115061638	1	2.85
268559.05620516185	2850	24.824598453077733	0.0	1519951	3395.3188120999384	1	2.85
268562.5658752756	2850	25.314928339314918	0.0	1422919	3509.6701137628193	1	2.85
268566.7752310603	2850	25.105572554632722	0.0	1578343	4209.355784682195	1	2.85
268569.64683995565	2850	26.233963659253305	0.0	1231445	2871.6088953794188	1	2.85
268573.00621380203	2850	26.874589812859494	0.0	1471065	3359.373846393812	1	2.85
268577.2384093375	2850	26.64239427741681	0.0	1491626	4232.195535442682	1	2.85
268580.5206864145	2850	27.360117200393304	0.0	1358801	3282.2770770235043	1	2.85
268584.43017933884	2850	27.45062427599202	0.0	1537156	3909.4929244012874	1	2.85
268588.1358196283	2850	27.744983986584607	0.0	1336050	3705.6402894074135	1	2.85
268591.4183192116	2850	28.462484403310334	0.0	1415116	3282.4995832742743	1	2.85

