2.396386474051637	750	4.0	2.396386474051637	450283	2396.3864740516374	1	-9.55446183842204
3.786887199321703	750	6.609499274729934	0.0	398865	1390.500725270065	0.7765611944002531	0.75
5.064533423428351	750	9.331853050623286	0.0	350812	1277.6462241066483	0.7765611944002531	0.75
6.587779542909099	750	11.808606931142538	0.0	382355	1523.2461194807486	0.7765611944002531	0.75
8.108407730231145	750	14.287978743820492	0.0	411561	1520.6281873220453	0.7765611944002531	0.75
9.26707491527075	750	17.129311558780888	0.0	318564	1158.6671850396062	0.7765611944002531	0.75
12.413175655031488	1850	17.983210819020147	0.0	905515	3146.100739760737	0.7765611944002531	0.75
16.084016199038647	1850	18.312370275012988	0.0	1060487	3670.84054400716	0.7765611944002531	1.85
19.05173411888798	1850	19.344652355163657	0.0	852833	2967.7179198493322	0.7765611944002531	1.85
22.22618608584431	1850	20.170200388207327	0.0	913888	3174.4519669563288	0.7765611944002531	1.85
25.488441190554	1850	20.907945283497636	0.0	939819	3262.2551047096904	0.7765611944002531	1.85
28.674879702867116	1850	21.72150677118452	0.0	917428	3186.438512313118	0.7765611944002531	1.85
31.960945368861818	1850	22.435441105189817	0.0	946851	3286.065665994702	0.7765611944002531	1.85
35.55040945960352	1850	22.845977014448117	0.0	1036454	3589.4640907417033	0.7765611944002531	1.85
38.41247647882502	1850	23.983909995226618	0.0	821631	2862.0670192214966	0.7765611944002531	1.85
41.61835757403042	1850	24.77802890002122	0.0	923170	3205.881095205401	0.7765611944002531	1.85
44.97162915873743	1850	25.42475731531421	0.0	966699	3353.271584707006	0.7765611944002531	1.85
48.05068312318467	1850	26.345703350866973	0.0	885714	3079.0539644472374	0.7765611944002531	1.85
51.475091807157426	1850	26.92129466689421	0.0	987708	3424.408683972764	0.7765611944002531	1.85
54.68295372977349	1850	27.713432744278155	0.0	923755	3207.8619226160567	0.7765611944002531	1.85
59.55457862217975	2850	26.841807851871895	0.0	1415116	4871.624892406259	0.4389065293147694	1.85
64.60569695225928	2850	25.79068952179236	0.0	1468126	5051.118330079536	0.4389065293147694	2.85
69.78424512639458	2850	24.612141347657058	0.0	1505760	5178.548174135299	0.4389065293147694	2.85
74.41329705623484	2850	23.98308941781681	0.0	1323990	4629.051929840252	0.4389065293147694	2.85
80.94360110410064	2850	21.452785369951002	0.0	1383735	6530.304047865806	0.4389065293147694	2.85
87.26604169840768	2850	19.130344775643977	0.0	1480464	6322.440594307023	0.4389065293147694	2.85
93.87144608204207	2850	16.524940392009583	0.0	1547572	6605.404383634394	0.4389065293147694	2.85
98.69071465045062	2850	15.705671823601039	0.0	1141971	4819.268568408544	0.4389065293147694	2.85
104.82110239807928	2850	13.575284075972366	0.0	1498470	6130.387747628672	0.4389065293147694	2.85
108.8411445199778	1850	13.555241954073841	0.0	975811	4020.0421218985243	0.4389065293147694	0.8500000000000001
112.44779778632518	1850	13.948588687726458	0.0	873429	3606.6532663473827	0.4389065293147694	1.85
116.38160249171631	1850	14.014783982335342	0.0	954453	3933.804705391118	0.4389065293147694	1.85
120.03522644194001	1850	14.361160032111627	0.0	885062	3653.6239502237136	0.4389065293147694	1.85
124.264040804992	1850	14.132345669059635	0.0	1035329	4228.814363051991	0.4389065293147694	1.85
128.5375567085082	1850	13.858829765543454	0.0	1026056	4273.515903516182	0.4389065293147694	1.85
132.51199335320052	1850	13.884393120851126	0.0	943942	3974.436644692329	0.4389065293147694	1.85
135.59948356487476	1850	14.79690290917688	0.0	728962	3087.4902116742446	0.4389065293147694	1.85
139.5518270002043	1850	14.844559473847337	0.0	938587	3952.343435329543	0.4389065293147694	1.85
143.38072076036048	1850	15.015665713691146	0.0	908665	3828.893760156191	0.4389065293147694	1.85
147.22072225859262	1850	15.175664215459008	0.0	930577	3840.001498232138	0.4389065293147694	1.85
150.63239305540364	1850	15.763993418647994	0.0	858450	3411.6707968110154	0.4389065293147694	1.85
154.69046891897784	1850	15.705917555073789	0.0	1025005	4058.0758635742036	0.4389065293147694	1.85
158.21005177415606	1850	16.186334699895564	0.0	886255	3519.582855178224	0.4389065293147694	1.85
162.07006699846917	1850	16.326319475582423	0.0	973972	3860.015224313144	0.4389065293147694	1.85
165.87195214509038	1850	16.52443432896121	0.0	958994	3801.885146621216	0.4389065293147694	1.85
171.7095659632285	2850	14.686820510823106	0.0	1483527	5837.613818138103	0.4389065293147694	1.85
176.5688844940197	2850	13.827501980031904	0.0	1231456	4859.318530791201	0.4389065293147694	2.85
181.9446944702188	2850	12.45169200383281	0.0	1364537	5375.809976199095	0.4389065293147694	2.85
183.77225661291837	750	14.624129861133229	0.0	450283	1827.56214269958	0.4389065293147694	0.75
185.4002639195408	750	16.996122554510798	0.0	398865	1628.0073066224306	0.4389065293147694	0.75
186.84177605836177	750	19.554610415689822	0.0	350812	1441.512138820975	0.4389065293147694	0.75
188.40570754827345	750	21.99067892577815	0.0	382355	1563.9314899116732	0.4389065293147694	0.75
191.01953157972224	1200	23.376854894329384	0.0	652874	2613.824031448768	0.4389065293147694	0.75
194.2084622631072	1850	24.187924210944402	0.0	801058	3188.9306833849823	0.4389065293147694	1.2000000000000002
197.80279376939683	1850	24.59359270465478	0.0	905515	3594.3315062896227	0.4389065293147694	1.85
201.99857636395413	1850	24.39781011009747	0.0	1060487	4195.78259455731	0.4389065293147694	1.85
205.38844741137302	1850	25.007939062678602	0.0	852833	3389.87104741887	0.4389065293147694	1.85
211.01740925749394	2850	23.378977216557683	0.0	1429765	5628.961846120917	0.4389065293147694	1.85
215.8746312097585	2850	22.52175526429314	0.0	1354548	4857.221952264541	0.4389065293147694	2.85
221.6916243405729	2850	20.704762133478734	0.0	1519951	5816.993130814407	0.4389065293147694	2.85
227.1423741402081	2850	19.254012333843544	0.0	1422919	5450.749799635189	0.4389065293147694	2.85
233.17976549629063	2850	17.21662097776101	0.0	1578343	6037.391356082534	0.4389065293147694	2.85
237.90780448305782	2850	16.488581990993836	0.0	1231445	4728.038986767171	0.4389065293147694	2.85
243.5402793983554	2850	14.85610707569624	0.0	1471065	5632.474915297596	0.4389065293147694	2.85
249.25036097055357	2850	13.146025503498077	0.0	1491626	5710.081572198164	0.4389065293147694	2.85
254.45909999118237	2850	11.937286482869288	0.0	1358801	5208.739020628788	0.4389065293147694	2.85
260.3410326936117	2850	10.055353780439964	0.0	1537156	5881.9327024293225	0.4389065293147694	2.85
263.9077083098358	1850	10.488678164215846	0.0	923755	3566.675616224117	0.4389065293147694	0.8500000000000001
267.3530312863046	1850	11.043355187747098	0.0	891604	3445.322976468747	0.4389065293147694	1.85
271.0385117822817	1850	11.357874691769942	0.0	955231	3685.4804959771577	0.4389065293147694	1.85
276.5206063969057	1850	9.87578007714601	0.0	968026	5482.094614623931	0.4389065293147694	1.85
280.37804136662953	1850	10.018345107422133	0.0	874175	3857.434969723875	0.4389065293147694	1.85
283.3352696522199	1850	11.061116821831748	0.0	897976	2957.2282855903873	0.4389065293147694	1.85
286.3642384756436	1850	12.032147998408043	0.0	905935	3028.9688234237033	0.4389065293147694	1.85
289.94874695178055	1850	12.447639522271086	0.0	1076599	3584.5084761369576	0.4389065293147694	1.85
292.49680405854144	1850	13.899582415510245	0.0	758197	2548.0571067608394	0.4389065293147694	1.85
295.7434230471984	1850	14.652963426853297	0.0	972798	3246.6189886569473	0.4389065293147694	1.85
298.99984985105726	1850	15.396536622994406	0.0	975811	3256.4268038588934	0.4389065293147694	1.85
301.7905132795333	1850	16.605873194518367	0.0	873429	2790.6634284760344	0.4389065293147694	1.85
304.286747413138	1850	18.10963906091363	0.0	954453	2496.23413360474	0.4389065293147694	1.85
307.8047812067351	2850	18.591605267316606	0.0	1358081	3518.0337935970224	0.4389065293147694	1.85
311.90307391117614	2850	18.49331256287556	0.0	1587293	4098.292704441044	0.4389065293147694	2.85
315.76182994911204	2850	18.63455652493964	0.0	1492672	3858.756037935921	0.4389065293147694	2.85
319.486981532313	2850	18.909404941738654	0.0	1439896	3725.1515832009854	0.4389065293147694	2.85
322.4677688541147	2850	19.92861761993692	0.0	1139291	2980.7873218017335	0.4389065293147694	2.85
326.4377247641037	2850	19.958661709947986	0.0	1499009	3969.9559099889325	0.4389065293147694	2.85
330.2220564141999	2850	20.1743300598517	0.0	1427478	3784.331650096285	0.4389065293147694	2.85
333.9410169562318	2850	20.455369517819832	0.0	1402287	3718.9605420318694	0.4389065293147694	2.85
338.6610359516339	2850	19.735350522417743	0.0	1339500	4720.018995402091	0.4389065293147694	2.85
342.48446539898436	2850	19.911921075067212	0.0	1527299	3823.429447350529	0.4389065293147694	2.85
345.85618053442977	2850	20.540205939621796	0.0	1343002	3371.71513544542	0.4389065293147694	2.85
349.82655065207354	2850	20.56983582197808	0.0	1587250	3970.3701176437144	0.4389065293147694	2.85
355.11483036950114	4300	19.28155610455045	0.0	2124950	5288.279717427633	0.4389065293147694	2.8499999999999996
361.51309497559	4300	16.883291498461578	0.0	2246506	6398.264606088874	0.4389065293147694	4.3
366.38650063876577	4300	16.00988583528583	0.0	1961140	4873.40566317575	0.4389065293147694	4.3
372.3591866122917	4300	14.037199861759888	0.0	2155012	5972.6859735259395	0.4389065293147694	4.3
373.89957134965715	750	16.496815124394402	0.0	450283	1540.3847373654864	0.4389065293147694	0.75
376.94851071196456	1850	17.44787576208698	0.0	957685	3048.939362307421	0.4389065293147694	0.75
381.5543964936639	2850	16.841989980387652	0.0	1300868	4605.8857816993295	0.4389065293147694	1.85
385.36152424836956	2850	17.034862225681966	0.0	1520281	3807.127754705684	0.4389065293147694	2.85
390.1629221049125	2850	16.233464369138993	0.0	1472558	4801.397856542972	0.4389065293147694	2.85
394.2551007742819	2850	16.141285699769597	0.0	1224260	4092.1786693693966	0.4389065293147694	2.85
398.885213414643	2850	15.511173059408499	0.0	1388403	4630.112640361098	0.4389065293147694	2.85
404.3358324218994	2850	14.06055405215202	0.0	1638769	5450.619007256479	0.4389065293147694	2.85
408.83357128478417	2850	13.562815189267251	0.0	1348011	4497.73886288477	0.4389065293147694	2.85
413.59923661339974	2850	12.79714986065165	0.0	1429765	4765.665328615601	0.4389065293147694	2.85
418.6806924308979	2850	11.715694043153494	0.0	1354548	5081.455817498156	0.4389065293147694	2.85
423.18180578202714	2850	11.214580692024244	0.0	1519951	4501.113351129252	0.4389065293147694	2.85
428.6000733395808	2850	9.79631313447059	0.0	1422919	5418.267557553653	0.4389065293147694	2.85
433.3067760531211	2850	9.089610420930283	0.0	1578343	4706.702713540307	0.4389065293147694	2.85
435.56762413969716	1850	10.828762334354199	0.0	821631	2260.8480865760844	0.4389065293147694	0.8500000000000001
438.4426076711038	1850	11.953778802947564	0.0	923170	2874.983531406633	0.4389065293147694	1.85
441.5524490103455	1850	12.843937463705846	0.0	966699	3109.8413392417183	0.4389065293147694	1.85
443.9180843887683	1850	14.478302085283058	0.0	885714	2365.635378422788	0.4389065293147694	1.85
449.34354948133245	2850	13.05283699271891	0.0	1537156	5425.465092564147	0.4389065293147694	1.85
455.367907137705	2850	11.028479336346344	0.0	1336050	6024.357656372566	0.4389065293147694	2.85
463.05592550647197	2850	7.34046096757943	0.0	1415116	7688.018368766913	0.4389065293147694	2.85
468.2714868275337	1850	6.124899646517703	0.0	955231	5215.5613210617275	0.4389065293147694	0.8500000000000001
473.5558372761499	1850	4.840549197901504	0.0	968026	5284.350448616198	0.4389065293147694	1.85
476.5210936041902	1200	5.8752928698612354	0.0	536667	2965.2563280402687	0.4389065293147694	0.5499999999999999
479.75822155327785	1200	6.638164920773524	0.0	587236	3237.1279490877123	0.4389065293147694	1.2
483.01201050324806	1200	7.384375970803334	0.0	590335	3253.78894997019	0.4389065293147694	1.2
486.835902452437	1200	7.560484021614413	0.0	696376	3823.8919491889205	0.4389065293147694	1.2
489.5349967376606	1200	8.861389736390805	0.0	487160	2699.094285223607	0.4389065293147694	1.2
492.9638417862866	1200	9.432544687764803	0.0	622896	3428.8450486260035	0.4389065293147694	1.2
496.4924216614279	1200	9.90396481262352	0.0	641447	3528.5798751412817	0.4389065293147694	1.2
499.63899204392493	1200	10.75739443012647	0.0	570392	3146.5703824970515	0.4389065293147694	1.2
503.05378894950286	1200	11.342597524548516	0.0	620283	3414.7969055779513	0.4389065293147694	1.2
505.2973145508967	1200	13.099071923154678	0.0	584349	2243.525601393838	0.4389065293147694	1.2
509.2360516411462	1200	13.16033483290513	0.0	670129	3938.7370902495486	0.4389065293147694	1.2
514.1229306220231	1200	12.27345585202827	0.0	690253	4886.878980876859	0.4389065293147694	1.2
518.1308080828201	1200	12.265578391231287	0.0	598727	4007.8774607969826	0.4389065293147694	1.2
519.5458191701798	1200	14.850567303871596	0.0	487812	1415.0110873596916	0.4389065293147694	1.2
521.2010579236021	1200	17.19532855044927	0.0	575591	1655.2387534223274	0.4389065293147694	1.2
522.9392005229105	1200	19.457185951140847	0.0	605884	1738.1425993084208	0.4389065293147694	1.2
525.5663823943363	1850	20.830004079715117	0.0	930577	2627.181871425732	0.4389065293147694	1.2000000000000002
528.5983053646308	1850	21.798081109420565	0.0	858450	3031.9229702945504	0.4389065293147694	1.85
532.6509857760472	2850	21.74540069800429	0.0	1527299	4052.680411416274	0.4389065293147694	1.85
537.0188320945001	2850	21.377554379551277	0.0	1343002	4367.846318453011	0.4389065293147694	2.85
542.1664969743473	2850	20.229889499704083	0.0	1587250	5147.664879847195	0.4389065293147694	2.85
546.9354376167026	2850	19.460948857348708	0.0	1464921	4768.940642355376	0.4389065293147694	2.85
554.7134261006763	4300	15.682960373375082	0.0	2246506	7777.988483973625	0.4389065293147694	2.8499999999999996
561.5135653460021	4300	12.882821128049214	0.0	1961140	6800.139245325868	0.4389065293147694	4.3
568.9780359678589	4300	9.418350506192443	0.0	2155012	7464.470621856772	0.4389065293147694	4.3
570.600997949055	750	11.795388524996266	0.0	450283	1622.9619811961757	0.4389065293147694	0.75
572.7749788637313	1200	13.621407610319878	0.0	611087	2173.980914676387	0.4389065293147694	0.75
574.8117704421923	1200	15.584616031859094	0.0	571051	2036.7915784607844	0.4389065293147694	1.2
578.0897801071425	1850	16.306606366908735	0.0	933276	3278.0096649503575	0.4389065293147694	1.2000000000000002
581.5852894907864	1850	16.81109698326488	0.0	996749	3495.5093836438573	0.4389065293147694	1.85
584.4102344226027	1850	17.98615205144856	0.0	801058	2824.944931816316	0.4389065293147694	1.85
587.5931168729791	1850	18.80326960107212	0.0	905515	3182.8824503764417	0.4389065293147694	1.85
591.3070340374129	1850	19.08935243663822	0.0	1060487	3713.917164433898	0.4389065293147694	1.85
594.3093937429969	1850	20.086992731054227	0.0	852833	3002.359705583995	0.4389065293147694	1.85
599.2886971522861	2850	19.10768932176507	0.0	1429765	4979.3034092891585	0.4389065293147694	1.85
604.0102582720825	2850	18.38612820196859	0.0	1354548	4721.561119796478	0.4389065293147694	2.85
609.298597486046	2850	17.09778898800513	0.0	1519951	5288.339213963459	0.4389065293147694	2.85
614.2544420533997	2850	16.14194442065153	0.0	1422919	4955.844567353601	0.4389065293147694	2.85
619.742870180349	2850	14.653516293702221	0.0	1578343	5488.4281269493085	0.4389065293147694	2.85
624.042600476483	2850	14.35378599756818	0.0	1231445	4299.730296134042	0.4389065293147694	2.85
629.1634245068558	2850	13.232961967195386	0.0	1471065	5120.824030372793	0.4389065293147694	2.85
634.354703875972	2850	12.041682598079237	0.0	1491626	5191.279369116149	0.4389065293147694	2.85
639.0908385357556	2850	11.305547938295625	0.0	1358801	4736.134659783614	0.4389065293147694	2.85
644.4381332530058	2850	9.95825322104539	0.0	1537156	5347.294717250237	0.4389065293147694	2.85
649.0963082118143	2850	9.300078262236926	0.0	1336050	4658.174958808461	0.4389065293147694	2.85
652.2315225420964	1850	10.16486393195478	0.0	891604	3135.214330282145	0.4389065293147694	0.8500000000000001
655.5847642950829	1850	10.811622178968316	0.0	955231	3353.2417529864642	0.4389065293147694	1.85
658.98185002741	1850	11.414536446641291	0.0	968026	3397.085732327024	0.4389065293147694	1.85
662.057341284935	1850	12.339045189116208	0.0	874175	3075.4912575250823	0.4389065293147694	1.85
665.2143902253272	1850	13.181996248724017	0.0	897976	3157.048940392191	0.4389065293147694	1.85
668.3987118684604	1850	13.997674605590793	0.0	905935	3184.3216431332235	0.4389065293147694	1.85
672.1678392083641	1850	14.228547265687173	0.0	1076599	3769.12733990362	0.4389065293147694	1.85
674.8459145193506	1850	15.550471954700535	0.0	758197	2678.0753109866387	0.4389065293147694	1.85
678.2593522227143	1850	16.137034251336924	0.0	972798	3413.4377033636124	0.4389065293147694	1.85
681.683114420783	1850	16.713272053268106	0.0	975811	3423.7621980688173	0.4389065293147694	1.85
684.75604939784	1850	17.640337076211022	0.0	873429	3072.9349770570834	0.4389065293147694	1.85
688.1066252175771	1850	18.289761256474026	0.0	954453	3350.575819736995	0.4389065293147694	1.85
691.2194224073476	1850	19.176964066703484	0.0	885062	3112.797189770544	0.4389065293147694	1.85
696.7385190466141	2850	17.657867427437022	0.0	1587293	5519.096639266464	0.4389065293147694	1.85
701.9333826910245	2850	16.4630037830266	0.0	1492672	5194.863644410421	0.4389065293147694	2.85
707.7000740896985	2850	14.696312384352565	0.0	1439896	5766.691398674036	0.4389065293147694	2.85
711.7659144494808	2850	14.630472024570324	0.0	1139291	4065.840359782241	0.4389065293147694	2.85
716.9612074799614	2850	13.435178994089638	0.0	1499009	5195.293030480685	0.4389065293147694	2.85
721.9124045605423	2850	12.483981913508732	0.0	1427478	4951.197080580908	0.4389065293147694	2.85
726.7776386170648	2850	11.618747856986277	0.0	1402287	4865.234056522454	0.4389065293147694	2.85
731.4286151851367	2850	10.967771288914385	0.0	1339500	4650.976568071891	0.4389065293147694	2.85
736.720446421747	2850	9.675940052303984	0.0	1527299	5291.8312366104	0.4389065293147694	2.85
739.824747159587	1850	10.571639314464079	0.0	886255	3104.3007378399057	0.4389065293147694	0.8500000000000001
743.2283777605263	1850	11.168008713524836	0.0	973972	3403.630600939243	0.4389065293147694	1.85
746.5808966876793	1850	11.815489786371767	0.0	958994	3352.518927153068	0.4389065293147694	1.85
751.7233581696518	2850	10.673028304399399	0.0	1483527	5142.461481972368	0.4389065293147694	1.85
756.0056400066144	2850	10.390746467436697	0.0	1231456	4282.281836962701	0.4389065293147694	2.85
760.7420540814685	2850	9.65433239258256	0.0	1364537	4736.414074854135	0.4389065293147694	2.85
762.358622235258	750	12.037764238793	0.0	450283	1616.5681537895598	0.4389065293147694	0.75
765.7528466015995	1850	12.643539872451667	0.0	957685	3394.2243663413337	0.4389065293147694	0.75
769.74889871316	1850	12.64748776089113	0.0	877771	3996.0521115605366	0.4389065293147694	1.85
774.9531743629169	1850	11.443212111134095	0.0	933276	5204.275649757035	0.4389065293147694	1.85
777.9806060383127	1850	12.415780435738455	0.0	996749	3027.43167539564	0.4389065293147694	1.85
780.1971441423511	1850	14.19924233170005	0.0	801058	2216.538104038405	0.4389065293147694	1.85
782.7718765088642	1850	15.624509965186933	0.0	905515	2574.732366513117	0.4389065293147694	1.85
785.9688655898265	1850	16.427520884224645	0.0	1060487	3196.9890809622857	0.4389065293147694	1.85
789.1460542829399	1850	17.250332191111248	0.0	852833	3177.1886931134004	0.4389065293147694	1.85
793.9212284883718	2850	16.475157985679456	0.0	1429765	4775.17420543179	0.4389065293147694	1.85
799.4674622986461	2850	14.928924175405115	0.0	1354548	5546.233810274342	0.4389065293147694	2.85
805.3061819038338	2850	13.090204570217349	0.0	1519951	5838.719605187765	0.4389065293147694	2.85
810.7204796891214	2850	11.675906784929808	0.0	1422919	5414.297785287541	0.4389065293147694	2.85
821.5050875690789	2850	4.89129890497232	0.0	1578343	10784.607879957488	0.4389065293147694	2.85
830.7516475713136	1200	4.0	4.355261097262353	526950	9246.560002234673	0.4389065293147694	-19.17762271822812
834.2779702305835	750	4.473677340730127	0.0	366214	3526.322659269873	0.4389065293147694	0.3
837.7255339074203	750	5.026113663893262	0.0	360831	3447.5636768368645	0.4389065293147694	0.75
839.1756890047767	300	7.57595856653699	0.0	150616	1450.1550973562728	0.4389065293147694	-0.15000000000000002
840.7351725198047	300	10.016475051509	0.0	165384	1559.4835150279894	0.4389065293147694	0.3
842.0493283097605	300	12.702319261553141	0.0	140881	1314.1557899558602	0.4389065293147694	0.3
844.7160591217527	750	14.035588449561102	0.0	386472	2666.730811992037	0.4389065293147694	0.3
847.1201100677432	750	15.631537503570527	0.0	399894	2404.0509459905747	0.4389065293147694	0.75
849.3904788026681	750	17.361168768645765	0.0	401853	2270.3687349247634	0.4389065293147694	0.75
852.0381686622082	1200	18.71347890910559	0.0	536667	2647.689859540176	0.4389065293147694	0.75
854.9278065239679	1200	19.823841047346	0.0	587236	2889.637861759591	0.4389065293147694	1.2
859.0480441260887	1200	19.703603445225205	0.0	590335	4120.237602120793	0.4389065293147694	1.2
861.4765028863732	1200	21.275144684940702	0.0	696376	2428.4587602845036	0.4389065293147694	1.2
864.1134468170535	1850	22.638200754260396	0.0	758197	2636.9439306803083	0.4389065293147694	1.2000000000000002
868.3298373932695	1850	22.421810178044403	0.0	972798	4216.390576215995	0.4389065293147694	1.85
873.2546764742661	1850	21.496971097047833	0.0	975811	4924.839080996568	0.4389065293147694	1.85
877.6711954863245	1850	21.0804520849894	0.0	873429	4416.519012058433	0.4389065293147694	1.85
882.48999346603	1850	20.261654105283885	0.0	954453	4818.797979705515	0.4389065293147694	1.85
886.7034220900558	1850	20.04822548125816	0.0	885062	4213.428624025723	0.4389065293147694	1.85
890.2280513718343	1850	20.523596199479577	0.0	1035329	3524.6292817785848	0.4389065293147694	1.85
893.4812176843968	1850	21.270429886917217	0.0	1026056	3253.1663125623604	0.4389065293147694	1.85
896.4804393988186	1850	22.27120817249545	0.0	943942	2999.2217144217666	0.4389065293147694	1.85
898.8148169976417	1850	23.936830573672303	0.0	728962	2334.3775988231478	0.4389065293147694	1.85
903.5306310867634	2850	23.221016484550663	0.0	1499009	4715.814089121638	0.4389065293147694	1.85
908.0252294142658	2850	22.726418157048172	0.0	1427478	4494.598327502488	0.4389065293147694	2.85
912.4419224105001	2850	22.30972516081392	0.0	1402287	4416.692996234255	0.4389065293147694	2.85
916.6644412161767	2850	22.087206355137347	0.0	1339500	4222.518805676574	0.4389065293147694	2.85
921.4677445602537	2850	21.283903011060435	0.0	1527299	4803.303344076912	0.4389065293147694	2.85
925.7010936017327	2850	21.050553969581344	0.0	1343002	4233.349041479096	0.4389065293147694	2.85
930.7718240923834	2850	19.979823478930555	0.0	1587250	5070.730490650783	0.4389065293147694	2.85
934.7126404174013	2850	20.039007153912674	0.0	1464921	3940.8163250178827	0.4389065293147694	2.85
940.7133330957441	4300	18.038314475569866	0.0	2246506	6000.692678342808	0.4389065293147694	2.8499999999999996
945.9619403637439	4300	16.789707207570043	0.0	1961140	5248.607267999824	0.4389065293147694	4.3
952.6203027245112	4300	14.131344846802717	0.0	2155012	6658.362360767324	0.4389065293147694	4.3
954.3533166209478	750	16.398330950366173	0.0	450283	1733.0138964365408	0.4389065293147694	0.75
960.1805641457347	2850	14.571083425579335	0.0	1431809	5827.247524786839	0.4389065293147694	0.75
965.6090604904081	2850	13.142587080905923	0.0	1300868	5428.496344673411	0.4389065293147694	2.85
971.9396696001536	2850	10.811977971160402	0.0	1520281	6330.609109745522	0.4389065293147694	2.85
976.1177859217611	1850	10.633861649552925	0.0	996749	4178.116321607478	0.4389065293147694	0.8500000000000001
979.4913220721402	1850	11.260325499173797	0.0	801058	3373.5361503791264	0.4389065293147694	1.85
983.2943313763485	1850	11.45731619496542	0.0	905515	3803.009304208377	0.4389065293147694	1.85
987.7345053856052	1850	11.017142185708778	0.0	1060487	4440.174009256643	0.4389065293147694	1.85
991.3209135554708	1850	11.430734015843072	0.0	852833	3586.408169865704	0.4389065293147694	1.85
995.1583483047621	1850	11.593299266551913	0.0	913888	3837.4347492911606	0.4389065293147694	1.85
999.1023979132963	1850	11.649249658017748	0.0	939819	3944.049608534164	0.4389065293147694	1.85
1002.9543873115296	1850	11.797260259784386	0.0	917428	3851.989398233363	0.4389065293147694	1.85
1006.9273488667761	1850	11.824298704537917	0.0	946851	3972.961555246469	0.4389065293147694	1.85
1011.268711611053	1850	11.482935960260916	0.0	1036454	4341.362744277002	0.4389065293147694	1.85
1014.7268332960898	1850	12.024814275224186	0.0	821631	3458.1216850367286	0.4389065293147694	1.85
1018.6024308282853	1850	12.149216743028642	0.0	923170	3875.5975321955434	0.4389065293147694	1.85
1022.6569970931941	1850	12.094650478119796	0.0	966699	4054.5662649088463	0.4389065293147694	1.85
1026.3785949274295	1850	12.37305264388445	0.0	885714	3721.5978342353455	0.4389065293147694	1.85
1030.5195393334757	1850	12.232108237838114	0.0	987708	4140.944406046336	0.4389065293147694	1.85
1034.3639761745874	1850	12.38767139672659	0.0	923755	3844.436841111525	0.4389065293147694	1.85
1038.0188164644724	1850	12.732831106841461	0.0	891604	3654.8402898851286	0.4389065293147694	1.85
1042.0555597975597	1850	12.696087773754103	0.0	955231	4036.743333087357	0.4389065293147694	1.85
1046.9340787124975	1850	11.817568858816504	0.0	968026	4878.5189149376	0.4389065293147694	1.85
1051.243769174366	1850	11.50787839694776	0.0	874175	4309.690461868744	0.4389065293147694	1.85
1055.5932363378158	1850	11.15841123349783	0.0	897976	4349.467163449927	0.4389065293147694	1.85
1059.988601151041	1850	10.763046420272815	0.0	905935	4395.364813225017	0.4389065293147694	1.85
1065.1969132733823	1850	9.554734297931542	0.0	1076599	5208.312122341273	0.4389065293147694	1.85
1068.8885373471765	1850	9.86311022413732	0.0	758197	3691.624073794222	0.4389065293147694	1.85
1073.602399886515	1850	9.149247684798768	0.0	972798	4713.862539338551	0.4389065293147694	1.85
1078.330614663246	1850	8.421032908067634	0.0	975811	4728.214776731133	0.4389065293147694	1.85
1082.5711391748835	1850	8.18050839643014	0.0	873429	4240.5245116374945	0.4389065293147694	1.85
1087.197616452036	1850	7.554031119277742	0.0	954453	4626.4772771523985	0.4389065293147694	1.85
1090.0611264314973	1200	8.690521139816493	0.0	584349	2863.509979461248	0.4389065293147694	0.5499999999999999
1093.333244085547	1200	9.418403485766625	0.0	670129	3272.117654049869	0.4389065293147694	1.2
1096.7012211572167	1200	10.050426414097016	0.0	690253	3367.9770716696103	0.4389065293147694	1.2
1099.6332198420316	1200	11.118427729282129	0.0	598727	2931.9986848148874	0.4389065293147694	1.2
1102.0368818489846	1200	12.714765722329176	0.0	487812	2403.6620069529517	0.4389065293147694	1.2
1104.8586736422249	1200	13.892973929089042	0.0	575591	2821.791793240134	0.4389065293147694	1.2
1107.8247642497142	1200	14.926883321599512	0.0	605884	2966.0906074895292	0.4389065293147694	1.2
1112.3375096914915	1850	14.414137879822235	0.0	930577	4512.745441777277	0.4389065293147694	1.2000000000000002
1116.0235595801828	1850	14.728087991130892	0.0	858450	3686.0498886913438	0.4389065293147694	1.85
1121.2278067359064	1850	13.523840835407448	0.0	1025005	5204.247155723444	0.4389065293147694	1.85
1123.79672562427	1850	14.954921947043625	0.0	886255	2568.918888363824	0.4389065293147694	1.85
1126.611985010719	1850	16.139662560594477	0.0	973972	2815.2593864491487	0.4389065293147694	1.85
1129.4038034313674	1850	17.34784413994645	0.0	958994	2791.8184206480278	0.4389065293147694	1.85
1133.7924366515874	2850	16.959210919726196	0.0	1483527	4388.633220220254	0.4389065293147694	1.85
1139.0616450065163	4300	15.690002564797512	0.0	1961140	5269.208354928685	0.4389065293147694	2.8499999999999996
1146.2154347355527	4300	12.53621283576114	0.0	2155012	7153.78972903637	0.4389065293147694	4.3
1147.7912271882458	750	14.960420383067879	0.0	450283	1575.7924526932613	0.4389065293147694	0.75
1152.6312204246299	2850	14.120427146683863	0.0	1431809	4839.993236384015	0.4389065293147694	0.75
1157.035905408052	2850	13.715742163261911	0.0	1300868	4404.684983421951	0.4389065293147694	2.85
1162.1700203615153	2850	12.581627209798757	0.0	1520281	5134.114953463156	0.4389065293147694	2.85
1167.1454820607944	2850	11.606165510519611	0.0	1472558	4975.461699279145	0.4389065293147694	2.85
1171.295486732909	2850	11.456160838405179	0.0	1224260	4150.004672114434	0.4389065293147694	2.85
1175.9911784134163	2850	10.760469157898019	0.0	1388403	4695.69168050716	0.4389065293147694	2.85
1181.5192021065177	2850	9.232445464796637	0.0	1638769	5528.0236931013815	0.4389065293147694	2.85
1184.4344121881454	1850	10.317235383169066	0.0	852833	2915.2100816275697	0.4389065293147694	0.8500000000000001
1187.5525972385344	1850	11.199050332780004	0.0	913888	3118.185050389064	0.4389065293147694	1.85
1190.7569888881367	1850	11.994658683177864	0.0	939819	3204.391649602139	0.4389065293147694	1.85
1193.8869425306052	1850	12.86470504070927	0.0	917428	3129.9536424685934	0.4389065293147694	1.85
1197.1147117902367	1850	13.636935781077964	0.0	946851	3227.7692596313063	0.4389065293147694	1.85
1200.6403627323828	1850	14.111284838931939	0.0	1036454	3525.6509421460255	0.4389065293147694	1.85
1203.4518429806585	1850	15.299804590656201	0.0	821631	2811.4802482757373	0.4389065293147694	1.85
1206.6008856784154	1850	16.150761892899286	0.0	923170	3149.042697756916	0.4389065293147694	1.85
1209.8946388407571	1850	16.857008730557666	0.0	966699	3293.753162341619	0.4389065293147694	1.85
1212.9191605258216	1850	17.832487045493085	0.0	885714	3024.5216850645807	0.4389065293147694	1.85
1216.2827572901404	1850	18.468890281174392	0.0	987708	3363.5967643186927	0.4389065293147694	1.85
1219.4337447976054	1850	19.317902773709424	0.0	923755	3150.9875074649735	0.4389065293147694	1.85
1224.2182428058584	2850	18.53340476545636	0.0	1415116	4784.498008253058	0.4389065293147694	1.85
1229.1789704938108	2850	17.572677077503904	0.0	1468126	4960.727687952456	0.4389065293147694	2.85
1234.2648109485203	2850	16.486836622794097	0.0	1505760	5085.840454709808	0.4389065293147694	2.85
1238.7463641200957	2850	16.005283451218787	0.0	1323990	4481.55317157531	0.4389065293147694	2.85
1243.4265372164707	2850	15.325110354843618	0.0	1383735	4680.17309637517	0.4389065293147694	2.85
1248.4282821047275	2850	14.32336546658686	0.0	1480464	5001.74488825676	0.4389065293147694	2.85
1253.6531249244174	2850	13.098522646897026	0.0	1547572	5224.842819689835	0.4389065293147694	2.85
1257.5295630220594	2850	13.222084549255028	0.0	1141971	3876.438097641998	0.4389065293147694	2.85
1262.591168155792	2850	12.160479415522556	0.0	1498470	5061.605133732472	0.4389065293147694	2.85
1267.8615261715725	2850	10.890121399742087	0.0	1561263	5270.358015780468	0.4389065293147694	2.85
1272.4002966420971	2850	10.351350929217402	0.0	1341201	4538.770470524684	0.4389065293147694	2.85
1277.4592854249918	2850	9.29236214632295	0.0	1497683	5058.988782894452	0.4389065293147694	2.85
1282.0541727978618	2850	8.697474773452937	0.0	1358081	4594.887372870013	0.4389065293147694	2.85
1287.4110665344983	2850	7.340581036816491	0.0	1587293	5356.893736636446	0.4389065293147694	2.85
1299.9798131458267	1850	4.0	5.22816557451201	1026056	12568.7466113285	0.4389065293147694	-21.63111197040164
1305.0439939625694	1200	4.0	1.0641808167425988	598727	5064.180816742599	0.4389065293147694	-4.025977511993175
1307.7291934234574	750	5.314800539111991	0.0	321064	2685.1994608880095	0.4389065293147694	0.3
1310.7837964007347	750	6.260197561834706	0.0	361565	3054.602977277285	0.4389065293147694	0.75
1315.3160534173367	750	5.7279405452327365	0.0	378327	4532.25701660197	0.4389065293147694	0.75
1318.3710056016948	750	6.672988360874615	0.0	390680	3054.952184358121	0.4389065293147694	0.75
1320.8878778622966	750	8.156116100272893	0.0	345516	2516.872260601722	0.4389065293147694	0.75
1323.5052647272196	750	9.538729235349994	0.0	384505	2617.386864922898	0.4389065293147694	0.75
1326.0607967227866	750	10.983197239782895	0.0	372093	2555.5319955670993	0.4389065293147694	0.75
1328.9653831740243	750	12.078610788545067	0.0	438281	2904.5864512378266	0.4389065293147694	0.75
1333.4382072024464	1200	11.605786760122857	0.0	630203	4472.824028422209	0.4389065293147694	0.75
1337.366565250864	1200	11.677428711705252	0.0	638661	3928.358048417606	0.4389065293147694	1.2
1340.9634005910402	1850	12.080593371528925	0.0	830730	3596.835340176326	0.4389065293147694	1.2000000000000002
1344.990316412434	2850	12.053677550135292	0.0	1364537	4026.9158213936316	0.4389065293147694	1.85
1346.3676037895789	750	14.676390172990425	0.0	450283	1377.287377144869	0.4389065293147694	0.75
1349.1992348179404	1850	15.844759144629029	0.0	957685	2831.6310283613957	0.4389065293147694	0.75
1351.7947842275473	1850	17.249209735022088	0.0	877771	2595.5494096069406	0.4389065293147694	1.85
1356.705139044945	2850	16.338854917624246	0.0	1520281	4910.35481739784	0.4389065293147694	1.85
1361.1958245436858	2850	15.848169418883431	0.0	1472558	4490.685498740815	0.4389065293147694	2.85
1364.4679207772028	2850	16.57607318536652	0.0	1224260	3272.0962335169133	0.4389065293147694	2.85
1368.1679982010373	2850	16.875995761532053	0.0	1388403	3700.077423834465	0.4389065293147694	2.85
1372.520871898213	2850	16.52312206435639	0.0	1638769	4352.873697175663	0.4389065293147694	2.85
1376.115632517558	2850	16.928361445011344	0.0	1348011	3594.760619345047	0.4389065293147694	2.85
1379.9235558927517	2850	17.120438069817915	0.0	1429765	3807.9233751934303	0.4389065293147694	2.85
1383.535360876103	2850	17.50863308646645	0.0	1354548	3611.804983351467	0.4389065293147694	2.85
1387.5784323333344	2850	17.465561629234926	0.0	1519951	4043.0714572315237	0.4389065293147694	2.85
1391.3685056678382	2850	17.675488294731103	0.0	1422919	3790.073334503825	0.4389065293147694	2.85
1395.5638265518808	2850	17.480167410688672	0.0	1578343	4195.32088404243	0.4389065293147694	2.85
1398.8546567238075	2850	18.189337238761762	0.0	1231445	3290.8301719269066	0.4389065293147694	2.85
1402.7702643935497	2850	18.273729569019586	0.0	1471065	3915.6076697421768	0.4389065293147694	2.85
1406.7394821548226	2850	18.30451180774674	0.0	1491626	3969.217761272849	0.4389065293147694	2.85
1410.3623762738814	2850	18.68161768868787	0.0	1358801	3622.8941190588716	0.4389065293147694	2.85
1414.4503074959487	2850	18.59368646662072	0.0	1537156	4087.9312220671454	0.4389065293147694	2.85
1418.2453797023368	2850	18.798614260232497	0.0	1336050	3795.072206388222	0.4389065293147694	2.85
1422.3508804391795	2850	18.693113523389787	0.0	1415116	4105.50073684271	0.4389065293147694	2.85
1426.6071757356624	2850	18.436818226906716	0.0	1468126	4256.295296483073	0.4389065293147694	2.85
1430.970526351095	2850	18.073467611474282	0.0	1505760	4363.35061543243	0.4389065293147694	2.85
1434.816806091111	2850	18.22718787145836	0.0	1323990	3846.2797400159275	0.4389065293147694	2.85
1438.8330390657186	2850	18.21095489685059	0.0	1383735	4016.232974607768	0.4389065293147694	2.85
1443.124431575498	2850	17.919562387071107	0.0	1480464	4291.392509779485	0.4389065293147694	2.85
1447.6067224310302	2850	17.437271531539018	0.0	1547572	4482.290855532087	0.4389065293147694	2.85
1450.935222979362	2850	18.108770983207286	0.0	1141971	3328.5005483317314	0.4389065293147694	2.85
1455.2778361426197	2850	17.76615781994951	0.0	1498470	4342.613163257779	0.4389065293147694	2.85
1459.7990730143003	2850	17.24492094826884	0.0	1561263	4521.236871680668	0.4389065293147694	2.85
1463.6943119160965	2850	17.349682046472676	0.0	1341201	3895.238901796163	0.4389065293147694	2.85
1468.034686344805	2850	17.009307617763792	0.0	1497683	4340.374428708884	0.4389065293147694	2.85
1471.977942831335	2850	17.066051131234005	0.0	1358081	3943.256486529786	0.4389065293147694	2.85
1476.5732257771042	2850	16.470768185464703	0.0	1587293	4595.282945769305	0.4389065293147694	2.85
1480.8993456965063	2850	16.1446482660627	0.0	1492672	4326.119919402	0.4389065293147694	2.85
1485.0753367028808	2850	15.96865725968805	0.0	1439896	4175.991006374652	0.4389065293147694	2.85
1488.396213606243	2850	16.647780356325875	0.0	1139291	3320.8769033621747	0.4389065293147694	2.85
1492.7403600324258	2850	16.30363393014325	0.0	1499009	4344.146426182627	0.4389065293147694	2.85
1497.3974895119106	2850	15.646504450658297	0.0	1427478	4657.129479484953	0.4389065293147694	2.85
1502.725752146794	2850	14.318241815774828	0.0	1402287	5328.262634883469	0.4389065293147694	2.85
1507.3590004603739	2850	13.684993502194972	0.0	1339500	4633.248313579856	0.4389065293147694	2.85
1512.6198898577902	2850	12.42410410477869	0.0	1527299	5260.88939741628	0.4389065293147694	2.85
1517.474756179287	2850	11.569237783281961	0.0	1343002	4854.866321496728	0.4389065293147694	2.85
1524.6997270181394	2850	8.344266944429538	0.0	1587250	7224.970838852424	0.4389065293147694	2.85
1529.0207619218306	1850	8.023232040738248	0.0	958994	4321.034903691291	0.4389065293147694	0.8500000000000001
1531.9890121126284	1850	9.054981849940607	0.0	982064	2968.250190797641	0.4389065293147694	1.85
1535.5412039533592	2850	9.502790009209802	0.0	1231456	3552.191840730805	0.4389065293147694	1.85
1540.1229073630213	2850	8.921086599547902	0.0	1364537	4581.703409661901	0.4389065293147694	2.85
1541.1188991105964	750	11.925094851972759	0.0	450283	995.9917475751424	0.4389065293147694	0.75
1543.147077382431	1850	13.896916580138157	0.0	957685	2028.1782718346026	0.4389065293147694	0.75
1545.873378381324	2850	15.170615581245059	0.0	1300868	2726.300998893097	0.4389065293147694	1.85
1549.0460220076552	2850	15.997971954913874	0.0	1520281	3172.6436263311857	0.4389065293147694	2.85
1552.12158474448	2850	16.922409218088905	0.0	1472558	3075.562736824967	0.4389065293147694	2.85
1556.1513507291731	4300	16.892643233395756	0.0	1941625	4029.76598469315	0.4389065293147694	2.8499999999999996
1563.3701304828423	4300	13.67386347972635	0.0	2157535	7218.779753669407	0.4389065293147694	4.3
1570.1043433501247	4300	10.939650612443973	0.0	2290172	6734.2128672823765	0.4389065293147694	4.3
1574.1010588376246	2850	10.942935124944265	0.0	1348011	3996.715487499709	0.4389065293147694	1.4000000000000001
1578.8213035190875	2850	10.222690443481392	0.0	1429765	4720.244681462874	0.4389065293147694	2.85
1583.1683468609224	2850	9.87564710164643	0.0	1354548	4347.043341834959	0.4389065293147694	2.85
1587.2150251050198	2850	9.82896885754896	0.0	1519951	4046.678244097471	0.4389065293147694	2.85
1590.4882000794214	2850	10.555793883147137	0.0	1422919	3273.1749744018243	0.4389065293147694	2.85
1593.9469207797072	2850	11.097073182861433	0.0	1578343	3458.720700285704	0.4389065293147694	2.85
1596.6630453183932	2850	12.380948644175401	0.0	1231445	2716.1245386860323	0.4389065293147694	2.85
1599.8921185977538	2850	13.15187536481484	0.0	1471065	3229.0732793605625	0.4389065293147694	2.85
1603.1652063127083	2850	13.878787649860381	0.0	1491626	3273.0877149544576	0.4389065293147694	2.85
1606.153958761491	2850	14.890035201077756	0.0	1358801	2988.752448782625	0.4389065293147694	2.85
1609.9819993588433	2850	15.061994603725331	0.0	1537156	3828.0405973524244	0.4389065293147694	2.85
1615.7873677293783	2850	13.256626233190426	0.0	1336050	5805.368370534908	0.4389065293147694	2.85
1623.242818339311	2850	9.801175623257434	0.0	1415116	7455.450609932993	0.4389065293147694	2.85
1630.974552050299	2850	6.06944191226944	0.0	1468126	7731.733710987994	0.4389065293147694	2.85
1636.0998119103606	1850	4.944182052207794	0.0	968026	5125.259860061646	0.4389065293147694	0.8500000000000001
1638.9768695031523	1200	6.0671244594161715	0.0	536667	2877.0575927916225	0.4389065293147694	0.5499999999999999
1642.117487936111	1200	6.926506026457593	0.0	587236	3140.618432958578	0.4389065293147694	1.2
1645.2742580636586	1200	7.769735898909892	0.0	590335	3156.7701275477016	0.4389065293147694	1.2
1648.983703843328	1200	8.060290119240454	0.0	696376	3709.445779669439	0.4389065293147694	1.2
1651.6027356394034	1200	9.44125832316511	0.0	487160	2619.031796075344	0.4389065293147694	1.2
1654.9292106161013	1200	10.114783346467213	0.0	622896	3326.474976697897	0.4389065293147694	1.2
1658.3523716484053	1200	10.691622314163368	0.0	641447	3423.1610323038453	0.4389065293147694	1.2
1661.4052007481405	1200	11.638793214428151	0.0	570392	3052.8290997352156	0.4389065293147694	1.2
1664.718057016235	1200	12.325936946333474	0.0	620283	3312.8562680946766	0.4389065293147694	1.2
1667.8436286785325	1200	13.200365284036014	0.0	584349	3125.5716622974614	0.4389065293147694	1.2
1671.113170601222	1200	13.930823361346693	0.0	670129	3269.5419226893205	0.4389065293147694	1.2
1673.7383986155796	1200	15.305595346989032	0.0	690253	2625.2280143576604	0.4389065293147694	1.2
1677.663579148971	1850	15.380414813597687	0.0	943942	3925.180533391345	0.4389065293147694	1.2000000000000002
1680.874262044644	1850	16.169731917924732	0.0	728962	3210.6828956729555	0.4389065293147694	1.85
1684.3777678715446	1850	16.666226091024065	0.0	938587	3503.505826900665	0.4389065293147694	1.85
1687.7260798413665	1850	17.317914121202175	0.0	908665	3348.311969821891	0.4389065293147694	1.85
1691.1532055124785	1850	17.89078845009022	0.0	930577	3427.125671111957	0.4389065293147694	1.85
1694.3209027501773	1850	18.723091212391395	0.0	858450	3167.6972376988247	0.4389065293147694	1.85
1698.0876697221936	1850	18.95632424037499	0.0	1025005	3766.7669720164063	0.4389065293147694	1.85
1701.3553767702417	1850	19.68861719232703	0.0	886255	3267.7070480479606	0.4389065293147694	1.85
1707.1444424590265	2850	17.899551503542057	0.0	1587250	5789.065688784972	0.4389065293147694	1.85
1712.493511741043	2850	16.55048222152563	0.0	1464921	5349.069282016425	0.4389065293147694	2.85
1717.9095036100532	2850	15.134490352515645	0.0	1483527	5415.9918690099885	0.4389065293147694	2.85
1725.0433874247665	4300	12.000606537802296	0.0	1961140	7133.883814713348	0.4389065293147694	2.8499999999999996
1732.8745955319455	4300	8.169398430623287	0.0	2155012	7831.208107179008	0.4389065293147694	4.3
1734.5741861607332	750	10.469807801835659	0.0	450283	1699.590628787629	0.4389065293147694	0.75
1738.0988146528825	1850	10.945179309686322	0.0	957685	3524.628492149338	0.4389065293147694	0.75
1741.3360062097959	1850	11.707987752773125	0.0	877771	3237.1915569131984	0.4389065293147694	1.85
1744.7728397204378	1850	12.271154242131143	0.0	933276	3436.8335106419813	0.4389065293147694	1.85
1748.4379747125504	1850	12.606019250018537	0.0	996749	3665.1349921126052	0.4389065293147694	1.85
1751.3992427815547	1850	13.644751181014465	0.0	801058	2961.2680690040715	0.4389065293147694	1.85
1754.7362247422918	1850	14.307769220277262	0.0	905515	3336.9819607372024	0.4389065293147694	1.85
1758.6306143753693	1850	14.413379587199607	0.0	1060487	3894.3896330776556	0.4389065293147694	1.85
1761.7781082286147	1850	15.265885733954336	0.0	852833	3147.4938532452697	0.4389065293147694	1.85
1765.1452064325474	1850	15.898787530021545	0.0	913888	3367.09820393279	0.4389065293147694	1.85
1768.605573990631	1850	16.43841997193794	0.0	939819	3460.3675580836066	0.4389065293147694	1.85
1771.985404966678	1850	17.058588995890926	0.0	917428	3379.8309760470124	0.4389065293147694	1.85
1775.4710654212324	1850	17.572928541336353	0.0	946851	3485.6604545545692	0.4389065293147694	1.85
1779.2790124802364	1850	17.764981482332455	0.0	1036454	3807.9470590039	0.4389065293147694	1.85
1782.3142780974624	1850	18.72971586510638	0.0	821631	3035.265617226074	0.4389065293147694	1.85
1785.714762061498	1850	19.329231901070706	0.0	923170	3400.483964035674	0.4389065293147694	1.85
1789.271812363771	1850	19.772181598797754	0.0	966699	3557.0503022729526	0.4389065293147694	1.85
1792.5375735277191	1850	20.506420434849733	0.0	885714	3265.761163948019	0.4389065293147694	1.85
1796.1701895953445	1850	20.873804367224327	0.0	987708	3632.616067625407	0.4389065293147694	1.85
1799.5727777039244	1850	21.47121625864435	0.0	923755	3402.5881085799733	0.4389065293147694	1.85
1802.8597241864466	1850	22.184269776122107	0.0	891604	3286.9464825222467	0.4389065293147694	1.85
1808.2203213031032	2850	20.823672659465544	0.0	1468126	5360.597116656562	0.4389065293147694	1.85
1813.7162814552814	2850	19.327712507287337	0.0	1505760	5495.960152178208	0.4389065293147694	2.85
1818.558446130849	2850	18.485547831719902	0.0	1323990	4842.164675567438	0.4389065293147694	2.85
1823.615503312056	2850	17.42849065051286	0.0	1383735	5057.05718120704	0.4389065293147694	2.85
1829.0204780960416	2850	16.023515866527127	0.0	1480464	5404.974783985734	0.4389065293147694	2.85
1834.6668288322987	2850	14.377165130269866	0.0	1547572	5646.350736257261	0.4389065293147694	2.85
1838.8543024210137	2850	14.18969154155513	0.0	1141971	4187.473588714735	0.4389065293147694	2.85
1844.3240416950243	2850	12.719952267544345	0.0	1498470	5469.739274010784	0.4389065293147694	2.85
1850.172805191968	2850	10.871188770600675	0.0	1561263	5848.763496943672	0.4389065293147694	2.85
1853.719909605398	1850	11.324084357170735	0.0	873429	3547.1044134299395	0.4389065293147694	0.8500000000000001
1857.5886413840674	1850	11.455352578501325	0.0	954453	3868.7317786694116	0.4389065293147694	1.85
1861.1819233638953	1850	11.862070598673395	0.0	885062	3593.28197982793	0.4389065293147694	1.85
1865.3716950170601	1850	11.672298945508675	0.0	1035329	4189.7716531647175	0.4389065293147694	1.85
1869.5246571994771	1850	11.51933676309171	0.0	1026056	4152.962182416967	0.4389065293147694	1.85
1873.3516652267144	1850	11.692328735854367	0.0	943942	3827.0080272373416	0.4389065293147694	1.85
1876.3253032527277	1850	12.71869070984113	0.0	728962	2973.638026013237	0.4389065293147694	1.85
1880.1310544358096	1850	12.912939526759315	0.0	938587	3805.751183081815	0.4389065293147694	1.85
1883.818029280736	1850	13.225964681832805	0.0	908665	3686.9748449265094	0.4389065293147694	1.85
1887.591984512056	1850	13.452009450513039	0.0	930577	3773.955231319767	0.4389065293147694	1.85
1891.0796293048313	1850	13.964364657737745	0.0	858450	3487.644792775293	0.4389065293147694	1.85
1895.2284195090583	1850	13.81557445351078	0.0	1025005	4148.790204226966	0.4389065293147694	1.85
1898.8264371406283	1850	14.217556821941013	0.0	886255	3598.0176315697677	0.4389065293147694	1.85
1903.4486555173332	1850	13.595338445236136	0.0	973972	4622.218376704877	0.4389065293147694	1.85
1908.390989117913	1850	12.653004844656442	0.0	958994	4942.333600579694	0.4389065293147694	1.85
1913.4657211824003	1850	11.578272780168966	0.0	982064	5074.732064487477	0.4389065293147694	1.85
1919.8088494196695	2850	9.235144542899816	0.0	1231456	6343.12823726915	0.4389065293147694	1.85
1926.706119680829	2850	6.337874281740299	0.0	1364537	6897.270261159517	0.4389065293147694	2.85
1929.0325828441994	750	8.011411118370132	0.0	450283	2326.4631633701674	0.4389065293147694	0.75
1932.1612976193837	1200	8.88269634318567	0.0	611087	3128.7147751844627	0.4389065293147694	0.75
1935.0902726770823	1200	9.953721285487072	0.0	571051	2928.9750576985975	0.4389065293147694	1.2
1938.251884936958	1200	10.792109025611287	0.0	617681	3161.6122598757856	0.4389065293147694	1.2
1941.5890751735917	1200	11.454918788977583	0.0	652874	3337.1902366337054	0.4389065293147694	1.2
1944.2649281834742	1200	12.779065779095022	0.0	520315	2675.8530098825595	0.4389065293147694	1.2
1947.1477050749245	1200	13.89628888764478	0.0	561791	2882.776891450243	0.4389065293147694	1.2
1950.7675722121664	1200	14.276421750402893	0.0	709534	3619.8671372418867	0.4389065293147694	1.2
1953.7653705639684	1200	15.27862339860105	0.0	584846	2997.7983518018427	0.4389065293147694	1.2
1956.6433081226692	1200	16.400685839900365	0.0	560821	2877.9375587006857	0.4389065293147694	1.2
1959.7536783344308	1200	17.29031562813871	0.0	607410	3110.3702117616554	0.4389065293147694	1.2
1962.7975351604016	1200	18.24645880216788	0.0	594078	3043.856825970828	0.4389065293147694	1.2
1967.6013774833411	1850	17.442616479228292	0.0	946851	4803.8423229395885	0.4389065293147694	1.2000000000000002
1973.0001124203013	1850	16.043881542268032	0.0	1036454	5398.734936960261	0.4389065293147694	1.85
1977.7354357131653	1850	15.308558249404282	0.0	821631	4735.32329286375	0.4389065293147694	1.85
1982.124257699416	1850	14.919736263153494	0.0	923170	4388.821986250787	0.4389065293147694	1.85
1984.6131893454115	1850	16.430804617158042	0.0	966699	2488.931645995454	0.4389065293147694	1.85
1986.9003132628886	1850	18.143680699680917	0.0	885714	2287.1239174771235	0.4389065293147694	1.85
1990.0970396529042	1850	18.946954309665255	0.0	987708	3196.7263900156604	0.4389065293147694	1.85
1993.658981769817	1850	19.385012192752495	0.0	923755	3561.9421169127595	0.4389065293147694	1.85
1999.073028135701	2850	17.97096582686856	0.0	1415116	5414.046365883937	0.4389065293147694	1.85
2004.6868869536067	2850	16.357107008962664	0.0	1468126	5613.858817905897	0.4389065293147694	2.85
2010.4426009275096	2850	14.601393035059889	0.0	1505760	5755.713973902773	0.4389065293147694	2.85
2015.5131628658714	2850	13.530831096698178	0.0	1323990	5070.561938361712	0.4389065293147694	2.85
2020.8089237279466	2850	12.235070234622977	0.0	1383735	5295.760862075201	0.4389065293147694	2.85
2026.4692886019373	2850	10.574705360632437	0.0	1480464	5660.36487399054	0.4389065293147694	2.85
2030.6073509681773	1850	10.436642994392297	0.0	1076599	4138.062366240139	0.4389065293147694	0.8500000000000001
2033.5452495096922	1850	11.498744452877606	0.0	758197	2937.898541514691	0.4389065293147694	1.85
2037.2920511264072	1850	11.751942836162678	0.0	972798	3746.8016167149285	0.4389065293147694	1.85
2041.0502097496858	1850	11.993784212884043	0.0	975811	3758.1586232786362	0.4389065293147694	1.85
2044.4224563099024	1850	12.621537652667325	0.0	873429	3372.246560216718	0.4389065293147694	1.85
2048.1001094747717	1850	12.943884487798138	0.0	954453	3677.653164869185	0.4389065293147694	1.85
2051.5162047098493	1850	13.527789252720613	0.0	885062	3416.0952350775265	0.4389065293147694	1.85
2055.4987066177805	1850	13.545287344789212	0.0	1035329	3982.5019079313997	0.4389065293147694	1.85
2059.4462554816146	1850	13.597738480955146	0.0	1026056	3947.548863834066	0.4389065293147694	1.85
2063.0842891655707	1850	13.959704796999048	0.0	943942	3638.0336839560964	0.4389065293147694	1.85
2065.9119911963353	1850	15.132002766234443	0.0	728962	2827.702030764606	0.4389065293147694	1.85
2069.5298400909955	1850	15.514153871574285	0.0	938587	3617.8488946601597	0.4389065293147694	1.85
2074.9904829770057	2850	14.05351098556404	0.0	1427478	5460.642886010243	0.4389065293147694	1.85
2080.356172543286	2850	12.68782141928376	0.0	1402287	5365.689566280283	0.4389065293147694	2.85
2083.6719582335	1850	13.372035729069623	0.0	858450	3315.785690214135	0.4389065293147694	0.8500000000000001
2087.6155455261764	1850	13.428448436393358	0.0	1025005	3943.5872926762645	0.4389065293147694	1.85
2091.0361375779917	1850	14.007856384578194	0.0	886255	3420.5920518151647	0.4389065293147694	1.85
2094.787364394078	1850	14.256629568491944	0.0	973972	3751.22681608625	0.4389065293147694	1.85
2098.437920156339	1850	14.606073806231022	0.0	958994	3650.5557622609226	0.4389065293147694	1.85
2103.3804001100966	2850	13.663593852473015	0.0	1483527	4942.479953758007	0.4389065293147694	1.85
2107.918483024429	2850	13.125510938140556	0.0	1231456	4538.082914332458	0.4389065293147694	2.85
2112.0646075076065	2850	12.979386454963079	0.0	1364537	4146.124483177478	0.4389065293147694	2.85
2113.4380511660156	750	15.605942796553819	0.0	450283	1373.4436584092578	0.4389065293147694	0.75
2116.269013538576	1850	16.774980423993295	0.0	957685	2830.9623725605234	0.4389065293147694	0.75
2118.8704219272686	1850	18.173572035300957	0.0	877771	2601.4083886923395	0.4389065293147694	1.85
2123.3174484826795	2850	17.72654547989006	0.0	1520281	4447.026555410897	0.4389065293147694	1.85
2127.6273901121435	2850	17.416603850426323	0.0	1472558	4309.941629463738	0.4389065293147694	2.85
2131.224092570917	2850	17.819901391652355	0.0	1224260	3596.7024587739666	0.4389065293147694	2.85
2135.292297889942	2850	17.751696072627677	0.0	1388403	4068.205319024677	0.4389065293147694	2.85
2139.9482634642477	2850	17.095730498321632	0.0	1638769	4655.9655743060475	0.4389065293147694	2.85
2143.7273355017674	2850	17.316658460802152	0.0	1348011	3779.072037519481	0.4389065293147694	2.85
2147.7307483906266	2850	17.313245571942904	0.0	1429765	4003.412888859245	0.4389065293147694	2.85
2151.5277585858535	2850	17.51623537671606	0.0	1354548	3797.010195226847	0.4389065293147694	2.85
2155.778650546305	2850	17.26534341626487	0.0	1519951	4250.891960451191	0.4389065293147694	2.85
2159.7632773516907	2850	17.280716610878873	0.0	1422919	3984.6268053859962	0.4389065293147694	2.85
2164.1744025850267	2850	16.86959137754279	0.0	1578343	4411.125233336084	0.4389065293147694	2.85
2167.6336062897767	2850	17.410387672793217	0.0	1231445	3459.203704749573	0.4389065293147694	2.85
2175.3437001587554	2850	13.700293803814642	0.0	1471065	7710.093868978575	0.4389065293147694	2.85
2182.705840772767	2850	10.338153189803402	0.0	1491626	7362.140614011242	0.4389065293147694	2.85
2186.7750093401737	1850	10.268984622396493	0.0	885714	4069.168567406909	0.4389065293147694	0.8500000000000001
2191.3035488319015	1850	9.740445130668526	0.0	987708	4528.539491727966	0.4389065293147694	1.85
2195.5440503143045	1850	9.499943648265663	0.0	923755	4240.501482402863	0.4389065293147694	1.85
2199.639746861242	1850	9.404247101328085	0.0	891604	4095.696546937578	0.4389065293147694	1.85
2204.0220131456326	1850	9.02198081693756	0.0	955231	4382.266284390525	0.4389065293147694	1.85
2208.4619068490547	1850	8.582087113515643	0.0	968026	4439.893703421918	0.4389065293147694	1.85
2212.479104897649	1850	8.564889064921024	0.0	874175	4017.198048594619	0.4389065293147694	1.85
2216.6035003046154	1850	8.440493657954681	0.0	897976	4124.395406966342	0.4389065293147694	1.85
2220.763742263209	1850	8.280251699361074	0.0	905935	4160.241958593608	0.4389065293147694	1.85
2225.6926380585805	1850	7.35135590398953	0.0	1076599	4928.8957953715435	0.4389065293147694	1.85
2229.1874826250005	1850	7.856511337569425	0.0	758197	3494.844566420104	0.4389065293147694	1.85
2233.648868946134	1850	7.395125016436072	0.0	972798	4461.386321133353	0.4389065293147694	1.85
2237.9284695389897	1850	7.115524423580599	0.0	975811	4279.600592855474	0.4389065293147694	1.85
2241.1947540497913	1850	7.849239912778394	0.0	873429	3266.284510802205	0.4389065293147694	1.85
2243.5489477320007	1850	9.49504623056931	0.0	954453	2354.1936822090847	0.4389065293147694	1.85
2245.7265268227825	1850	11.317467139787485	0.0	885062	2177.5790907818255	0.4389065293147694	1.85
2248.260235673101	1850	12.78375828946959	0.0	1035329	2533.7088503178948	0.4389065293147694	1.85
2250.771967700429	1850	14.272026262141294	0.0	1026056	2511.732027328297	0.4389065293147694	1.85
2254.264492181765	2850	14.779501780805083	0.0	1439896	3492.524481336209	0.4389065293147694	1.85
2262.770505693782	2850	10.273488268788025	0.0	1139291	8506.013512017058	0.4389065293147694	2.85
2268.5130745717056	2850	8.530919390864675	0.0	1499009	5742.5688779233515	0.4389065293147694	2.85
2271.8036788242543	1850	9.240315138316008	0.0	908665	3290.6042525486664	0.4389065293147694	0.8500000000000001
2274.63637461763	1850	10.407619344940413	0.0	930577	2832.695793375595	0.4389065293147694	1.85
2277.241382679706	1850	11.802611282864246	0.0	858450	2605.0080620761664	0.4389065293147694	1.85
2280.4737139135523	1850	12.570280049017684	0.0	1025005	3232.3312338465616	0.4389065293147694	1.85
2283.151103855453	1850	13.892890107117196	0.0	886255	2677.389941900488	0.4389065293147694	1.85
2287.882933391288	2850	13.161060571282082	0.0	1587250	4731.829535835115	0.4389065293147694	1.85
2292.2562474725387	2850	12.787746490031418	0.0	1464921	4373.314081250662	0.4389065293147694	2.85
2296.6840910484143	2850	12.35990291415562	0.0	1483527	4427.843575875798	0.4389065293147694	2.85
2302.511697900459	4300	10.53229606211109	0.0	1961140	5827.606852044529	0.4389065293147694	2.8499999999999996
2308.9074947010126	4300	8.136499261557239	0.0	2155012	6395.796800553852	0.4389065293147694	4.3
2310.3071606382528	750	10.736833324317079	0.0	450283	1399.6659372401593	0.4389065293147694	0.75
2312.178102553871	1200	12.86589140869895	0.0	611087	1870.9419156181277	0.4389065293147694	0.75
2314.830628030954	1850	14.213365931616245	0.0	877771	2652.525477082706	0.4389065293147694	1.2000000000000002
2317.645824667833	1850	15.398169294737334	0.0	933276	2815.1966368789117	0.4389065293147694	1.85
2322.0415208704662	2850	15.002473092103669	0.0	1472558	4395.696202633665	0.4389065293147694	1.85
2325.709518241732	2850	15.334475720837958	0.0	1224260	3667.9973712657097	0.4389065293147694	2.85
2329.85857735847	2850	15.185416604100151	0.0	1388403	4149.059116737805	0.4389065293147694	2.85
2334.7413960931435	2850	14.30259786942636	0.0	1638769	4882.818734673791	0.4389065293147694	2.85
2338.772076442446	2850	14.271917520123711	0.0	1348011	4030.6803493026487	0.4389065293147694	2.85
2343.04235715204	2850	14.001636810529575	0.0	1429765	4270.280709594137	0.4389065293147694	2.85
2347.092195800083	2850	13.951798162486492	0.0	1354548	4049.838648043083	0.4389065293147694	2.85
2351.626788935898	2850	13.417205026671644	0.0	1519951	4534.593135814849	0.4389065293147694	2.85
2355.8770057456636	2850	13.166988216905716	0.0	1422919	4250.216809765926	0.4389065293147694	2.85
2360.5827311103376	2850	12.461262852231844	0.0	1578343	4705.725364673871	0.4389065293147694	2.85
2364.2717859049553	2850	12.77220805761444	0.0	1231445	3689.054794617404	0.4389065293147694	2.85
2368.663106501039	2850	12.380887461531099	0.0	1471065	4391.320596083341	0.4389065293147694	2.85
2373.114686203807	2850	11.929307758762418	0.0	1491626	4451.579702768681	0.4389065293147694	2.85
2377.1769893224855	2850	11.867004640084017	0.0	1358801	4062.3031186784	0.4389065293147694	2.85
2381.762005975178	2850	11.281987987391524	0.0	1537156	4585.016652692495	0.4389065293147694	2.85
2385.757631649364	2850	11.286362313205034	0.0	1336050	3995.62567418649	0.4389065293147694	2.85
2389.984979833603	2850	11.059014128966355	0.0	1415116	4227.34818423868	0.4389065293147694	2.85
2394.3676869617348	2850	10.67630700083439	0.0	1468126	4382.707128131967	0.4389065293147694	2.85
2398.8606898547127	2850	10.183304107856545	0.0	1505760	4493.002892977845	0.4389065293147694	2.85
2402.8209707097453	2850	10.223023252824046	0.0	1323990	3960.2808550324985	0.4389065293147694	2.85
2406.956349095487	2850	10.087644867082163	0.0	1383735	4135.378385741882	0.4389065293147694	2.85
2411.3752157906774	2850	9.668778171891994	0.0	1480464	4418.86669519017	0.4389065293147694	2.85
2415.9907591130473	2850	9.053234849522223	0.0	1547572	4615.543322369771	0.4389065293147694	2.85
2419.417588173918	2850	9.626405788651432	0.0	1141971	3426.8290608707907	0.4389065293147694	2.85
2423.889225915019	2850	9.154768047550254	0.0	1498470	4471.637741101178	0.4389065293147694	2.85
2428.5448941062973	2850	8.499099856271918	0.0	1561263	4655.668191278337	0.4389065293147694	2.85
2432.5556160626948	2850	8.488377899874632	0.0	1341201	4010.721956397286	0.4389065293147694	2.85
2437.024947305232	2850	8.019046657336819	0.0	1497683	4469.331242537813	0.4389065293147694	2.85
2441.0851402854537	2850	7.958853677115374	0.0	1358081	4060.192980221445	0.4389065293147694	2.85
2445.817095843447	2850	7.2268981191224135	0.0	1587293	4731.95555799296	0.4389065293147694	2.85
2450.2717411084736	2850	6.772252854095434	0.0	1492672	4454.645265026979	0.4389065293147694	2.85
2464.6272223402025	2850	4.0	7.583228377633187	1439896	14355.481231728621	0.4389065293147694	-29.757882023822702
2472.418741489382	1200	4.0	3.791519149179607	487812	7791.519149179607	0.4389065293147694	-16.753532341472308
2475.2271372637874	750	5.191604225594588	0.0	361565	2808.395774405412	0.4389065293147694	0.3
2477.636456818502	750	6.782284670879673	0.0	378327	2409.319554714915	0.4389065293147694	0.75
2479.9281797797153	750	8.490561709666887	0.0	390680	2291.7229612127867	0.4389065293147694	0.75
2481.9616739305643	750	10.45706755881762	0.0	345516	2033.4941508492675	0.4389065293147694	0.75
2484.2563319049773	750	12.162409584405024	0.0	384505	2294.6579744125966	0.4389065293147694	0.75
2487.8033781588547	1200	12.615363330527401	0.0	599477	3547.0462538776237	0.4389065293147694	0.75
2491.099441078528	1200	13.319300410854526	0.0	634861	3296.062919672875	0.4389065293147694	1.2
2494.2523574293286	1200	14.166384060053318	0.0	630203	3152.9163508012075	0.4389065293147694	1.2
2499.120973991188	1850	13.297767498194302	0.0	982064	4868.616561859016	0.4389065293147694	1.2000000000000002
2503.2516747972786	1850	13.167066692103111	0.0	830730	4130.700806091191	0.4389065293147694	1.85
2509.9852579420326	2850	10.433483547349395	0.0	1364537	6733.5831447537175	0.4389065293147694	1.85
2512.260871090792	750	12.157870398589678	0.0	450283	2275.613148759717	0.4389065293147694	0.75
2515.3434290635746	1200	13.075312425807558	0.0	611087	3082.557972782119	0.4389065293147694	0.75
2518.2362276812396	1200	14.182513808142595	0.0	571051	2892.798617664965	0.4389065293147694	1.2
2521.473990155661	1200	14.944751333721072	0.0	617681	3237.762474421522	0.4389065293147694	1.2
2524.863379597858	1200	15.555361891524218	0.0	652874	3389.3894421968566	0.4389065293147694	1.2
2527.5579880737087	1200	16.860753415673738	0.0	520315	2694.6084758504808	0.4389065293147694	1.2
2530.765526882387	1200	17.653214606995345	0.0	561791	3207.5388086783914	0.4389065293147694	1.2
2534.950726920501	1200	17.46801456888124	0.0	709534	4185.200038114106	0.4389065293147694	1.2
2538.597517296375	1200	17.821224193007197	0.0	584846	3646.7903758740426	0.4389065293147694	1.2
2541.9990434730453	1200	18.419698016336458	0.0	560821	3401.5261766707426	0.4389065293147694	1.2
2545.676489041496	1200	18.742252447885637	0.0	607410	3677.4455684508216	0.4389065293147694	1.2
2549.3333451854983	1200	19.085396303883662	0.0	594078	3656.8561440019726	0.4389065293147694	1.2
2553.1927927507186	1200	19.22594873866352	0.0	624282	3859.447565220144	0.4389065293147694	1.2
2557.7131017475185	1200	18.70563974186345	0.0	687371	4520.308996800069	0.4389065293147694	1.2
2561.5458777054314	1200	18.872863783950162	0.0	526950	3832.775957913289	0.4389065293147694	1.2
2564.9487612744533	1200	19.46998021492828	0.0	587876	3402.883569021881	0.4389065293147694	1.2
2568.371748754505	1200	20.046992734876536	0.0	617242	3422.987480051743	0.4389065293147694	1.2
2571.6011193720874	1200	20.817622117294245	0.0	581493	3229.370617582291	0.4389065293147694	1.2
2575.143053215214	1200	21.275688274167898	0.0	639204	3541.9338431263504	0.4389065293147694	1.2
2578.45073691357	1200	21.968004575812344	0.0	586839	3307.6836983555518	0.4389065293147694	1.2
2583.753662930065	1850	20.66507855931716	0.0	891604	5302.926016495187	0.4389065293147694	1.2000000000000002
2589.3319875347006	1850	19.086753954681768	0.0	955231	5578.324604635393	0.4389065293147694	1.85
2594.8979153647506	1850	17.520826124631736	0.0	968026	5565.927830050035	0.4389065293147694	1.85
2600.0469455106354	1850	16.371795978746896	0.0	874175	5149.030145884837	0.4389065293147694	1.85
2605.3438955950287	1850	15.07484589435379	0.0	897976	5296.950084393105	0.4389065293147694	1.85
2611.0044102858365	1850	13.414331203545764	0.0	905935	5660.514690808027	0.4389065293147694	1.85
2620.6058501999673	1850	7.8128912894152	0.0	1076599	9601.439914130564	0.4389065293147694	1.85
2624.156190229676	1200	8.262551259706166	0.0	487160	3550.3400297090343	0.4389065293147694	0.5499999999999999
2628.1436934227395	1200	8.275048066642968	0.0	622896	3987.5031930631967	0.4389065293147694	1.2
2632.032944484149	1200	8.385797005233131	0.0	641447	3889.2510614098373	0.4389065293147694	1.2
2635.500233428395	1200	8.918508060987262	0.0	570392	3467.288944245869	0.4389065293147694	1.2
2640.3881479456168	1200	8.030593543765484	0.0	620283	4887.914517221778	0.4389065293147694	1.2
2642.849502131815	750	9.569239357567051	0.0	369834	2461.3541861984336	0.4389065293147694	0.3
2644.7321608811076	750	11.686580608274257	0.0	412837	1882.658749292794	0.4389065293147694	0.75
2647.34525553637	1200	13.07348595301194	0.0	690253	2613.094655262317	0.4389065293147694	0.75
2649.6224675204703	1200	14.796273968911557	0.0	598727	2277.211984100382	0.4389065293147694	1.2
2651.048204602894	1200	17.37053688648762	0.0	487812	1425.7370824239335	0.4389065293147694	1.2
2652.6467711300425	1200	19.771970359339416	0.0	575591	1598.566527148205	0.4389065293147694	1.2
2655.496973775491	1850	20.921767713891114	0.0	908665	2850.202645448301	0.4389065293147694	1.2000000000000002
2659.6440364113887	2850	20.774705077993612	0.0	1402287	4147.062635897504	0.4389065293147694	1.85
2663.6089974791194	2850	20.809744010263035	0.0	1339500	3964.961067730577	0.4389065293147694	2.85
2668.4083909306837	2850	20.01035055869867	0.0	1527299	4799.393451564367	0.4389065293147694	2.85
2672.512688149525	2850	19.906053339857674	0.0	1343002	4104.297218840994	0.4389065293147694	2.85
2677.4822390580866	2850	18.936502431295867	0.0	1587250	4969.550908561806	0.4389065293147694	2.85
2682.0931622175467	2850	18.32557927183571	0.0	1464921	4610.923159460155	0.4389065293147694	2.85
2689.121486436577	4300	15.297255052805337	0.0	2246506	7028.3242190303745	0.4389065293147694	2.8499999999999996
2695.267188713317	4300	13.151552776065712	0.0	1961140	6145.702276739625	0.4389065293147694	4.3
2702.012526830331	4300	10.406214659051518	0.0	2155012	6745.338117014192	0.4389065293147694	4.3
2703.4852283296004	750	12.933513159782141	0.0	450283	1472.7014992693785	0.4389065293147694	0.75
2705.455288094424	1200	14.963453394958625	0.0	611087	1970.0597648235143	0.4389065293147694	0.75
2708.2501873638057	1850	16.168554125576524	0.0	877771	2794.8992693821033	0.4389065293147694	1.2000000000000002
2711.216760662003	1850	17.201980827379323	0.0	933276	2966.573298197197	0.4389065293147694	1.85
2716.2363724233314	2850	16.18236906605092	0.0	1472558	5019.611761328402	0.4389065293147694	1.85
2721.0040679955077	2850	15.414673493874652	0.0	1224260	4767.69557217627	0.4389065293147694	2.85
2726.675901220957	2850	13.742840268425565	0.0	1388403	5671.833225449087	0.4389065293147694	2.85
2742.2675794301053	2850	4.0	1.8488379407226112	1638769	15591.678209148176	0.4389065293147694	-5.1000031451072285
2747.4615068566086	1200	4.0	1.1939274265034583	584846	5193.927426503458	0.4389065293147694	-5.583887933964871
2750.7138074292347	750	4.747699427373493	0.0	362795	3252.300572626508	0.4389065293147694	0.3
2753.8823836451784	750	5.5791232114302325	0.0	353220	3168.5762159432597	0.4389065293147694	0.75
2757.504898895362	750	5.956607961246335	0.0	405134	3622.5152501838984	0.4389065293147694	0.75
2760.9631745015167	750	6.498332355091828	0.0	386351	3458.2756061545056	0.4389065293147694	0.75
2764.841672053727	750	6.619834802881604	0.0	434409	3878.4975522102245	0.4389065293147694	0.75
2767.868935546082	750	7.592571310526642	0.0	337059	3027.263492354961	0.4389065293147694	0.75
2771.1511320534864	750	8.310374803122064	0.0	366214	3282.196507404578	0.4389065293147694	0.75
2774.386259295927	750	9.07524756068103	0.0	360831	3235.127242441035	0.4389065293147694	0.75
2777.7274694517137	750	9.734037404894703	0.0	372963	3341.2101557863257	0.4389065293147694	0.75
2781.354024456758	750	10.107482399850474	0.0	405596	3626.5550050442284	0.4389065293147694	0.75
2784.5006793189464	750	10.960827537662295	0.0	350713	3146.6548621881793	0.4389065293147694	0.75
2787.960012956136	750	11.501493900472942	0.0	386472	3459.333637189354	0.4389065293147694	0.75
2791.5367093416703	750	11.924797514938675	0.0	399894	3576.696385534268	0.4389065293147694	0.75
2795.1305353370994	750	12.33097151950963	0.0	401853	3593.825995429044	0.4389065293147694	0.75
2798.2167425253706	750	13.244764331238034	0.0	343800	3086.207188271595	0.4389065293147694	0.75
2801.4437552818586	750	14.017751574750216	0.0	359903	3227.0127564878185	0.4389065293147694	0.75
2804.843874157329	750	14.617632699279813	0.0	379700	3400.118875470403	0.4389065293147694	0.75
2808.646927975914	750	14.814578880694974	0.0	425781	3803.0538185848395	0.4389065293147694	0.75
2811.1552928261117	750	16.306214030497085	0.0	277716	2508.364850197889	0.4389065293147694	0.75
2813.17606397477	750	18.285442881839128	0.0	400396	2020.7711486579565	0.4389065293147694	0.75
2815.854789521715	1200	19.606717334894377	0.0	641447	2678.725546944752	0.4389065293147694	0.75
2818.2456464782094	1200	21.21586037839928	0.0	570392	2390.856956495097	0.4389065293147694	1.2
2820.838629278715	1200	22.62287757789428	0.0	620283	2592.982800505001	0.4389065293147694	1.2
2824.504324168596	1850	22.957182688012473	0.0	885062	3665.6948898818073	0.4389065293147694	1.2000000000000002
2828.7788030917072	1850	22.682703764901504	0.0	1035329	4274.47892311097	0.4389065293147694	1.85
2833.0157138572044	1850	22.445792999404205	0.0	1026056	4236.910765497296	0.4389065293147694	1.85
2836.919952165645	1850	22.54155469096388	0.0	943942	3904.238308440327	0.4389065293147694	1.85
2839.953231504627	1850	23.508275351981954	0.0	728962	3033.2793389819267	0.4389065293147694	1.85
2843.8357748401327	1850	23.625732016476082	0.0	938587	3882.5433355058694	0.4389065293147694	1.85
2849.6989861519037	2850	21.76252070470504	0.0	1427478	5863.211311771042	0.4389065293147694	1.85
2856.8918736005417	2850	18.569633256067068	0.0	1402287	7192.887448637973	0.4389065293147694	2.85
2863.569191748336	2850	15.892315108272586	0.0	1339500	6677.318147794482	0.4389065293147694	2.85
2868.1519307688172	1850	15.309576087791381	0.0	1025005	4582.739020481204	0.4389065293147694	0.8500000000000001
2871.51571604837	1850	15.945790808238387	0.0	886255	3363.785279552995	0.4389065293147694	1.85
2875.0972989298125	1850	16.3642079267962	0.0	973972	3581.582881442186	0.4389065293147694	1.85
2878.2086035540906	1850	17.252903302518067	0.0	958994	3111.304624278133	0.4389065293147694	1.85
2882.3341619251037	2850	17.127344931504837	0.0	1483527	4125.5583710132305	0.4389065293147694	1.85
2887.535692895007	4300	15.92581396160172	0.0	1961140	5201.530969903116	0.4389065293147694	2.8499999999999996
2893.359587856062	4300	14.10191900054693	0.0	2155012	5823.894961054792	0.4389065293147694	4.3
2894.9081221369447	750	16.55338471966394	0.0	450283	1548.534280882991	0.4389065293147694	0.75
2899.6577645622124	2850	15.803742294396288	0.0	1431809	4749.6424252676525	0.4389065293147694	0.75
2903.9803614466246	2850	15.481145409984276	0.0	1300868	4322.5968844120125	0.4389065293147694	2.85
2909.01854277942	2850	14.442964077188957	0.0	1520281	5038.181332795318	0.4389065293147694	2.85
2913.9010823014287	2850	13.560424555180587	0.0	1472558	4882.53952200837	0.4389065293147694	2.85
2917.973833035331	2850	13.487673821278108	0.0	1224260	4072.7507339024796	0.4389065293147694	2.85
2922.590736801565	2850	12.870770055044181	0.0	1388403	4616.903766233926	0.4389065293147694	2.85
2927.736717222107	2850	11.72478963450242	0.0	1638769	5145.980420541761	0.4389065293147694	2.85
2931.866399174083	2850	11.595107682526585	0.0	1348011	4129.681951975836	0.4389065293147694	2.85
2936.640235256417	2850	10.821271600192874	0.0	1429765	4773.836082333709	0.4389065293147694	2.85
2940.632318736367	2850	10.829188120242838	0.0	1354548	3992.083479950037	0.4389065293147694	2.85
2945.102104257023	2850	10.359402599586842	0.0	1519951	4469.785520655996	0.4389065293147694	2.85
2949.291650698498	2850	10.169856158111878	0.0	1422919	4189.546441474962	0.4389065293147694	2.85
2953.9300787320517	2850	9.531428124557673	0.0	1578343	4638.428033554206	0.4389065293147694	2.85
2957.5666272197886	2850	9.89487963682075	0.0	1231445	3636.548487736923	0.4389065293147694	2.85
2961.969810844392	2850	9.491696012217623	0.0	1471065	4403.183624603124	0.4389065293147694	2.85
2966.673976715935	2850	8.78753014067406	0.0	1491626	4704.165871543564	0.4389065293147694	2.85
2970.9663739324087	2850	8.495132924200716	0.0	1358801	4292.397216473343	0.4389065293147694	2.85
2975.811686627708	2850	7.649820228901479	0.0	1537156	4845.312695299237	0.4389065293147694	2.85
2980.033553833479	2850	7.427953023130207	0.0	1336050	4221.867205771272	0.4389065293147694	2.85
2984.5005322794673	2850	6.960974577142244	0.0	1415116	4466.978445987963	0.4389065293147694	2.85
2987.5418286028357	1850	7.919678253774034	0.0	955231	3041.2963233682103	0.4389065293147694	0.8500000000000001
2990.622790500769	1850	8.838716355840617	0.0	968026	3080.9618979334164	0.4389065293147694	1.85
2993.4128064167935	1850	10.048700439815692	0.0	874175	2790.0159160249254	0.4389065293147694	1.85
2996.2766074317033	1850	11.184899424906321	0.0	897976	2863.8010149093693	0.4389065293147694	1.85
2999.1650820150353	1850	12.296424841574563	0.0	905935	2888.4745833317593	0.4389065293147694	1.85
3002.582629331278	1850	12.878877525331799	0.0	1076599	3417.5473162427643	0.4389065293147694	1.85
3005.013103707098	1850	14.448403149511911	0.0	758197	2430.4743758198874	0.4389065293147694	1.85
3008.2069325776956	1850	15.254574278914042	0.0	972798	3193.828870597869	0.4389065293147694	1.85
3012.858377880428	1850	14.603128976181594	0.0	975811	4651.445302732448	0.4389065293147694	1.85
3017.0301875641885	1850	14.431319292420806	0.0	873429	4171.809683760789	0.4389065293147694	1.85
3021.8431975427416	1850	13.618309313867842	0.0	954453	4813.009978552964	0.4389065293147694	1.85
3026.3880131114993	1850	13.073493745110081	0.0	885062	4544.815568757759	0.4389065293147694	1.85
3031.134228577789	1850	12.32727827882025	0.0	1035329	4746.215466289833	0.4389065293147694	1.85
3034.8791130840514	1850	12.582393772557658	0.0	1026056	3744.884506262591	0.4389065293147694	1.85
3039.408288209796	1850	12.053218646813015	0.0	943942	4529.175125744643	0.4389065293147694	1.85
3042.9241768533916	1850	12.537330003217257	0.0	728962	3515.888643595758	0.4389065293147694	1.85
3047.42811172836	1850	12.033395128248998	0.0	938587	4503.934874968259	0.4389065293147694	1.85
3051.7910122833036	1850	11.670494573305202	0.0	908665	4362.900554943795	0.4389065293147694	1.85
3056.2571928335815	1850	11.204314023027672	0.0	930577	4466.1805502775305	0.4389065293147694	1.85
3060.3834100658855	1850	11.078096790723686	0.0	858450	4126.217232303987	0.4389065293147694	1.85
3065.294667441618	1850	10.166839414990973	0.0	1025005	4911.257375732713	0.4389065293147694	1.85
3068.5269200797925	1850	10.934586776816623	0.0	886255	3232.25263817435	0.4389065293147694	1.85
3071.3258436426413	1850	12.135663213967545	0.0	973972	2798.923562849078	0.4389065293147694	1.85
3074.082954877082	1850	13.37855197952663	0.0	958994	2757.1112344409166	0.4389065293147694	1.85
3078.304343455422	2850	13.157163401186796	0.0	1483527	4221.388578339833	0.4389065293147694	1.85
3081.822054945087	2850	13.639451911521926	0.0	1231456	3517.7114896648704	0.4389065293147694	2.85
3085.711273076285	2850	13.750233780323708	0.0	1364537	3889.218131198219	0.4389065293147694	2.85
3087.048275391188	750	16.41323146542105	0.0	450283	1337.0023149026576	0.4389065293147694	0.75
3088.8341753998648	1200	18.62733145674446	0.0	611087	1785.9000086765886	0.4389065293147694	0.75
3091.364545897872	1850	20.096960958736716	0.0	877771	2530.370498007743	0.4389065293147694	1.2000000000000002
3095.6885363134606	2850	19.772970543148013	0.0	1520281	4323.990415588702	0.4389065293147694	1.85
3099.8793040191667	2850	19.582202837441987	0.0	1472558	4190.767705706029	0.4389065293147694	2.85
3103.376927278412	2850	20.08457957819674	0.0	1224260	3497.6232592452475	0.4389065293147694	2.85
3107.3327693266747	2850	20.128737529934213	0.0	1388403	3955.842048262525	0.4389065293147694	2.85
3111.987528814798	2850	19.473978041810714	0.0	1638769	4654.759488123499	0.4389065293147694	2.85
3115.830613247287	2850	19.630893609322158	0.0	1348011	3843.0844324885607	0.4389065293147694	2.85
3119.901920746719	2850	19.559586109890027	0.0	1429765	4071.307499432131	0.4389065293147694	2.85
3123.7632537565078	2850	19.69825310010115	0.0	1354548	3861.3330097888775	0.4389065293147694	2.85
3128.0863229497454	2850	19.375183906863544	0.0	1519951	4323.069193237608	0.4389065293147694	2.85
3132.1385192727666	2850	19.322987583842302	0.0	1422919	4052.1963230212436	0.4389065293147694	2.85
3136.624594573656	2850	18.83691228295285	0.0	1578343	4486.075300889453	0.4389065293147694	2.85
3140.1422753559095	2850	19.31923150069968	0.0	1231445	3517.6807822531678	0.4389065293147694	2.85
3144.3288752283725	2850	19.13263162823663	0.0	1471065	4186.599872463047	0.4389065293147694	2.85
3148.5728728364743	2850	18.88863402013463	0.0	1491626	4243.997608101998	0.4389065293147694	2.85
3152.446078448261	2850	19.01542840834816	0.0	1358801	3873.205611786468	0.4389065293147694	2.85
3156.817176824985	2850	18.644330031623948	0.0	1537156	4371.098376724214	0.4389065293147694	2.85
3160.6268711346206	2850	18.834635721988242	0.0	1336050	3809.6943096357086	0.4389065293147694	2.85
3164.6572847364127	2850	18.804222120196055	0.0	1415116	4030.4136017921824	0.4389065293147694	2.85
3168.835680146785	2850	18.625826709823517	0.0	1468126	4178.395410372542	0.4389065293147694	2.85
3173.1191339873426	2850	18.342372869265855	0.0	1505760	4283.453840557662	0.4389065293147694	2.85
3176.89516180742	2850	18.566345049188328	0.0	1323990	3776.0278200775283	0.4389065293147694	2.85
3180.837972746789	2850	18.623534109819467	0.0	1383735	3942.8109393688615	0.4389065293147694	2.85
3185.050810706761	2850	18.41069614984752	0.0	1480464	4212.8379599719465	0.4389065293147694	2.85
3189.450986210785	2850	18.01052064582331	0.0	1547572	4400.175504024215	0.4389065293147694	2.85
3192.718892906245	2850	18.742613950363555	0.0	1141971	3267.9066954597506	0.4389065293147694	2.85
3196.981996107592	2850	18.479510749016438	0.0	1498470	4263.10320134712	0.4389065293147694	2.85
3201.4203911728546	2850	18.04111568375333	0.0	1561263	4438.395065263107	0.4389065293147694	2.85
3205.244464925916	2850	18.217041930691902	0.0	1341201	3824.0737530614288	0.4389065293147694	2.85
3209.6497314539015	2850	17.811775402706097	0.0	1497683	4405.266527985806	0.4389065293147694	2.85
3213.6895667442004	2850	17.771940112407236	0.0	1358081	4039.835290298862	0.4389065293147694	2.85
3218.397728714984	2850	17.063778141623203	0.0	1587293	4708.161970784034	0.4389065293147694	2.85
3222.8299987654755	2850	16.631508091132115	0.0	1492672	4432.270050491085	0.4389065293147694	2.85
3227.1083867814777	2850	16.35312007513	0.0	1439896	4278.388016002116	0.4389065293147694	2.85
3230.510283419248	2850	16.951223437359587	0.0	1139291	3401.8966377704137	0.4389065293147694	2.85
3234.9610306270183	2850	16.5004762295895	0.0	1499009	4450.747207770086	0.4389065293147694	2.85
3239.203210762463	2850	16.25829609414453	0.0	1427478	4242.180135444968	0.4389065293147694	2.85
3243.371940042769	2850	16.08956681383848	0.0	1402287	4168.72928030605	0.4389065293147694	2.85
3247.3575976370917	2850	16.103909219515813	0.0	1339500	3985.65759432267	0.4389065293147694	2.85
3251.890831633472	2850	15.570675223135506	0.0	1527299	4533.233996380305	0.4389065293147694	2.85
3255.886700211666	2850	15.57480664494175	0.0	1343002	3995.8685781937543	0.4389065293147694	2.85
3260.5947368048633	2850	14.8667700517438	0.0	1587250	4708.036593197953	0.4389065293147694	2.85
3265.2322818522002	2850	14.229225004407079	0.0	1464921	4637.545047336719	0.4389065293147694	2.85
3270.51955776023	2850	12.941949096377446	0.0	1483527	5287.275908029633	0.4389065293147694	2.85
3277.4832862493463	4300	9.978220607261148	0.0	1961140	6963.728489116299	0.4389065293147694	2.8499999999999996
3285.127518022084	4300	6.333988834523103	0.0	2155012	7644.231772738045	0.4389065293147694	4.3
3286.788040532086	750	8.673466324521392	0.0	450283	1660.5225100017103	0.4389065293147694	0.75
3290.229576943612	1850	9.231929912995778	0.0	957685	3441.536411525614	0.4389065293147694	0.75
3293.390610036415	1850	10.07089682019256	0.0	877771	3161.0330928032176	0.4389065293147694	1.85
3296.7464692761473	1850	10.715037580460312	0.0	933276	3355.8592397322486	0.4389065293147694	1.85
3300.325122859165	1850	11.136383997443197	0.0	996749	3578.6535830171133	0.4389065293147694	1.85
3303.216888350682	1850	12.244618505925752	0.0	801058	2891.7654915174458	0.4389065293147694	1.85
3306.475304681399	1850	12.986202175208849	0.0	905515	3258.416330716902	0.4389065293147694	1.85
3312.307490069684	2850	11.154016786924164	0.0	1638769	5832.185388284685	0.4389065293147694	1.85
3317.119096035776	2850	10.342410820831915	0.0	1348011	4811.605966092248	0.4389065293147694	2.85
3322.217663839829	2850	9.243843016778476	0.0	1429765	5098.56780405344	0.4389065293147694	2.85
3325.596489433572	1850	9.865017423035656	0.0	939819	3378.825593742818	0.4389065293147694	0.8500000000000001
3328.8967211662953	1850	10.56478569031235	0.0	917428	3300.2317327233072	0.4389065293147694	1.85
3332.300229535738	1850	11.161277320869956	0.0	946851	3403.5083694423943	0.4389065293147694	1.85
3336.0182502417856	1850	11.443256614822175	0.0	1036454	3718.0207060477805	0.4389065293147694	1.85
3338.9822282965097	1850	12.479278560098335	0.0	821631	2963.978054723841	0.4389065293147694	1.85
3342.3026148213357	1850	13.158892035272219	0.0	923170	3320.3865248261177	0.4389065293147694	1.85
3345.775790957002	1850	13.685715899606109	0.0	966699	3473.176135666111	0.4389065293147694	1.85
3348.964704494541	1850	14.49680236206715	0.0	885714	3188.9135375389583	0.4389065293147694	1.85
3352.511623581668	1850	14.949883274940234	0.0	987708	3546.919087126916	0.4389065293147694	1.85
3356.1337611515837	1850	15.327745705024432	0.0	923755	3622.1375699158016	0.4389065293147694	1.85
3358.933908867512	1850	16.527597989096613	0.0	891604	2800.147715927822	0.4389065293147694	1.85
3361.9048467478865	1850	17.556660108722188	0.0	955231	2970.9378803744235	0.4389065293147694	1.85
3364.4129694350845	1850	19.048537421524134	0.0	968026	2508.1226871980502	0.4389065293147694	1.85
3367.8139651073325	2850	19.647541749276336	0.0	1323990	3400.995672247797	0.4389065293147694	1.85
3371.3648205870095	2850	20.096686269599143	0.0	1383735	3550.8554796771923	0.4389065293147694	2.85
3375.1583037227724	2850	20.303203133836288	0.0	1480464	3793.483135762855	0.4389065293147694	2.85
3379.12011545435	2850	20.341391402258356	0.0	1547572	3961.811731577933	0.4389065293147694	2.85
3382.0645485307573	2850	21.396958325851063	0.0	1141971	2944.433076407291	0.4389065293147694	2.85
3385.9031965454656	2850	21.55831031114313	0.0	1498470	3838.6480147079337	0.4389065293147694	2.85
3391.661023701526	2850	19.80048315508208	0.0	1561263	5757.827156061049	0.4389065293147694	2.85
3396.67900092493	2850	18.782505931678333	0.0	1341201	5017.977223403747	0.4389065293147694	2.85
3402.273106970093	2850	17.188399886515086	0.0	1497683	5594.106045163249	0.4389065293147694	2.85
3407.3532322649125	2850	16.108274591695455	0.0	1358081	5080.125294819631	0.4389065293147694	2.85
3413.2772606252165	2850	14.184246231391368	0.0	1587293	5924.028360304089	0.4389065293147694	2.85
3418.852917382118	2850	12.608589474490264	0.0	1492672	5575.656756901104	0.4389065293147694	2.85
3424.234265690142	2850	11.227241166466216	0.0	1439896	5381.348308024048	0.4389065293147694	2.85
3426.9981272088303	1850	12.463379647777487	0.0	728962	2763.861518688729	0.4389065293147694	0.8500000000000001
3430.5337772032626	1850	12.927729653344995	0.0	938587	3535.649994432492	0.4389065293147694	1.85
3433.9592616412433	1850	13.502245215364285	0.0	908665	3425.48443798071	0.4389065293147694	1.85
3437.4654207558156	1850	13.996086100792056	0.0	930577	3506.159114572229	0.4389065293147694	1.85
3440.7060257266075	1850	14.755481130000245	0.0	858450	3240.60497079181	0.4389065293147694	1.85
3444.5598458653303	1850	14.901660991277595	0.0	1025005	3853.820138722651	0.4389065293147694	1.85
3447.902822111342	1850	15.558684745265484	0.0	886255	3342.97624601211	0.4389065293147694	1.85
3451.5687511050073	1850	15.89275575160011	0.0	973972	3665.9289936653745	0.4389065293147694	1.85
3457.0422354016087	2850	14.4192714549989	0.0	1464921	5473.48429660121	0.4389065293147694	1.85
3462.5842224835633	2850	12.877284373044375	0.0	1483527	5541.987081954525	0.4389065293147694	2.85
3467.198145198819	2850	12.263361657788508	0.0	1231456	4613.922715255868	0.4389065293147694	2.85
3472.302039921901	2850	11.159466934706971	0.0	1364537	5103.8947230815365	0.4389065293147694	2.85
3474.0398728627397	750	13.421633993868195	0.0	450283	1737.8329408387776	0.4389065293147694	0.75
3477.645837067356	1850	13.815669789252018	0.0	957685	3605.964204616175	0.4389065293147694	0.75
3480.9575772803173	1850	14.503929576290403	0.0	877771	3311.740212961615	0.4389065293147694	1.85
3486.634883687913	2850	12.826623168694917	0.0	1520281	5677.306407595485	0.4389065293147694	1.85
3492.13648556872	2850	11.325021287887362	0.0	1472558	5501.601880807556	0.4389065293147694	2.85
3495.1657870966983	1850	12.295719759909556	0.0	801058	3029.3015279778037	0.4389065293147694	0.8500000000000001
3498.5796739976554	1850	12.881832858952544	0.0	905515	3413.8869009570108	0.4389065293147694	1.85
3502.564130266116	1850	12.897376590491836	0.0	1060487	3984.4562684607076	0.4389065293147694	1.85
3505.784054803428	1850	13.677452053180062	0.0	852833	3219.9245373117733	0.4389065293147694	1.85
3509.228769062321	1850	14.232737794286724	0.0	913888	3444.714258893338	0.4389065293147694	1.85
3512.768954982345	1850	14.69255187426274	0.0	939819	3540.185920023983	0.4389065293147694	1.85
3516.2267026637983	1850	15.234804192809436	0.0	917428	3457.747681453304	0.4389065293147694	1.85
3519.7927787045687	1850	15.668728152039217	0.0	946851	3566.0760407702205	0.4389065293147694	1.85
3523.688751288175	1850	15.772755568432652	0.0	1036454	3895.9725836065645	0.4389065293147694	1.85
3526.79379761907	1850	16.66770923753785	0.0	821631	3105.0463308948056	0.4389065293147694	1.85
3530.2726859537265	1850	17.188820902881343	0.0	923170	3478.888334656504	0.4389065293147694	1.85
3533.9118375230196	1850	17.54966933358846	0.0	966699	3639.1515692928797	0.4389065293147694	1.85
3537.2528219380697	1850	18.2086849185382	0.0	885714	3340.9844150502618	0.4389065293147694	1.85
3540.9693235566738	1850	18.49218329993393	0.0	987708	3716.5016186042717	0.4389065293147694	1.85
3544.4503657196346	1850	19.011141136973027	0.0	923755	3481.0421629609045	0.4389065293147694	1.85
3547.81303568804	1850	19.64847116856734	0.0	891604	3362.669968405686	0.4389065293147694	1.85
3551.4099648590513	1850	20.051541997556296	0.0	955231	3596.929171011045	0.4389065293147694	1.85
3555.054002120925	1850	20.40750473568232	0.0	968026	3644.037261873974	0.4389065293147694	1.85
3558.3525027328906	1850	21.109004123716648	0.0	874175	3298.5006119656714	0.4389065293147694	1.85
3561.7386328619045	1850	21.722873994703022	0.0	897976	3386.1301290136253	0.4389065293147694	1.85
3565.154066101131	1850	22.307440755476186	0.0	905935	3415.4332392268375	0.4389065293147694	1.85
3570.9318513604453	2850	20.529655496162047	0.0	1547572	5777.78525931414	0.4389065293147694	1.85
3575.2163119802835	2850	20.245194876323854	0.0	1141971	4284.460619838191	0.4389065293147694	2.85
3580.813315568824	2850	18.648191287783575	0.0	1498470	5597.00358854028	0.4389065293147694	2.85
3586.641507773976	2850	16.819999082630876	0.0	1561263	5828.192205152699	0.4389065293147694	2.85
3591.65948499738	2850	15.802021859227127	0.0	1341201	5017.977223403747	0.4389065293147694	2.85
3597.253591042543	2850	14.207915814063877	0.0	1497683	5594.106045163249	0.4389065293147694	2.85
3602.3337163373626	2850	13.127790519244245	0.0	1358081	5080.125294819632	0.4389065293147694	2.85
3608.2577446976666	2850	11.203762158940156	0.0	1587293	5924.028360304089	0.4389065293147694	2.85
3613.833401454568	2850	9.628105402039052	0.0	1492672	5575.656756901104	0.4389065293147694	2.85
3619.214749762592	2850	8.246757094015004	0.0	1439896	5381.3483080240485	0.4389065293147694	2.85
3621.9786112812803	1850	9.482895575326275	0.0	728962	2763.861518688729	0.4389065293147694	0.8500000000000001
3625.5142612757127	1850	9.947245580893783	0.0	938587	3535.6499944324914	0.4389065293147694	1.85
3628.9397457136934	1850	10.521761142913073	0.0	908665	3425.48443798071	0.4389065293147694	1.85
3632.4459048282656	1850	11.015602028340844	0.0	930577	3506.15911457223	0.4389065293147694	1.85
3635.6865097990576	1850	11.774997057549033	0.0	858450	3240.60497079181	0.4389065293147694	1.85
3639.5403299377804	1850	11.921176918826383	0.0	1025005	3853.820138722651	0.4389065293147694	1.85
3642.8833061837922	1850	12.578200672814273	0.0	886255	3342.9762460121096	0.4389065293147694	1.85
3646.5492351774574	1850	12.912271679148898	0.0	973972	3665.928993665375	0.4389065293147694	1.85
3650.1600188030143	1850	13.301488053591765	0.0	958994	3610.7836255571333	0.4389065293147694	1.85
3655.7020058849694	2850	11.759500971637241	0.0	1483527	5541.987081954525	0.4389065293147694	1.85
3660.315928600225	2850	11.145578256381373	0.0	1231456	4613.922715255868	0.4389065293147694	2.85
3665.4198233233064	2850	10.041683533299839	0.0	1364537	5103.8947230815365	0.4389065293147694	2.85
3667.1576562641453	750	12.30385059246106	0.0	450283	1737.8329408387776	0.4389065293147694	0.75
3669.4875305838914	1200	13.973976272714708	0.0	611087	2329.8743197463514	0.4389065293147694	0.75
3671.6700020489457	1200	15.791504807660676	0.0	571051	2182.4714650540323	0.4389065293147694	1.2
3674.024153879528	1200	17.437352977078053	0.0	617681	2354.151830582627	0.4389065293147694	1.2
3677.7739422702693	1850	17.68756458633687	0.0	996749	3749.7883907411797	0.4389065293147694	1.2000000000000002
3680.803243798247	1850	18.658263058359065	0.0	801058	3029.3015279778037	0.4389065293147694	1.85
3684.217130699204	1850	19.244376157402055	0.0	905515	3413.8869009570108	0.4389065293147694	1.85
3688.2015869676648	1850	19.259919888941347	0.0	1060487	3984.4562684607076	0.4389065293147694	1.85
3691.4215115049765	1850	20.03999535162957	0.0	852833	3219.9245373117733	0.4389065293147694	1.85
3694.86622576387	1850	20.595281092736233	0.0	913888	3444.714258893338	0.4389065293147694	1.85
3698.4064116838936	1850	21.055095172712253	0.0	939819	3540.1859200239833	0.4389065293147694	1.85
3701.864159365347	1850	21.597347491258947	0.0	917428	3457.747681453304	0.4389065293147694	1.85
3705.4302354061174	1850	22.031271450488727	0.0	946851	3566.0760407702205	0.4389065293147694	1.85
3709.326207989724	1850	22.135298866882163	0.0	1036454	3895.9725836065645	0.4389065293147694	1.85
3712.431254320619	1850	23.03025253598736	0.0	821631	3105.0463308948056	0.4389065293147694	1.85
3717.9273593370526	2850	21.534147519553255	0.0	1471065	5496.105016434102	0.4389065293147694	1.85
3723.4991649753106	2850	19.962341881295576	0.0	1491626	5571.805638257679	0.4389065293147694	2.85
3728.5819411357356	2850	18.879565720870527	0.0	1358801	5082.776160425048	0.4389065293147694	2.85
3734.321377205958	2850	17.14012965064809	0.0	1537156	5739.436070222442	0.4389065293147694	2.85
3739.32038969501	2850	16.141117161596426	0.0	1336050	4999.01248905166	0.4389065293147694	2.85
3744.610504045114	2850	14.85100281149214	0.0	1415116	5290.114350104285	0.4389065293147694	2.85
3750.095788375417	2850	13.36571848118904	0.0	1468126	5485.2843303031	0.4389065293147694	2.85
3755.7196319782124	2850	11.741874878393913	0.0	1505760	5623.843602795127	0.4389065293147694	2.85
3760.6742424683734	2850	10.787264388232987	0.0	1323990	4954.610490160928	0.4389065293147694	2.85
3764.060372597387	1850	11.401134259219361	0.0	897976	3386.1301290136253	0.4389065293147694	0.8500000000000001
3767.4758058366137	1850	11.985701019992524	0.0	905935	3415.4332392268375	0.4389065293147694	1.85
3771.519582586511	1850	11.941924270095043	0.0	1076599	4043.7767498974804	0.4389065293147694	1.85
3774.391080294053	1850	13.070426562553033	0.0	758197	2871.4977075420097	0.4389065293147694	1.85
3778.052686904078	1850	13.408819952527601	0.0	972798	3661.6066100254316	0.4389065293147694	1.85
3781.7253866503106	1850	13.736120206295057	0.0	975811	3672.6997462325435	0.4389065293147694	1.85
3785.0211406709686	1850	14.44036618563722	0.0	873429	3295.754020657837	0.4389065293147694	1.85
3788.615205434423	1850	14.84630142218314	0.0	954453	3594.0647634540805	0.4389065293147694	1.85
3791.953789343397	1850	15.507717513208894	0.0	885062	3338.583908974246	0.4389065293147694	1.85
3795.8456199494954	1850	15.615886907110793	0.0	1035329	3891.830606098101	0.4389065293147694	1.85
3799.70330961565	1850	15.758197240955791	0.0	1026056	3857.689666155002	0.4389065293147694	1.85
3803.258675423023	1850	16.20283143358301	0.0	943942	3555.36580737278	0.4389065293147694	1.85
3806.022536941711	1850	17.438969914894283	0.0	728962	2763.861518688729	0.4389065293147694	1.85
3809.558186936144	1850	17.903319920461794	0.0	938587	3535.649994432492	0.4389065293147694	1.85
3812.9836713741247	1850	18.47783548248108	0.0	908665	3425.48443798071	0.4389065293147694	1.85
3816.4898304886965	1850	18.971676367908856	0.0	930577	3506.159114572229	0.4389065293147694	1.85
3819.7304354594885	1850	19.731071397117045	0.0	858450	3240.60497079181	0.4389065293147694	1.85
3823.5842555982113	1850	19.877251258394395	0.0	1025005	3853.820138722651	0.4389065293147694	1.85
3826.927231844223	1850	20.534275012382285	0.0	886255	3342.9762460121106	0.4389065293147694	1.85
3833.0380194183026	2850	18.423487438302864	0.0	1587250	6110.787574079419	0.4389065293147694	1.85
3839.411544079375	2850	16.049962777230398	0.0	1464921	6373.524661072467	0.4389065293147694	2.85
3846.0251179617626	2850	13.436388894842853	0.0	1483527	6613.5738823875445	0.4389065293147694	2.85
3851.677624364124	2850	11.783882492481863	0.0	1231456	5652.50640236099	0.4389065293147694	2.85
3857.9323404471656	2850	9.529166409439952	0.0	1364537	6254.716083041911	0.4389065293147694	2.85
3860.0499324523807	750	11.411574404224734	0.0	450283	2117.5920052152196	0.4389065293147694	0.75
3862.8419752797176	1200	12.619531576887749	0.0	611087	2792.042827336985	0.4389065293147694	0.75
3866.3216161437867	1200	13.139890712818675	0.0	571051	3479.640864069073	0.4389065293147694	1.2
3869.2215041146073	1200	14.240002741998365	0.0	617681	2899.887970820309	0.4389065293147694	1.2
3871.8756402278464	1200	15.585866628759351	0.0	652874	2654.136113239013	0.4389065293147694	1.2
3873.547114998105	1200	17.914391858500785	0.0	520315	1671.4747702585641	0.4389065293147694	1.2
3876.3518858024213	1850	19.10962105418468	0.0	905515	2804.7708043161074	0.4389065293147694	1.2000000000000002
3879.77996914863	1850	19.681537707976307	0.0	1060487	3428.0833462083738	0.4389065293147694	1.85
3882.319362778213	1850	21.142144078393468	0.0	852833	2539.3936295828403	0.4389065293147694	1.85
3886.5225087315243	2850	20.938998125081962	0.0	1429765	4203.145953311504	0.4389065293147694	1.85
3891.3295150862373	2850	20.131991770369044	0.0	1354548	4807.006354712918	0.4389065293147694	2.85
3896.405302630565	2850	19.0562042260413	0.0	1519951	5075.787544327745	0.4389065293147694	2.85
3901.1621645930804	2850	18.29934226352587	0.0	1422919	4756.861962515431	0.4389065293147694	2.85
3906.429875446968	2850	17.031631409638546	0.0	1578343	5267.710853887321	0.4389065293147694	2.85
3910.5573990793246	2850	16.90410777728153	0.0	1231445	4127.523632357017	0.4389065293147694	2.85
3915.4725077136795	2850	15.988999142926545	0.0	1471065	4915.108634354985	0.4389065293147694	2.85
3920.4551964132465	2850	15.006310443359638	0.0	1491626	4982.688699566906	0.4389065293147694	2.85
3925.0013148019443	2850	14.460192054661526	0.0	1358801	4546.1183886981125	0.4389065293147694	2.85
3930.274225429897	2850	13.187281426709298	0.0	1537156	5272.9106279522275	0.4389065293147694	2.85
3936.7455744695258	2850	10.715932387079993	0.0	1336050	6471.349039629306	0.4389065293147694	2.85
3943.595156661483	2850	7.866350195123055	0.0	1415116	6849.582191956937	0.4389065293147694	2.85
3948.2447571513408	1850	7.216749705265533	0.0	955231	4649.600489857522	0.4389065293147694	0.8500000000000001
3952.8466762250823	1850	6.614830631523495	0.0	968026	4601.919073742039	0.4389065293147694	1.85
3957.6165069481613	1850	5.844999908444677	0.0	874175	4769.830723078818	0.4389065293147694	1.85
3960.4056842223968	1200	7.055822634208994	0.0	587236	2789.1772742356834	0.4389065293147694	0.5499999999999999
3963.209158543089	1200	8.252348313516933	0.0	590335	2803.4743206920593	0.4389065293147694	1.2
3966.501846514404	1200	8.95966034220191	0.0	696376	3292.687971315023	0.4389065293147694	1.2
3968.8293292997178	1200	10.632177556887903	0.0	487160	2327.4827853140064	0.4389065293147694	1.2
3971.783021797133	1200	11.678485059472367	0.0	622896	2953.692497415537	0.4389065293147694	1.2
3974.822298195424	1200	12.639208661181634	0.0	641447	3039.2763982907327	0.4389065293147694	1.2
3977.533766708604	1200	13.927740148001515	0.0	570392	2711.468513180119	0.4389065293147694	1.2
3980.920505846634	1200	14.541001009971707	0.0	620283	3386.739138029806	0.4389065293147694	1.2

