1.9582933944616088	750	4.0	1.9582933944616088	450283	1958.2933944616088	1	-7.670661596184917
3.167175418927901	750	6.791117975533707	0.0	398865	1208.8820244662925	1.2058810347318716	0.75
4.181982353348217	750	9.776311041113392	0.0	350812	1014.8069344203158	1.2058810347318716	0.75
5.205729606650148	750	12.75256378781146	0.0	382355	1023.7472533019306	1.2058810347318716	0.75
6.897185045319041	1200	15.061108349142566	0.0	652874	1691.4554386688933	1.2058810347318716	0.75
8.261451897071455	1200	17.696841497390153	0.0	520315	1364.2668517524135	1.2058810347318716	1.2
9.728091834249588	1200	20.23020156021202	0.0	561791	1466.6399371781329	1.2058810347318716	1.2
12.525194356341338	1850	21.43309903812027	0.0	1060487	2797.102522091749	1.2058810347318716	1.2000000000000002
14.749422788166177	1850	23.208870606295434	0.0	852833	2224.22843182484	1.2058810347318716	1.85
17.130840502666175	1850	24.827452891795435	0.0	913888	2381.4177144999985	1.2058810347318716	1.85
19.573861999879977	1850	26.384431394581632	0.0	939819	2443.0214972138015	1.2058810347318716	1.85
23.373092689526338	2850	26.58520070493527	0.0	1519951	3799.2306896463606	1.2058810347318716	1.85
26.934891782839813	2850	27.023401611621797	0.0	1422919	3561.7990933134747	1.2058810347318716	2.85
34.42546663166449	2850	23.532826762797114	0.0	1578343	7490.574848824684	1.2058810347318716	2.85
37.52305568858782	2850	24.435237705873792	0.0	1231445	3097.589056923323	1.2058810347318716	2.85
41.709756432544	2850	24.248536961917612	0.0	1471065	4186.70074395618	1.2058810347318716	2.85
46.54234852395315	2850	23.415944870508458	0.0	1491626	4832.592091409153	1.2058810347318716	2.85
50.22667677176579	2850	23.73161662269582	0.0	1358801	3684.328247812637	1.2058810347318716	2.85
54.45039003882379	2850	23.507903355637815	0.0	1537156	4223.713267058002	1.2058810347318716	2.85
58.13967576648749	2850	23.81861762797412	0.0	1336050	3689.2857276636983	1.2058810347318716	2.85
63.295234184415634	2850	22.663059210045976	0.0	1415116	5155.558417928141	0.699649901165173	2.85
68.69738627795088	2850	21.260907116510726	0.0	1468126	5402.152093535248	0.699649901165173	2.85
74.80108015239101	2850	19.157213242070604	0.0	1505760	6103.693874440121	0.699649901165173	2.85
77.8297843889145	2850	20.12850900554711	0.0	1323990	3028.704236523496	0.699649901165173	2.85
80.51108673906155	2850	21.447206655400052	0.0	1383735	2681.3023501470575	0.699649901165173	2.85
83.35732507922471	2850	22.600968315236905	0.0	1480464	2846.23834016315	0.699649901165173	2.85
88.51955947236844	2850	21.438733922093164	0.0	1547572	5162.234393143739	0.699649901165173	2.85
96.50900912631207	2850	17.449284268149547	0.0	1141971	7989.449653943618	0.699649901165173	2.85
101.74220603314288	2850	16.216087361318735	0.0	1498470	5233.19690683081	0.699649901165173	2.85
107.10684090333025	2850	14.851452491131367	0.0	1561263	5364.6348701873685	0.699649901165173	2.85
111.53037826961148	2850	14.427915124850129	0.0	1341201	4423.537366281237	0.699649901165173	2.85
116.61061087901436	2850	13.347682515447254	0.0	1497683	5080.232609402877	0.699649901165173	2.85
120.75756498773356	1850	13.200728406728055	0.0	885062	4146.954108719197	0.699649901165173	0.8500000000000001
123.9961380323922	1850	13.962155362069424	0.0	1035329	3238.5730446586317	0.699649901165173	1.85
127.19988875382025	1850	14.758404640641373	0.0	1026056	3203.750721428052	0.699649901165173	1.85
129.76965148446746	1850	16.188641909994157	0.0	943942	2569.7627306472164	0.699649901165173	1.85
131.89112207509245	1850	18.067171319369155	0.0	728962	2121.470590625002	0.699649901165173	1.85
134.28904426149563	1850	19.669249132965955	0.0	938587	2397.922186403196	0.699649901165173	1.85
137.68524806377064	2850	20.273045330690948	0.0	1427478	3396.2038022750094	0.699649901165173	1.85
141.07398385578338	2850	20.884309538678192	0.0	1402287	3388.735792012753	0.699649901165173	2.85
144.5663343456209	2850	21.39195904884066	0.0	1339500	3492.350489837531	0.699649901165173	2.85
149.01699825170581	2850	20.941295142755767	0.0	1527299	4450.663906084894	0.699649901165173	2.85
155.01014913240334	2850	18.94814426205824	0.0	1343002	5993.150880697529	0.699649901165173	2.85
160.01189481996076	2850	17.946398574500822	0.0	1587250	5001.745687557418	0.699649901165173	2.85
163.71402745137019	2850	18.24426594309141	0.0	1464921	3702.132631409411	0.699649901165173	2.85
168.56058186217817	2850	17.39771153228343	0.0	1483527	4846.554410807978	0.699649901165173	2.85
174.6774387251407	4300	15.280854669320906	0.0	1961140	6116.856862962526	0.699649901165173	2.8499999999999996
181.43235053233684	4300	12.525942862124765	0.0	2155012	6754.911807196141	0.699649901165173	4.3
183.1716527359654	750	14.78664065849619	0.0	450283	1739.3022036285743	0.699649901165173	0.75
186.83064863391414	1200	15.127644760547472	0.0	611087	3658.9958979487187	0.699649901165173	0.75
189.59396836160482	1850	16.364325032856783	0.0	877771	2763.3197276906862	0.699649901165173	1.2000000000000002
191.71227926702196	1850	18.24601412743965	0.0	933276	2118.3109054171327	0.699649901165173	1.85
195.95149587974615	2850	18.006797514715455	0.0	1472558	4239.216612724199	0.699649901165173	1.85
199.95300881067126	2850	18.005284583790363	0.0	1224260	4001.5129309250915	0.699649901165173	2.85
202.96570026923195	2850	18.99259312522967	0.0	1388403	3012.691458560691	0.699649901165173	2.85
206.48285214016437	2850	19.475441254297248	0.0	1638769	3517.151870932422	0.699649901165173	2.85
211.10085683771592	2850	18.857436556745707	0.0	1348011	4618.0046975515415	0.699649901165173	2.85
214.19462473541446	2850	19.763668659047166	0.0	1429765	3093.76789769854	0.699649901165173	2.85
217.45374137291128	2850	20.50455202155034	0.0	1354548	3259.1166374968266	0.699649901165173	2.85
222.20964095941957	2850	19.74865243504204	0.0	1519951	4755.899586508297	0.699649901165173	2.85
227.97492580961998	2850	17.983367584841638	0.0	1422919	5765.2848502004035	0.699649901165173	2.85
231.83198765965005	2850	18.126305734811563	0.0	1578343	3857.061850030075	0.699649901165173	2.85
236.36658302507985	2850	17.591710369381747	0.0	1231445	4534.595365429814	0.699649901165173	2.85
240.27733225995584	2850	17.68096113450576	0.0	1471065	3910.749234875987	0.699649901165173	2.85
244.8091954379396	2850	17.149097956521995	0.0	1491626	4531.863177983763	0.699649901165173	2.85
248.89066340357928	2850	17.067629990882317	0.0	1358801	4081.46796563968	0.699649901165173	2.85
252.56011492545468	2850	17.398178469006933	0.0	1537156	3669.4515218753836	0.699649901165173	2.85
257.5122210822842	2850	16.44607231217742	0.0	1336050	4952.106156829514	0.699649901165173	2.85
260.47934644583853	2850	17.478946948623097	0.0	1415116	2967.1253635543235	0.699649901165173	2.85
263.59435905422566	2850	18.363934340235943	0.0	1468126	3115.01260838715	0.699649901165173	2.85
266.83484619939117	2850	19.123447195070415	0.0	1505760	3240.48714516553	0.699649901165173	2.85
269.6058901075788	2850	20.352403286882836	0.0	1323990	2771.043908187575	0.699649901165173	2.85
272.4535785473889	2850	21.504714847072727	0.0	1383735	2847.688439810112	0.699649901165173	2.85
276.42969337571026	2850	21.52860001875132	0.0	1480464	3976.114828321408	0.699649901165173	2.85
279.71488829455876	2850	22.243405099902862	0.0	1547572	3285.194918848459	0.699649901165173	2.85
282.3522711288599	2850	23.606022265601695	0.0	1141971	2637.382834301168	0.699649901165173	2.85
285.9504170104402	2850	24.007876384021387	0.0	1498470	3598.145881580307	0.699649901165173	2.85
292.1277327422859	2850	21.830560652175734	0.0	1561263	6177.315731845654	0.699649901165173	2.85
295.04495444757106	2850	22.91333894689057	0.0	1341201	2917.221705285164	0.699649901165173	2.85
298.2121623174433	2850	23.74613107701836	0.0	1497683	3167.207869872206	0.699649901165173	2.85
301.0695605464179	2850	24.888732848043766	0.0	1358081	2857.3982289745995	0.699649901165173	2.85
304.40530601360484	2850	25.55298738085682	0.0	1587293	3335.745467186947	0.699649901165173	2.85
310.41619174802776	2850	23.542101646433938	0.0	1492672	6010.885734422883	0.699649901165173	2.85
313.38243160787465	2850	24.57586178658704	0.0	1439896	2966.2398598468985	0.699649901165173	2.85
315.74611535737097	2850	26.212178037090663	0.0	1139291	2363.683749496375	0.699649901165173	2.85
318.8308459254601	2850	27.127447469001552	0.0	1499009	3084.7305680891113	0.699649901165173	2.85
323.5957611001813	2850	26.36253229428041	0.0	1427478	4764.915174721144	0.699649901165173	2.85
326.993977827397	2850	26.964315567064673	0.0	1402287	3398.216727215735	0.699649901165173	2.85
332.33892289886296	2850	25.61937049559871	0.0	1339500	5344.945071465964	0.699649901165173	2.85
335.8888780922108	2850	26.069415302250903	0.0	1527299	3549.955193347806	0.699649901165173	2.85
339.02011872327023	2850	26.938174671191437	0.0	1343002	3131.240631059465	0.699649901165173	2.85
342.55581421365827	2850	27.402479180803404	0.0	1587250	3535.6954903880346	0.699649901165173	2.85
347.3217744257414	4300	26.6365189687203	0.0	2124950	4765.960212083104	0.699649901165173	2.8499999999999996
352.4162894258097	4300	25.542003968652008	0.0	2246506	5094.515000068291	0.699649901165173	4.3
356.7336355448855	4300	25.22465784957624	0.0	1961140	4317.346119075766	0.699649901165173	4.3
363.4390956677757	4300	22.51919772668604	0.0	2155012	6705.460122890198	0.699649901165173	4.3
364.89105399590073	750	25.067239398560968	0.0	450283	1451.9583281250727	0.699649901165173	0.75
368.8970832968643	2850	25.061210097597403	0.0	1431809	4006.0293009635634	0.699649901165173	0.75
371.66854679291106	2850	26.289746601550636	0.0	1300868	2771.463496046768	0.699649901165173	2.85
375.41665856571757	2850	26.541634828744108	0.0	1520281	3748.111772806528	0.699649901165173	2.85
378.6040820861891	2850	27.354211308272543	0.0	1472558	3187.4235204715624	0.699649901165173	2.85
381.124732878887	2850	28.833560515574632	0.0	1224260	2520.6507926979134	0.699649901165173	2.85
385.93924255404124	4300	28.019050840420388	0.0	2157535	4814.509675154242	0.699649901165173	2.8499999999999996
392.69832141633043	4300	25.259971978131258	0.0	2290172	6759.078862289129	0.699649901165173	4.3
397.90115089082894	4300	24.057142503632733	0.0	2055469	5202.82947449853	0.699649901165173	4.3
403.01789860428005	4300	22.940394790181614	0.0	2169201	5116.7477134511155	0.699649901165173	4.3
409.25844193020174	4300	20.699851464259908	0.0	2173522	6240.543325921707	0.699649901165173	4.3
413.7373295873087	4300	20.220963807152923	0.0	2102452	4478.887657106986	0.699649901165173	4.3
419.5522997948994	4300	18.405993599562215	0.0	2209463	5814.97020759071	0.699649901165173	4.3
425.04299123873847	4300	16.915302155723168	0.0	2275376	5490.691443839044	0.699649901165173	4.3
429.7023943116745	4300	16.255899082787174	0.0	2005399	4659.4030729359965	0.699649901165173	4.3
432.6088294765256	2850	17.349463917936017	0.0	1471065	2906.435164851157	0.699649901165173	1.4000000000000001
435.4718865776917	2850	18.486406816769893	0.0	1491626	2863.0571011661223	0.699649901165173	2.85
438.08712045811586	2850	19.871172936345694	0.0	1358801	2615.2338804241995	0.699649901165173	2.85
445.9662424007836	2850	15.992050993677996	0.0	1537156	7879.121942667699	0.699649901165173	2.85
450.6916323942913	2850	15.266661000170274	0.0	1336050	4725.3899935077225	0.699649901165173	2.85
455.20449867056186	2850	14.753794723899665	0.0	1415116	4512.866276270609	0.699649901165173	2.85
459.3522462256782	2850	14.606047168783348	0.0	1468126	4147.747555116314	0.699649901165173	2.85
464.05667385995076	2850	13.90161953451078	0.0	1505760	4704.427634272569	0.699649901165173	2.85
466.1638162274215	1850	15.794477167040053	0.0	874175	2107.1423674707275	0.699649901165173	0.8500000000000001
468.72411782982294	1850	17.23417556463857	0.0	897976	2560.301602401485	0.699649901165173	1.85
471.0093673967948	1850	18.94892599766672	0.0	905935	2285.249566971849	0.699649901165173	1.85
475.0228897301844	2850	18.935403664277096	0.0	1547572	4013.5223333896256	0.699649901165173	1.85
477.2086443047562	2850	20.749649089705294	0.0	1141971	2185.7545745718007	0.699649901165173	2.85
480.0517705639682	2850	21.906522830493277	0.0	1498470	2843.126259212017	0.699649901165173	2.85
483.0106849185006	2850	22.947608475960898	0.0	1561263	2958.9143545323777	0.699649901165173	2.85
492.24054731967374	2850	17.717746074787723	0.0	1341201	9229.862401173174	0.699649901165173	2.85
504.1478271454437	2850	9.810466249017768	0.0	1497683	11907.279825769954	0.699649901165173	2.85
508.52106597665664	1850	9.437227417804854	0.0	885062	4373.238831212914	0.699649901165173	0.8500000000000001
512.6091819622329	1200	9.349111432228495	0.0	670129	4088.1159855763585	0.699649901165173	0.5499999999999999
517.4856187393859	1200	8.472674655075553	0.0	690253	4876.436777152943	0.699649901165173	1.2
519.7270751948324	1200	10.23121819962899	0.0	598727	2241.4564554465605	0.699649901165173	1.2
521.786374702352	1200	12.171918692109449	0.0	487812	2059.299507519542	0.699649901165173	1.2
523.9630267187705	1200	13.995266675690978	0.0	575591	2176.65201641847	0.699649901165173	1.2
525.9901155209952	1200	15.96817787346615	0.0	605884	2027.0888022248298	0.699649901165173	1.2
527.7844369068605	1200	18.173856487600933	0.0	587506	1794.321385865214	0.699649901165173	1.2
529.1838187119567	1200	20.774474682504618	0.0	566904	1399.3818050963148	0.699649901165173	1.2
532.0522397083897	1200	21.906053686071644	0.0	641452	2868.4209964329702	0.699649901165173	1.2
534.2813889123072	1850	23.676904482154153	0.0	886255	2229.1492039174923	0.699649901165173	1.2000000000000002
536.6958977752972	1850	25.262395619164185	0.0	973972	2414.5088629899697	0.699649901165173	1.85
540.7587295439969	2850	25.199563850464497	0.0	1464921	4062.831768699688	0.699649901165173	1.85
546.4736444303236	4300	23.484648964137705	0.0	2246506	5714.914886326789	0.699649901165173	2.8499999999999996
550.9894390851804	4300	22.96885430928092	0.0	1961140	4515.794654856785	0.699649901165173	4.3
556.5526534458807	4300	21.405639948580667	0.0	2155012	5563.214360700251	0.699649901165173	4.3
557.7034739654362	750	24.25481942902524	0.0	450283	1150.8205195554299	0.699649901165173	0.75
561.1884669527	2850	24.76982644176136	0.0	1431809	3484.9929872638777	0.699649901165173	0.75
564.3652638276843	2850	25.593029566777	0.0	1300868	3176.796874984364	0.699649901165173	2.85
567.9214869675657	2850	26.036806426895577	0.0	1520281	3556.2231398814192	0.699649901165173	2.85
571.3254404156754	2850	26.632852978785863	0.0	1472558	3403.9534481097144	0.699649901165173	2.85
576.6713280778507	2850	25.28696531661047	0.0	1224260	5345.887662175395	0.699649901165173	2.85
580.0680886515231	2850	25.8902047429381	0.0	1388403	3396.7605736723694	0.699649901165173	2.85
584.7413818107325	2850	25.216911583728688	0.0	1638769	4673.293159209411	0.699649901165173	2.85
587.8148997881344	2850	26.14339360632689	0.0	1348011	3073.517977401801	0.699649901165173	2.85
591.0384806865763	2850	26.919812707884937	0.0	1429765	3223.580898441953	0.699649901165173	2.85
594.0304040123006	2850	27.92788938216069	0.0	1354548	2991.9233257242463	0.699649901165173	2.85
597.4112378604952	2850	28.547055533966002	0.0	1519951	3380.833848194689	0.699649901165173	2.85
603.8128162575633	4300	26.145477136897934	0.0	2209463	6401.578397068068	0.699649901165173	2.8499999999999996
613.2812733132647	4300	20.677020081196495	0.0	2275376	9468.457055701438	0.699649901165173	4.3
622.5704267107074	4300	15.387866683753842	0.0	2005399	9289.153397442655	0.699649901165173	4.3
628.1825855145117	2850	13.775707879949358	0.0	1471065	5612.158803804483	0.699649901165173	1.4000000000000001
630.1858532785451	1850	15.772440115916075	0.0	966699	2003.267764033284	0.699649901165173	0.8500000000000001
632.1432925615522	1850	17.81500083290895	0.0	885714	1957.439283007124	0.699649901165173	1.85
634.5830587543855	1850	19.37523464007563	0.0	987708	2439.7661928333196	0.699649901165173	1.85
636.642413249384	1850	21.315880145077166	0.0	923755	2059.3544949984607	0.699649901165173	1.85
639.3612702844982	2850	22.597023109962997	0.0	1415116	2718.8570351141716	0.699649901165173	1.85
642.1009463293831	2850	23.857347065078155	0.0	1468126	2739.676044884839	0.699649901165173	2.85
646.2054553236846	4300	23.75283807077662	0.0	2221506	4104.508994301537	0.699649901165173	2.8499999999999996
649.9885280241531	4300	23.969765370308146	0.0	2044075	3783.072700468473	0.699649901165173	4.3
654.0301450639669	4300	23.928148330494317	0.0	2186790	4041.617039813829	0.699649901165173	4.3
657.9240087647997	4300	24.034284629661453	0.0	2105231	3893.863700832868	0.699649901165173	4.3
662.3438869612307	4300	23.614406433230368	0.0	2395588	4419.878196431085	0.699649901165173	4.3
665.9964746171697	4300	23.9618187772914	0.0	1972048	3652.5876559389703	0.699649901165173	4.3
669.8902706919384	4300	24.06802270252264	0.0	2134614	3893.7960747687575	0.699649901165173	4.3
675.4517366205697	4300	22.506556773891397	0.0	2164140	5561.4659286312435	0.699649901165173	4.3
683.3401769846432	4300	18.618116409817944	0.0	2113193	7888.440364073451	0.699649901165173	4.3
687.3812387975561	4300	18.577054596905164	0.0	2147852	4041.0618129127806	0.699649901165173	4.3
691.6774839910141	4300	18.280809403447083	0.0	2191074	4296.2451934580795	0.699649901165173	4.3
697.6957721213594	4300	16.262521273101747	0.0	2286761	6018.288130345338	0.699649901165173	4.3
700.6514378682558	2850	17.306855526205382	0.0	1492672	2955.6657468963667	0.699649901165173	1.4000000000000001
703.9947708000235	2850	17.963522594437723	0.0	1439896	3343.3329317676603	0.699649901165173	2.85
706.1057664576953	2850	19.852526936765877	0.0	1139291	2110.995657671846	0.699649901165173	2.85
713.055389147117	2850	16.902904247344118	0.0	1499009	6949.622689421759	0.699649901165173	2.85
718.8851818530704	2850	15.073111541390809	0.0	1427478	5829.792705953311	0.699649901165173	2.85
724.3879541011637	2850	13.570339293297515	0.0	1402287	5502.772248093294	0.699649901165173	2.85
733.8295477484081	1850	8.128745646053005	0.0	858450	9441.59364724451	0.699649901165173	0.8500000000000001
739.4423558248915	1200	6.515937569569657	0.0	641452	5612.808076483348	0.699649901165173	0.5499999999999999
742.5094592489212	750	7.4488341455399505	0.0	372093	3067.1034240297067	0.699649901165173	0.3
745.7728033991469	750	8.185489995314164	0.0	438281	3263.344150225786	0.699649901165173	0.75
748.473557580081	750	9.484735814380139	0.0	398987	2700.754180934025	0.699649901165173	0.75
750.9102229722868	750	11.048070422174359	0.0	393804	2436.6653922057803	0.699649901165173	0.75
753.8918646986525	1200	12.066428695808568	0.0	538612	2981.64172636579	0.699649901165173	0.75
759.7300615263842	2850	10.228231868076948	0.0	1364537	5838.196827731621	0.699649901165173	1.2000000000000002
761.2955664726398	750	12.662726921821365	0.0	450283	1565.5049462555824	0.699649901165173	0.75
763.3538341613922	1200	14.604459233068999	0.0	611087	2058.2676887523667	0.699649901165173	0.75
765.3080528368549	1200	16.65024055760624	0.0	571051	1954.2186754627612	0.699649901165173	1.2
768.9511793919564	1850	17.007114002504736	0.0	933276	3643.126555101502	0.699649901165173	1.2000000000000002
771.8776708197973	1850	18.080622574663852	0.0	996749	2926.491427840881	0.699649901165173	1.85
774.2039361998006	1850	19.754357194660503	0.0	801058	2326.265380003348	0.699649901165173	1.85
777.0064116978494	1850	20.95188169661177	0.0	905515	2802.475498048733	0.699649901165173	1.85
780.6331914159789	1850	21.32510197848223	0.0	1060487	3626.7797181295405	0.699649901165173	1.85
784.2758604072627	1850	21.682432987198514	0.0	852833	3642.668991283718	0.699649901165173	1.85
786.4836543770459	1850	23.474639017415313	0.0	913888	2207.7939697832007	0.699649901165173	1.85
791.1671090306098	2850	22.791184363851407	0.0	1354548	4683.4546535639065	0.699649901165173	1.85
794.477671304509	2850	23.480622089952146	0.0	1519951	3310.5622738992597	0.699649901165173	2.85
797.9296822234268	2850	24.028611171034413	0.0	1422919	3452.0109189177347	0.699649901165173	2.85
800.90466280402	2850	25.0536305904412	0.0	1578343	2974.980580593213	0.699649901165173	2.85
805.1506967483755	2850	24.807596646085738	0.0	1231445	4246.033944355463	0.699649901165173	2.85
807.9876797954903	2850	25.970613598970854	0.0	1471065	2836.983047114885	0.699649901165173	2.85
814.711406501708	2850	23.246886892753203	0.0	1491626	6723.7267062176525	0.699649901165173	2.85
818.472878938693	2850	23.48541445576804	0.0	1358801	3761.472436985161	0.699649901165173	2.85
821.486668054277	2850	24.471625340184147	0.0	1537156	3013.7891155838956	0.699649901165173	2.85
824.8534904198979	2850	25.104802974563245	0.0	1336050	3366.8223656209	0.699649901165173	2.85
827.7448152650575	2850	26.21347812940353	0.0	1415116	2891.324845159713	0.699649901165173	2.85
830.616828850642	2850	27.341464543818937	0.0	1468126	2872.0135855845933	0.699649901165173	2.85
834.9535821952021	4300	27.004711199258935	0.0	2221506	4336.753344560001	0.699649901165173	2.8499999999999996
840.7944304797284	4300	25.16386291473265	0.0	2044075	5840.848284526286	0.699649901165173	4.3
846.6598464190301	4300	23.298446975430895	0.0	2186790	5865.415939301753	0.699649901165173	4.3
850.5998886220335	4300	23.35840477242748	0.0	2105231	3940.042203003416	0.699649901165173	4.3
854.6418998622046	4300	23.316393532256424	0.0	2395588	4042.0112401710526	0.699649901165173	4.3
857.983427446312	4300	23.974865948148956	0.0	1972048	3341.527584107469	0.699649901165173	4.3
861.5938194258288	4300	24.36447396863224	0.0	2134614	3610.3919795167167	0.699649901165173	4.3
867.0497519674989	4300	22.908541426962103	0.0	2164140	5455.932541670136	0.699649901165173	4.3
871.0682646996748	4300	22.890028694786196	0.0	2113193	4018.5127321759064	0.699649901165173	4.3
875.4756790035958	4300	22.482614390865173	0.0	2147852	4407.414303921027	0.699649901165173	4.3
879.5999737988141	4300	22.3583195956469	0.0	2191074	4124.294795218275	0.699649901165173	4.3
883.8520795888653	4300	22.10621380559575	0.0	2286761	4252.105790051148	0.699649901165173	4.3
891.3545014146812	4300	18.603791979779814	0.0	2307787	7502.421825815938	0.699649901165173	4.3
902.1532853965242	4300	11.805007997936785	0.0	2143948	10798.783981843028	0.699649901165173	4.3
905.8590165659292	2850	12.099276828531917	0.0	1139291	3705.7311694048694	0.699649901165173	1.4000000000000001
911.6608780154553	2850	10.297415379005779	0.0	1499009	5801.861449526137	0.699649901165173	2.85
913.7934271048244	1850	12.164866289636688	0.0	908665	2132.5490893690912	0.699649901165173	0.8500000000000001
916.5179728385423	1850	13.440320555918866	0.0	930577	2724.5457337178213	0.699649901165173	1.85
918.6666193593261	1850	15.291674035135133	0.0	858450	2148.6465207837336	0.699649901165173	1.85
921.3895625815039	1850	16.568730812957323	0.0	1025005	2722.9432221778084	0.699649901165173	1.85
923.8666319574053	1850	18.09166143705601	0.0	886255	2477.0693759013125	0.699649901165173	1.85
925.7926332384317	1850	20.16566015602967	0.0	973972	1926.0012810263456	0.699649901165173	1.85
929.1333032664415	2850	20.824990128019753	0.0	1464921	3340.670028009917	0.699649901165173	1.85
933.1221899929324	4300	20.836103401528906	0.0	2246506	3988.8867264908495	0.699649901165173	2.8499999999999996
937.9550248338285	4300	20.00326856063286	0.0	1961140	4832.8348408960455	0.699649901165173	4.3
941.5488543193062	4300	20.409439075155067	0.0	2155012	3593.8294854777937	0.699649901165173	4.3
944.4692282861159	750	21.489065108345343	0.0	450283	2920.3739668097223	0.699649901165173	0.75
947.9725848038588	2850	21.98570859060245	0.0	1431809	3503.3565177428977	0.699649901165173	0.75
950.6480986701276	2850	23.31019472433356	0.0	1300868	2675.513866268887	0.699649901165173	2.85
953.7582111159697	2850	24.200082278491504	0.0	1520281	3110.1124458420554	0.699649901165173	2.85
957.5083672438443	2850	24.44992615061685	0.0	1472558	3750.156127874651	0.699649901165173	2.85
959.8749661913782	2850	26.08332720308298	0.0	1224260	2366.598947533871	0.699649901165173	2.85
964.6772131201155	4300	25.281080274345637	0.0	2157535	4802.2469287373415	0.699649901165173	2.8499999999999996
970.6960801759517	4300	23.262213218509505	0.0	2290172	6018.867055836132	0.699649901165173	4.3
974.6252485101397	4300	23.333044884321424	0.0	2055469	3929.168334188076	0.699649901165173	4.3
978.6038862835293	4300	23.354407110931973	0.0	2169201	3978.637773389452	0.699649901165173	4.3
983.3333525211942	4300	22.62494087326693	0.0	2173522	4729.466237665046	0.699649901165173	4.3
986.714457444097	4300	23.243835950364158	0.0	2102452	3381.1049229027694	0.699649901165173	4.3
990.2009128419644	4300	23.75738055249678	0.0	2209463	3486.4553978673785	0.699649901165173	4.3
997.207621022941	4300	20.750672371520235	0.0	2275376	7006.708180976544	0.699649901165173	4.3
1001.0287654981795	4300	20.929527896281765	0.0	2005399	3821.144475238472	0.699649901165173	4.3
1006.3742730142462	4300	19.58402038021496	0.0	2152483	5345.507516066806	0.699649901165173	4.3
1012.0554204513946	4300	17.902872943066566	0.0	2289689	5681.147437148394	0.699649901165173	4.3
1024.1807805424016	4300	9.777512852059504	0.0	2059512	12125.360091007062	0.699649901165173	4.3
1031.3621907906631	1850	6.59610260379793	0.0	987708	7181.410248261574	0.699649901165173	-0.6000000000000001
1036.060456182486	1850	5.897837211975266	0.0	923755	4698.265391822664	0.699649901165173	1.85
1038.8232731090661	1200	7.135020285395003	0.0	601738	2762.8169265802635	0.699649901165173	0.5499999999999999
1041.9174662471469	1200	8.040827147314232	0.0	616206	3094.1931380807705	0.699649901165173	1.2
1044.7581537343244	1200	9.200139660136688	0.0	656471	2840.687487177543	0.699649901165173	1.2
1046.9942486903196	1200	10.964044704141493	0.0	536667	2236.094955995195	0.699649901165173	1.2
1049.3272472694332	1200	12.631046125027956	0.0	587236	2332.998579113539	0.699649901165173	1.2
1051.7570846753968	1200	14.20120871906432	0.0	590335	2429.8374059636353	0.699649901165173	1.2
1054.3079158531812	1200	15.65037754127985	0.0	696376	2550.83117778447	0.699649901165173	1.2
1056.1993675018396	1200	17.75892589262136	0.0	487160	1891.4516486584882	0.699649901165173	1.2
1059.5003082260544	1850	18.457985168406548	0.0	972798	3300.9407242148113	0.699649901165173	1.2000000000000002
1062.608520117812	1850	19.349773276648847	0.0	975811	3108.211891757697	0.699649901165173	1.85
1065.399012297554	1850	20.559281096907043	0.0	873429	2790.492179741807	0.699649901165173	1.85
1070.5698494862552	1850	19.388443908205954	0.0	954453	5170.837188701089	0.699649901165173	1.85
1073.2961701295458	1850	20.66212326491526	0.0	885062	2726.320643290694	0.699649901165173	1.85
1076.5021713055837	1850	21.456122088877184	0.0	1035329	3206.0011760380758	0.699649901165173	1.85
1081.20730095186	1850	20.750992442601056	0.0	1026056	4705.129646276129	0.699649901165173	1.85
1084.3520824918114	1850	21.606210902649526	0.0	943942	3144.7815399515284	0.699649901165173	1.85
1086.4432569554615	1850	23.515036438999296	0.0	728962	2091.174463650231	0.699649901165173	1.85
1089.1558479239523	1850	24.802445470508832	0.0	938587	2712.5909684904645	0.699649901165173	1.85
1092.6721159588376	1850	25.286177435623497	0.0	908665	3516.2680348853364	0.699649901165173	1.85
1095.9601703545184	1850	25.998123039942726	0.0	930577	3288.05439568077	0.699649901165173	1.85
1100.8842660814414	2850	25.074027313019723	0.0	1339500	4924.095726923	0.699649901165173	1.85
1105.4216573078127	2850	24.536636086648496	0.0	1527299	4537.3912263712255	0.699649901165173	2.85
1112.7688076811542	2850	21.189485713306894	0.0	1343002	7347.150373341602	0.699649901165173	2.85
1119.4218873289253	2850	18.536406065535914	0.0	1587250	6653.079647770979	0.699649901165173	2.85
1125.6060304758362	2850	16.352262918624916	0.0	1464921	6184.143146910995	0.699649901165173	2.85
1130.8332258721991	2850	15.12506752226209	0.0	1483527	5227.195396362829	0.699649901165173	2.85
1134.9909401227435	2850	14.967353271717553	0.0	1231456	4157.714250544535	0.699649901165173	2.85
1140.270494055977	2850	13.687799338484135	0.0	1364537	5279.553933233417	0.699649901165173	2.85
1141.6752606294099	750	16.283032765051228	0.0	450283	1404.7665734329078	0.699649901165173	0.75
1143.4427286520315	1200	18.515564742429543	0.0	611087	1767.4680226216856	0.699649901165173	0.75
1145.0659429336995	1200	20.8923504607615	0.0	571051	1623.214281668043	0.699649901165173	1.2
1148.523635397411	1850	21.434657997050213	0.0	933276	3457.692463711285	0.699649901165173	1.2000000000000002
1151.2763507621871	1850	22.681942632274065	0.0	996749	2752.7153647761465	0.699649901165173	1.85
1154.268828549684	2850	23.689464844777156	0.0	1224260	2992.4777874969113	0.699649901165173	1.85
1157.4414684347505	2850	24.516824959710615	0.0	1388403	3172.639885066539	0.699649901165173	2.85
1161.0733340183133	2850	24.884959376147798	0.0	1638769	3631.865583562816	0.699649901165173	2.85
1166.3116952864436	2850	23.646598108017525	0.0	1348011	5238.361268130272	0.699649901165173	2.85
1169.816460316041	2850	24.141833078420238	0.0	1429765	3504.76502959729	0.699649901165173	2.85
1172.6487671016598	2850	25.3095262928013	0.0	1354548	2832.306785618936	0.699649901165173	2.85
1175.4513507382346	2850	26.506942656226673	0.0	1519951	2802.583636574626	0.699649901165173	2.85
1178.0669321730377	2850	27.891361221423534	0.0	1422919	2615.5814348031417	0.699649901165173	2.85
1182.2885153494578	4300	27.669778045003362	0.0	2275376	4221.583176420172	0.699649901165173	2.8499999999999996
1186.157056853783	4300	27.801236540678207	0.0	2005399	3868.5415043251537	0.699649901165173	4.3
1190.0354385781084	4300	27.92285481635268	0.0	2152483	3878.381724325527	0.699649901165173	4.3
1194.3075206469666	4300	27.65077274749453	0.0	2289689	4272.082068858153	0.699649901165173	4.3
1198.2272772307497	4300	27.73101616371137	0.0	2059512	3919.7565837831585	0.699649901165173	4.3
1202.4476013848591	4300	27.510692009601833	0.0	2220726	4220.324154109537	0.699649901165173	4.3
1206.5086988051241	4300	27.449594589336836	0.0	2156729	4061.0974202649954	0.699649901165173	4.3
1212.2013922261806	4300	25.756901168280425	0.0	2039773	5692.693421056412	0.699649901165173	4.3
1216.372580644879	4300	25.58571274958193	0.0	2176469	4171.188418698496	0.699649901165173	4.3
1222.1945192387261	4300	23.763774155734925	0.0	2221506	5821.938593847003	0.699649901165173	4.3
1227.1413453571472	4300	22.816948037313722	0.0	2044075	4946.8261184212015	0.699649901165173	4.3
1232.3292832016703	4300	21.629010192790645	0.0	2186790	5187.937844523081	0.699649901165173	4.3
1235.114290361108	2850	22.84400303335296	0.0	1480464	2785.007159437685	0.699649901165173	1.4000000000000001
1239.398937230678	2850	22.55935616378289	0.0	1547572	4284.64686957007	0.699649901165173	2.85
1244.4739352952167	4300	21.484358099244186	0.0	1972048	5074.998064538702	0.699649901165173	2.8499999999999996
1248.8416249140819	4300	21.116668480379165	0.0	2134614	4367.68961886502	0.699649901165173	4.3
1254.638650380745	4300	19.319643013715908	0.0	2164140	5797.025466663257	0.699649901165173	4.3
1259.310803208058	4300	18.647490186403026	0.0	2113193	4672.152827312884	0.699649901165173	4.3
1264.1678170626424	4300	17.79047633181862	0.0	2147852	4857.013854584406	0.699649901165173	4.3
1268.311374981913	4300	17.646918412548004	0.0	2191074	4143.557919270618	0.699649901165173	4.3
1273.010858688779	4300	16.94743470568193	0.0	2286761	4699.483706866075	0.699649901165173	4.3
1279.4543411379448	4300	14.50395225651633	0.0	2307787	6443.482449165598	0.699649901165173	4.3
1284.9562559154417	4300	13.002037479019359	0.0	2143948	5501.9147774969715	0.699649901165173	4.3
1287.6975881474712	2850	14.260705246990062	0.0	1139291	2741.3322320292964	0.699649901165173	1.4000000000000001
1294.1419452346527	2850	11.81634815980876	0.0	1499009	6444.357087181303	0.699649901165173	2.85
1297.067002339385	2850	12.891291055076477	0.0	1427478	2925.0571047322833	0.699649901165173	2.85
1299.1063387763727	2850	14.851954618088792	0.0	1402287	2039.3364369876845	0.699649901165173	2.85
1303.1937585063808	2850	14.764534888080439	0.0	1339500	4087.419730008353	0.699649901165173	2.85
1307.6191682791375	2850	14.33912511532384	0.0	1527299	4425.409772756599	0.699649901165173	2.85
1311.9476323956883	2850	14.010660998773162	0.0	1343002	4328.464116550679	0.699649901165173	2.85
1315.5008605843184	2850	14.457432810142897	0.0	1587250	3553.228188630262	0.699649901165173	2.85
1318.5715684953318	2850	15.386724899129531	0.0	1464921	3070.707911013367	0.699649901165173	2.85
1321.9354543749398	2850	16.022839019521328	0.0	1483527	3363.885879608202	0.699649901165173	2.85
1327.1111256261013	4300	14.847167768359952	0.0	1961140	5175.671251161377	0.699649901165173	2.8499999999999996
1332.0823031752745	4300	13.875990219186848	0.0	2155012	4971.177549173104	0.699649901165173	4.3
1335.2810723866642	750	14.677221007797215	0.0	450283	3198.7692113896337	0.699649901165173	0.75
1337.9191701588566	1850	16.03912323560481	0.0	957685	2638.0977721924055	0.699649901165173	0.75
1340.330102095563	1850	17.62819129889849	0.0	877771	2410.931936706322	0.699649901165173	1.85
1344.380350156771	2850	17.577943237690526	0.0	1520281	4050.24806120796	0.699649901165173	1.85
1347.4224143496283	2850	18.535879044833077	0.0	1472558	3042.0641928574532	0.699649901165173	2.85
1349.9969581527046	2850	19.961335241756878	0.0	1224260	2574.5438030761975	0.699649901165173	2.85
1352.9059586099786	2850	21.05233478448277	0.0	1388403	2909.00045727411	0.699649901165173	2.85
1356.3251031165569	2850	21.63319027790461	0.0	1638769	3419.1445065781595	0.699649901165173	2.85
1359.657047071328	2850	22.301246323133345	0.0	1348011	3331.9439547712636	0.699649901165173	2.85
1365.9720632415174	2850	19.986230152943833	0.0	1429765	6315.016170189511	0.699649901165173	2.85
1369.9486189894133	2850	20.009674405047903	0.0	1354548	3976.5557478959286	0.699649901165173	2.85
1373.5199165482236	2850	20.43837684623761	0.0	1519951	3571.297558810291	0.699649901165173	2.85
1378.8834285338578	2850	19.074864860603515	0.0	1422919	5363.5119856340925	0.699649901165173	2.85
1381.9968925326352	2850	19.96140086182593	0.0	1578343	3113.4639987775886	0.699649901165173	2.85
1384.203874693835	2850	21.754418700626346	0.0	1231445	2206.9821611995826	0.699649901165173	2.85
1387.7224370026563	2850	22.235856391804884	0.0	1471065	3518.562308821465	0.699649901165173	2.85
1392.5786057258165	2850	21.37968766864467	0.0	1491626	4856.168723160211	0.699649901165173	2.85
1397.0084605819557	2850	20.94983281250531	0.0	1358801	4429.854856139363	0.699649901165173	2.85
1401.977130803719	2850	19.981162590741928	0.0	1537156	4968.67022176338	0.699649901165173	2.85
1405.8493666346465	2850	20.10892675981468	0.0	1336050	3872.235830927249	0.699649901165173	2.85
1409.8181250678201	2850	20.14016832664115	0.0	1415116	3968.7584331735284	0.699649901165173	2.85
1414.2598251608993	2850	19.69846823356193	0.0	1468126	4441.700093079218	0.699649901165173	2.85
1417.8857863604346	2850	20.072507034026504	0.0	1505760	3625.9611995354253	0.699649901165173	2.85
1421.2170836598973	2850	20.741209734563924	0.0	1323990	3331.2972994625825	0.699649901165173	2.85
1427.1470016652515	2850	18.81129172920976	0.0	1383735	5929.918005354164	0.699649901165173	2.85
1429.83230152985	2850	20.12599186461155	0.0	1480464	2685.299864598207	0.699649901165173	2.85
1432.788048653349	2850	21.170244741112313	0.0	1547572	2955.7471234992386	0.699649901165173	2.85
1434.6987638928329	2850	23.25952950162848	0.0	1141971	1910.7152394838351	0.699649901165173	2.85
1439.1479948798358	2850	22.81029851462554	0.0	1498470	4449.230987002939	0.699649901165173	2.85
1441.4942754800165	2850	24.464017914444682	0.0	1561263	2346.280600180862	0.699649901165173	2.85
1447.3962723035286	4300	22.562021090932692	0.0	2113193	5901.996823511989	0.699649901165173	2.8499999999999996
1451.5037012401035	4300	22.45459215435796	0.0	2147852	4107.428936574734	0.699649901165173	4.3
1457.7428900891161	4300	20.21540330534527	0.0	2191074	6239.18884901269	0.699649901165173	4.3
1465.0447506059734	4300	16.913542788487963	0.0	2286761	7301.860516857307	0.699649901165173	4.3
1469.692096006724	4300	16.26619738773747	0.0	2307787	4647.34540075049	0.699649901165173	4.3
1472.592419535172	2850	17.36587385928924	0.0	1439896	2900.323528448232	0.699649901165173	1.4000000000000001
1474.6186722943783	2850	19.33962110008288	0.0	1139291	2026.2527592063598	0.699649901165173	2.85
1478.611273228268	2850	19.34702016619323	0.0	1499009	3992.600933889652	0.699649901165173	2.85
1484.089521907955	2850	17.868771486506212	0.0	1427478	5478.248679687018	0.699649901165173	2.85
1488.4846360523093	2850	17.473657342151945	0.0	1402287	4395.114144354266	0.699649901165173	2.85
1491.1097526883977	2850	18.848540706063652	0.0	1339500	2625.1166360882935	0.699649901165173	2.85
1493.8342127917463	2850	20.12408060271512	0.0	1527299	2724.46010334853	0.699649901165173	2.85
1496.219539540568	2850	21.738753853893474	0.0	1343002	2385.3267488216484	0.699649901165173	2.85
1499.0405053638015	2850	22.91778803065981	0.0	1587250	2820.965823233667	0.699649901165173	2.85
1506.83315955629	4300	19.125133838171408	0.0	2124950	7792.6541924883995	0.699649901165173	2.8499999999999996
1514.0649745503292	4300	15.893318844132066	0.0	2246506	7231.814994039341	0.699649901165173	4.3
1520.4924345089119	4300	13.465858885549496	0.0	1961140	6427.459958582572	0.699649901165173	4.3
1526.1998984745528	4300	11.758394919908458	0.0	2155012	5707.463965641038	0.699649901165173	4.3
1527.1521032826595	750	14.806190111801795	0.0	450283	952.2048081066615	0.699649901165173	0.75
1529.589859687221	1850	16.368433707240243	0.0	957685	2437.756404561555	0.699649901165173	0.75
1534.3128139419155	1850	15.645479452545835	0.0	877771	4722.954254694406	0.699649901165173	1.85
1536.2471882978564	1850	17.711105096605007	0.0	933276	1934.3743559408294	0.699649901165173	1.85
1537.8533287435948	1850	20.10496465086655	0.0	996749	1606.1404457384551	0.699649901165173	1.85
1540.624640754206	2850	21.333652640255604	0.0	1224260	2771.312010610947	0.699649901165173	1.85
1544.1969959645185	2850	21.761297429942996	0.0	1388403	3572.35521031261	0.699649901165173	2.85
1549.6050265522836	2850	20.353266842177796	0.0	1638769	5408.030587765198	0.699649901165173	2.85
1551.9106845129488	2850	22.04760888151268	0.0	1348011	2305.657960665119	0.699649901165173	2.85
1554.342008078586	2850	23.616285315875416	0.0	1429765	2431.3235656372653	0.699649901165173	2.85
1556.874164679405	2850	25.08412871505654	0.0	1354548	2532.156600818876	0.699649901165173	2.85
1560.4263972519461	2850	25.531896142515453	0.0	1519951	3552.2325725410874	0.699649901165173	2.85
1564.396592004578	4300	25.561701389883414	0.0	2209463	3970.1947526320405	0.699649901165173	2.8499999999999996
1570.4059274916947	4300	23.552365902766805	0.0	2275376	6009.33548711661	0.699649901165173	4.3
1574.0404947456411	4300	23.9177986488205	0.0	2005399	3634.5672539463026	0.699649901165173	4.3
1577.9782943894133	4300	23.97999900504814	0.0	2152483	3937.799643772362	0.699649901165173	4.3
1582.9422757091436	4300	23.01601768531794	0.0	2289689	4963.981319730199	0.699649901165173	4.3
1588.4586984934497	4300	21.499594901011843	0.0	2059512	5516.422784306099	0.699649901165173	4.3
1594.9793256227572	4300	18.978967771704394	0.0	2220726	6520.627129307451	0.699649901165173	4.3
1602.4246302225163	4300	15.533663171945133	0.0	2156729	7445.304599759261	0.699649901165173	4.3
1607.202523348248	4300	14.755770046213605	0.0	2039773	4777.893125731528	0.699649901165173	4.3
1612.2176361133445	4300	13.740657281116906	0.0	2176469	5015.112765096699	0.699649901165173	4.3
1618.826919538853	4300	11.131373855608349	0.0	2221506	6609.283425508558	0.699649901165173	4.3
1623.1777793773956	2850	10.780514017065839	0.0	1323990	4350.859838542511	0.699649901165173	1.4000000000000001
1626.437198559932	2850	11.521094834529134	0.0	1383735	3259.4191825367047	0.699649901165173	2.85
1630.5901854076235	2850	11.368107986837801	0.0	1480464	4152.9868476913325	0.699649901165173	2.85
1633.8945084471534	2850	12.063784947307811	0.0	1547572	3304.3230395299884	0.699649901165173	2.85
1636.3277586548932	2850	13.630534739568258	0.0	1141971	2433.250207739552	0.699649901165173	2.85
1642.2406872042295	2850	11.717606190231884	0.0	1498470	5912.928549336374	0.699649901165173	2.85
1645.8697087689884	2850	12.088584625472905	0.0	1561263	3629.0215647589785	0.699649901165173	2.85
1648.614661198489	2850	13.343632195972246	0.0	1341201	2744.9524295006577	0.699649901165173	2.85
1652.8226194978765	2850	13.135673896584702	0.0	1497683	4207.958299387545	0.699649901165173	2.85
1655.4334684802673	2850	14.524824914194019	0.0	1358081	2610.8489823906816	0.699649901165173	2.85
1658.3889764877604	2850	15.56931690670101	0.0	1587293	2955.508007493011	0.699649901165173	2.85
1661.0720932334245	2850	16.886200161036914	0.0	1492672	2683.116745664095	0.699649901165173	2.85
1663.9294746633464	2850	18.02881873111506	0.0	1439896	2857.381429921858	0.699649901165173	2.85
1666.8685360852032	2850	19.08975730925811	0.0	1139291	2939.0614218569453	0.699649901165173	2.85
1673.8819751397132	2850	16.07631825474836	0.0	1499009	7013.439054509749	0.699649901165173	2.85
1677.5854391952287	2850	16.372854199232865	0.0	1427478	3703.464055515498	0.699649901165173	2.85
1680.9425248519663	2850	17.015768542495522	0.0	1402287	3357.0856567373403	0.699649901165173	2.85
1685.7289559190008	2850	16.22933747546094	0.0	1339500	4786.431067034582	0.699649901165173	2.85
1688.8907776535664	2850	17.067515740895395	0.0	1527299	3161.821734565545	0.699649901165173	2.85
1691.6807203387673	2850	18.27757305569427	0.0	1343002	2789.942685201127	0.699649901165173	2.85
1694.8397338086813	2850	19.118559585780307	0.0	1587250	3159.0134699139626	0.699649901165173	2.85
1697.744118236808	2850	20.214175157653802	0.0	1464921	2904.3844281265056	0.699649901165173	2.85
1711.9166851773412	4300	10.04160821712048	0.0	2246506	14172.566940533321	0.699649901165173	2.8499999999999996
1716.3803262324138	2850	9.577967162047841	0.0	1231456	4463.64105507264	0.699649901165173	1.4000000000000001
1721.043372535861	2850	8.914920858600654	0.0	1364537	4663.046303447186	0.699649901165173	2.85
1722.5822261994	750	11.376067195061482	0.0	450283	1538.8536635391697	0.699649901165173	0.75
1724.631571557778	1200	13.326721836683733	0.0	611087	2049.345358377749	0.699649901165173	0.75
1726.6064323306177	1200	15.351861063844071	0.0	571051	1974.8607728396612	0.699649901165173	1.2
1728.7330251856658	1200	17.22526820879587	0.0	617681	2126.5928550481995	0.699649901165173	1.2
1732.6616855900909	1850	17.296607804370687	0.0	996749	3928.6604044251844	0.699649901165173	1.2000000000000002
1735.9071284131549	1850	18.051164981306776	0.0	801058	3245.4428230639096	0.699649901165173	1.85
1738.4713235553936	1850	19.486969839067804	0.0	905515	2564.1951422389757	0.699649901165173	1.85
1741.2455466689169	1850	20.7127467255444	0.0	1060487	2774.2231135234047	0.699649901165173	1.85
1743.2981867997262	1850	22.660106594735105	0.0	852833	2052.6401308092927	0.699649901165173	1.85
1746.1217708309946	2850	23.836522563466534	0.0	1429765	2823.5840312685737	0.699649901165173	1.85
1748.7213885253432	2850	25.236904869117996	0.0	1354548	2599.6176943485357	0.699649901165173	2.85
1753.1103652695826	2850	24.847928124878642	0.0	1519951	4388.976744239353	0.699649901165173	2.85
1755.6177131197271	2850	26.340580274734325	0.0	1422919	2507.3478501443183	0.699649901165173	2.85
1762.2356434502956	4300	23.722649944165788	0.0	2275376	6617.930330568539	0.699649901165173	2.8499999999999996
1765.530965166979	4300	24.427328227482253	0.0	2005399	3295.321716683535	0.699649901165173	4.3
1770.3019131441945	4300	23.656380250266626	0.0	2152483	4770.9479772156255	0.699649901165173	4.3
1776.248623351237	4300	21.709670043224172	0.0	2289689	5946.710207042456	0.699649901165173	4.3
1781.1716699899025	4300	20.78662340455871	0.0	2059512	4923.046638665461	0.699649901165173	4.3
1785.7791995886034	4300	20.179093805857907	0.0	2220726	4607.529598700808	0.699649901165173	4.3
1791.0480300469605	4300	18.91026334750077	0.0	2156729	5268.830458357134	0.699649901165173	4.3
1794.4990876345307	4300	19.459205759930807	0.0	2039773	3451.057587569965	0.699649901165173	4.3
1799.442753610419	4300	18.515539784042208	0.0	2176469	4943.665975888596	0.699649901165173	4.3
1805.3522641249842	4300	16.60602926947711	0.0	2221506	5909.5105145651	0.699649901165173	4.3
1809.069139318071	4300	16.88915407639053	0.0	2044075	3716.875193086581	0.699649901165173	4.3
1813.4318295401972	4300	16.52646385426409	0.0	2186790	4362.690222126438	0.699649901165173	4.3
1816.515357312183	2850	17.442936082278383	0.0	1480464	3083.5277719857086	0.699649901165173	1.4000000000000001
1819.2608415678435	2850	18.697451826617808	0.0	1547572	2745.484255660572	0.699649901165173	2.85
1821.0397442563694	2850	20.918549138091816	0.0	1141971	1778.9026885259902	0.699649901165173	2.85
1824.2953953574618	4300	21.662898036999746	0.0	2134614	3255.651101092075	0.699649901165173	2.8499999999999996
1827.5949720930764	4300	22.363321301385064	0.0	2164140	3299.576735614684	0.699649901165173	4.3
1830.8187553144317	4300	23.13953808002979	0.0	2113193	3223.7832213552733	0.699649901165173	4.3
1834.0941005003915	4300	23.86419289406979	0.0	2147852	3275.345185959998	0.699649901165173	4.3
1837.4337467693067	4300	24.52454662515456	0.0	2191074	3339.646268915231	0.699649901165173	4.3
1840.9157459539765	4300	25.042547440484913	0.0	2286761	3481.9991846696475	0.699649901165173	4.3
1844.4290253795007	4300	25.52926801496068	0.0	2307787	3513.279425524229	0.699649901165173	4.3
1847.6985626105336	4300	26.259730783927743	0.0	2143948	3269.5372310329417	0.699649901165173	4.3
1853.2049106494298	4300	24.75338274503156	0.0	1919781	5506.3480388961825	0.699649901165173	4.3
1868.0281067833794	4300	13.930186611081925	0.0	2147467	14823.196133949634	0.699649901165173	4.3
1875.9074813838765	2850	10.050812010584664	0.0	1427478	7879.37460049726	0.699649901165173	1.4000000000000001
1879.7423987948287	1850	10.215894599632538	0.0	930577	3834.917410952126	0.699649901165173	0.8500000000000001
1883.6623995202456	1850	10.295893874215702	0.0	858450	3920.0007254168363	0.699649901165173	1.85
1885.7871249165048	1200	12.171168477956453	0.0	641452	2124.725396259249	0.699649901165173	0.5499999999999999
1887.750621275474	1200	14.207672118987105	0.0	599477	1963.4963589693464	0.699649901165173	1.2
1892.7657665493784	1850	13.192526845082902	0.0	973972	5015.145273904204	0.699649901165173	1.2000000000000002
1895.533716967902	1850	14.424576426559456	0.0	958994	2767.950418523446	0.699649901165173	1.85
1898.3476247493666	1850	15.61066864509468	0.0	982064	2813.9077814647767	0.699649901165173	1.85
1904.4379112141141	2850	13.520382180347095	0.0	1231456	6090.286464747585	0.699649901165173	1.85
1910.366225046662	2850	11.592068347799167	0.0	1364537	5928.3138325479285	0.699649901165173	2.85
1912.1193995616043	750	13.838893832857064	0.0	450283	1753.1745149421022	0.699649901165173	0.75
1914.8400252137399	1850	15.118268180721406	0.0	957685	2720.625652135657	0.699649901165173	0.75
1917.5323143315209	1850	16.425979062940335	0.0	877771	2692.289117781072	0.699649901165173	1.85
1920.0187187252354	1850	17.939574669225827	0.0	933276	2486.4043937145098	0.699649901165173	1.85
1922.7259250613456	1850	19.232368333115716	0.0	996749	2707.2063361101104	0.699649901165173	1.85
1928.5238741296293	1850	17.434419264831796	0.0	801058	5797.94906828392	0.699649901165173	1.85
1931.0565721129067	1850	18.90172128155463	0.0	905515	2532.6979832771663	0.699649901165173	1.85
1933.602482997468	1850	20.355810396993487	0.0	1060487	2545.9108845611436	0.699649901165173	1.85
1936.2606311417078	1850	21.697662252753677	0.0	852833	2658.148144239807	0.699649901165173	1.85
1940.0830225616073	1850	21.87527083285405	0.0	913888	3822.391419899627	0.699649901165173	1.85
1942.3191115926268	1850	23.639181801834916	0.0	939819	2236.0890310191344	0.699649901165173	1.85
1945.8752520997164	2850	24.08304129474515	0.0	1519951	3556.1405070897627	0.699649901165173	1.85
1950.0404571895722	2850	23.91783620488926	0.0	1422919	4165.205089855892	0.699649901165173	2.85
1954.3499271794099	2850	23.608366215051696	0.0	1578343	4309.469989837563	0.699649901165173	2.85
1957.9328944889503	2850	24.0253989055114	0.0	1231445	3582.9673095402995	0.699649901165173	2.85
1961.6703288863828	2850	24.287964508078964	0.0	1471065	3737.434397432435	0.699649901165173	2.85
1964.6118389321941	2850	25.346454462267737	0.0	1491626	2941.5100458112292	0.699649901165173	2.85
1968.2007580872394	2850	25.75753530722226	0.0	1358801	3588.9191550454743	0.699649901165173	2.85
1973.5618930230266	2850	24.396400371435078	0.0	1537156	5361.134935787183	0.699649901165173	2.85
1977.6226771051506	2850	24.335616289311165	0.0	1336050	4060.784082123911	0.699649901165173	2.85
1980.7516372399793	2850	25.206656154482456	0.0	1415116	3128.960134828712	0.699649901165173	2.85
1983.376105353649	2850	26.582188040812866	0.0	1468126	2624.468113669586	0.699649901165173	2.85
1986.455700925978	2850	27.50259246848389	0.0	1505760	3079.595572328977	0.699649901165173	2.85
1990.551206598463	2850	27.407086795998804	0.0	1323990	4095.5056724850883	0.699649901165173	2.85
1995.1969735358307	2850	26.7613198586312	0.0	1383735	4645.766937367603	0.699649901165173	2.85
2000.0446249828906	2850	25.91366841157113	0.0	1480464	4847.65144706007	0.699649901165173	2.85
2009.1123718659233	2850	20.845921528538486	0.0	1547572	9067.746883032645	0.699649901165173	2.85
2017.797559570938	2850	16.16073382352394	0.0	1141971	8685.187705014543	0.699649901165173	2.85
2023.014195713201	1850	14.94409768126109	0.0	972798	5216.636142262853	0.699649901165173	0.8500000000000001
2027.7725578679017	1850	14.18573552656025	0.0	975811	4758.362154700839	0.699649901165173	1.85
2030.3072167528376	1200	15.65107664162427	0.0	570392	2534.658884935982	0.699649901165173	0.5499999999999999
2032.8935744152488	1200	17.064718979213016	0.0	620283	2586.3576624112516	0.699649901165173	1.2
2035.0037949119608	1200	18.954498482501087	0.0	584349	2110.2204967119287	0.699649901165173	1.2
2038.2138224178464	1850	19.744470976615617	0.0	1035329	3210.027505885472	0.699649901165173	1.2000000000000002
2041.3262324945033	1850	20.632060899958777	0.0	1026056	3112.4100766568363	0.699649901165173	1.85
2044.2344600913975	1850	21.723833303064325	0.0	943942	2908.2275968944527	0.699649901165173	1.85
2046.4754287064068	1850	23.482864688055205	0.0	728962	2240.968615009123	0.699649901165173	1.85
2050.580073549896	2850	23.378219844565905	0.0	1499009	4104.644843489298	0.699649901165173	1.85
2055.647987040202	2850	22.31030635426005	0.0	1427478	5067.913490305857	0.699649901165173	2.85
2059.575664139192	2850	22.382629255270135	0.0	1402287	3927.6770989899164	0.699649901165173	2.85
2062.9868508437885	2850	22.971442550673796	0.0	1339500	3411.1867045963386	0.699649901165173	2.85
2067.033334354166	2850	22.924959040296205	0.0	1527299	4046.4835103775904	0.699649901165173	2.85
2070.604128919858	2850	23.354164474604353	0.0	1343002	3570.7945656918523	0.699649901165173	2.85
2075.8526715951066	2850	22.105621799355692	0.0	1587250	5248.54267524866	0.699649901165173	2.85
2079.1689433682395	2850	22.789350026222714	0.0	1464921	3316.2717731329785	0.699649901165173	2.85
2083.8236367741247	4300	22.13465662033731	0.0	2246506	4654.693405885401	0.699649901165173	2.8499999999999996
2087.617835674214	4300	22.340457720248462	0.0	1961140	3794.198900088851	0.699649901165173	4.3
2091.622161602111	4300	22.3361317923511	0.0	2155012	4004.325927897362	0.699649901165173	4.3
2092.5342492891914	750	25.424044105270664	0.0	450283	912.0876870804393	0.699649901165173	0.75
2096.546896154979	4300	25.411397239483165	0.0	2123065	4012.646865787496	0.699649901165173	0.75
2100.273839051192	4300	25.684454343270072	0.0	2177073	3726.94289621309	0.699649901165173	4.3
2104.067428043098	4300	25.89086535136425	0.0	2160877	3793.5889919058195	0.699649901165173	4.3
2107.9574946749312	4300	26.0007987195311	0.0	2233056	3890.066631833152	0.699649901165173	4.3
2112.681605186518	4300	25.276688207944485	0.0	1941625	4724.110511586617	0.699649901165173	4.3
2117.7677645508206	4300	24.19052884364196	0.0	2157535	5086.159364302522	0.699649901165173	4.3
2122.1332028208963	4300	23.825090573566374	0.0	2290172	4365.438270075589	0.699649901165173	4.3
2126.5541188132115	4300	23.404174581251166	0.0	2055469	4420.915992315209	0.699649901165173	4.3
2130.576959082016	4300	23.381334312446832	0.0	2169201	4022.840268804334	0.699649901165173	4.3
2134.3084590371705	4300	23.64983435729245	0.0	2173522	3731.49995515438	0.699649901165173	4.3
2137.9496904302323	4300	24.008602964230253	0.0	2102452	3641.2313930621967	0.699649901165173	4.3
2141.886012144179	4300	24.072281250283332	0.0	2209463	3936.321713946919	0.699649901165173	4.3
2145.7420681345725	4300	24.216225259890074	0.0	2275376	3856.05599039326	0.699649901165173	4.3
2153.9091304802323	4300	20.04916291423019	0.0	2005399	8167.062345659884	0.699649901165173	4.3
2158.029306454218	4300	19.928986940244585	0.0	2152483	4120.175973985604	0.699649901165173	4.3
2162.6659304003388	4300	19.292362994123526	0.0	2289689	4636.623946121055	0.699649901165173	4.3
2167.140359789068	4300	18.817933605394668	0.0	2059512	4474.429388728858	0.699649901165173	4.3
2177.5134183681453	4300	12.444875026317371	0.0	2220726	10373.058579077297	0.699649901165173	4.3
2182.273801982879	2850	11.684491411583965	0.0	1336050	4760.383614733408	0.699649901165173	1.4000000000000001
2186.565146291429	2850	11.393147103033822	0.0	1415116	4291.344308550143	0.699649901165173	2.85
2189.4792818824435	1850	12.479011512019218	0.0	955231	2914.135591014603	0.699649901165173	0.8500000000000001
2194.762396145371	1850	11.195897249091987	0.0	968026	5283.114262927233	0.699649901165173	1.85
2198.103041074729	1850	11.855252319733488	0.0	874175	3340.644929358498	0.699649901165173	1.85
2202.0804953374436	1850	11.87779805701912	0.0	897976	3977.4542627143683	0.699649901165173	1.85
2204.3804576165676	1850	13.577835777895105	0.0	905935	2299.9622791240167	0.699649901165173	1.85
2208.81215469998	1850	13.146138694482575	0.0	1076599	4431.6970834125295	0.699649901165173	1.85
2212.526950624746	1850	13.431342769717098	0.0	758197	3714.7959247654785	0.699649901165173	1.85
2215.0324577085626	1850	14.92583568590018	0.0	972798	2505.507083816918	0.699649901165173	1.85
2217.399062628986	1850	16.559230765477274	0.0	975811	2366.604920422905	0.699649901165173	1.85
2219.500819113426	1850	18.457474281037108	0.0	873429	2101.756484440167	0.699649901165173	1.85
2221.7411043215757	1850	20.217189072887276	0.0	954453	2240.2852081498318	0.699649901165173	1.85
2224.3052161727614	2850	21.653077221701487	0.0	1358081	2564.111851185791	0.699649901165173	1.85
2227.393642889837	2850	22.564650504625977	0.0	1587293	3088.4267170755093	0.699649901165173	2.85
2231.154329565684	2850	22.803963828778887	0.0	1492672	3760.686675847091	0.699649901165173	2.85
2234.108859642938	2850	23.8494337515247	0.0	1439896	2954.5300772541887	0.699649901165173	2.85
2237.893578337052	4300	24.06471505741112	0.0	1919781	3784.718694113577	0.699649901165173	2.8499999999999996
2242.663316118237	4300	23.294977276225712	0.0	2147467	4769.73778118541	0.699649901165173	4.3
2247.669033596661	4300	22.289259797801996	0.0	2133870	5005.717478423717	0.699649901165173	4.3
2257.910134789797	4300	16.048158604666114	0.0	2146120	10241.101193135883	0.699649901165173	4.3
2262.3822061822084	4300	15.576087212254716	0.0	2108491	4472.071392411395	0.699649901165173	4.3
2267.017943387254	2850	14.940350007208963	0.0	1527299	4635.737205045754	0.699649901165173	1.4000000000000001
2270.030804757239	2850	15.927488637224435	0.0	1343002	3012.8613699845287	0.699649901165173	2.85
2272.930075919108	2850	17.028217475355422	0.0	1587250	2899.2711618690137	0.699649901165173	2.85
2275.430624710657	2850	18.52766868380625	0.0	1464921	2500.548791549169	0.699649901165173	2.85
2279.2226183154376	4300	18.73567507902623	0.0	2246506	3791.993604780024	0.699649901165173	2.8499999999999996
2282.568923925395	4300	19.38936946906864	0.0	1961140	3346.305609957591	0.699649901165173	4.3
2286.4162924564193	4300	19.542000938044332	0.0	2155012	3847.3685310243063	0.699649901165173	4.3
2287.3794787088696	750	22.5788146855937	0.0	450283	963.1862524506348	0.699649901165173	0.75
2291.5600410549064	4300	22.398252339557313	0.0	2123065	4180.562346036385	0.699649901165173	0.75
2296.321662596771	4300	21.636630797692813	0.0	2177073	4761.621541864496	0.699649901165173	4.3
2300.2512390395177	4300	21.70705435494582	0.0	2160877	3929.576442746996	0.699649901165173	4.3
2304.8855284091514	4300	21.072764985312464	0.0	2233056	4634.289369633356	0.699649901165173	4.3
2309.490250347627	4300	20.468043046836804	0.0	1941625	4604.721938475662	0.699649901165173	4.3
2315.719234620502	4300	18.239058773961354	0.0	2157535	6228.98427287545	0.699649901165173	4.3
2323.715790920164	4300	14.242502474299481	0.0	2290172	7996.556299661874	0.699649901165173	4.3
2337.1536157727032	4300	4.804677621760144	0.0	2055469	13437.824852539337	0.699649901165173	4.3
2340.68504466014	1200	5.273248734323094	0.0	560821	3531.42888743705	0.699649901165173	-1.9000000000000001
2344.294852189306	1200	5.663441205157522	0.0	607410	3609.807529165572	0.699649901165173	1.2
2348.2879703510307	1200	5.670323043432437	0.0	594078	3993.118161725085	0.699649901165173	1.2
2349.5031989065556	750	8.455094487907045	0.0	386351	1215.228555525391	0.699649901165173	0.3
2350.776444210915	750	11.181849183547813	0.0	434409	1273.2453043592327	0.699649901165173	0.75
2353.6563881192733	1200	12.30190527518948	0.0	526950	2879.9439083583325	0.699649901165173	0.75
2355.017570472865	1200	14.940722921598026	0.0	587876	1361.1823535914532	0.699649901165173	1.2
2356.3906532964925	1200	17.56764009797036	0.0	617242	1373.0828236276643	0.699649901165173	1.2
2357.6512530778405	1200	20.30704031662251	0.0	581493	1260.599781347852	0.699649901165173	1.2
2360.3913681928652	2850	21.56692520159777	0.0	1537156	2740.115115024738	0.699649901165173	1.2000000000000002
2367.546618680027	2850	18.4116747144355	0.0	1336050	7155.25048716227	0.699649901165173	2.85
2371.652714713383	2850	18.30557868108001	0.0	1415116	4106.09603335549	0.699649901165173	2.85
2375.3462446808026	2850	18.612048713660776	0.0	1468126	3693.52996741923	0.699649901165173	2.85
2377.901862076857	2850	20.056431317605906	0.0	1505760	2555.6173960548685	0.699649901165173	2.85
2379.920644315315	2850	22.037649079147954	0.0	1323990	2018.7822384579529	0.699649901165173	2.85
2381.9692400339845	2850	23.989053360478117	0.0	1383735	2048.595718669838	0.699649901165173	2.85
2386.0863690451265	4300	23.87192434933587	0.0	2105231	4117.129011142246	0.699649901165173	2.8499999999999996
2393.018684265778	4300	20.939609128684825	0.0	2395588	6932.315220651048	0.699649901165173	4.3
2396.3994230736953	4300	21.55887032076713	0.0	1972048	3380.7388079176926	0.699649901165173	4.3
2400.0522586586935	4300	21.90603473576899	0.0	2134614	3652.8355849981435	0.699649901165173	4.3
2405.9686797196373	4300	19.989613674825577	0.0	2164140	5916.421060943412	0.699649901165173	4.3
2409.877423917864	4300	20.080869476598817	0.0	2113193	3908.7441982267583	0.699649901165173	4.3
2417.335739719728	4300	16.622553674735013	0.0	2147852	7458.315801863808	0.699649901165173	4.3
2425.9548734732016	4300	12.003419921261612	0.0	2191074	8619.133753473401	0.699649901165173	4.3
2428.9730041284583	2850	12.985289266004504	0.0	1587293	3018.130655257108	0.699649901165173	1.4000000000000001
2433.785939933609	2850	12.172353460854168	0.0	1492672	4812.935805150335	0.699649901165173	2.85
2441.5547385861246	2850	8.403554808338562	0.0	1439896	7768.798652515606	0.699649901165173	2.85
2444.188868384756	1850	9.769425009706847	0.0	728962	2634.1297986317154	0.699649901165173	0.8500000000000001
2447.112621944994	1850	10.845671449469053	0.0	938587	2923.7535602377943	0.699649901165173	1.85
2449.936155399361	1850	12.022137995102025	0.0	908665	2823.5334543670288	0.699649901165173	1.85
2454.5943266368718	1850	11.36396675759074	0.0	930577	4658.171237511283	0.699649901165173	1.85
2457.100721428327	1850	12.857571966135675	0.0	858450	2506.394791455067	0.699649901165173	1.85
2460.1932921543557	1850	13.765001240106645	0.0	1025005	3092.5707260290283	0.699649901165173	1.85
2462.275310013234	1850	15.68298338122827	0.0	886255	2082.0178588783738	0.699649901165173	1.85
2464.4478167212083	1850	17.51047667325401	0.0	973972	2172.506707974259	0.699649901165173	1.85
2466.9177888466743	2850	19.040504547788043	0.0	1464921	2469.9721254659726	0.699649901165173	1.85
2473.1252627192894	4300	16.83303067517294	0.0	2246506	6207.473872615102	0.699649901165173	2.8499999999999996
2476.2025237205253	4300	17.755769673937053	0.0	1961140	3077.26100123589	0.699649901165173	4.3
2479.576084315279	4300	18.38220907918331	0.0	2155012	3373.5605947537447	0.699649901165173	4.3
2480.3442634740436	750	21.614029920418762	0.0	450283	768.1791587645453	0.699649901165173	0.75
2483.6689986421543	4300	22.28929475230793	0.0	2123065	3324.735168110831	0.699649901165173	0.75
2487.0762756339773	4300	22.882017760485	0.0	2177073	3407.2769918229314	0.699649901165173	4.3
2491.214639386533	4300	22.74365400792928	0.0	2160877	4138.363752555721	0.699649901165173	4.3
2495.699555200948	4300	22.258738193514397	0.0	2233056	4484.915814414883	0.699649901165173	4.3
2501.7758336829634	4300	20.182459711499032	0.0	1941625	6076.2784820153665	0.699649901165173	4.3
2508.47736391294	4300	17.480929481521972	0.0	2157535	6701.530229977059	0.699649901165173	4.3
2513.806029752681	4300	16.152263641781044	0.0	2290172	5328.665839740929	0.699649901165173	4.3
2516.968905162398	2850	16.989388232063618	0.0	1348011	3162.8754097174265	0.699649901165173	1.4000000000000001
2519.852592738214	2850	18.105700656248057	0.0	1429765	2883.6875758155616	0.699649901165173	2.85
2523.3013614345427	2850	18.65693195991924	0.0	1354548	3448.768696328814	0.699649901165173	2.85
2526.441232606847	2850	19.51706078761489	0.0	1519951	3139.8711723043525	0.699649901165173	2.85
2528.9894578456983	2850	20.968835548763803	0.0	1422919	2548.225238851084	0.699649901165173	2.85
2532.5042679738717	2850	21.454025420590085	0.0	1578343	3514.810128173718	0.699649901165173	2.85
2536.748036051278	2850	21.2102573431841	0.0	1231445	4243.7680774059845	0.699649901165173	2.85
2539.349061876139	2850	22.609231518323426	0.0	1471065	2601.025824860673	0.699649901165173	2.85
2543.422142262251	2850	22.53615113221151	0.0	1491626	4073.080386111916	0.699649901165173	2.85
2548.1098227397274	2850	21.848470654735035	0.0	1358801	4687.680477476474	0.699649901165173	2.85
2553.1166092869476	2850	20.84168410751476	0.0	1537156	5006.786547220275	0.699649901165173	2.85
2556.2598889943783	2850	21.69840440008373	0.0	1336050	3143.279707431029	0.699649901165173	2.85
2558.7310651842913	2850	23.227228210170615	0.0	1415116	2471.1761899131143	0.699649901165173	2.85
2561.4657245488806	2850	24.492568845581648	0.0	1468126	2734.6593645889666	0.699649901165173	2.85
2564.4769049049787	2850	25.48138848948341	0.0	1505760	3011.1803560982366	0.699649901165173	2.85
2569.0863482416535	4300	24.8719451528089	0.0	2044075	4609.44333667451	0.699649901165173	2.8499999999999996
2576.351938899005	4300	21.606354495457243	0.0	2186790	7265.5906573516595	0.699649901165173	4.3
2580.9183312719597	4300	21.03996212250247	0.0	2105231	4566.392372954771	0.699649901165173	4.3
2586.154204786264	4300	19.80408860819798	0.0	2395588	5235.8735143044905	0.699649901165173	4.3
2591.5239756394394	4300	18.43431775502245	0.0	1972048	5369.7708531755325	0.699649901165173	4.3
2597.86269003502	4300	16.095603359441697	0.0	2134614	6338.714395580755	0.699649901165173	4.3
2602.227190818742	4300	15.731102575719207	0.0	2164140	4364.5007837224875	0.699649901165173	4.3
2604.665249292326	2850	17.293044102136097	0.0	1341201	2438.0584735831103	0.699649901165173	1.4000000000000001
2607.3626700339555	2850	18.595623360506327	0.0	1497683	2697.420741629769	0.699649901165173	2.85
2609.952000548977	2850	20.006292845484953	0.0	1358081	2589.330515021376	0.699649901165173	2.85
2613.648603256323	2850	20.309690138138976	0.0	1587293	3696.602707345975	0.699649901165173	2.85
2620.6578510033896	4300	17.300442391072153	0.0	2307787	7009.247747066822	0.699649901165173	2.8499999999999996
2626.106126350157	4300	15.852167044305155	0.0	2143948	5448.275346766998	0.699649901165173	4.3
2630.049015762698	4300	15.909277631763555	0.0	1919781	3942.8894125416	0.699649901165173	4.3
2637.330240378134	4300	12.62805301632794	0.0	2147467	7281.2246154356135	0.699649901165173	4.3
2641.3433241494404	2850	12.614969245021381	0.0	1427478	4013.08377130656	0.699649901165173	1.4000000000000001
2645.1785574163623	2850	12.779735978099845	0.0	1402287	3835.2332669215357	0.699649901165173	2.85
2648.7369058063646	2850	13.221387588097722	0.0	1339500	3558.3483900021247	0.699649901165173	2.85
2651.5580193755713	2850	14.400274018890498	0.0	1527299	2821.113569207223	0.699649901165173	2.85
2654.612586521045	2850	15.345706873416798	0.0	1343002	3054.567145473699	0.699649901165173	2.85
2658.9107265883713	2850	15.047566806090806	0.0	1587250	4298.140067325991	0.699649901165173	2.85
2661.0836092846403	2850	16.87468410982178	0.0	1464921	2172.8826962690296	0.699649901165173	2.85
2667.020536264599	4300	14.937757129863437	0.0	2246506	5936.92697995834	0.699649901165173	2.8499999999999996
2672.6666080745963	4300	13.291685319866033	0.0	1961140	5646.071809997404	0.699649901165173	4.3
2679.466360434164	4300	10.491932960298296	0.0	2155012	6799.752359567738	0.699649901165173	4.3
2680.523228963384	750	13.435064431078013	0.0	450283	1056.8685292202827	0.699649901165173	0.75
2686.371087911573	2850	11.587205482889363	0.0	1431809	5847.858948188651	0.699649901165173	0.75
2690.2301416583596	2850	11.728151736102639	0.0	1300868	3859.0537467867252	0.699649901165173	2.85
2693.528234951575	2850	12.43005844288689	0.0	1520281	3298.093293215749	0.699649901165173	2.85
2697.4264102665347	2850	12.53188312792716	0.0	1472558	3898.1753149597303	0.699649901165173	2.85
2699.631027753698	2850	14.327265640764018	0.0	1224260	2204.6174871631415	0.699649901165173	2.85
2702.149021764304	2850	15.809271630158179	0.0	1388403	2517.9940106058393	0.699649901165173	2.85
2704.823711643021	2850	17.1345817514409	0.0	1638769	2674.689878717275	0.699649901165173	2.85
2706.8682289967765	2850	19.090064397685403	0.0	1348011	2044.5173537555006	0.699649901165173	2.85
2711.523834232422	4300	18.43445916203963	0.0	2169201	4655.605235645774	0.699649901165173	2.8499999999999996
2716.7994979701716	4300	17.158795424289927	0.0	2173522	5275.663737749704	0.699649901165173	4.3
2723.044710246566	4300	14.913583147895936	0.0	2102452	6245.212276393992	0.699649901165173	4.3
2726.5359757028436	4300	15.422317691617835	0.0	2209463	3491.2654562781026	0.699649901165173	4.3
2732.3898659339716	4300	13.568427460490161	0.0	2275376	5853.890231127673	0.699649901165173	4.3
2735.2185901901566	2850	14.739703204304806	0.0	1231445	2828.724256185356	0.699649901165173	1.4000000000000001
2738.7835770946117	2850	15.174716299849953	0.0	1471065	3564.986904454852	0.699649901165173	2.85
2741.984929075826	2850	15.973364318635735	0.0	1491626	3201.351981214219	0.699649901165173	2.85
2744.3930181133824	2850	17.56527528107974	0.0	1358801	2408.0890375559948	0.699649901165173	2.85
2747.110317957979	2850	18.84797543648256	0.0	1537156	2717.2998445971793	0.699649901165173	2.85
2750.6340499481003	2850	19.32424344636131	0.0	1336050	3523.7319901212522	0.699649901165173	2.85
2753.67819401607	2850	20.280099378391544	0.0	1415116	3044.144067969767	0.699649901165173	2.85
2758.8735873106907	2850	19.084706083770858	0.0	1468126	5195.39329462069	0.699649901165173	2.85
2763.673303642845	2850	18.284989751616852	0.0	1505760	4799.716332154004	0.699649901165173	2.85
2768.0857090866743	2850	17.872584307787537	0.0	1323990	4412.405443829318	0.699649901165173	2.85
2771.1533669260284	2850	18.804926468433194	0.0	1383735	3067.6578393543437	0.699649901165173	2.85
2773.6878359046714	2850	20.270457489790367	0.0	1480464	2534.4689786428294	0.699649901165173	2.85
2776.9423698430687	2850	21.015923551393353	0.0	1547572	3254.533938397014	0.699649901165173	2.85
2781.1505428213068	2850	20.807750573155236	0.0	1141971	4208.172978238117	0.699649901165173	2.85
2783.975453000058	2850	21.98284039440353	0.0	1498470	2824.9101787517075	0.699649901165173	2.85
2788.00750032356	2850	21.950793070901753	0.0	1561263	4032.0473235017776	0.699649901165173	2.85
2792.0405053170384	2850	21.91778807742343	0.0	1341201	4033.004993478319	0.699649901165173	2.85
2795.4781332986486	2850	22.480160095813392	0.0	1497683	3437.627981610039	0.699649901165173	2.85
2798.6190618961678	2850	23.33923149829442	0.0	1358081	3140.9285975189737	0.699649901165173	2.85
2804.4524959869855	2850	21.50579740747668	0.0	1587293	5833.434090817738	0.699649901165173	2.85
2811.168227563048	2850	18.790065831414214	0.0	1492672	6715.731576062469	0.699649901165173	2.85
2816.474925585911	2850	17.483367808550703	0.0	1439896	5306.69802286351	0.699649901165173	2.85
2820.5233061536946	2850	17.434987240767242	0.0	1139291	4048.3805677834616	0.699649901165173	2.85
2823.980366437114	2850	17.977926957348078	0.0	1499009	3457.0602834191614	0.699649901165173	2.85
2828.512126947896	2850	17.44616644656595	0.0	1427478	4531.76051078213	0.699649901165173	2.85
2831.0330928648523	2850	18.925200529609732	0.0	1402287	2520.965916956214	0.699649901165173	2.85
2833.231758605597	2850	20.726534788864985	0.0	1339500	2198.6657407447487	0.699649901165173	2.85
2835.718676651731	2850	22.239616742730803	0.0	1527299	2486.9180461341825	0.699649901165173	2.85
2839.870396779857	4300	22.08789661460473	0.0	2121928	4151.720128126072	0.699649901165173	2.8499999999999996
2844.2949625028837	4300	21.663330891578035	0.0	2219102	4424.565723026695	0.699649901165173	4.3
2850.324714342111	4300	19.633579052351102	0.0	2124950	6029.751839226935	0.699649901165173	4.3
2854.366874958112	4300	19.591418436350047	0.0	2246506	4042.160616001058	0.699649901165173	4.3
2857.6720453393386	4300	20.286248055123266	0.0	1961140	3305.1703812267806	0.699649901165173	4.3
2862.9208522215795	4300	19.037441172882268	0.0	2155012	5248.8068822410005	0.699649901165173	4.3
2864.01674131673	750	21.941552077731426	0.0	450283	1095.8890951508388	0.699649901165173	0.75
2866.3451334774127	2850	23.613159917048943	0.0	1431809	2328.392160682484	0.699649901165173	0.75
2869.7770525556903	4300	24.181240838771455	0.0	2177073	3431.919078277488	0.699649901165173	2.8499999999999996
2873.666316768904	4300	24.29197662555761	0.0	2160877	3889.264213213842	0.699649901165173	4.3
2882.4966340593646	4300	19.46165933509677	0.0	2233056	8830.31729046084	0.699649901165173	4.3
2885.7036334463755	4300	20.25465994808568	0.0	1941625	3206.999387011087	0.699649901165173	4.3
2889.623136502221	4300	20.335156892240338	0.0	2157535	3919.5030558453436	0.699649901165173	4.3
2894.746379261423	4300	19.211914133038245	0.0	2290172	5123.242759202093	0.699649901165173	4.3
2900.6908065055222	4300	17.26748688893904	0.0	2055469	5944.427244099207	0.699649901165173	4.3
2903.2143244823556	2850	18.743968912105498	0.0	1429765	2523.5179768335406	0.699649901165173	1.4000000000000001
2908.1160010037624	2850	17.84229239069899	0.0	1354548	4901.67652140651	0.699649901165173	2.85
2911.587135554641	2850	18.371157839820146	0.0	1519951	3471.1345508788413	0.699649901165173	2.85
2916.1690652986076	2850	17.789228095853595	0.0	1422919	4581.929743966549	0.699649901165173	2.85
2919.8479717899004	2850	18.110321604561047	0.0	1578343	3678.9064912925514	0.699649901165173	2.85
2922.765735638111	2850	19.19255775635051	0.0	1231445	2917.7638482105353	0.699649901165173	2.85
2925.897248579066	2850	20.06104481539569	0.0	1471065	3131.5129409548185	0.699649901165173	2.85
2928.9257708188748	2850	21.032522575586867	0.0	1491626	3028.522239808823	0.699649901165173	2.85
2931.7326813869313	2850	22.225612007530234	0.0	1358801	2806.9105680566327	0.699649901165173	2.85
2935.9879555333196	2850	21.970337861142166	0.0	1537156	4255.274146388069	0.699649901165173	2.85
2939.4823163029478	2850	22.47597709151389	0.0	1336050	3494.360769628275	0.699649901165173	2.85
2942.715661722757	2850	23.242631671704768	0.0	1415116	3233.345419809124	0.699649901165173	2.85
2947.1739718270073	2850	22.784321567454192	0.0	1468126	4458.310104250573	0.699649901165173	2.85
2953.5465795075957	2850	20.411713886865638	0.0	1505760	6372.607680588557	0.699649901165173	2.85
2958.7623170978122	2850	19.19597629664923	0.0	1323990	5215.737590216407	0.699649901165173	2.85
2962.033303117463	2850	19.92499027699827	0.0	1383735	3270.986019650962	0.699649901165173	2.85
2964.4876844940604	2850	21.47060890040096	0.0	1480464	2454.381376597306	0.699649901165173	2.85
2967.351071858716	2850	22.60722153574561	0.0	1547572	2863.387364655353	0.699649901165173	2.85
2969.44623956077	2850	24.51205383369083	0.0	1141971	2095.1677020547777	0.699649901165173	2.85
2972.511226600066	2850	25.44706679439556	0.0	1498470	3064.9870392952676	0.699649901165173	2.85
2979.0869391258393	4300	22.871354268622294	0.0	2164140	6575.712525773268	0.699649901165173	2.8499999999999996
2985.3126197234565	4300	20.645673671004886	0.0	2113193	6225.6805976174055	0.699649901165173	4.3
2988.642150123612	4300	21.316143270849174	0.0	2147852	3329.530400155713	0.699649901165173	4.3
2992.2787256430447	4300	21.679567751416627	0.0	2191074	3636.575519432547	0.699649901165173	4.3
2996.5564213255234	4300	21.401872068937884	0.0	2286761	4277.695682478743	0.699649901165173	4.3
3001.262705295491	4300	20.69558809897025	0.0	2307787	4706.28396996763	0.699649901165173	4.3
3008.785052757439	4300	17.1732406370223	0.0	2143948	7522.347461947952	0.699649901165173	4.3
3014.409326481639	4300	15.548966912822703	0.0	1919781	5624.2737241995965	0.699649901165173	4.3
3019.5824617930775	4300	14.375831601384062	0.0	2147467	5173.135311438639	0.699649901165173	4.3
3023.2798789573035	4300	14.678414437157778	0.0	2133870	3697.4171642262854	0.699649901165173	4.3
3030.279720230624	4300	11.678573163837555	0.0	2146120	6999.841273320223	0.699649901165173	4.3
3033.2239127979974	2850	12.73438059646437	0.0	1339500	2944.1925673731866	0.699649901165173	1.4000000000000001
3036.1849566758738	2850	13.77333671858787	0.0	1527299	2961.0438778764974	0.699649901165173	2.85
3039.853804976671	2850	14.104488417790497	0.0	1343002	3668.848300797373	0.699649901165173	2.85
3042.8904122249155	2850	15.067881169546052	0.0	1587250	3036.607248244445	0.699649901165173	2.85
3045.341021549944	2850	16.61727184451772	0.0	1464921	2450.609325028331	0.699649901165173	2.85
3050.9466071306183	4300	15.01168626384346	0.0	2246506	5605.58558067426	0.699649901165173	2.8499999999999996
3059.563150277181	4300	10.395143117280469	0.0	1961140	8616.54314656299	0.699649901165173	4.3
3067.551391858698	4300	6.406901535763455	0.0	2155012	7988.241581517014	0.699649901165173	4.3
3069.307831572059	750	8.650461822402468	0.0	450283	1756.4397133609878	0.699649901165173	0.75
3071.662957470924	1200	10.295335923537474	0.0	611087	2355.125898864994	0.699649901165173	0.75
3073.89749587191	1200	12.060797522551782	0.0	571051	2234.538400985691	0.699649901165173	1.2
3076.183219259845	1200	13.775074134616704	0.0	617681	2285.7233879350783	0.699649901165173	1.2
3079.356866090117	1850	14.60142730434497	0.0	996749	3173.6468302717335	0.699649901165173	1.2000000000000002
3082.274988893814	1850	15.683304500647559	0.0	801058	2918.122803697411	0.699649901165173	1.85
3084.8013286638343	1850	17.156964730627664	0.0	905515	2526.3397700198957	0.699649901165173	1.85
3088.2593955724287	1850	17.69889782203355	0.0	1060487	3458.066908594112	0.699649901165173	1.85
3090.8620631498434	1850	19.09623024461883	0.0	852833	2602.667577414723	0.699649901165173	1.85
3094.375280736459	1850	19.583012658003295	0.0	913888	3513.217586615533	0.699649901165173	1.85
3101.3018204750774	1850	16.65647291938477	0.0	939819	6926.53973861853	0.699649901165173	1.85
3103.7223335997196	1850	18.23595979474254	0.0	917428	2420.513124642225	0.699649901165173	1.85
3106.216404942451	1850	19.74188845201111	0.0	946851	2494.0713427314317	0.699649901165173	1.85
3108.938926204465	1850	21.019367189996956	0.0	1036454	2722.5212620141538	0.699649901165173	1.85
3111.1137392757933	1850	22.844554118669187	0.0	821631	2174.8130713277687	0.699649901165173	1.85
3113.5474340403016	1850	24.410859354160966	0.0	923170	2433.6947645082237	0.699649901165173	1.85
3116.092109425285	1850	25.86618396917734	0.0	966699	2544.6753849836273	0.699649901165173	1.85
3119.8459412706015	2850	26.112352123860614	0.0	1358801	3753.831845316722	0.699649901165173	1.85
3124.0252972628805	2850	25.932996131581408	0.0	1537156	4179.355992279207	0.699649901165173	2.85
3129.517853065309	4300	24.4404403291531	0.0	2156729	5492.555802428308	0.699649901165173	2.8499999999999996
3134.6163848303418	4300	23.341908564120242	0.0	2039773	5098.531765032853	0.699649901165173	4.3
3140.9023922479305	4300	21.055901146531383	0.0	2176469	6286.007417588864	0.699649901165173	4.3
3145.7256397895358	4300	20.232653604926234	0.0	2221506	4823.247541605147	0.699649901165173	4.3
3151.276855457054	4300	18.681437937407768	0.0	2044075	5551.215667518468	0.699649901165173	4.3
3156.6665351201577	4300	17.291758274304357	0.0	2186790	5389.679663103411	0.699649901165173	4.3
3160.170732747308	2850	17.787560647154073	0.0	1480464	3504.1976271502804	0.699649901165173	1.4000000000000001
3163.600840709167	2850	18.357452685295122	0.0	1547572	3430.1079618589524	0.699649901165173	2.85
3167.0859641576544	2850	18.872329236807715	0.0	1141971	3485.1234484874067	0.699649901165173	2.85
3172.76960050214	2850	17.188692892322155	0.0	1498470	5683.63634448556	0.699649901165173	2.85
3176.944612237014	2850	17.013681157448275	0.0	1561263	4175.011734873883	0.699649901165173	2.85
3179.646637548449	2850	18.311655846013046	0.0	1341201	2702.0253114352254	0.699649901165173	2.85
3182.4492852563462	2850	19.509008138115817	0.0	1497683	2802.64770789723	0.699649901165173	2.85
3185.708147032546	2850	20.25014636191634	0.0	1358081	3258.8617761994738	0.699649901165173	2.85

