605372.1071673901	750	4.0	4.760577597621306	450283	4760.577597621306	0.75	-19.720483669771614
605374.1739021322	750	5.933265257996364	0.0	398865	2066.734742003636	0.75	0.75
605375.8054955555	750	8.301671834677412	0.0	350812	1631.5934233189523	0.75	0.75
605378.9801428684	1850	9.127024521797638	0.0	933276	3174.647312879774	0.75	0.75
605382.3652601269	1850	9.741907263381478	0.0	996749	3385.117258416162	0.75	1.85
605387.0910853235	1850	9.016082066755118	0.0	801058	4725.82519662636	0.75	1.85
605392.4070799781	1850	7.7000874120600304	0.0	905515	5315.994654695088	0.75	1.85
605395.698280153	1850	8.408887237116362	0.0	1060487	3291.2001749436686	0.75	1.85
605397.2200289175	1850	10.887138472650294	0.0	852833	1521.7487644660669	0.75	1.85
605399.4250578812	1850	12.682109509068818	0.0	913888	2205.028963581478	0.75	1.85
605401.8886202854	1850	14.218547104749222	0.0	939819	2463.5624043195967	0.75	1.85
605407.65958023	1850	12.447587160195239	0.0	917428	5770.959944553983	0.75	1.85
605415.625130342	1850	8.482037048164438	0.0	946851	7965.550112030799	0.6499999999999999	1.85
605421.621564359	1850	6.485603031133281	0.0	1036454	5996.434017031158	0.6499999999999999	1.85
605425.313395137	1200	6.793772253303401	0.0	526950	3691.8307778298795	0.6499999999999999	0.5499999999999999
605427.1203713153	1200	8.98679607499392	0.0	587876	1806.9761783094796	0.6499999999999999	1.2
605428.5494671259	1200	11.557700264358173	0.0	617242	1429.0958106357475	0.6499999999999999	1.2
605430.1672785748	1200	13.93988881539272	0.0	581493	1617.8114489654527	0.6499999999999999	1.2
605432.4636952416	1200	15.6434721487036	0.0	639204	2296.4166666891206	0.6499999999999999	1.2
605435.1843676345	1200	16.922799755823167	0.0	586839	2720.6723928804363	0.6499999999999999	1.2
605439.9952337083	1200	16.111933681954827	0.0	601738	4810.8660738683375	0.6499999999999999	1.2
605445.5964569078	1200	14.5107104824243	0.0	616206	5601.223199530527	0.6499999999999999	1.2
605448.9794521184	1200	15.127715271790247	0.0	656471	3382.9952106340515	0.6499999999999999	1.2
605451.0037537799	1200	17.103413610350717	0.0	536667	2024.301661439531	0.6499999999999999	1.2
605452.888770098	1200	19.21839729226184	0.0	587236	1885.016318088878	0.6499999999999999	1.2
605454.8364328926	1200	21.270734497642838	0.0	590335	1947.6627946190033	0.6499999999999999	1.2
605458.5296837722	1850	21.57748361802855	0.0	1076599	3693.250879614292	0.6499999999999999	1.2000000000000002
605461.2359742668	1850	22.87119312341403	0.0	758197	2706.290494614516	0.6499999999999999	1.85
605464.6856132137	1850	23.421554176570385	0.0	972798	3449.638946843646	0.6499999999999999	1.85
605467.7850794609	1850	24.322087929294902	0.0	975811	3099.466247275482	0.6499999999999999	1.85
605470.2745155493	1850	25.83265184092893	0.0	873429	2489.436088365976	0.6499999999999999	1.85
605473.4630028844	1850	26.64416450582493	0.0	954453	3188.487335104	0.6499999999999999	1.85
605477.251936255	1850	26.855231135290385	0.0	885062	3788.9333705345425	0.6499999999999999	1.85
605480.7865418827	1850	27.320625507675445	0.0	1035329	3534.605627614941	0.6499999999999999	1.85
605483.5470297204	1850	28.56013766983697	0.0	1026056	2760.4878378384797	0.6499999999999999	1.85
605487.2560616109	1850	28.851105779293587	0.0	943942	3709.03189054338	0.6499999999999999	1.85
605488.562340566	1850	31.544826824264728	0.0	728962	1306.2789550288587	0.6499999999999999	1.85
605490.5986975399	1850	33.508469850245945	0.0	938587	2036.3569740187838	0.6499999999999999	1.85
605493.9786160825	2850	34.12855130776556	0.0	1427478	3379.9185424803804	0.6499999999999999	1.85
605499.0198282219	4300	33.08733916832244	0.0	2146120	5041.212139443125	0.6499999999999999	2.8499999999999996
605507.1542965678	4300	28.952870822406435	0.0	2108491	8134.468345916003	0.6499999999999999	4.3
605512.9926716355	4300	27.114495754657256	0.0	2184571	5838.37506774918	0.6499999999999999	4.3
605518.5151031925	4300	25.592064197650274	0.0	2121928	5522.431557006981	0.8	4.3
605525.6624423219	4300	22.44472506834442	0.0	2219102	7147.339129305854	0.8	4.3
605530.9567865398	4300	21.150380850486428	0.0	2124950	5294.3442178579935	0.8	4.3
605536.7960141054	4300	19.31115328479217	0.0	2246506	5839.227565694258	0.8	4.3
605542.0508339363	4300	18.05633345385635	0.0	1961140	5254.8198309358195	0.8	4.3
605549.0024445365	4300	15.104722853677977	0.0	2155012	6951.610600178374	0.8	4.3
605550.0821523753	750	18.025015015059573	0.0	450283	1079.7078386184062	0.8	0.75
605553.7879311985	2850	18.319236191844677	0.0	1431809	3705.7788232148982	0.8	0.75
605557.056715898	2850	19.050451492255476	0.0	1300868	3268.7846995892005	0.8	2.85
605559.7873256226	2850	20.31984176759948	0.0	1520281	2730.6097246559943	0.8	2.85
605565.6891939011	4300	18.41797348911041	0.0	2233056	5901.868278489074	0.8	2.8499999999999996
605568.9757377692	4300	19.13142962112134	0.0	1941625	3286.543867989068	0.8	4.3
605573.6436307767	4300	18.46353661354502	0.0	2157535	4667.893007576319	0.8	4.3
605577.4946246865	4300	18.612542703594766	0.0	2290172	3850.993909950254	0.8	4.3
605587.3877507659	4300	12.71941662431435	0.0	2055469	9893.126079280415	0.8	4.3
605596.0864429838	4300	8.020724406370718	0.0	2169201	8698.692217943631	0.8	4.3
605601.5420926302	2850	6.56507476010629	0.0	1354548	5455.649646264428	0.8	1.4000000000000001
605607.6541594565	2850	4.453007933763286	0.0	1519951	6112.066826343004	0.8	2.85
605611.4613277072	1850	4.645839683131997	0.0	946851	3807.1682506312895	0.8	0.8500000000000001
605622.3059855539	1850	4.0	6.198818163588498	1036454	10844.657846720494	0.8	-24.804918103430538
605625.0162418635	1200	5.289743690349092	0.0	526950	2710.256309650907	0.8	0.5499999999999999
605628.1590409325	1200	6.1469446212785614	0.0	587876	3142.799069070531	0.8	1.2
605629.610077297	1200	8.695908256786554	0.0	617242	1451.0363644920076	0.8	1.2
605630.8922799904	1200	11.41370556338594	0.0	581493	1282.2026934006135	0.8	1.2
605632.2937967934	1200	14.012188760204396	0.0	639204	1401.5168031815442	0.8	1.2
605636.095649605	1850	14.210335948614357	0.0	923755	3801.852811590037	0.8	1.2000000000000002
605639.6283611073	1850	14.677624446316255	0.0	891604	3532.711502298104	0.8	1.85
605641.5416492833	1850	16.764336270377353	0.0	955231	1913.2881759389024	0.8	1.85
605646.4960708915	2850	15.809914662157011	0.0	1505760	4954.421608220343	0.8	1.85
605649.8058789225	2850	16.500106631243938	0.0	1323990	3309.8080309130755	0.8	2.85
605654.1442125275	2850	16.16177302616466	0.0	1383735	4338.333605079276	0.8	2.85
605656.9886227094	2850	17.31736284432978	0.0	1480464	2844.4101818348818	0.8	2.85
605664.2195794774	2850	14.08640607631153	0.0	1547572	7230.956768018249	0.8	2.85
605670.4385139218	2850	11.86747163182731	0.0	1141971	6218.934444484219	0.8	2.85
605677.4048577064	2850	8.901127847208745	0.0	1498470	6966.343784618566	0.8	2.85
605683.9464651257	2850	6.359520427913477	0.0	1561263	6541.607419295268	0.8	2.85
605685.724255189	1850	8.58173036464391	0.0	873429	1777.7900632695673	0.8	0.8500000000000001
605687.6781489429	1850	10.627836610744842	0.0	954453	1953.893753899068	0.8	1.85
605689.9173674348	1850	12.388618118675518	0.0	885062	2239.218492069324	0.8	1.85
605696.2634637376	1850	10.042521815885975	0.0	1035329	6346.096302789542	0.8	1.85
605700.7759165133	1850	9.530069040173162	0.0	1026056	4512.452775712812	0.8	1.85
605703.1033564158	1850	11.202629137786989	0.0	943942	2327.4399023861743	0.8	1.85
605704.7839477645	1850	13.522037789059574	0.0	728962	1680.591348727416	0.8	1.85
605707.1337007583	1850	15.172284795185389	0.0	938587	2349.752993874184	0.8	1.85
605710.0732962734	2850	16.232689280187024	0.0	1427478	2939.5955149983656	0.8	1.85
605712.9624279139	2850	17.343557639671012	0.0	1402287	2889.13164051601	0.8	2.85
605716.7088608936	2850	17.59712465994969	0.0	1339500	3746.432979721325	0.8	2.85
605719.8190976026	2850	18.486887950988923	0.0	1527299	3110.236708960765	0.8	2.85
605723.7736368335	4300	18.532348720056508	0.0	2121928	3954.5392309324166	0.8	2.8499999999999996
605728.4525624546	4300	17.853423098986866	0.0	2219102	4678.92562106964	0.8	4.3
605735.8532650582	4300	14.452720495254326	0.0	2124950	7400.702603732542	0.8	4.3
605742.3823851051	4300	11.923600448359219	0.0	2246506	6529.120046895107	0.8	4.3
605747.4252547354	4300	10.880730818186755	0.0	1961140	5042.869630172464	0.8	4.3
605752.5908274265	4300	9.715158127040862	0.0	2155012	5165.572691145893	0.8	4.3
605753.7334418937	750	12.57254365988836	0.0	450283	1142.6144671525014	0.8	0.75
605757.1923412917	2850	13.113644261956047	0.0	1431809	3458.8993979323136	0.8	0.75
605760.3422354619	2850	13.96375009172146	0.0	1300868	3149.8941702345865	0.8	2.85
605768.2764591803	2850	10.029526373417971	0.0	1520281	7934.2237183034895	0.8	2.85
605777.2037065316	2850	5.102279022155475	0.0	1472558	8927.247351262497	0.8	2.85
605780.1928009323	1850	6.113184621387162	0.0	801058	2989.0944007683133	0.8	0.8500000000000001
605783.8926036183	1850	6.413381935249914	0.0	905515	3699.8026861372477	0.8	1.85
605787.6690007526	1850	6.636984801047008	0.0	1060487	3776.397134202906	0.8	1.85
605790.5723536921	1850	7.733631861486868	0.0	852833	2903.3529395601395	0.8	1.85
605793.6778327381	1850	8.62815281549693	0.0	913888	3105.4790459899377	0.8	1.85
605796.8691578585	1850	9.43682769521609	0.0	939819	3191.325120280841	0.8	1.85
605799.9863562791	1850	10.319629274617006	0.0	917428	3117.1984205990852	0.8	1.85
605803.0672833159	1850	11.238702237808386	0.0	946851	3080.927036808619	0.8	1.85
605806.324161059	1850	11.981824494729247	0.0	1036454	3256.877743079137	0.8	1.85
605808.8655137877	1850	13.440471766043098	0.0	821631	2541.352728686149	0.8	1.85
605812.5340518419	1850	13.771933711816585	0.0	923170	3668.538054226511	0.8	1.85
605817.5797548678	1850	12.726230686015409	0.0	966699	5045.7030258011755	0.8	1.85
605820.7395255812	1850	13.566459972576453	0.0	885714	3159.7707134389566	0.8	1.85
605824.0195152628	1850	14.28647029101232	0.0	987708	3279.9896815641337	0.8	1.85
605827.226982322	1850	15.079003231706068	0.0	923755	3207.4670593062515	0.8	1.85
605830.3992781967	1850	15.906707357112555	0.0	891604	3172.295874593515	0.8	1.85
605834.6272407443	1850	15.6787448094596	0.0	955231	4227.9625476529545	0.8	1.85
605838.7714694405	1850	15.534516113247438	0.0	968026	4144.228696212162	0.8	1.85
605842.0908225474	1850	16.21516300636698	0.0	874175	3319.353106880459	0.8	1.85
605847.5372205027	1850	14.768765051032315	0.0	897976	5446.397955334665	0.8	1.85
605854.6031193045	2850	11.70286624927493	0.0	1480464	7065.898801757385	0.8	1.85
605861.2389231254	2850	9.067062428432695	0.0	1547572	6635.803820842234	0.8	2.85
605863.7302104635	1850	10.575775090266372	0.0	758197	2491.287338166323	0.8	0.8500000000000001
605868.3726629956	1850	9.933322558238553	0.0	972798	4642.452532027818	0.8	1.85
605871.3730208633	1850	10.932964690511861	0.0	975811	3000.3578677266914	0.8	1.85
605873.9198685429	1850	12.386117010844758	0.0	873429	2546.8476796671016	0.8	1.85
605876.7800711276	1850	13.525914426192232	0.0	954453	2860.2025846525266	0.8	1.85
605879.0878556377	1850	15.21812991602911	0.0	885062	2307.784510163122	0.8	1.85
605881.6654628898	1850	16.64052266386064	0.0	1035329	2577.6072521684678	0.8	1.85
605887.5117638404	2850	14.794221713246058	0.0	1492672	5846.300950614583	0.8	1.85
605891.3270864805	2850	14.978899073175771	0.0	1439896	3815.3226400702865	0.8	2.85
605894.0440065773	2850	16.261978976272008	0.0	1139291	2716.9200969037634	0.8	2.85
605905.7954357419	2850	8.510549811773105	0.0	1499009	11751.429164498904	0.8	2.85
605912.1499414089	2850	6.156044144809932	0.0	1427478	6354.505666963172	0.8	2.85
605916.1728565673	1850	6.133128986417567	0.0	930577	4022.9151583923654	0.8	0.8500000000000001
605918.5820941189	1200	7.7238914347529315	0.0	566904	2409.2375516646352	0.8	0.5499999999999999
605921.2976269182	1200	9.008358635565797	0.0	641452	2715.5327991871345	0.8	1.2
605925.0189814091	1850	9.287004144592826	0.0	886255	3721.354490972971	0.8	1.2000000000000002
605929.1007385968	1850	9.2052469570092	0.0	973972	4081.7571875836265	0.8	1.85
605933.1209556999	1850	9.185029853899898	0.0	958994	4020.217103109301	0.8	1.85
605937.2359604748	1850	9.070025078950385	0.0	982064	4115.0047749495125	0.8	1.85
605942.3756417584	2850	7.930343795306725	0.0	1231456	5139.681283643659	0.8	1.85
605948.0621127324	2850	6.243872821322054	0.0	1364537	5686.470973984671	0.8	2.85
605949.9921897693	750	8.313795784511223	0.0	450283	1930.0770368108301	0.8	0.75
605955.3263246773	1850	6.979660876382733	0.0	957685	5334.134908128491	0.8	0.75
605963.6136361904	1850	4.0	1.3076506366362237	877771	8287.311513018956	0.8	-3.7728977375357613
605967.0481532464	1200	4.565482944037696	0.0	617681	3434.517055962304	0.8	0.5499999999999999
605970.8421363034	1200	4.771499886986814	0.0	652874	3793.983057050882	0.8	1.2
605975.9276734018	1200	4.0	0.3140372114379161	520315	5085.53709842473	0.8	-0.15036000918303905
605979.7192908161	750	4.208382585762219	0.0	352642	3791.6174142377813	0.8	0.3
605982.9293906881	750	4.998282713812583	0.0	437162	3210.099871949635	0.8	0.75
605984.8490266394	750	7.078646762509615	0.0	374758	1919.6359513029674	0.7	0.75
605986.7659889437	750	9.16168445820815	0.0	362795	1916.962304301465	0.7	0.75
605988.6316198815	750	11.296053520382223	0.0	353220	1865.630937825927	0.7	0.75
605992.3967458394	750	11.5309275625529	0.0	405134	3765.1259578293234	0.7	0.75
605994.0033400237	750	13.924333378299615	0.0	386351	1606.594184253287	0.7	0.75
605996.9106097028	750	15.01706369908681	0.0	434409	2907.269679212804	0.7	0.75
605998.8951423299	1200	17.032531072042136	0.0	526950	1984.5326270446722	0.7	0.75
606000.9168266824	1200	19.010846719414566	0.0	587876	2021.68435262757	0.7	1.2
606004.2758870083	1850	19.651786393566436	0.0	966699	3359.060325848131	0.7	1.2000000000000002
606007.2623136888	1850	20.66535971307641	0.0	885714	2986.426680490024	0.7	1.85
606010.9219857228	1850	21.00568767897086	0.0	987708	3659.6720341055466	0.7	1.85
606013.6992045359	1850	22.228468865903196	0.0	923755	2777.218813067665	0.7	1.85
606016.9785001206	2850	22.94917328140067	0.0	1415116	3279.295584502523	0.7	1.85
606021.2494515451	2850	22.67822185683701	0.0	1468126	4270.951424563664	0.7	2.85
606025.9492184815	2850	21.978454920402786	0.0	1505760	4699.76693643422	0.7	2.85
606029.8097060651	2850	22.117967336870677	0.0	1323990	3860.4875835321063	0.7	2.85
606033.6819546602	2850	22.24571874176156	0.0	1383735	3872.248595109118	0.7	2.85
606037.6096540233	2850	22.318019378642237	0.0	1480464	3927.6993631193204	0.7	2.85
606042.9982142732	2850	20.929459128768407	0.0	1547572	5388.560249873828	0.7	2.85
606046.9700705744	2850	20.957602827624463	0.0	1141971	3971.856301143948	0.7	2.85
606050.5715561234	2850	21.35611727848056	0.0	1498470	3601.485549143903	0.7	2.85
606054.0352552225	2850	21.89241817953127	0.0	1561263	3463.6990989492933	0.7	2.85
606057.0220176419	2850	22.905655760124745	0.0	1341201	2986.762419406526	0.7	2.85
606060.3479208739	2850	23.57975252818261	0.0	1497683	3325.9032319421353	0.7	2.85
606063.3712670341	2850	24.55640636805446	0.0	1358081	3023.346160128149	0.7	2.85
606068.4073257732	4300	23.520347628935948	0.0	2286761	5036.058739118512	0.7	2.8499999999999996
606073.4446873195	4300	22.482986082703135	0.0	2307787	5037.361546232814	0.7	4.3
606078.2156168551	4300	21.712056547038266	0.0	2143948	4770.929535664872	0.7	4.3
606081.7496504288	4300	22.178022973313652	0.0	1919781	3534.0335737246123	0.7	4.3
606085.7056717807	4300	22.222001621336776	0.0	2147467	3956.0213519768736	0.7	4.3
606089.1903598531	4300	22.73731354894409	0.0	2133870	3484.688072392686	0.7	4.3
606095.4644002339	4300	20.463273168118846	0.0	2146120	6274.040380825246	0.7	4.3
606102.1919254973	4300	17.735747904753087	0.0	2108491	6727.5252633657565	0.7	4.3
606111.598278916	4300	12.329394486052575	0.0	2184571	9406.353418700512	0.7	4.3
606123.4680275562	4300	4.459645845884142	0.0	2121928	11869.748640168433	0.7	4.3
606127.9597976272	1850	4.0	0.03212422509450425	973972	4491.770070978647	0.7	-0.7381341679063684
606130.4902521217	1200	5.469545505576204	0.0	630203	2530.454494423796	0.7	0.5499999999999999
606132.4968915501	1200	7.462906077042442	0.0	638661	2006.6394285337615	0.7	1.2
606137.1375307244	2850	6.822266902841112	0.0	1231456	4640.63917420133	0.7	1.2000000000000002
606140.1480679642	2850	7.811729663087606	0.0	1364537	3010.537239753505	0.7	2.85
606141.2508475566	750	10.708950070653874	0.0	450283	1102.7795924337338	0.7	0.75
606143.5929087842	1850	12.366888843135255	0.0	957685	2342.061227518617	0.7	0.75
606145.2219518451	1850	14.737845782295308	0.0	877771	1629.0430608399474	0.7	1.85
606147.4020571666	2850	16.55774046073697	0.0	1520281	2180.1053215583383	0.7	1.85
606149.6954325594	2850	18.26436506789273	0.0	1472558	2293.3753928442384	0.7	2.85
606151.6666668694	2850	20.293130757894765	0.0	1224260	1971.2343099979655	0.7	2.85
606156.0953339274	4300	19.864463699946427	0.0	2157535	4428.667057948335	0.7	2.8499999999999996
606159.4293140981	4300	20.53048352921455	0.0	2290172	3333.9801707318775	0.7	4.3
606162.3180341378	4300	21.64176348943858	0.0	2055469	2888.7200397759707	0.7	4.3
606165.373451237	4300	22.58634639028098	0.0	2169201	3055.417099157604	0.7	4.3
606170.7553948978	4300	21.20440272944841	0.0	2173522	5381.943660832567	0.7	4.3
606173.6658227075	4300	22.29397491983789	0.0	2102452	2910.427809610524	0.7	4.3
606179.1658286711	4300	20.793968956104422	0.0	2209463	5500.005963733469	0.7	4.3
606184.9496055073	4300	19.010192119938242	0.0	2275376	5783.776836166178	0.7	4.3
606188.2160651333	4300	19.7437324938924	0.0	2005399	3266.4596260458443	0.7	4.3
606191.558829027	4300	20.400968600289556	0.0	2152483	3342.7638936028447	0.7	4.3
606196.4977116282	4300	19.462085998973997	0.0	2289689	4938.882601315555	0.7	4.3
606201.2392785458	4300	18.720519081274066	0.0	2059512	4741.566917699932	0.7	4.3
606205.9104914882	4300	18.049306138911582	0.0	2220726	4671.212942362482	0.7	4.3
606209.9257851434	4300	18.034012483792072	0.0	2156729	4015.293655119512	0.7	4.3
606216.73745321	4300	15.222344417113858	0.0	2039773	6811.668066678211	0.7	4.3
606227.8764512006	4300	8.083346426468959	0.0	2176469	11138.997990644899	0.7	4.3
606233.0712057835	2850	6.888591843603964	0.0	1505760	5194.7545828649945	0.7	1.4000000000000001
606242.5665403521	2850	4.0	2.6067427249864594	1323990	9495.334568590424	0.7	-8.358993717441775
606244.5952762185	1200	5.971264133571814	0.0	587236	2028.7358664281865	0.7	-0.44999999999999996
606246.6342960806	1200	7.93224427152677	0.0	590335	2039.0198620450442	0.7	1.2
606251.5148708315	1850	7.051669520648416	0.0	1076599	4880.574750878353	0.7	1.2000000000000002
606254.8458845061	1850	7.720655846066513	0.0	758197	3331.0136745819036	0.7	1.85
606261.3359607098	1850	5.230579642388462	0.0	972798	6490.076203678051	0.7	1.85
606264.4539357885	1200	6.112604563672886	0.0	641447	3117.9750787155763	0.7	0.5499999999999999
606266.3473309109	1200	8.219209441361679	0.0	570392	1893.3951223112067	0.7	1.2
606268.3993399269	1200	10.167200425364678	0.0	620283	2052.0090159970027	0.7	1.2
606270.3371072628	1200	12.22943308934413	0.0	584349	1937.767336020546	0.7	1.2
606272.5475871081	1200	14.01895324404601	0.0	670129	2210.479845298122	0.7	1.2
606276.7935551439	1850	13.772985208316786	0.0	1026056	4245.968035729223	0.7	1.2000000000000002
606281.2258014285	1850	13.340738923553495	0.0	943942	4432.2462847632905	0.7	1.85
606284.0939818822	1850	14.472558469949965	0.0	728962	2868.180453603531	0.7	1.85
606287.5491827524	1850	15.017357599755119	0.0	938587	3455.200870194846	0.7	1.85
606290.9342667364	1850	15.632273615765245	0.0	908665	3385.0839839898745	0.7	1.85
606293.2224021784	1850	17.344138173751332	0.0	930577	2288.1354420139114	0.7	1.85
606294.9209126676	1850	19.64562768454322	0.0	858450	1698.510489208113	0.7	1.85
606297.4441426194	2850	21.12239773283121	0.0	1527299	2523.2299517120105	0.7	1.85
606299.86367149	2850	22.70286886229628	0.0	1343002	2419.528870534929	0.7	2.85
606302.1742409577	2850	24.392299394465038	0.0	1587250	2310.5694678312448	0.7	2.85
606305.8035014829	4300	24.76303886927335	0.0	2124950	3629.2605251916893	0.7	2.8499999999999996
606311.6873497006	4300	22.879190651653623	0.0	2246506	5883.848217619725	0.7	4.3
606316.1611105686	4300	22.405429783759143	0.0	1961140	4473.760867894476	0.7	4.3
606322.0374943148	4300	20.529046037550277	0.0	2155012	5876.383746208867	0.7	4.3
606323.137625497	750	23.428914855380473	0.0	450283	1100.1311821698025	0.7	0.75
606331.4528439675	4300	19.11369638492913	0.0	2123065	8315.218470451342	0.7	0.75
606338.2007940746	4300	16.365746277789288	0.0	2177073	6747.950107139843	0.7	4.3
606347.3479268062	4300	11.21861354605633	0.0	2160877	9147.132731732958	0.7	4.3
606352.5776881321	4300	9.988852220256357	0.0	2233056	5229.761325799975	0.7	4.3
606355.8963681996	4300	10.670172152672594	0.0	1941625	3318.6800675837617	0.7	4.3
606364.3543309937	2850	6.2122093585158	0.0	1388403	8457.962794156794	0.7	1.4000000000000001
606371.67405739	1850	4.0	1.107517037732684	1060487	7319.726396248484	0.7	-3.9123232622505406
606374.0096605462	1200	5.664396843790774	0.0	584846	2335.6031562092257	0.7	0.5499999999999999
606376.2502908084	1200	7.423766581542315	0.0	560821	2240.6302622484595	0.7	1.2
606378.6522612703	1200	9.021796119662632	0.0	607410	2401.970461879685	0.7	1.2
606380.9486354234	1200	10.725421966543733	0.0	594078	2296.374153118899	0.7	1.2
606384.255970232	1850	11.418087157952618	0.0	946851	3307.334808591114	0.7	1.2000000000000002
606387.9923673095	1850	11.681690080438742	0.0	1036454	3736.397077513875	0.7	1.85
606390.7659555313	1850	12.908101858827354	0.0	821631	2773.588221611388	0.7	1.85
606393.8610852424	1850	13.812972147650129	0.0	923170	3095.1297111772265	0.7	1.85
606398.2229654164	1850	13.451091973661917	0.0	966699	4361.880173988212	0.7	1.85
606401.120359552	1850	14.553697838048633	0.0	885714	2897.394135613285	0.7	1.85
606404.6096517396	1850	15.064405650492137	0.0	987708	3489.2921875564953	0.7	1.85
606407.4137608705	1850	16.26029651964896	0.0	923755	2804.1091308431755	0.7	1.85
606410.110790252	1850	17.563267138096773	0.0	891604	2697.029381552187	0.7	1.85
606412.9962335721	1850	18.677823817889312	0.0	955231	2885.443320207462	0.7	1.85
606419.3557315303	2850	16.318325859684894	0.0	1505760	6359.497958204418	0.7	1.85
606424.5099320885	2850	15.164125301485514	0.0	1323990	5154.200558199381	0.7	2.85
606428.4193985336	2850	15.254658856298734	0.0	1383735	3909.4664451867793	0.7	2.85
606436.6364150731	2850	11.037642316973093	0.0	1480464	8217.016539325641	0.7	2.85
606443.0845203067	2850	8.58953708329347	0.0	1547572	6448.105233679624	0.7	2.85
606446.1553727684	1850	9.518684621607312	0.0	758197	3070.8524616861573	0.7	0.8500000000000001
606449.6948314651	1850	9.97922592493032	0.0	972798	3539.4586966769907	0.7	1.85
606451.6895257338	1850	11.984531656247547	0.0	975811	1994.6942686827738	0.7	1.85
606453.4819341855	1850	14.192123204516099	0.0	873429	1792.4084517314475	0.7	1.85
606455.4331949108	1850	16.240862479282068	0.0	954453	1951.2607252340322	0.7	1.85
606457.2484105369	1850	18.4256468531621	0.0	885062	1815.215626119969	0.7	1.85
606460.8188525978	2850	18.85520479223895	0.0	1587293	3570.4420609231493	0.7	1.85
606466.7326131631	2850	16.94144422692125	0.0	1492672	5913.7605653177025	0.7	2.85
606469.6516104115	2850	18.02244697856754	0.0	1439896	2918.9972483537076	0.7	2.85
606472.0493122637	2850	19.624745126372346	0.0	1139291	2397.701852195193	0.7	2.85
606476.9876919001	2850	18.686365489925734	0.0	1499009	4938.37963644661	0.7	2.85
606479.8635610499	2850	19.810496340087482	0.0	1427478	2875.86914983825	0.7	2.85
606486.5213364065	2850	17.15272098355333	0.0	1402287	6657.775356534157	0.7	2.85
606502.510645013	2850	5.163412377008026	0.0	1339500	15989.308606545303	0.7	2.85
606506.0330167855	1850	5.641040604524706	0.0	1025005	3522.3717724833195	0.7	0.8500000000000001
606507.9964145568	1200	7.677642833228196	0.0	599477	1963.3977712965097	0.7	0.5499999999999999
606510.0814411653	1200	9.592616224621441	0.0	634861	2085.026608606757	0.7	1.2
606513.3783109387	1850	10.295746451185327	0.0	958994	3296.8697734361135	0.7	1.2000000000000002
606518.6607805777	1850	9.01327681227587	0.0	982064	5282.469638909454	0.7	1.85
606525.746806785	1850	5.927250604909154	0.0	830730	7086.026207366718	0.7	1.85
606530.3891248623	1850	5.284932527607705	0.0	846370	4642.318077301449	0.7	1.85
606532.4992702556	750	7.174787134313614	0.0	450283	2110.145393294091	0.7	0.75
606534.2864075584	750	9.387649831604481	0.0	398865	1787.1373027091329	0.7	0.75
606535.2196816218	750	12.454375768143269	0.0	350812	933.2740634612126	0.7	0.75
606536.9702557338	1200	14.703801656118404	0.0	617681	1750.5741120248636	0.7	0.75
606539.5276595863	1200	16.146397803691453	0.0	652874	2557.403852426951	0.7	1.2
606541.2061577092	1200	18.46789968070164	0.0	520315	1678.4981229898142	0.7	1.2
606543.3781727162	1850	20.29588467364794	0.0	905515	2172.015007053697	0.7	1.2000000000000002
606545.6844181801	1850	21.989639209806615	0.0	1060487	2306.2454638413237	0.7	1.85
606547.3557833681	1850	24.31827402178021	0.0	852833	1671.365188026405	0.7	1.85
606550.5331418727	2850	25.140915517153392	0.0	1429765	3177.3585046268176	0.7	1.85
606555.3217316422	4300	24.35232574772031	0.0	2173522	4788.5897694330815	0.7	2.8499999999999996
606559.9563595586	4300	23.71769783140563	0.0	2102452	4634.627916314682	0.7	4.3
606564.8228097891	4300	22.851247600977352	0.0	2209463	4866.450230428274	0.7	4.3
606569.8320500521	4300	21.84200733784058	0.0	2275376	5009.240263136773	0.7	4.3
606574.2564280778	4300	21.41762931220692	0.0	2005399	4424.378025633663	0.7	4.3
606582.7098091181	4300	16.96424827194075	0.0	2152483	8453.38104026617	0.7	4.3
606586.3476791441	4300	17.326378245874402	0.0	2289689	3637.870026066344	0.7	4.3
606590.2046738373	4300	17.469383552742066	0.0	2059512	3856.994693132338	0.7	4.3
606596.0639561154	4300	15.610101274715374	0.0	2220726	5859.282278026692	0.7	4.3
606600.1448673321	4300	15.529190057965534	0.0	2156729	4080.9112167498406	0.7	4.3
606603.5630035347	4300	16.111053855432264	0.0	2039773	3418.1362025332696	0.7	4.3
606606.854424024	4300	16.81963336607542	0.0	2176469	3291.4204893568462	0.7	4.3
606612.0873288673	4300	15.586728522740744	0.0	2221506	5232.904843334672	0.7	4.3
606614.8935677347	4300	16.780489655359865	0.0	2044075	2806.238867380877	0.7	4.3
606619.1726017112	4300	16.501455678760173	0.0	2186790	4279.033976599693	0.7	4.3
606622.6937951392	4300	16.980262250865316	0.0	2105231	3521.1934278948575	0.7	4.3
606626.2782757939	4300	17.395781596158432	0.0	2395588	3584.4806547068843	0.7	4.3
606628.8932105373	4300	18.780846852709846	0.0	1972048	2614.9347434485867	0.7	4.3
606631.8594338848	4300	19.814623505163325	0.0	2134614	2966.2233475465196	0.7	4.3
606634.9678379254	4300	20.7062194646038	0.0	2164140	3108.4040405595256	0.7	4.3
606637.9018536777	4300	21.77220371223323	0.0	2113193	2934.0157523705657	0.7	4.3
606641.1871831042	4300	22.486874285685786	0.0	2147852	3285.3294265474456	0.7	4.3
606644.3751470157	4300	23.298910374244205	0.0	2191074	3187.963911441582	0.7	4.3
606650.7882849865	4300	20.885772403450844	0.0	2286761	6413.137970793363	0.7	4.3
606654.7201626672	4300	20.95389472272835	0.0	2307787	3931.8776807224945	0.7	4.3
606660.3572522177	4300	19.3168051722641	0.0	2143948	5637.089550464251	0.7	4.3
606665.6668844789	4300	18.007172911121206	0.0	1919781	5309.632261142896	0.7	4.3
606670.6802232224	4300	16.99383416768716	0.0	2147467	5013.338743434043	0.7	4.3
606675.6623258132	4300	16.011731576843342	0.0	2133870	4982.102590843819	0.7	4.3
606680.7811191636	4300	14.892938226325814	0.0	2146120	5118.793350517528	0.7	4.3
606686.8579684044	4300	12.816088985562496	0.0	2108491	6076.8492407633175	0.7	4.3
606693.3843267412	4300	10.289730648745557	0.0	2184571	6526.358336816939	0.7	4.3
606696.2432997247	2850	11.430757665229248	0.0	1343002	2858.972983516308	0.7	1.4000000000000001
606699.3965153687	2850	12.277542021172676	0.0	1587250	3153.215644056572	0.7	2.85
606703.3832028917	2850	12.290854498209681	0.0	1464921	3986.687522962995	0.7	2.85
606707.9517363159	4300	11.72232107403458	0.0	2246506	4568.533424175101	0.7	2.8499999999999996
606712.2352772008	4300	11.438780189018	0.0	1961140	4283.54088501658	0.7	4.3
606719.066604668	4300	8.607452721833466	0.0	2155012	6831.327467184534	0.7	4.3
606720.2116097411	750	11.462447648795496	0.0	450283	1145.0050730379696	0.7	0.75
606723.3838018612	2850	12.290255528762062	0.0	1431809	3172.1921200334345	0.7	0.75
606725.6746149057	2850	13.99944248418902	0.0	1300868	2290.8130445730426	0.7	2.85
606728.0205466702	2850	15.653510719703945	0.0	1520281	2345.931764485075	0.7	2.85
606730.9997183165	2850	16.674339073504573	0.0	1472558	2979.1716461993738	0.7	2.85
606733.6114503108	2850	18.062607079147316	0.0	1224260	2611.7319943572534	0.7	2.85
606738.8624259048	4300	16.811631485088824	0.0	2157535	5250.975594058493	0.7	2.8499999999999996
606742.4218971609	4300	17.25216022908777	0.0	2290172	3559.4712560010507	0.7	4.3
606747.885362851	4300	15.788694538938524	0.0	2055469	5463.465690149247	0.7	4.3
606758.2462291791	4300	9.427828210855418	0.0	2169201	10360.866328083106	0.7	4.3
606761.184560514	2850	10.489496875912453	0.0	1354548	2938.3313349429654	0.7	1.4000000000000001
606763.8851497504	2850	11.78890763965094	0.0	1519951	2700.589236261512	0.7	2.85
606768.4634288894	2850	11.210628500571532	0.0	1422919	4578.279139079407	0.7	2.85
606771.1987697247	2850	12.475287665230637	0.0	1578343	2735.340835340895	0.7	2.85
606772.9264887691	2850	14.747568620766051	0.0	1231445	1727.7190444645857	0.7	2.85
606774.9748282534	2850	16.699229136546055	0.0	1471065	2048.339484219998	0.7	2.85
606777.0506791176	2850	18.6233782723836	0.0	1491626	2075.850864162453	0.7	2.85
606779.891170677	2850	19.78288671284009	0.0	1358801	2840.4915595435104	0.7	2.85
606790.3283347323	4300	13.345722657643034	0.0	2220726	10437.164055197056	0.7	2.8499999999999996
606794.5190800738	4300	13.15497731605703	0.0	2156729	4190.7453415860045	0.7	4.3
606798.8007141226	4300	12.87334326722529	0.0	2039773	4281.634048831739	0.7	4.3
606805.7676784075	4300	9.90637898246163	0.0	2176469	6966.964284763659	0.7	4.3
606808.0994835659	2850	11.574573823966526	0.0	1505760	2331.805158495104	0.7	1.4000000000000001
606810.3694912825	2850	13.304566107419832	0.0	1323990	2270.0077165466946	0.7	2.85
606812.4238326579	2850	15.250224732062128	0.0	1383735	2054.341375357705	0.7	2.85
606814.6701351256	2850	17.003922264186897	0.0	1480464	2246.302467875229	0.7	2.85
606817.3822061082	2850	18.291851281557427	0.0	1547572	2712.07098262947	0.7	2.85
606820.5803494382	4300	19.0937079515713	0.0	1972048	3198.1433299861283	0.7	2.8499999999999996
606824.0355372664	4300	19.638520123387092	0.0	2134614	3455.187828184207	0.7	4.3
606829.5134360405	4300	18.160621349278742	0.0	2164140	5477.898774108351	0.7	4.3
606834.5530490683	4300	17.12100832151774	0.0	2113193	5039.613027761002	0.7	4.3
606839.1666503767	4300	16.507407013000517	0.0	2147852	4613.6013085172235	0.7	4.3
606847.3598353097	4300	12.31422208017478	0.0	2191074	8193.184932825738	0.7	4.3
606855.4981996621	4300	8.175857727711998	0.0	2286761	8138.364352462781	0.7	4.3
606860.5835032132	2850	7.090554176571256	0.0	1492672	5085.303551140742	0.7	1.4000000000000001
606876.3550624453	2850	4.0	8.681005055416842	1439896	15771.559231988098	0.7	-34.478321738292415
606882.8453049145	1200	4.0	2.4902424691695315	487812	6490.242469169531	0.7	-11.158042617428986
606886.8729984516	1200	4.0	0.027693537168730926	575591	4027.693537168731	0.7	1.0809177901744569
606892.7243139286	1200	4.0	1.8513154770086484	605884	5851.3154770086485	0.7	-6.760656551137187
606894.5349161911	750	6.189397737485719	0.0	390680	1810.6022625142805	0.7	0.3
606896.0897119961	750	8.634601932423887	0.0	345516	1554.7958050618313	0.7	0.75
606897.8109279197	750	10.913386008920202	0.0	384505	1721.215923503686	0.7	0.75
606899.6492947709	750	13.07501915774589	0.0	372093	1838.3668511743126	0.7	0.75
606901.8155945317	750	14.90871939701374	0.0	438281	2166.2997607321477	0.7	0.75
606904.7475725386	1200	15.976741390021823	0.0	630203	2931.978006991919	0.7	0.75
606907.2533398859	1200	17.47097404279857	0.0	638661	2505.767347223253	0.7	1.2
606911.5736897363	2850	17.150624192209676	0.0	1231456	4320.349850588892	0.7	1.2000000000000002
606916.2744464081	2850	16.449867520427798	0.0	1364537	4700.756671781883	0.7	2.85
606917.7760482001	750	18.94826572843141	0.0	450283	1501.601791996389	0.7	0.75
606919.700296044	1200	21.024017884626925	0.0	611087	1924.2478438044834	0.7	0.75
606922.1371880824	1850	22.58712584613884	0.0	877771	2436.892038488086	0.7	1.2000000000000002
606926.0466483592	2850	22.677665569375133	0.0	1520281	3909.460276763703	0.7	1.85
606932.807946499	2850	19.91636742953631	0.0	1472558	6761.298139838822	0.7	2.85
606936.5431221429	2850	20.18119178563306	0.0	1224260	3735.1756439032483	0.7	2.85
606938.6422775316	2850	22.08203639704748	0.0	1388403	2099.1553885855783	0.7	2.85
606944.4855686966	2850	20.238745231885442	0.0	1638769	5843.291165162043	0.7	2.85
606949.819652693	2850	18.904661235424204	0.0	1348011	5334.0839964612405	0.7	2.85
606952.2458289962	2850	20.47848493227115	0.0	1429765	2426.176303153049	0.7	2.85
606954.9000329088	2850	21.82428101967952	0.0	1354548	2654.2039125916303	0.7	2.85
606958.2763964139	2850	22.44791751455546	0.0	1519951	3376.3635051240626	0.7	2.85
606964.0055097843	4300	20.71880414408213	0.0	2209463	5729.1133704733265	0.8500000000000001	2.8499999999999996
606975.7533517313	4300	12.970962197167312	0.0	2275376	11747.841946914821	0.8500000000000001	4.3
606984.3498631774	4300	8.37445075105073	0.0	2005399	8596.511446116581	0.8500000000000001	4.3
606989.6238944022	2850	7.100419526342782	0.0	1471065	5274.031224707948	0.8500000000000001	1.4000000000000001
606994.8418062481	2850	5.882507680379283	0.0	1491626	5217.911845963499	0.8500000000000001	2.85
606998.9440772355	2850	5.780236692815928	0.0	1358801	4102.2709875633545	0.8500000000000001	2.85
607003.4056993022	2850	5.318614626189565	0.0	1537156	4461.6220666263625	0.8500000000000001	2.85
607006.1994778838	1850	6.524836044736805	0.0	923755	2793.7785814527606	0.8500000000000001	0.8500000000000001
607008.9024658605	1850	7.8218480679668865	0.0	891604	2702.9879767699185	0.8500000000000001	1.85
607013.8013568574	1850	6.922957070980367	0.0	955231	4898.89099698652	0.8500000000000001	1.85
607016.806653761	1850	7.917660167499424	0.0	968026	3005.296903480943	0.8500000000000001	1.85
607019.3154339972	1850	9.408879931314784	0.0	874175	2508.780236184639	0.8500000000000001	1.85
607021.7901616236	1850	10.93415230490983	0.0	897976	2474.727626404954	0.8500000000000001	1.85
607025.2130066507	2850	11.511307277813902	0.0	1480464	3422.8450270959297	0.8500000000000001	1.85
607030.9080625421	2850	9.816251386412008	0.0	1547572	5695.055891401894	0.8500000000000001	2.85
607033.6851433062	2850	11.039170622409054	0.0	1141971	2777.080764002954	0.8500000000000001	2.85
607037.3547963076	2850	11.369517620886091	0.0	1498470	3669.653001522964	0.8500000000000001	2.85
607040.692721425	2850	12.031592503651847	0.0	1561263	3337.9251172342424	0.8500000000000001	2.85
607043.5209675547	2850	13.20334637392825	0.0	1341201	2828.2461297235964	0.8500000000000001	2.85
607049.0584515871	2850	11.665862341533662	0.0	1497683	5537.484032394587	0.8500000000000001	2.85
607052.2384673606	2850	12.485846567951228	0.0	1358081	3180.0157735824337	0.8500000000000001	2.85
607057.3280284666	2850	11.396285461967858	0.0	1587293	5089.561105983369	0.8500000000000001	2.85
607064.3532607694	2850	8.371053159147188	0.0	1492672	7025.232302820671	0.8500000000000001	2.85
607068.2850242004	2850	8.439289728099142	0.0	1439896	3931.7634310480453	0.8500000000000001	2.85
607070.7141251357	2850	10.010188792890805	0.0	1139291	2429.1009352083365	0.8500000000000001	2.85
607073.669858684	2850	11.054455244597793	0.0	1499009	2955.733548293012	0.8500000000000001	2.85
607080.1750100339	2850	8.549303894733661	0.0	1427478	6505.151349864132	0.8500000000000001	2.85
607083.7680625679	2850	8.95625136060819	0.0	1402287	3593.0525341254706	0.8500000000000001	2.85
607087.1291772309	2850	9.595136697754647	0.0	1339500	3361.1146628535425	0.8500000000000001	2.85
607089.750266721	2850	10.974047207626052	0.0	1527299	2621.089490128596	0.8500000000000001	2.85
607093.1778138333	2850	11.546500095280962	0.0	1343002	3427.54711234509	0.8500000000000001	2.85
607100.520740313	2850	8.20357361566597	0.0	1587250	7342.926479614993	0.8500000000000001	2.85
607103.6562958354	2850	9.068018093273128	0.0	1464921	3135.55552239284	0.8500000000000001	2.85
607106.5146736046	2850	10.209640324067141	0.0	1483527	2858.377769205989	0.8500000000000001	2.85
607114.5060287917	4300	6.2182851369681025	0.0	1961140	7991.355187099039	0.8500000000000001	2.8499999999999996
607122.1537051259	4300	4.0	1.429391197248825	2155012	7647.676334216927	0.8500000000000001	-1.8463821481699467
607123.8149473662	750	6.338757759678276	0.0	450283	1661.2422403217247	0.8500000000000001	0.75
607125.4525501824	1200	8.701154943590902	0.0	611087	1637.6028160873739	0.8500000000000001	0.75
607126.8967948331	1200	11.256910292703763	0.0	571051	1444.2446508871383	0.8500000000000001	1.2
607133.9126805577	2850	8.241024568139343	0.0	1520281	7015.885724564421	0.8500000000000001	1.2000000000000002
607139.1355145784	2850	7.018190547379203	0.0	1472558	5222.8340207601395	0.8500000000000001	2.85
607149.1793792787	2850	4.0	3.0256741528242475	1224260	10043.86470020345	0.8500000000000001	-10.160398857144264
607151.1500044164	1200	6.029374862296583	0.0	561791	1970.6251377034168	0.8500000000000001	-0.44999999999999996
607153.6205505827	1200	7.5588286960093045	0.0	709534	2470.546166287278	0.8500000000000001	1.2
607155.5789972716	1200	9.600382006987045	0.0	584846	1958.446689022259	0.8500000000000001	1.2
607158.2057051047	1850	10.973674173948034	0.0	913888	2626.707833039012	0.8500000000000001	1.2000000000000002
607166.9793072292	1850	6.200072049491937	0.0	939819	8773.602124456096	0.8500000000000001	1.85
607172.2749030198	1850	4.904476258903166	0.0	917428	5295.595790588771	0.8500000000000001	1.85
607175.1022413559	1200	6.077137922798844	0.0	624282	2827.338336104323	0.8500000000000001	0.5499999999999999
607181.422322133	1200	4.0	0.2429428542806945	687371	6320.080777079538	0.8500000000000001	0.1553457265930136
607186.6303304972	1200	4.0	1.2080083641968495	526950	5208.0083641968495	0.8500000000000001	-3.994435966046453
607188.2698316887	750	6.36049880838138	0.0	366214	1639.5011916186193	0.8500000000000001	0.3
607190.5687252671	1200	8.061605230107627	0.0	617242	2298.8935782737535	0.8500000000000001	0.75
607192.38826118	1200	10.24206931710222	0.0	581493	1819.535913005405	0.8500000000000001	1.2
607194.3804395102	1200	12.249890986947419	0.0	639204	1992.178330154803	0.8500000000000001	1.2
607196.2159679786	1200	14.414362518587216	0.0	586839	1835.528468360202	0.8500000000000001	1.2
607198.9632007367	1850	15.667129760532912	0.0	891604	2747.2327580543038	0.8500000000000001	1.2000000000000002
607201.9007736217	1850	16.729556875363073	0.0	955231	2937.572885169841	0.8500000000000001	1.85
607206.5204949707	2850	16.109835526505748	0.0	1505760	4619.721348857324	0.8500000000000001	1.85
607210.6197674366	2850	16.01056306054014	0.0	1323990	4099.272465965609	0.8500000000000001	2.85
607219.0425087014	2850	11.587821795758526	0.0	1383735	8422.741264781613	0.8500000000000001	2.85

