864635.0586313903	750	4.0	3.9109266483430414	450283	3910.9266483430415	0.7	-16.066984587875076
864638.2956786643	750	4.76295272598563	0.0	398865	3237.0472740143696	0.7	0.75
864640.9613425495	750	6.097288840750391	0.0	350812	2665.6638852352394	0.7	0.75
864643.5038924762	750	7.554738914054957	0.0	382355	2542.549926695434	0.7	0.75
864645.421143167	750	9.637488223395449	0.0	411561	1917.250690659509	0.7	0.75
864646.9232456718	750	12.135385718495188	0.0	318564	1502.1025049002599	0.7	0.75
864647.8971584543	750	15.161472936002092	0.0	352642	973.9127824930957	0.7	0.75
864648.9650627775	750	18.093568612751223	0.0	437162	1067.9043232508675	0.7	0.75
864650.2983170185	1200	20.760314371731628	0.0	584846	1333.2542410195979	0.7	0.75
864651.5597687264	1200	23.49886266384879	0.0	560821	1261.4517078828364	0.7	1.2
864653.5958424568	1850	25.462788933369097	0.0	939819	2036.0737304796933	0.8	1.2000000000000002
864656.194948788	2850	26.863682602098155	0.0	1519951	2599.106331270945	0.8	1.85
864660.0355053467	4300	27.023126043349	0.0	2209463	3840.556558749155	0.8	2.8499999999999996
864664.0718387461	4300	26.986792644011977	0.0	2275376	4036.333399337023	0.8	4.3
864667.3596713386	4300	27.698960051559204	0.0	2005399	3287.8325924527753	0.8	4.3
864670.8827792299	4300	28.175852160261496	0.0	2152483	3523.1078912977064	0.8	4.3
864674.487777544	4300	28.570853846224715	0.0	2289689	3604.9983140367785	0.8	4.3
864677.7419229734	4300	29.31670841675493	0.0	2059512	3254.145429469783	0.8	4.3
864681.2971681856	4300	29.761463204511514	0.0	2220726	3555.245212243418	0.8	4.3
864684.7522635964	4300	30.30636779366095	0.0	2156729	3455.095410850566	0.8	4.3
864688.0243329252	4300	31.034298464840827	0.0	2039773	3272.0693288201214	0.8	4.3
864691.3118539563	4300	31.746777433645835	0.0	2176469	3287.5210311949922	0.8	4.3
864694.3241521874	4300	32.73447920256336	0.0	2221506	3012.2982310824787	0.8	4.3
864696.7761670125	4300	34.28246437749927	0.0	2044075	2452.0148250640937	0.8	4.3
864699.3711096155	4300	35.68752177447232	0.0	2186790	2594.94260302695	0.8	4.3
864701.8722543671	4300	37.18637702298131	0.0	2105231	2501.1447514910114	0.8	4.3
864704.9015529206	4300	38.157078469552985	0.0	2395588	3029.298553428319	0.8	4.3
864707.5519426318	4300	39.50668875832384	0.0	1972048	2650.389711229146	0.8	4.3
864710.1863531406	4300	40.87227824952408	0.0	2134614	2634.410508799757	0.8	4.3
864712.798946089	4300	42.25968530106937	0.0	2164140	2612.5929484547187	0.8	4.3
864716.4757481463	4300	42.58288324382652	0.0	2113193	3676.8020572428454	0.8	4.3
864719.2650524566	4300	43.79357893350792	0.0	2147852	2789.3043103185987	0.8	4.3
864722.1377803007	4300	44.92085108936971	0.0	2191074	2872.727844138218	0.8	4.3
864725.3913362742	4300	45.667295115875895	0.0	2286761	3253.5559734938115	0.8	4.3
864728.3235150772	4300	46.735116312966134	0.0	2307787	2932.1788029097584	0.8	4.3
864731.1223501177	4300	47.936281272541926	0.0	2143948	2798.8350404242083	0.8	4.3
864735.3375554912	4300	47.72107589905964	0.0	1919781	4215.205373482281	0.8	4.3
864738.1927488864	4300	48.86588250378482	0.0	2147467	2855.193395274831	0.8	4.3
864741.4988640297	4300	49.55976736063961	0.0	2133870	3306.115143145199	0.8	4.3
864744.7003479433	4300	50.358283447022636	0.0	2146120	3201.483913616973	0.8	4.3
864747.6818659094	4300	51.37676548093318	0.0	2108491	2981.5179660894596	0.8	4.3
864750.9376134381	4300	52.12101795218156	0.0	2184571	3255.747528751618	0.8	4.3
864753.8803198911	4300	53.178311499220406	0.0	2121928	2942.7064529611557	0.8	4.3
864758.6405232521	4300	52.41810813816856	0.0	2219102	4760.203361051844	0.8	4.3
864761.6043968587	4300	53.45423453158501	0.0	2124950	2963.8736065835574	0.8	4.3
864764.6757269496	4300	54.38290444076304	0.0	2246506	3071.3300908219658	0.8	4.3
864767.2102869359	4300	55.848344454397676	0.0	1961140	2534.5599863653674	0.8	4.3
864770.0230780812	4300	57.03555330903611	0.0	2155012	2812.791145361559	0.8	4.3
864771.2010175517	750	59.85761383867535	0.0	450283	677.9394703607645	0.8	0.75
864774.780586349	4300	59.85048576783638	0.0	2123065	3007.1280708389672	0.8	0.75
864778.2420945158	4300	59.86695197522281	0.0	2177073	2983.5337926135753	0.8	4.3
864781.7129523602	4300	59.830510240112915	0.0	2160877	3036.441735109894	0.8	4.3
864784.9793836585	4300	59.87350271804683	0.0	2233056	2957.007522066082	0.8	4.3
864789.7291731291	4300	59.123713247542874	0.0	1941625	4749.789470503955	0.8	4.3
864794.2251493562	4300	58.6277370204849	0.0	2157535	4495.976227057978	0.8	4.3
864797.2832643096	4300	59.56962206695667	0.0	2290172	3058.1149535282348	0.8	4.3
864800.0833880744	4300	59.81671236174076	0.0	2055469	2752.9097052159086	0.8	4.3
864803.984193645	4300	59.91590679110747	0.0	2169201	2900.8055706332975	0.8	4.3
864807.080062504	4300	59.5094822387059	0.0	2173522	2906.4245524015646	0.8	4.3
864810.7944600964	4300	59.795084646354496	0.0	2102452	2714.3975923514085	0.8	4.3
864814.8788192415	4300	59.7107255012018	0.0	2209463	3084.3591451526963	0.8	4.3
864818.8655471967	4300	59.72399754603127	0.0	2275376	2986.7279551705283	0.8	4.3
864822.9693306386	4300	59.620214104097506	0.0	2005399	2603.783441933766	0.8	4.3
864828.068786143	4300	58.52075859983362	0.0	2152483	5099.45550426388	0.8	4.3
864831.2462266695	4300	59.34331807324145	0.0	2289689	3177.4405265921764	0.8	4.3
864834.7018517598	4300	59.887692982987936	0.0	2059512	2955.6250902535135	0.8	4.3
864838.7752104664	4300	59.814334276390156	0.0	2220726	3073.3587065977854	0.8	4.3
864848.1035258296	4300	54.48601891314569	0.0	2156729	9328.315363244457	0.8	4.3
864852.8297952345	4300	53.75974950842384	0.0	2039773	4726.269404721853	0.8	4.3
864855.9925949668	4300	54.59694977613124	0.0	2176469	3162.7997322926003	0.8	4.3
864859.2191861207	4300	55.370358622254756	0.0	2221506	3226.591153876488	0.8	4.3
864862.1944600082	4300	56.395084734693754	0.0	2044075	2975.273887560998	0.8	4.3
864865.3718786375	4300	57.21766610544604	0.0	2186790	3177.418629247711	0.8	4.3
864868.4337752614	4300	58.1557694815042	0.0	2105231	3061.896623941845	0.8	4.3
864871.9069400826	4300	58.68260466037264	0.0	2395588	3473.1648211315514	0.8	4.3
864874.9629337984	4300	59.62661094452427	0.0	1972048	3055.9937158483654	0.8	4.3
864878.5494798955	4300	59.777495717412016	0.0	2134614	3349.1152271122623	0.8	4.3
864881.6194587572	4300	59.81522167946058	0.0	2164140	2962.274037951434	0.8	4.3
864885.5113505761	4300	59.92332986074577	0.0	2113193	2891.891818714806	0.8	4.3
864889.6503949874	4300	59.78428544928922	0.0	2147852	3139.0444114565485	0.8	4.3
864893.5395476196	4300	59.89513281707221	0.0	2191074	3389.152632217011	0.8	4.3
864897.4721674882	4300	59.962512948496	0.0	2286761	2932.619868576214	0.8	4.3
864901.6500949162	4300	59.78458552050263	0.0	2307787	3177.9274279933666	0.8	4.3
864905.608088125	4300	59.826592311687634	0.0	2143948	2957.9932088149912	0.8	4.3
864909.7651640058	4300	59.669516430923714	0.0	1919781	2657.0758807639236	0.8	4.3
864913.7278810502	4300	59.7067993864085	0.0	2147467	2962.7170445152133	0.8	4.3
864917.672345752	4300	59.76233468460881	0.0	2133870	2944.4647017996913	0.8	4.3
864924.8191501948	4300	56.61553024178852	0.0	2146120	7146.804442820289	0.8	4.3
864937.0415513369	4300	48.3931290996502	0.0	2108491	12222.40114213832	0.8	4.3
864945.318759358	4300	44.11592107852352	0.0	2184571	8277.208021126684	0.8	4.3
864953.3609108385	4300	40.073769598048266	0.0	2121928	8042.151480475251	0.8	4.3
864961.7676901988	4300	35.66699023766206	0.0	2219102	8406.779360386212	0.8	4.3
864969.8211811885	4300	31.61349924812995	0.0	2124950	8053.490989532108	0.6499999999999999	4.3
864978.3307891082	4300	27.103891328447222	0.0	2246506	8509.60791968273	0.7	4.3
864985.769612666	4300	23.665067770617156	0.0	1961140	7438.823557830066	0.7	4.3
864993.9359058796	4300	19.498774556972805	0.0	2155012	8166.293213644351	0.7	4.3
864995.7055114907	750	21.729168945904547	0.0	450283	1769.6056110682541	0.7	0.75
865001.1581160979	2850	20.27656433862862	0.0	1431809	5452.604607275926	0.7	0.75
865006.119388258	2850	19.315292178544546	0.0	1300868	4961.272160084074	0.7	2.85
865011.9039680623	2850	17.530712374287102	0.0	1520281	5784.579804257447	0.7	2.85
865017.5094759305	2850	15.925204506072122	0.0	1472558	5605.507868214981	0.7	2.85
865022.1832904103	2850	15.251390026275148	0.0	1224260	4673.814479796973	0.7	2.85
865027.4730218442	2850	13.961658592434658	0.0	1388403	5289.731433840489	0.7	2.85
865033.7022064629	2850	11.732473973773256	0.0	1638769	6229.184618661401	0.7	2.85
865036.9823082257	1850	12.452372210872655	0.0	852833	3280.101762900603	0.7	0.8500000000000001
865040.4915078463	1850	12.943172590438516	0.0	913888	3509.1996204341376	0.7	1.85
865044.0980088596	1850	13.336671577101226	0.0	939819	3606.5010133372907	0.7	1.85
865047.6204916904	1850	13.814188746190164	0.0	917428	3522.4828309110626	0.7	1.85
865051.2533790134	1850	14.181301423227522	0.0	946851	3632.8873229626424	0.7	1.85
865055.2224854066	1850	14.21219503010556	0.0	1036454	3969.106393121961	0.7	1.85
865058.3855073012	1850	15.049173135369093	0.0	821631	3163.021894736467	0.7	1.85
865061.9295359498	1850	15.505144486786136	0.0	923170	3544.028648582958	0.7	1.85
865065.6368993071	1850	15.797781129488458	0.0	966699	3707.3633572976773	0.7	1.85
865069.0403810825	1850	16.394299354245536	0.0	885714	3403.4817752429194	0.7	1.85
865072.8265769169	1850	16.608103519854716	0.0	987708	3786.1958343908227	0.7	1.85
865076.3728006722	1850	17.061879764455654	0.0	923755	3546.22375539906	0.7	1.85
865079.7983836083	1850	17.636296828277963	0.0	891604	3425.5829361776923	0.7	1.85
865083.4627153674	1850	17.971965069214573	0.0	955231	3664.3317590633874	0.7	1.85
865087.1750580525	1850	18.25962238414772	0.0	968026	3712.3426850668525	0.7	1.85
865090.5352418148	1850	18.899438621812497	0.0	874175	3360.1837623352226	0.7	1.85
865093.9888282573	1850	19.445852179331254	0.0	897976	3453.5864424812426	0.7	1.85
865097.5631794338	1850	19.871501002796595	0.0	905935	3574.3511765346598	0.7	1.85
865103.5257146172	2850	17.908965819328337	0.0	1547572	5962.535183468259	0.7	1.85
865107.9130606109	2850	17.52161982570974	0.0	1141971	4387.345993618592	0.7	2.85
865113.6450681934	2850	15.789612243154973	0.0	1498470	5732.007582554769	0.7	2.85
865119.6139217003	2850	13.820758736336549	0.0	1561263	5968.853506818425	0.7	2.85
865124.7527338364	2850	12.681946600137602	0.0	1341201	5138.812136198948	0.7	2.85
865130.4817729711	2850	10.9529074653779	0.0	1497683	5729.039134759704	0.7	2.85
865133.9017949847	1850	11.532885451799967	0.0	885062	3420.022013577933	0.7	0.8500000000000001
865137.9968446976	1850	11.437835738932646	0.0	1035329	4095.04971286732	0.7	1.85
865142.0559333237	1850	11.37874711281883	0.0	1026056	4059.088626113816	0.7	1.85
865145.79658038	1850	11.638100056604424	0.0	943942	3740.647056214405	0.7	1.85
865148.7035258908	1850	12.731154545765659	0.0	728962	2906.945510838765	0.7	1.85
865152.4234060302	1850	13.011274406359732	0.0	938587	3719.880139405928	0.7	1.85
865156.0272473862	1850	13.407433050285881	0.0	908665	3603.8413560738504	0.7	1.85
865159.7160644064	1850	13.718616030139692	0.0	930577	3688.817020146188	0.7	1.85
865163.1251698656	1850	14.309510570898281	0.0	858450	3409.105459241411	0.7	1.85
865167.1801826692	1850	14.25449776729907	0.0	1025005	4055.012803599211	0.7	1.85
865170.697117096	1850	14.737563340390109	0.0	886255	3516.934426908961	0.7	1.85
865174.5542217642	1850	14.880458672269338	0.0	973972	3857.104668120771	0.7	1.85
865178.353241114	1850	15.081439322534631	0.0	958994	3799.019349734706	0.7	1.85
865184.5139183436	2850	12.920762092927864	0.0	1483527	6160.677229606768	0.7	1.85
865189.8431151776	2850	11.591565258862916	0.0	1231456	5329.196834064946	0.7	2.85
865195.7395822705	2850	9.69509816595462	0.0	1364537	5896.467092908296	0.7	2.85
865197.7389558398	750	11.695724596754204	0.0	450283	1999.3735692004147	0.7	0.75
865201.9011780791	1850	11.5335023573632	0.0	957685	4162.222239391003	0.7	0.75
865205.7263016114	1850	11.708378825084038	0.0	877771	3825.1235322791617	0.7	1.85
865209.8160026048	1850	11.618677831639284	0.0	933276	4089.7009934447565	0.7	1.85
865214.1784072263	1850	11.256273210160678	0.0	996749	4362.404621478606	0.7	1.85
865217.7000504899	1850	11.734629946638558	0.0	801058	3521.64326352212	0.7	1.85
865221.6704798967	1850	11.764200539818786	0.0	905515	3970.4294068197714	0.7	1.85
865226.3067266848	1850	11.127953751692607	0.0	1060487	4636.246788126181	0.7	1.85
865230.0508146152	1850	11.383865821281375	0.0	852833	3744.087930411231	0.7	1.85
865234.0572175459	1850	11.37746289064002	0.0	913888	4006.402930641356	0.7	1.85
865238.1750297021	1850	11.259650734366572	0.0	939819	4117.812156273447	0.7	1.85
865242.1966417901	1850	11.2380386463947	0.0	917428	4021.6120879718715	0.7	1.85
865246.3446660351	1850	11.090014401322332	0.0	946851	4148.02424507237	0.7	1.85
865269.2891738935	1850	4.0	11.854493457096025	1036454	22944.507858418358	0.7	-49.124321865512904
865275.3786447602	750	4.0	2.089470866674141	337059	6089.470866674141	0.7	-9.334724726698806
865281.1657237104	750	4.0	1.7870789502197886	366214	5787.078950219789	0.7	-6.934439485945091
865283.1828950912	300	5.982828619083788	0.0	143509	2017.171380916212	0.7	-0.15000000000000002
865285.2021749446	300	7.963548765808329	0.0	150616	2019.2798532754582	0.7	0.3
865287.4488895462	300	9.716834164137632	0.0	165384	2246.7146016706965	0.7	0.3
865289.4220383611	300	11.74368534924115	0.0	140881	1973.1488148964816	0.75	0.3
865291.6208099966	300	13.544913713651233	0.0	157671	2198.7716355899174	0.75	0.3
865293.6537396241	300	15.511984086230605	0.0	157812	2032.9296274206288	0.75	0.3
865295.5691842388	300	17.596539471502723	0.0	163927	1915.444614727885	0.75	0.3
865297.1816614736	300	19.984062236651262	0.0	137654	1612.4772348514603	0.75	0.3
865301.1384169019	750	20.027306808303113	0.0	359903	3956.7554283481472	0.75	0.3
865305.16175172	750	20.003971990275375	0.0	379700	4023.33481802774	0.75	0.75
865309.4548250136	750	19.71089869663301	0.0	425781	4293.0732936423665	0.75	0.75
865312.3206218381	750	20.84510187223416	0.0	277716	2865.796824398846	0.75	0.75
865316.6101861685	750	20.555537541919627	0.0	400396	4289.564330314534	0.75	0.75
865320.9839000504	750	20.181823659972675	0.0	400508	4373.71388194695	0.75	0.75
865324.8460278463	750	20.319695864024265	0.0	358218	3862.1277959484123	0.75	0.75
865329.0476849744	750	20.118038735952897	0.0	400322	4201.657128071371	0.75	0.75
865332.7594623201	750	20.4062613902952	0.0	369834	3711.777345657696	0.75	0.75
865336.793284322	750	20.372439388402956	0.0	412837	4033.8220018922443	0.75	0.75
865340.6087100593	750	20.557013651157295	0.0	401088	3815.42573724566	0.75	0.75
865344.2664830544	750	20.89924065599786	0.0	365161	3657.772995159433	0.75	0.75
865347.5802452626	750	21.58547844776847	0.0	321064	3313.7622082293924	0.75	0.75
865351.3019342492	750	21.863789461091482	0.0	361565	3721.6889866769875	0.75	0.75
865354.9231426896	750	22.242581020743756	0.0	378327	3621.2084403477247	0.75	0.75
865358.7116883817	750	22.454035328566732	0.0	390680	3788.545692177025	0.75	0.75
865362.0692318596	750	23.0964918506604	0.0	345516	3357.543477906333	0.75	0.75
865365.73795569	750	23.427768020309863	0.0	384505	3668.723830350537	0.75	0.75
865372.2747906023	1200	20.8909331080311	0.0	599477	6536.834912278767	0.75	0.75
865379.8125291902	1200	17.35319452021994	0.0	634861	7537.738587811161	0.75	1.2
865385.7573159846	1200	15.408407725845784	0.0	630203	5944.786794374154	0.75	1.2
865395.6344386521	1200	9.531285058377136	0.0	638661	9877.122667468648	0.75	1.2
865400.9859422812	1200	8.179781429163393	0.0	538612	5351.503629213743	0.75	1.2
865406.614949693	1200	6.550774017387858	0.0	550906	5629.007411775535	0.75	1.2
865410.9292288652	750	6.236494845227378	0.0	450283	4314.27917216048	0.75	0.75
865414.5811575704	750	6.584566140070003	0.0	398865	3651.9287051573747	0.75	0.75
865418.0557642165	750	7.109959494028268	0.0	350812	3474.606646041736	0.75	0.75
865421.755148444	750	7.410575266484693	0.0	382355	3699.3842275435754	0.75	0.75
865425.6900577791	750	7.475665931406018	0.0	411561	3934.9093350786748	0.75	0.75
865428.7872242924	750	8.378499418043681	0.0	318564	3097.166513362338	0.75	0.75
865432.1840977669	750	8.98162594361166	0.0	352642	3396.87347443202	0.75	0.75
865436.3663991191	750	8.799324591327462	0.0	437162	4182.3013522841975	0.75	0.75
865439.9651382008	750	9.200585509710258	0.0	374758	3598.7390816172056	0.75	0.75
865443.5178748858	750	9.64784882470829	0.0	362795	3552.7366850019657	0.75	0.75
865446.9796028922	750	10.186120818371853	0.0	353220	3461.7280063364374	0.75	0.75
865451.0121208385	750	10.1536028720412	0.0	405134	4032.517946330655	0.75	0.75
865454.8608190968	750	10.30490461371578	0.0	386351	3848.698258325422	0.75	0.75
865459.0458043305	750	10.11991938005025	0.0	434409	4184.985233665528	0.75	0.75
865462.2946140349	750	10.871109675600497	0.0	337059	3248.809704449753	0.75	0.75
865465.9688570951	750	11.196866615388169	0.0	366214	3674.243060212328	0.75	0.75
865469.7932538177	750	11.372469892879598	0.0	360831	3824.3967225085703	0.75	0.75
865473.6564389515	750	11.50928475901731	0.0	372963	3863.1851338622896	0.75	0.75
865477.6936926772	750	11.472031033353263	0.0	405596	4037.253725664046	0.75	0.75
865481.1931220617	750	11.972601648858218	0.0	350713	3499.4293844950453	0.75	0.75
865485.0071471365	750	12.158576574030922	0.0	386472	3814.0250748272956	0.75	0.75
865488.9274523243	750	12.238271386200344	0.0	399894	3920.3051878305782	0.75	0.75
865492.928595824	750	12.237127886446114	0.0	401853	4001.143499754229	0.75	0.75
865496.4019581588	750	12.763765551539342	0.0	343800	3473.362334906774	0.75	0.75
865500.0348246542	750	13.13089905618427	0.0	359903	3632.866495355072	0.75	0.75
865503.8481387544	750	13.317584956074837	0.0	379700	3813.3141001094323	0.75	0.75
865508.0565767323	750	13.109146978186185	0.0	425781	4208.437977888652	0.75	0.75
865510.9020106012	750	14.263713109149368	0.0	277716	2845.4338690368168	0.75	0.75
865514.9008163773	750	14.264907333204066	0.0	400396	3998.805775945302	0.75	0.75
865518.8408868265	750	14.324836883937552	0.0	400508	3940.070449266514	0.75	0.75
865522.4459120077	750	14.719811702750796	0.0	358218	3605.025181186757	0.75	0.75
865526.3860111132	750	14.779712597284183	0.0	400322	3940.099105466614	0.75	0.75
865529.9657259162	750	15.199997794269871	0.0	369834	3579.71480301431	0.75	0.75
865533.893555252	750	15.272168458468743	0.0	412837	3927.8293358011297	0.75	0.75
865537.6982419646	750	15.467481745822502	0.0	401088	3804.68671264624	0.75	0.75
865541.1983317557	750	15.967391954639247	0.0	365161	3500.0897911832567	0.75	0.75
865544.3272866432	750	16.83843706713688	0.0	321064	3128.9548875023643	0.75	0.75
865547.8645220551	750	17.30120165528789	0.0	361565	3537.2354118489907	0.75	0.75
865551.5691350424	750	17.596588668042234	0.0	378327	3704.6129872456595	0.75	0.75
865555.3270109562	750	17.838712754205297	0.0	390680	3757.875913836938	0.75	0.75
865558.6468499391	750	18.5188737713979	0.0	345516	3319.838982807394	0.75	0.75
865562.3323052643	750	18.833418446170953	0.0	384505	3685.4553252269466	0.75	0.75
865566.2332324119	750	18.932491298718205	0.0	372093	3900.9271474527495	0.75	0.75
865570.3991535627	750	18.76657014775893	0.0	438281	4165.921150959272	0.75	0.75
865576.3219150522	1200	16.843808658260542	0.0	630203	5922.761489498389	0.75	0.75
865582.293761186	1200	14.871962524498507	0.0	638661	5971.8461337620365	0.75	1.2
865589.972973083	1850	11.19275062743151	0.0	830730	7679.211897066999	0.75	1.2000000000000002
865598.1272278945	1850	7.038495815935203	0.0	846370	8154.2548114963065	0.75	1.85
865602.443591493	750	6.722132217565106	0.0	450283	4316.363598370097	0.75	0.75
865606.2000281649	750	6.965695545638107	0.0	398865	3756.436671926998	0.75	0.75
865609.7794019176	750	7.386321792911329	0.0	350812	3579.373752726779	0.75	0.75
865613.3643214586	750	7.80140225194013	0.0	382355	3584.9195409711992	0.75	0.75
865617.0445264695	750	8.121197240986083	0.0	411561	3680.205010954046	0.75	0.75
865619.9705649486	750	9.195158761843901	0.0	318564	2926.0384791421834	0.75	0.75
865623.3638858178	750	9.801837892698734	0.0	352642	3393.3208691451678	0.75	0.75
865627.5291757316	750	9.63654797888014	0.0	437162	4165.289913818593	0.75	0.75
865631.103188411	750	10.062535299398002	0.0	374758	3574.0126794821394	0.75	0.75
865634.5851778474	750	10.580545863011473	0.0	362795	3481.9894363865274	0.75	0.75
865637.7679758451	750	11.397747865259541	0.0	353220	3182.7979977519312	0.75	0.75
865641.3365223015	750	11.829201408767945	0.0	405134	3568.5464564915956	0.75	0.75
865644.881222056	750	12.284501654280733	0.0	386351	3544.699754487212	0.75	0.75
865648.8824929358	750	12.28323077451289	0.0	434409	4001.270879767843	0.75	0.75
865651.967418314	750	13.198305396280459	0.0	337059	3084.9253782324317	0.75	0.75
865655.2933445082	750	13.872379202058745	0.0	366214	3325.926194221712	0.75	0.75
865658.6325491866	750	14.533174523678825	0.0	360831	3339.204678379921	0.75	0.75
865662.1256710135	750	15.04005269677284	0.0	372963	3493.1218269059846	0.75	0.75
865665.9637916305	750	15.201932079792087	0.0	405596	3838.120616980754	0.75	0.75
865669.3869796873	750	15.778744023076843	0.0	350713	3423.1880567152443	0.75	0.75
865673.1834108327	750	15.982312877656371	0.0	386472	3796.4311454204712	0.75	0.75
865677.1089119724	750	16.05681173794438	0.0	399894	3925.5011397119943	0.75	0.75
865680.8831369064	750	16.282586803943353	0.0	401853	3774.2249340010244	0.75	0.75
865684.0084088481	750	17.157314862284	0.0	343800	3125.271941659352	0.75	0.75
865687.3384826859	750	17.82724102452254	0.0	359903	3330.073837761464	0.75	0.75
865690.9694170543	750	18.196306656053988	0.0	379700	3630.9343684685514	0.75	0.75
865696.2264416119	750	16.939282098493198	0.0	425781	5257.024557560792	0.75	0.75
865700.1691240673	750	16.99659964303081	0.0	277716	3942.682455462389	0.75	0.75
865704.2230473883	750	16.942676322145694	0.0	400396	4053.923320885117	0.75	0.75
865710.9278859517	1200	14.237837758577413	0.0	641447	6704.838563568281	0.75	0.75
865716.8374037301	1200	12.328319980186853	0.0	570392	5909.51777839056	0.75	1.2
865721.1375524795	750	12.028171230851173	0.0	400322	4300.14874933568	0.75	0.3
865725.117810545	750	12.04791316539936	0.0	369834	3980.258065451813	0.75	0.75
865729.4666541959	750	11.699069514406025	0.0	412837	4348.843650993334	0.75	0.75
865733.5555125313	750	11.610211178978107	0.0	401088	4088.8583354279185	0.75	0.75
865737.0777189177	750	12.088004792564961	0.0	365161	3522.2063864131446	0.75	0.75
865740.1656668445	750	13.000056865859436	0.0	321064	3087.9479267055253	0.75	0.75
865743.6808160983	750	13.484907612027499	0.0	361565	3515.149253831937	0.75	0.75
865747.4478168945	750	13.717906815877814	0.0	378327	3767.0007961496844	0.75	0.75
865751.1457926186	750	14.019931091813975	0.0	390680	3697.97572406384	0.75	0.75
865754.4725225789	750	14.693201131531037	0.0	345516	3326.729960282938	0.75	0.75
865758.2934836136	750	14.87224009687703	0.0	384505	3820.961034654007	0.75	0.75
865762.0552711496	750	15.110452560842935	0.0	372093	3761.7875360340954	0.75	0.75
865766.1340988028	750	15.031624907732375	0.0	438281	4078.8276531105607	0.75	0.75
865770.0531902282	750	15.11253348229179	0.0	398987	3919.0914254405848	0.75	0.75
865773.9742632989	750	15.191460411690842	0.0	393804	3921.073070600947	0.75	0.75
865781.8075809197	1850	11.358142790785816	0.0	830730	7833.317620905027	0.75	0.75
865789.6811878384	1850	7.484535872068475	0.0	846370	7873.606918717341	0.75	1.85
865793.925349077	750	7.24037463348913	0.0	450283	4244.161238579346	0.75	0.75
865797.7442084522	750	7.4215152582192685	0.0	398865	3818.8593752698607	0.75	0.75
865801.1864075408	750	7.979316169626305	0.0	350812	3442.199088592964	0.75	0.75
865805.0478577929	750	8.117865917494774	0.0	382355	3861.4502521315317	0.75	0.75
865809.0199754288	750	8.145748281648508	0.0	411561	3972.117635846266	0.75	0.75
865812.0968020026	750	9.068921707789736	0.0	318564	3076.826573858773	0.75	0.75
865815.4841485361	750	9.681575174430492	0.0	352642	3387.3465333592426	0.75	0.75
865819.8181265297	750	9.347597180852514	0.0	437162	4333.97799357798	0.75	0.75
865823.550167984	750	9.615555726559768	0.0	374758	3732.041454292747	0.75	0.75
865827.1113940915	750	10.054329619041765	0.0	362795	3561.2261075180036	0.75	0.75
865830.4859809114	750	10.679742799185478	0.0	353220	3374.5868198562853	0.75	0.75
865834.3310806182	750	10.8346430924757	0.0	405134	3845.0997067097787	0.75	0.75
865838.0171102642	750	11.148613446483678	0.0	386351	3686.029645992023	0.75	0.75
865842.852848172	750	10.312875538764548	0.0	434409	4835.737907719132	0.75	0.75
865846.9357064436	750	10.230017267081308	0.0	337059	4082.8582716832384	0.75	0.75
865850.368520409	750	10.797203301722973	0.0	366214	3432.813965358334	0.75	0.75
865853.9283580651	750	11.237365645637833	0.0	360831	3559.8376560851393	0.75	0.75
865857.5889538316	750	11.576769879247196	0.0	372963	3660.595766390638	0.75	0.75
865861.5574931052	750	11.60823060568405	0.0	405596	3968.539273563147	0.75	0.75
865865.0029913682	750	12.162732342721918	0.0	350713	3445.4982629621322	0.75	0.75
865868.8934452652	750	12.272278445591168	0.0	386472	3890.45389713075	0.75	0.75
865872.9103418267	750	12.255381884229614	0.0	399894	4016.8965613615555	0.75	0.75
865877.0164856496	750	12.14923806127118	0.0	401853	4106.143822958433	0.75	0.75
865880.5425947156	750	12.623128995300089	0.0	343800	3526.1090659710926	0.75	0.75
865884.1563353242	750	13.00938838678305	0.0	359903	3613.740608517039	0.75	0.75
865887.9443981521	750	13.221325558845672	0.0	379700	3788.062827937378	0.75	0.75
865892.1750406384	750	12.990683072521323	0.0	425781	4230.642486324349	0.75	0.75
865894.9623005413	750	14.20342316958518	0.0	277716	2787.2599029361404	0.75	0.75
865898.8855674539	750	14.280156256992573	0.0	400396	3923.266912592607	0.75	0.75
865902.9810630163	750	14.184660694679689	0.0	400508	4095.495562312884	0.75	0.75
865906.5772893148	750	14.588434396072024	0.0	358218	3596.2262986076635	0.75	0.75
865910.5520498428	750	14.613673868154498	0.0	400322	3974.7605279175273	0.75	0.75
865914.1680292968	750	14.997694414222282	0.0	369834	3615.979453932216	0.75	0.75
865918.419607197	750	14.74611651394935	0.0	412837	4251.577900272933	0.75	0.75
865922.4307305156	750	14.734993195359557	0.0	401088	4011.1233185897927	0.75	0.75
865926.1036764875	750	15.062047223472767	0.0	365161	3672.9459718867884	0.75	0.75
865931.0499127491	1200	14.115810961865412	0.0	487812	4946.236261607356	0.75	0.75
865936.748365565	1200	12.4173581459711	0.0	575591	5698.452815894312	0.75	1.2
865942.6629151584	1200	10.50280855246821	0.0	605884	5914.549593502891	0.75	1.2
865946.6650034474	750	10.500720263422046	0.0	390680	4002.088289046164	0.75	0.3
865950.3343563407	750	10.831367370146719	0.0	345516	3669.3528932753266	0.75	0.75
865954.3137807657	750	10.851942945016951	0.0	384505	3979.424425129767	0.75	0.75
865958.0468011174	750	11.11892259335436	0.0	372093	3733.020351662592	0.75	0.75
865962.8846597548	750	10.281063956007474	0.0	438281	4837.858637346885	0.75	0.75
865967.0326538006	750	10.133069910103279	0.0	398987	4147.994045904195	0.75	0.75
865971.1297069609	750	10.036016749838065	0.0	393804	4097.053160265214	0.75	0.75
865976.8296978056	1200	8.33602590521318	0.0	538612	5699.990844624885	0.75	0.75
865982.4026298589	1200	6.763093851792659	0.0	550906	5572.932053420522	0.75	1.2
865987.3434826637	750	5.822241046998631	0.0	450283	4940.852804794028	0.75	0.75
865991.5234472138	750	5.642276496969779	0.0	398865	4179.964550028852	0.75	0.75
865994.9910129021	750	6.174710808545769	0.0	350812	3467.5656884240097	0.75	0.75
865998.5962096003	750	6.56951411032603	0.0	382355	3605.196698219739	0.75	0.75
866002.6015060549	750	6.564217655742665	0.0	411561	4005.296454583366	0.75	0.75
866005.5884311653	750	7.577292545240678	0.0	318564	2986.9251105019866	0.75	0.75
866008.8701465522	750	8.295577158394906	0.0	352642	3281.7153868457717	0.75	0.75
866012.9325312634	750	8.233192447087522	0.0	437162	4062.3847113073844	0.75	0.75
866016.5403508156	750	8.625372894853342	0.0	374758	3607.8195522341784	0.75	0.75
866019.858908826	750	9.306814884502147	0.0	362795	3318.558010351195	0.75	0.75
866023.0072624383	750	10.158461272215664	0.0	353220	3148.3536122864843	0.75	0.75
866026.6759620835	750	10.489761627080457	0.0	405134	3668.6996451352056	0.75	0.75
866030.1782808634	750	10.987442847127081	0.0	386351	3502.318779953378	0.75	0.75
866034.0810240805	750	11.084699630016633	0.0	434409	3902.743217110447	0.75	0.75
866037.1437928418	750	12.021930868706157	0.0	337059	3062.768761310478	0.75	0.75
866040.5924273005	750	12.573296409925595	0.0	366214	3448.6344587805625	0.75	0.75
866043.9053687663	750	13.2603549442391	0.0	360831	3312.9414656864933	0.75	0.75
866047.2483410574	750	13.917382653116297	0.0	372963	3342.9722911228037	0.75	0.75
866051.0392939104	750	14.126429800107228	0.0	405596	3790.9528530090697	0.75	0.75
866054.2581243378	750	14.907599372726489	0.0	350713	3218.8304273807385	0.75	0.75
866057.7969926231	750	15.368731087459935	0.0	386472	3538.8682852665534	0.75	0.75
866061.4685969317	750	15.697126778810246	0.0	399894	3671.6043086496907	0.75	0.75
866065.232475146	750	15.933248564522156	0.0	401853	3763.878214288088	0.75	0.75
866068.3704258221	750	16.795297888262017	0.0	343800	3137.950676260142	0.75	0.75
866071.5345273425	750	17.631196367886172	0.0	359903	3164.1015203758448	0.75	0.75
866074.9620013365	750	18.203722374010056	0.0	379700	3427.473993876115	0.75	0.75
866078.9523220555	750	18.21340165505671	0.0	425781	3990.3207189533464	0.75	0.75
866081.5886665616	750	19.577057148937847	0.0	277716	2636.344506118865	0.75	0.75
866085.2999853896	750	19.865738320959068	0.0	400396	3711.318827978779	0.75	0.75
866088.8296004615	750	20.336123249011592	0.0	400508	3529.615071947475	0.75	0.75
866091.9875201392	750	21.178203571219623	0.0	358218	3157.919677791967	0.75	0.75
866097.4828158688	1200	19.682907841544846	0.0	620283	5495.295729674778	0.75	0.75
866102.7890886109	1200	18.376635099469194	0.0	584349	5306.272742075654	0.75	1.2
866108.7623737439	1200	16.403349966421484	0.0	670129	5973.285133047708	0.75	1.2
866115.3325437239	1200	13.833179986481202	0.0	690253	6570.169979940281	0.75	1.2
866120.7145692264	1200	12.451154483905588	0.0	598727	5382.025502575614	0.75	1.2
866125.0809240574	1200	12.084799652918665	0.0	487812	4366.354830986922	0.75	1.2
866130.2639817083	1200	10.901742002007854	0.0	575591	5183.057650910811	0.75	1.2
866135.8382586001	1200	9.327465110194568	0.0	605884	5574.276891813285	0.75	1.2
866139.6902351907	750	9.475488519708083	0.0	390680	3851.9765904864835	0.75	0.3
866142.7469542294	750	10.418769480824231	0.0	345516	3056.7190388838535	0.75	0.75
866146.0380750019	750	11.127648708290398	0.0	384505	3291.1207725338336	0.75	0.75
866151.4669789672	750	9.698744743013973	0.0	372093	5428.903965276424	0.75	0.75
866160.3767636617	750	4.788960048462687	0.0	438281	8909.784694551287	0.75	0.75
866162.8276316179	300	6.338092092323418	0.0	167025	2450.8679561392682	0.75	-0.15000000000000002
866168.395276573	750	4.770447137116056	0.0	393804	5567.644955207362	0.75	0.3
866170.1193774223	300	7.0463462880223435	0.0	137507	1724.1008490937134	0.75	-0.15000000000000002
866173.6237111767	750	7.542012533591018	0.0	314107	3504.3337544313254	0.75	0.3
866182.0523416947	750	4.0	0.8866179844516555	450283	8428.630518042673	0.75	-3.0624573331421185
866183.9576396986	300	6.094701996086006	0.0	155580	1905.298003913994	0.75	-0.15000000000000002
866185.5777812419	300	8.474560452764672	0.0	139857	1620.1415433213333	0.75	0.3
866187.3694387232	300	10.682902971469339	0.0	155432	1791.6574812953336	0.75	0.3
866189.2433412706	300	12.809000424111215	0.0	163442	1873.9025473581244	0.75	0.3
866190.7088413608	300	15.343500333841531	0.0	126289	1465.5000902696825	0.75	0.3
866192.4706207425	300	17.58172095212269	0.0	153295	1761.7793817188433	0.75	0.3
866194.4324952558	300	19.619846438821522	0.0	173849	1961.874513301169	0.75	0.3
866198.4414732318	750	19.610868462797654	0.0	374758	4008.9779760238685	0.75	0.3
866202.3517246641	750	19.700617030458663	0.0	362795	3910.2514323389905	0.75	0.75
866206.1521014252	750	19.900240269339324	0.0	353220	3800.3767611193384	0.75	0.75
866210.775162249	750	19.27717944550153	0.0	405134	4623.0608238377945	0.75	0.75
866214.9960189307	750	19.056322763852446	0.0	386351	4220.856681649083	0.75	0.75
866219.5115017423	750	18.540839952252544	0.0	434409	4515.482811599904	0.75	0.75
866225.0256736244	750	17.026668070139138	0.0	337059	5514.171882113405	0.75	0.75
866228.9819115928	750	17.07043010186767	0.0	366214	3956.2379682714663	0.75	0.75
866232.5899018237	750	17.462439870960235	0.0	360831	3607.9902309074355	0.75	0.75
866236.5842382853	750	17.46810340924133	0.0	372963	3994.3364617189063	0.75	0.75
866240.7548224733	750	17.297519221257296	0.0	405596	4170.584187984032	0.75	0.75
866244.3633455876	750	17.68899610697894	0.0	350713	3608.523114278352	0.75	0.75
866248.3307049655	750	17.721636729120846	0.0	386472	3967.3593778581003	0.75	0.75
866252.4438904917	750	17.608451202891725	0.0	399894	4113.185526229117	0.75	0.75
866256.5053834887	750	17.54695820587781	0.0	401853	4061.4929970139156	0.75	0.75
866259.8535179531	750	18.198823741563533	0.0	343800	3348.1344643142756	0.75	0.75
866263.3906417552	750	18.66169993943085	0.0	359903	3537.123802132683	0.75	0.75
866267.1619496887	750	18.890392005956297	0.0	379700	3771.3079334745526	0.75	0.75
866271.5269136358	750	18.525428058886437	0.0	425781	4364.963947069859	0.75	0.75
866274.744274641	750	19.30806705361617	0.0	277716	3217.361005270268	0.75	0.75
866278.9719095931	750	19.0804321015057	0.0	400396	4227.634952110473	0.75	0.75
866285.488724051	750	16.563617643592647	0.0	400508	6516.814457913051	0.75	0.75
866288.9842651298	750	17.06807656481942	0.0	358218	3495.5410787732258	0.75	0.75
866292.7424733674	750	17.309868327303565	0.0	400322	3758.2082375158593	0.75	0.75
866296.1093573298	750	17.942984364892844	0.0	369834	3366.883962410721	0.75	0.75
866299.8584286276	750	18.19391306698688	0.0	412837	3749.0712979059654	0.75	0.75
866303.6071350095	750	18.445206685086692	0.0	401088	3748.706381900191	0.75	0.75
866307.1418024533	750	18.91053924133741	0.0	365161	3534.6674437492807	0.75	0.75
866310.2026856634	750	19.849656031296902	0.0	321064	3060.8832100405107	0.75	0.75
866313.7235712247	750	20.328770469982423	0.0	361565	3520.8855613144756	0.75	0.75
866317.3715062247	750	20.68083546993495	0.0	378327	3647.935000047474	0.75	0.75
866320.8642158057	750	21.188125889078982	0.0	390680	3492.709580855966	0.75	0.75
866323.8771705464	750	22.175171148289667	0.0	345516	3012.9547407893147	0.75	0.75
866329.4022141461	1200	20.650127548604598	0.0	641452	5525.043599685072	0.75	0.75
866334.5709478348	1200	19.48139386002243	0.0	599477	5168.733688582167	0.75	1.2
866340.0400429264	1200	18.01229876835592	0.0	634861	5469.095091666509	0.75	1.2
866345.4695980165	1200	16.582743678259806	0.0	630203	5429.555090096113	0.75	1.2
866350.970949872	1200	15.08139182275313	0.0	638661	5501.351855506675	0.75	1.2
866358.1027028786	1850	11.949638816189303	0.0	830730	7131.7530065638275	0.75	1.2000000000000002
866369.7657417628	2850	4.286599931933786	0.0	1364537	11663.038884255517	0.75	1.85
866373.6680239714	750	4.3843177234489845	0.0	450283	3902.2822084848017	0.75	0.75
866377.1338382106	750	4.9185034842099045	0.0	398865	3465.81423923908	0.75	0.75
866380.1917486938	750	5.860593000973872	0.0	350812	3057.9104832360326	0.75	0.75
866383.5174157828	750	6.534925911998258	0.0	382355	3325.6670889756147	0.75	0.75
866387.0910015677	750	6.961340127044765	0.0	411561	3573.585784953493	0.75	0.75
866389.8751709666	750	8.17717072810287	0.0	318564	2784.1693989418936	0.75	0.75
866392.9486156283	750	9.103726066491177	0.0	352642	3073.444661611693	0.75	0.75
866396.6515554467	750	9.400786248072203	0.0	437162	3702.9398184189736	0.75	0.75
866399.3096953095	750	10.742646385168857	0.0	374758	2658.1398629033465	0.75	0.75
866402.8423077387	750	11.210033955907262	0.0	362795	3532.6124292615946	0.75	0.75
866405.4769769672	750	12.575364727462873	0.0	353220	2634.6692284443884	0.75	0.75
866407.5849234366	750	14.467418258045788	0.0	405134	2107.946469417086	0.75	0.75
866409.5033397428	750	16.54900195192778	0.0	386351	1918.4163061180063	0.75	0.75
866412.8541325056	1200	17.198209188992937	0.0	687371	3350.7927629348446	0.7	0.75
866415.4415764427	1200	18.610765251980002	0.0	526950	2587.4439370129326	0.7	1.2
866418.3189312428	1200	19.733410451874843	0.0	587876	2877.3548001051613	0.7	1.2
866421.3360214991	1200	20.716320195551212	0.0	617242	3017.0902563236295	0.7	1.2
866424.1830033708	1200	21.869338323902173	0.0	581493	2846.9818716490386	0.7	1.2
866431.0390025128	1850	19.01333918183286	0.0	987708	6855.999142069313	0.7	1.2000000000000002
866437.7517362138	1850	16.300605480879934	0.0	923755	6712.7337009529265	0.7	1.85
866452.8873369563	1850	5.165004738336449	0.0	891604	15135.600742543485	0.7	1.85
866457.0946740716	750	4.957667623013741	0.0	399894	4207.337115322708	0.7	-0.3500000000000001
866460.6122316857	750	5.440110008995997	0.0	401853	3517.557614017744	0.7	0.75
866463.630076465	750	6.422265229614744	0.0	343800	3017.844779381252	0.7	0.75
866466.7855248351	750	7.266816859534318	0.0	359903	3155.4483700804267	0.7	0.75
866470.1101428185	750	7.942198876023378	0.0	379700	3324.61798351094	0.7	0.75
866473.828532836	750	8.223808858543075	0.0	425781	3718.390017480305	0.7	0.75
866476.2816756538	750	9.77066604076924	0.0	277716	2453.142817773833	0.7	0.75
866479.7831453987	750	10.269196295902645	0.0	400396	3501.4697448665966	0.7	0.75
866483.2855722076	750	10.766769487000882	0.0	400508	3502.426808901764	0.7	0.75
866486.4266218911	750	11.62571980352097	0.0	358218	3141.0496834799105	0.7	0.75
866492.5584268109	750	9.493914883814275	0.0	400322	6131.804919706695	0.7	0.75
866496.7412337286	750	9.31110796602858	0.0	369834	4182.806917785696	0.7	0.75
866501.6034422177	750	8.448899477008185	0.0	412837	4862.208489020396	0.7	0.75
866506.10738969	750	7.9449520046414515	0.0	401088	4503.947472366733	0.7	0.75
866510.1996130375	750	7.852728657248999	0.0	365161	4092.223347392453	0.7	0.75
866513.8118478205	750	8.2404938741968	0.0	321064	3612.2347830522	0.7	0.75
866517.7467653524	750	8.305576342180338	0.0	361565	3934.9175320164613	0.7	0.75
866522.0152890275	750	8.037052667161248	0.0	378327	4268.523675019091	0.7	0.75
866529.2837277316	750	4.768613963057636	0.0	390680	7268.4387041036125	0.7	0.75
866532.194168156	300	5.858173538612377	0.0	147968	2910.4404244452594	0.7	-0.15000000000000002
866534.5324125586	300	7.519929136084291	0.0	161857	2338.244402528085	0.7	0.3
866536.6383964189	300	9.413945275694545	0.0	145210	2105.983860389746	0.7	0.3
866538.900130403	300	11.152211291567287	0.0	172312	2261.7339841272565	0.7	0.3
866541.0724631667	300	12.979878527899922	0.0	167025	2172.3327636673653	0.7	0.3
866545.7764871157	750	12.275854579017162	0.0	393804	4704.023948882759	0.7	0.3
866549.5768771378	750	12.475464556888038	0.0	331053	3800.390022129124	0.7	0.75
866558.9231030624	1850	7.12923863233494	0.0	846370	9346.225924553099	0.7	0.75
866563.787181036	750	6.265160658747681	0.0	450283	4864.077973587259	0.7	0.75
866567.9658986151	750	6.086443079606759	0.0	398865	4178.717579140923	0.7	0.75
866569.4658272816	300	8.586514413090299	0.0	139857	1499.9286665164589	0.7	-0.15000000000000002
866571.2548989109	300	10.797442783824211	0.0	155432	1789.0716292660868	0.7	0.3
866573.1320454781	300	12.920296216640441	0.0	163442	1877.1465671837702	0.7	0.3
866574.6006716747	300	15.451670020050392	0.0	126289	1468.6261965900512	0.7	0.3
866578.4284979438	750	15.623843751013208	0.0	352642	3827.8262690371835	0.7	0.3
866583.0954737371	750	14.956867957640418	0.0	437162	4666.97579337279	0.7	0.75
866587.0592709472	750	14.99307074754099	0.0	374758	3963.797210099426	0.7	0.75
866590.7611950159	750	15.291146678833615	0.0	362795	3701.9240687073757	0.7	0.75
866594.2733448015	750	15.77899689315856	0.0	353220	3512.149785675056	0.7	0.75
866598.2696463194	750	15.782695375332413	0.0	405134	3996.301517826147	0.7	0.75
866602.0504271856	750	16.001914509008696	0.0	386351	3780.780866323715	0.7	0.75
866606.292979688	750	15.75936200660247	0.0	434409	4242.552502406227	0.7	0.75
866609.6515865289	750	16.400755165739238	0.0	337059	3358.6068408632345	0.7	0.75
866613.387756159	750	16.664585535734535	0.0	366214	3736.1696300046992	0.7	0.75
866620.0707008501	750	13.981640844567305	0.0	360831	6682.944691167229	0.7	0.75
866623.965817114	750	14.086524580662935	0.0	372963	3895.1162639043714	0.7	0.75
866628.1792431396	750	13.873098555056576	0.0	405596	4213.42602560636	0.7	0.75
866631.8688506671	750	14.18349102761237	0.0	350713	3689.607527444204	0.7	0.75
866635.9407664889	750	14.111575205861154	0.0	386472	4071.9158217512154	0.7	0.75
866640.1755287009	750	13.876812993871965	0.0	399894	4234.76221198919	0.7	0.75
866644.395865977	750	13.656475717726229	0.0	401853	4220.337276145737	0.7	0.75
866647.9392552177	750	14.113086477050143	0.0	343800	3543.3892406760865	0.7	0.75
866651.7401481866	750	14.312193508184428	0.0	359903	3800.8929688657163	0.7	0.75
866655.6995924944	750	14.352749200416776	0.0	379700	3959.4443077676524	0.7	0.75
866660.0741497646	750	13.978191930150366	0.0	425781	4374.55727026641	0.7	0.75
866662.9752670029	750	15.077074691902608	0.0	277716	2901.1172382477575	0.7	0.75
866667.0697958968	750	14.98254579812609	0.0	400396	4094.528893776518	0.7	0.75
866671.1036645136	750	14.94867718135217	0.0	400508	4033.8686167739206	0.7	0.75
866674.6189469947	750	15.433394700230437	0.0	358218	3515.2824811217315	0.7	0.75

