288591.5653690264	750	4.0	5.953309520273944	450283	5953.309520273944	1	-24.849230937177957
288593.3580157855	300	6.207353240824576	0.0	155580	1792.6467591754242	0.7800932022121826	-0.15000000000000002
288594.97758152534	300	8.587787501025133	0.0	139857	1619.5657397994428	0.7800932022121826	0.3
288596.76859907946	300	10.796769946891217	0.0	155432	1791.0175541339154	0.7800932022121826	0.3
288598.64779185236	300	12.917577173956717	0.0	163442	1879.1927729345011	0.7800932022121826	0.3
288600.11799911916	300	15.447369907151824	0.0	126289	1470.2072668048925	0.7800932022121826	0.3
288601.88549227343	300	17.67987675284024	0.0	153295	1767.4931543115865	0.7800932022121826	0.3
288603.87924678193	300	19.686122244318007	0.0	173849	1993.7545085222284	0.7800932022121826	0.3
288605.61828388873	300	21.947085137521967	0.0	150710	1739.0371067960416	0.7800932022121826	0.3
288607.2295715057	300	24.335797520636138	0.0	139105	1611.2876168858295	0.7800932022121826	0.3
288611.1978674838	750	24.36750154251592	0.0	353220	3968.2959781202167	0.7800932022121826	0.3
288615.73764015466	750	23.82772887165992	0.0	405134	4539.772670855999	0.7800932022121826	0.75
288620.07064689114	750	23.49472213522732	0.0	386351	4333.006736432603	0.7800932022121826	0.75
288624.9326829241	750	22.632686102275546	0.0	434409	4862.036032951773	0.7800932022121826	0.75
288628.7230763165	750	22.842292709802805	0.0	337059	3790.3933924727426	0.7800932022121826	0.75
288632.83441209403	750	22.730956932294973	0.0	366214	4111.335777507833	0.7800932022121826	0.75
288636.88649104227	750	22.67887798410094	0.0	360831	4052.078948194032	0.7800932022121826	0.75
288641.0721207713	750	22.493248255071858	0.0	372963	4185.629729029078	0.7800932022121826	0.75
288645.6169792038	750	21.948389822532235	0.0	405596	4544.858432539628	0.7800932022121826	0.75
288649.55767776957	750	22.007691256838115	0.0	350713	3940.698565694116	0.7800932022121826	0.75
288653.89201649115	750	21.67335253520266	0.0	386472	4334.338721635458	0.3599264093501254	0.75
288658.37410649704	750	21.191262529329816	0.0	399894	4482.090005872844	0.3599264093501254	0.75
288662.87776145345	750	20.68760757294132	0.0	401853	4503.654956388493	0.3599264093501254	0.75
288666.74236073234	750	20.823008294084712	0.0	343800	3864.5992788566064	0.3599264093501254	0.75
288670.78422412457	750	20.78114490182663	0.0	359903	4041.8633922580834	0.3599264093501254	0.75
288675.0440157074	750	20.521353318982378	0.0	379700	4259.791582844251	0.3599264093501254	0.75
288679.81107348966	750	19.75429553669371	0.0	425781	4767.057782288671	0.3599264093501254	0.75
288682.94821070123	750	20.61715832515519	0.0	277716	3137.1372115385147	0.3599264093501254	0.75
288689.8851384278	1200	17.68023059856222	0.0	622896	6936.927726592975	0.3599264093501254	0.75
288700.8029638921	1200	10.762405134269581	0.0	641447	10917.825464292637	0.3599264093501254	1.2
288711.86238945165	1200	4.0	0.2970204252541898	570392	11059.425559523772	0.3599264093501254	-0.0771878285930161
288714.973862145	300	4.888527306627232	0.0	157488	3111.472693372768	0.3599264093501254	-0.6000000000000001
288717.82341488934	300	6.038974562321842	0.0	143881	2849.5527443053898	0.3599264093501254	0.3
288721.0495341041	300	6.812855347552344	0.0	163444	3226.119214769498	0.3599264093501254	0.3
288724.58140304114	300	7.280986410508558	0.0	179328	3531.8689370437864	0.3599264093501254	0.3
288727.73957359564	300	8.122815856002736	0.0	159914	3158.1705545058217	0.3599264093501254	0.3
288730.35292293766	300	9.50946651399071	0.0	131610	2613.3493420120267	0.3599264093501254	0.3
288731.6805481285	300	12.181841323113295	0.0	124011	1327.6251908774154	0.3599264093501254	0.3
288733.1764058473	300	14.68598360428024	0.0	144254	1495.857718833054	0.3599264093501254	0.3
288734.72857240844	300	17.133817043176293	0.0	149991	1552.166561103946	0.3599264093501254	0.3
288736.2608831585	300	19.601506293108432	0.0	147968	1532.3107500678618	0.3599264093501254	0.3
288740.11481228477	750	19.747577166845705	0.0	384505	3853.929126262727	0.3599264093501254	0.3
288743.8469172259	750	20.01547222574357	0.0	372093	3732.1049411021368	0.3599264093501254	0.75
288748.2286595476	750	19.63372990408961	0.0	438281	4381.7423216539555	0.3599264093501254	0.75
288754.4941225641	1200	17.368266887592686	0.0	630203	6265.463016496923	0.3599264093501254	0.75
288760.84260112664	1200	15.019788325004217	0.0	638661	6348.47856258847	0.3599264093501254	1.2
288766.20909548836	1200	13.65329396328039	0.0	538612	5366.494361723827	0.3599264093501254	1.2
288779.68207068543	2850	4.180318766174596	0.0	1364537	13472.975197105794	0.3599264093501254	1.2000000000000002
288784.18161302886	750	4.0	0.3192235772564645	450283	4499.5423434310605	0.3599264093501254	-0.6226613822027973
288786.5294395535	300	5.652173475382241	0.0	155580	2347.82652461776	0.3599264093501254	-0.15000000000000002

