280546.84884898824	750	4.0	4.140653235576192	450283	4140.653235576192	0.8	-17.054808912977624
280552.42523426726	1200	4.0	1.5763852790036053	611087	5576.385279003605	0.8	-6.028456699715503
280557.6811005388	1200	4.0	1.2558662715751052	571051	5255.866271575105	0.8	-4.200224967772952
280563.44120537164	1200	4.0	1.760104832813696	617681	5760.104832813696	0.8	-6.3684507810988915
280570.1213891936	1200	4.0	2.6801838219960663	652874	6680.183821996066	0.8	-10.324790434583086
280573.3910534979	750	4.730335695699112	0.0	318564	3269.664304300888	0.7	0.3
280576.7087816352	750	5.412607558405669	0.0	352642	3317.7281372934426	0.75	0.75
280581.3078462938	750	4.813542899841595	0.0	437162	4599.064658564074	0.75	0.75
280585.23733590613	750	4.884053287498721	0.0	374758	3929.489612342874	0.75	0.75
280589.10615923116	750	5.015229962431485	0.0	362795	3868.823325067235	0.75	0.75
280590.5158001779	300	7.6055890157393335	0.0	141840	1409.640946692152	0.75	-0.15000000000000002
280592.02462755935	300	10.09676163422397	0.0	156148	1508.8273815153634	0.75	0.3
280595.51751951466	750	10.603869678932325	0.0	386351	3492.891955291644	0.75	0.3
280599.66057988664	750	10.460809307013115	0.0	434409	4143.06037191921	0.75	0.75
280603.0401173142	750	11.08127187942788	0.0	337059	3379.5374275852337	0.75	0.75
280606.54789822694	750	11.573490966755564	0.0	366214	3507.780912672317	0.75	0.75
280610.52557633055	750	11.59581286315764	0.0	360831	3977.6781035979234	0.75	0.75
280614.1028189563	750	12.018570237364274	0.0	372963	3577.2426257933666	0.75	0.75
280618.1023237131	750	12.019065480603265	0.0	405596	3999.50475676101	0.75	0.75
280621.30826421577	750	12.813124977872603	0.0	350713	3205.9405027306625	0.75	0.75
280625.1969982589	750	12.924390934735259	0.0	386472	3888.7340431373445	0.75	0.75
280629.2373572951	750	12.884031898514925	0.0	399894	4040.3590362203345	0.75	0.75
280633.2126011528	750	12.908788040803788	0.0	401853	3975.2438577111357	0.75	0.75
280636.33251632954	750	13.788872864060524	0.0	343800	3119.9151767432654	0.75	0.75
280639.86698215856	750	14.254407035057058	0.0	359903	3534.4658290034668	0.75	0.75
280643.3011615144	750	14.820227679225438	0.0	379700	3434.1793558316203	0.75	0.75
280647.3725971243	750	14.748792069282118	0.0	425781	4071.4356099433217	0.75	0.75
280650.10706246557	750	16.014326728075563	0.0	277716	2734.465341206554	0.75	0.75
280653.84124485124	750	16.28014434237386	0.0	400396	3734.1823857017034	0.75	0.75
280657.6398562169	750	16.48153297668862	0.0	400508	3798.6113656852403	0.75	0.75
280660.95990609546	750	17.161483098127654	0.0	358218	3320.0498785609648	0.75	0.75
280665.023255203	750	17.09813399064007	0.0	400322	4063.3491074875865	0.75	0.75
280669.11755801225	750	17.003831181325573	0.0	369834	4094.302809314498	0.75	0.75
280672.89609212824	750	17.225297065331766	0.0	412837	3778.534115993808	0.75	0.75
280677.68072857184	750	16.440660621729812	0.0	401088	4784.636443601955	0.75	0.75
280681.1617666869	750	16.959622506703898	0.0	365161	3481.0381150259113	0.75	0.75
280684.02961387543	750	18.09177531810303	0.0	321064	2867.8471886008683	0.75	0.75
280688.7194550431	750	17.40193415048173	0.0	361565	4689.841167621298	0.75	0.75
280692.55790335033	750	17.563485843177652	0.0	378327	3838.448307304075	0.75	0.75
280696.35621142585	750	17.765177767668153	0.0	390680	3798.3080755095016	0.75	0.75
280699.5382237251	750	18.583165468407575	0.0	345516	3182.012299260574	0.75	0.75
280703.257669035	750	18.86372015849217	0.0	384505	3719.445309915403	0.75	0.75
280706.6020785141	750	19.519310679428877	0.0	372093	3344.4094790632935	0.75	0.75
280711.1173473706	750	19.004041822920005	0.0	438281	4515.268856508872	0.75	0.75
280716.8714063294	1200	17.24998286413753	0.0	630203	5754.058958782477	0.75	0.75
280723.18886864826	1200	14.932520545319699	0.0	638661	6317.462318817828	0.75	1.2
280731.665328524	1850	10.456060669550885	0.0	830730	8476.459875768815	0.75	1.2000000000000002
280739.50716548756	1850	6.614223705967467	0.0	846370	7841.836963583419	0.75	1.85
280743.8569514159	750	6.264437777672913	0.0	450283	4349.785928294554	0.75	0.75
280747.9048509403	750	6.2165382532848925	0.0	398865	4047.8995243880204	0.75	0.75
280751.6248610625	750	6.496528131027488	0.0	350812	3720.010122257405	0.75	0.75
280756.2581818228	750	5.86320737076514	0.0	382355	4633.320760262347	0.75	0.75
280760.60066233383	750	5.520726859682361	0.0	411561	4342.48051108278	0.75	0.75
280763.94715088035	750	6.174238313169298	0.0	318564	3346.4885465130615	0.75	0.75
280767.93199825386	750	6.189390939644302	0.0	352642	3984.8473735249963	0.75	0.75
280771.9906445065	750	6.1307446870162625	0.0	437162	4058.64625262804	0.75	0.75
280775.7751083114	750	6.346280882147501	0.0	374758	3784.4638048687616	0.75	0.75
280779.1830542803	750	6.938334913206394	0.0	362795	3407.9459689411074	0.75	0.75
280782.54879947513	750	7.572589718355288	0.0	353220	3365.7451948511057	0.75	0.75
280786.4290339445	750	7.692355249012197	0.0	405134	3880.234469343091	0.75	0.75
280789.86262370134	750	8.258765492183825	0.0	386351	3433.5897568283726	0.75	0.75
280793.87131812045	750	8.25007107303867	0.0	434409	4008.694419145152	0.75	0.75
280796.9319186175	750	9.18947057605443	0.0	337059	3060.6004969842397	0.75	0.75
280800.4035733452	750	9.71781584829604	0.0	366214	3471.6547277583927	0.75	0.75
280803.882780872	750	10.238608321571613	0.0	360831	3479.2075267244254	0.75	0.75
280807.34644512704	750	10.774944066518394	0.0	372963	3463.6642550532197	0.75	0.75
280811.1747112242	750	10.94667796941636	0.0	405596	3828.266097102035	0.75	0.75
280814.3910680487	750	11.730321144911494	0.0	350713	3216.3568245048646	0.75	0.75
280818.13902621384	750	11.982362979816477	0.0	386472	3747.958165095018	0.75	0.75
280821.9520536984	750	12.169335495238741	0.0	399894	3813.0274845777353	0.75	0.75
280825.8971631794	750	12.224226014258724	0.0	401853	3945.1094809800175	0.75	0.75
280829.43473902094	750	12.686650172735016	0.0	343800	3537.5758415237083	0.75	0.75
280832.6735833291	750	13.447805864573725	0.0	359903	3238.8443081612904	0.75	0.75
280836.1348987118	750	13.986490481855924	0.0	379700	3461.315382717801	0.75	0.75
280839.93382677366	750	14.187562420005472	0.0	425781	3798.9280618504527	0.75	0.75
280842.9058944447	750	15.215494749008961	0.0	277716	2972.067670996509	0.75	0.75
280846.7030222249	750	15.418366968759207	0.0	400396	3797.127780249755	0.75	0.75
280852.63842326234	1200	13.482965931320312	0.0	641447	5935.401037438894	0.75	0.75
280858.16385456483	1200	11.957534628828082	0.0	570392	5525.431302492231	0.75	1.2
280863.9625274338	1200	10.158861759848772	0.0	620283	5798.67286897931	0.75	1.2
280868.2249854397	750	9.896403753985163	0.0	369834	4262.458005863608	0.75	0.3
280871.9525068177	750	10.168882375942514	0.0	412837	3727.521378042649	0.75	0.75
280875.9721800069	750	10.149209186740615	0.0	401088	4019.6731892018993	0.75	0.75
280879.49758371507	750	10.623805478569732	0.0	365161	3525.403708170884	0.75	0.75
280882.8700847791	750	11.251304414562327	0.0	321064	3372.501064007405	0.75	0.75
280886.342092523	750	11.77929667069345	0.0	361565	3472.007743868877	0.75	0.75
280890.3260601293	750	11.795329064394782	0.0	378327	3983.967606298667	0.75	0.75
280894.0956115887	750	12.025777605048248	0.0	390680	3769.5514593465346	0.75	0.75
280897.7297736346	750	12.391615559158659	0.0	345516	3634.162045889588	0.75	0.75
280901.9809993747	750	12.140389819029217	0.0	384505	4251.225740129443	0.75	0.75
280905.230305398	750	12.891083795757902	0.0	372093	3249.306023271315	0.75	0.75
280909.2131692356	750	12.908219958104745	0.0	438281	3982.8638376531576	0.75	0.75
280912.9012999933	750	13.220089200482915	0.0	398987	3688.1307576218287	0.75	0.75
280919.59174596006	1200	10.529643233680222	0.0	638661	6690.445966802692	0.75	0.75
280924.335619309	1200	9.785769884703091	0.0	538612	4743.873348977132	0.75	1.2
280932.7301402079	1850	5.391248985760012	0.0	846370	8394.52089894308	0.75	1.2000000000000002
280937.7662280641	750	4.355161129624296	0.0	450283	5036.087856135716	0.75	0.75
280939.4312573268	300	6.690131866897607	0.0	155580	1665.0292627266892	0.75	-0.15000000000000002
280940.9829321324	300	9.13845706131611	0.0	139857	1551.6748055814971	0.75	0.3
280944.66258727346	750	9.458801920218914	0.0	382355	3679.6551410971974	0.75	0.3
280949.42193956743	750	8.699449626249923	0.0	411561	4759.352293968989	0.75	0.75
280952.3805623716	750	9.740826822139091	0.0	318564	2958.622804110831	0.75	0.75
280955.7919316697	750	10.329457523987148	0.0	352642	3411.3692981519443	0.75	0.75
280960.2946174487	750	9.826771745009747	0.0	437162	4502.685778977399	0.75	0.75
280964.8462680677	750	9.275121125988226	0.0	374758	4551.650619021523	0.75	0.75
280968.4078086071	750	9.713580586590533	0.0	362795	3561.540539397692	0.75	0.75
280972.1382063408	750	9.983182852894092	0.0	353220	3730.3977336964394	0.75	0.75
280976.0991982804	750	10.022190913238031	0.0	405134	3960.991939656062	0.75	0.75
280979.9174179279	750	10.203971265842705	0.0	386351	3818.2196473953263	0.75	0.75
280984.59856460243	750	9.522824591265168	0.0	434409	4681.146674577536	0.75	0.75
280987.7821606825	750	10.339228511184483	0.0	337059	3183.596080080686	0.75	0.75
280991.47483336914	750	10.64655582457621	0.0	366214	3692.672686608273	0.75	0.75
280995.36014474585	750	10.761244447891164	0.0	360831	3885.3113766850447	0.75	0.75
280998.96066368546	750	11.160725508297102	0.0	372963	3600.518939594062	0.75	0.75
281002.858503376	750	11.262885817721727	0.0	405596	3897.839690575375	0.75	0.75
281006.5581344752	750	11.5632547185501	0.0	350713	3699.631099171627	0.75	0.75
281010.0574922714	750	12.063896922296925	0.0	386472	3499.357796253176	0.75	0.75
281013.77752327215	750	12.34386592155002	0.0	399894	3720.031000746905	0.75	0.75
281017.7037896509	750	12.417599542793697	0.0	401853	3926.2663787563206	0.75	0.75
281021.22999991133	750	12.891389282399548	0.0	343800	3526.21026039415	0.75	0.75
281024.5686771848	750	13.55271200886656	0.0	359903	3338.6772735329887	0.75	0.75
281028.31301996775	750	13.80836922593272	0.0	379700	3744.3427829338398	0.75	0.75
281032.4903486959	750	13.631040497779454	0.0	425781	4177.328728153268	0.75	0.75
281035.8958432651	750	14.225545928511044	0.0	277716	3405.494569268408	0.75	0.75
281039.4620271557	750	14.659362037917235	0.0	400396	3566.1838905938093	0.75	0.75
281043.07959316025	750	15.041796033330295	0.0	400508	3617.56600458694	0.75	0.75
281046.42626258597	750	15.695126607588605	0.0	358218	3346.669425741689	0.75	0.75
281050.77746567305	750	15.343923520575062	0.0	400322	4351.203087013541	0.75	0.75
281054.21342717425	750	15.907962019353308	0.0	369834	3435.961501221754	0.75	0.75
281058.73205173033	750	15.38933746328368	0.0	412837	4518.62455606963	0.75	0.75
281062.55586207425	750	15.565527119390577	0.0	401088	3823.8103438931007	0.75	0.75
281066.2532941718	750	15.868095021830102	0.0	365161	3697.4320975604755	0.75	0.75
281070.53144394106	750	15.589945252583425	0.0	321064	4278.149769246678	0.75	0.75
281075.74017520645	1200	14.38121398719408	0.0	575591	5208.731265389344	0.75	0.75
281081.93793496833	1200	12.18345422528714	0.0	605884	6197.75976190694	0.75	1.2
281085.888509195	750	12.232879998602176	0.0	390680	3950.5742266849647	0.75	0.3
281089.24620244285	750	12.87518675083381	0.0	345516	3357.693247768363	0.75	0.75
281093.36884812027	750	12.752541073408691	0.0	384505	4122.64567742512	0.75	0.75
281097.36099531746	750	12.760393876232724	0.0	372093	3992.1471971759674	0.75	0.75
281102.0490362796	750	12.072352914092935	0.0	438281	4688.0409621397885	0.75	0.75
281106.32394420257	750	11.797444991182136	0.0	398987	4274.907922910798	0.75	0.75
281110.5443586012	750	11.577030592532646	0.0	393804	4220.41439864949	0.75	0.75
281116.2872692879	1200	9.834119905781371	0.0	538612	5742.910686751275	0.75	0.75
281124.58068624925	1850	5.540702944472045	0.0	846370	8293.416961309327	0.75	1.2000000000000002

