803539.9265450465	750	4.0	2.7612401784689373	450283	2761.2401784689373	0.8	-11.12333276741643
803543.8828934837	1850	4.043651562647082	0.0	957685	3956.3484373529177	0.8	0.75
803546.274293006	1200	5.652252040362803	0.0	571051	2391.3995222842805	0.8	0.5499999999999999
803558.1332111486	1850	4.0	6.206666102050789	933276	11858.918142413591	0.8	-25.48866423881839
803564.5960541544	1200	4.0	2.4628430058442436	652874	6462.843005844244	0.8	-10.040224925130248
803568.038693676	1200	4.557360478394872	0.0	520315	3442.639521605128	0.8	1.2
803570.3977129743	750	6.198341180127716	0.0	352642	2359.0192982671565	0.8	0.3
803573.3029596395	750	7.293094515042257	0.0	437162	2905.2466650854594	0.8	0.75
803575.8049080012	750	8.791146153304283	0.0	374758	2501.948361737975	0.7	0.75
803582.6018718367	750	5.994182317790212	0.0	362795	6796.96383551407	0.7	0.75
803585.4106187443	750	7.185435410041231	0.0	353220	2808.7469077489814	0.7	0.75
803587.8289495748	750	8.767104579639515	0.0	405134	2418.3308304017146	0.7	0.75
803589.9110394305	750	10.685014724009138	0.0	386351	2082.0898556303787	0.7	0.75
803592.0610382091	750	12.535015945370715	0.0	434409	2149.998778638423	0.7	0.75
803593.7098439417	750	14.886210212808356	0.0	337059	1648.8057325623602	0.7	0.75
803595.4943485612	750	17.101705593306747	0.0	366214	1784.5046195016068	0.7	0.75
803598.4472366549	1200	18.14881749959539	0.0	617242	2952.8880937113568	0.7	0.75
803601.2337347809	1200	19.36231937361482	0.0	581493	2786.4981259805686	0.7	1.2
803605.9109179818	1850	18.68513617275769	0.0	987708	4677.18320085713	0.7	1.2000000000000002
803610.2904386576	1850	18.3056154969023	0.0	923755	4379.520675855392	0.7	1.85
803614.5203158791	1850	18.075738275479548	0.0	891604	4229.877221422749	0.7	1.85
803624.9503230582	1850	11.6457310964293	0.0	955231	10430.007179050248	0.7	1.85
803637.1902575121	1850	4.0	0.5942033575708702	968026	12239.93445400017	0.7	-0.7050744375547415
803644.0037355437	750	4.0	2.813478031587996	343800	6813.478031587996	0.7	-12.447955535828383
803647.2437241708	300	4.760011372882549	0.0	146754	3239.9886271174505	0.7	-0.15000000000000002
803650.5294354197	300	5.474300124000235	0.0	153938	3285.711248882314	0.7	0.3
803656.2386407177	300	4.0	0.23490517403966987	181901	5709.205298039905	0.7	-0.7100922483705803
803658.218643604	300	6.019997113769756	0.0	111155	1980.0028862302431	0.75	0.3
803661.5536664661	300	6.684974251581373	0.0	153605	3335.0228621883834	0.75	0.3
803664.6488815774	300	7.589759140277391	0.0	149029	3095.2151113039818	0.75	0.3
803667.1961503738	300	9.042490343825964	0.0	157421	2547.268796451427	0.75	0.3
803669.3988199675	300	10.839820750166643	0.0	157488	2202.669593659321	0.75	0.3
803671.5779654849	300	12.660675232659536	0.0	143881	2179.1455175071083	0.75	0.3
803673.9404452825	300	14.298195435200492	0.0	163444	2362.4797974590438	0.75	0.3
803677.8806073592	300	14.358033358529923	0.0	179328	3940.16207667057	0.75	0.3
803681.4739710884	300	14.764669629241768	0.0	159914	3593.3637292881563	0.75	0.3
803684.4454865305	300	15.793154187119038	0.0	131610	2971.51544212273	0.75	0.3
803687.1615733276	300	17.077067389998017	0.0	124011	2716.086797121021	0.75	0.3
803689.7289244267	300	18.50971629092757	0.0	144254	2567.3510990704444	0.75	0.3
803692.1161470532	300	20.12249366432964	0.0	149991	2387.222626597932	0.75	0.3
803694.6154161957	300	21.623224521850023	0.0	147968	2499.2691424796126	0.75	0.3
803697.3783674595	300	22.860273258054985	0.0	161857	2762.9512637950374	0.75	0.3
803700.2441821749	300	23.994458542678288	0.0	145210	2865.814715376699	0.75	0.3
803703.757338034	300	24.4813026835324	0.0	172312	3513.155859145884	0.75	0.3
803710.674962874	750	21.563677843479226	0.0	398987	6917.624840053177	0.75	0.3
803716.288871358	750	19.949769359469435	0.0	393804	5613.9084840097885	0.75	0.75
803720.6685813047	1200	19.570059412867387	0.0	538612	4379.709946602048	0.75	0.75
803729.6487598537	2850	14.589880863874557	0.0	1364537	8980.178548992832	0.75	1.2000000000000002
803731.689685042	750	16.5489556756042	0.0	450283	2040.925188270357	0.75	0.75
803733.0615952384	750	19.177045479177103	0.0	398865	1371.9101964270965	0.75	0.75
803734.3392156083	750	21.899425109286447	0.0	350812	1277.6203698906581	0.7	0.75
803736.6255248194	1200	23.613115898276806	0.0	617681	2286.3092110096404	0.7	0.75
803739.3901386469	1200	24.848502070740206	0.0	652874	2764.6138275365993	0.7	1.2
803743.644580107	1850	24.594060610679406	0.0	801058	4254.4414600608	0.7	1.2000000000000002
803746.6243017617	1850	25.61433895587937	0.0	905515	2979.7216548000397	0.7	1.85
803749.672404415	1850	26.566236302592873	0.0	1060487	3048.1026532864953	0.7	1.85
803756.7566926563	2850	23.48194806137901	0.0	1348011	7084.28824121386	0.7	1.85
803760.8874253286	2850	23.351215388986187	0.0	1429765	4130.732672392824	0.7	2.85
803763.8504262506	2850	24.388214466969394	0.0	1354548	2963.000922016791	0.7	2.85
803767.1654685927	2850	25.073172124859447	0.0	1519951	3315.042342109946	0.7	2.85
803772.4702622546	2850	23.76837846287329	0.0	1422919	5304.793661986156	0.7	2.85
803780.6385246798	2850	19.6001160377301	0.0	1578343	8168.262425143192	0.7	2.85
803785.2933372511	2850	18.94530346648815	0.0	1231445	4654.81257124195	0.7	2.85
803789.0838095166	2850	19.15483120086044	0.0	1471065	3790.472265627708	0.7	2.85
803792.8682607742	2850	19.370379943390798	0.0	1491626	3784.451257469643	0.7	2.85
803795.5846783484	2850	20.65396236909909	0.0	1358801	2716.4175742917073	0.7	2.85
803798.6471497278	2850	21.5914909896786	0.0	1537156	3062.4713794204918	0.7	2.85
803801.2603085806	2850	22.978332136833306	0.0	1336050	2613.1588528452976	0.7	2.85
803803.9941484289	2850	24.244492288567116	0.0	1415116	2733.839848266189	0.7	2.85
803807.6508495924	2850	24.58779112501865	0.0	1468126	3656.7011635484646	0.7	2.85
803811.6170484315	4300	24.621592285935417	0.0	2221506	3966.198839083234	0.7	2.8499999999999996
803815.2728577662	4300	24.96578295118725	0.0	2044075	3655.8093347481667	0.7	4.3
803819.1783260563	4300	25.060314661063874	0.0	2186790	3905.4682901233778	0.7	4.3
803822.9411188412	4300	25.297521876258415	0.0	2105231	3762.7927848054583	0.7	4.3
803827.2118486004	4300	25.026792117022236	0.0	2395588	4270.729759236178	0.7	4.3
803830.7416572655	4300	25.496983451992115	0.0	1972048	3529.8086650301248	0.7	4.3
803846.6185570703	4300	13.62008364717544	0.0	2134614	15876.899804816674	0.7	4.3
803854.8165498626	4300	9.422090854847113	0.0	2164140	8197.992792328327	0.7	4.3
803857.726339561	2850	10.512301156347188	0.0	1341201	2909.789698499925	0.7	1.4000000000000001
803861.7385009408	2850	10.500139776615274	0.0	1497683	4012.1613797319133	0.7	2.85
803865.0153900908	2850	11.223250626672701	0.0	1358081	3276.889149942574	0.7	2.85
803875.0959402119	2850	5.142700505540362	0.0	1587293	10080.550121132339	0.7	2.85
803880.9431894402	1850	4.0	0.7045487226886089	1026056	5847.249228228971	0.7	-2.179559507561018
803883.0325936229	1200	5.9105958171759285	0.0	598727	2089.4041828240715	0.7	0.5499999999999999
803885.6564928978	1200	7.286696542406904	0.0	487812	2623.8992747690245	0.7	1.2
803888.7567491316	1200	8.18644030858174	0.0	575591	3100.2562338251637	0.7	1.2
803889.9679906778	1200	10.97519876235412	0.0	605884	1211.2415462276203	0.7	1.2
803891.1449187958	1200	13.798270644334824	0.0	587506	1176.928118019298	0.7	1.2
803892.8277244573	1850	16.11546498292257	0.0	858450	1682.805661412252	0.7	1.2000000000000002
803894.921003964	1850	18.02218547607525	0.0	1025005	2093.2795068473206	0.7	1.85
803898.9939095151	1850	17.94927992496952	0.0	886255	4072.9055511057313	0.7	1.85
803900.999987545	1850	19.943201895058152	0.0	973972	2006.0780299113678	0.7	1.85
803905.4476509477	2850	19.49553849243527	0.0	1464921	4447.663402622882	0.7	1.85
803913.7290996248	4300	15.214089815386105	0.0	2246506	8281.448677049164	0.7	2.8499999999999996
803917.5912184212	4300	15.35197101890969	0.0	1961140	3862.1187964764135	0.7	4.3
803921.8050868072	4300	15.138102632882498	0.0	2155012	4213.868386027191	0.7	4.3
803922.6546972588	750	18.288492181270282	0.0	450283	849.6104516122168	0.7	0.75
803923.4164255781	750	21.526763862008156	0.0	398865	761.7283192621237	0.7	0.75
803929.1762133456	1850	19.76697609452231	0.0	877771	5759.7877674858455	0.7	0.75
803932.1496253728	1850	20.793564067270143	0.0	933276	2973.4120272521645	0.7	1.85
803935.0834364693	2850	21.859752970834776	0.0	1472558	2933.8110964353696	0.7	1.85
803937.5360471053	2850	23.407142334838117	0.0	1224260	2452.610635996657	0.7	2.85
803941.7973406938	4300	23.14584874643774	0.0	2157535	4261.293588400378	0.7	2.8499999999999996
803947.7617618636	4300	21.181427576569455	0.0	2290172	5964.421169868284	0.7	4.3
803955.793160687	4300	17.15002875313101	0.0	2055469	8031.398823438444	0.7	4.3
803962.0532976766	4300	14.889891763588109	0.0	2169201	6260.136989542902	0.7	4.3
803965.0098481986	2850	15.933341241539631	0.0	1354548	2956.5505220484774	0.7	1.4000000000000001
803968.2909574609	2850	16.652231979301295	0.0	1519951	3281.109262238336	0.7	2.85
803971.5602974895	2850	17.382891950691185	0.0	1422919	3269.3400286101105	0.7	2.85
803975.231357428	2850	17.711832012232147	0.0	1578343	3671.059938459039	0.7	2.85
803977.9483084722	2850	18.994880967973184	0.0	1231445	2716.95104425896	0.7	2.85
803981.4282846008	2850	19.51490483931024	0.0	1471065	3479.976128662946	0.7	2.85
803987.6317416826	2850	17.31144775751179	0.0	1491626	6203.457081798454	0.7	2.85
803989.71615545	2850	19.22703399016215	0.0	1358801	2084.4137673496407	0.7	2.85
803993.8061375138	2850	19.137051926232697	0.0	1537156	4089.982063929451	0.7	2.85
804000.0438394282	4300	16.899350011864914	0.0	2156729	6237.701914367783	0.7	2.8499999999999996
804004.9487278115	4300	15.99446162862361	0.0	2039773	4904.888383241306	0.7	4.3
804009.7758858354	4300	15.167303604654917	0.0	2176469	4827.158023968692	0.7	4.3
804014.7012753325	4300	14.241914107632635	0.0	2221506	4925.389497022283	0.7	4.3
804032.3605813124	4300	4.0	3.4173918722906746	2044075	17659.30597992331	0.7	-10.394785050849901
804035.1864595365	1200	5.174121775810167	0.0	587236	2825.878224189834	0.7	-1.9000000000000001
804037.5435638056	1200	6.81701750674727	0.0	590335	2357.104269062896	0.7	1.2
804040.6800688264	1200	7.680512485926787	0.0	696376	3136.5050208204834	0.7	1.2
804043.4951206787	1200	8.865460633679858	0.0	487160	2815.0518522469306	0.7	1.2
804046.5219549763	1200	9.838626336115642	0.0	622896	3026.8342975642154	0.7	1.2
804050.0086574538	1850	10.351923858492905	0.0	975811	3486.7024776227368	0.7	1.2000000000000002
804053.0818628222	1850	11.278718490093098	0.0	873429	3073.2053683998056	0.7	1.85
804056.4204349495	1850	11.940146362909449	0.0	954453	3338.57212718365	0.7	1.85
804059.4687900152	1850	12.891791297051588	0.0	885062	3048.35506585786	0.7	1.85
804063.0211163404	1850	13.339464971913289	0.0	1035329	3552.326325138299	0.7	1.85
804066.8999361416	1850	13.460645170698767	0.0	1026056	3878.819801214522	0.7	1.85
804074.8920124613	1850	9.46856885100232	0.0	943942	7992.076319696446	0.7	1.85
804082.6357423448	1850	5.724838967572459	0.0	728962	7743.729883429863	0.7	1.85
804085.152175087	1200	7.208406225367451	0.0	575591	2516.432742205008	0.7	0.5499999999999999
804088.2868874106	1200	8.073693901816902	0.0	605884	3134.7123235505483	0.7	1.2
804091.0889602461	1200	9.27162106629988	0.0	587506	2802.072835517023	0.7	1.2
804093.735206252	1200	10.625375060434822	0.0	566904	2646.246005865057	0.7	1.2
804096.3022322912	1200	12.058349021231207	0.0	641452	2567.0260392036166	0.7	1.2
804098.4772253954	1200	13.883355917041511	0.0	599477	2174.993104189695	0.7	1.2
804100.6912746622	1200	15.66930665029092	0.0	634861	2214.0492667505923	0.7	1.2
804103.9581710856	1850	16.402410226838132	0.0	958994	3266.896423452789	0.7	1.2000000000000002
804109.0367997653	2850	15.323781547054608	0.0	1483527	5078.628679783525	0.7	1.85
804113.0385779194	2850	15.322003392989817	0.0	1231456	4001.778154064793	0.7	2.85
804117.9178780207	2850	14.442703291708334	0.0	1364537	4879.300101281482	0.7	2.85
804119.651073786	750	16.709507526326007	0.0	450283	1733.1957653823263	0.7	0.75
804124.1869246279	1850	16.173656684479344	0.0	957685	4535.850841846664	0.7	0.75
804155.0855720286	1850	4.0	14.724990716201363	877771	30898.647400680708	0.7	-61.467460079665855
804160.3558070601	750	4.0	1.270235031463657	382355	5270.235031463657	0.7	-5.812010635293724
804163.2368289625	750	5.118978097715662	0.0	411561	2881.0219022843385	0.7	0.75
804165.2053766439	750	7.150430416279586	0.0	318564	1968.5476814360752	0.7	0.75
804167.9969413495	750	8.358865710702233	0.0	352642	2791.5647055773534	0.7	0.75
804170.2284270839	750	10.127379976238435	0.0	437162	2231.4857344637985	0.7	0.75
804172.1853505891	750	12.170456471038372	0.0	374758	1956.9235052000622	0.7	0.75
804174.6880762614	750	13.667730798848625	0.0	362795	2502.725672189749	0.7	0.75
804176.4008597923	750	15.954947267995841	0.0	353220	1712.7835308527824	0.7	0.75
804179.4548481386	1200	16.900958921620948	0.0	594078	3053.988346374896	0.7	0.75
804182.8961554653	1200	17.459651594978197	0.0	624282	3441.3073266427477	0.7	1.2
804185.7011212824	1200	18.654685777744454	0.0	687371	2804.965817233746	0.7	1.2
804187.7369721717	1200	20.618834888561384	0.0	526950	2035.850889183068	0.7	1.2
804190.2163365426	1850	22.139470517575585	0.0	923170	2479.3643709858015	0.7	1.2000000000000002
804192.7213708912	1850	23.634436169015643	0.0	966699	2505.03434855994	0.7	1.85
804196.5685433358	1850	23.78726372438121	0.0	885714	3847.1724446344338	0.7	1.85
804199.3008971873	2850	25.054909872786734	0.0	1537156	2732.353851594475	0.7	1.85
804201.5495140784	2850	26.806292981804248	0.0	1336050	2248.616890982487	0.7	2.85
804203.8449847354	2850	28.51082232480969	0.0	1415116	2295.4706569945556	0.7	2.85
804207.3324108442	4300	29.023396216025475	0.0	2176469	3487.4261087842156	0.8500000000000001	2.8499999999999996
804210.8903457678	4300	29.46546129243098	0.0	2221506	3557.934923594495	0.8500000000000001	4.3
804214.1704991003	4300	30.185307959986048	0.0	2044075	3280.153332444935	0.8500000000000001	4.3
804217.6740835118	4300	30.681723548524992	0.0	2186790	3503.5844114610563	0.9	4.3
804227.8019630765	4300	24.553843983908266	0.0	2105231	10127.879564616725	0.9	4.3
804248.7406708547	4300	7.61513620563627	0.0	2395588	20938.707778271993	0.9	4.3
804267.9691112274	4300	4.0	11.613304167063488	1972048	19228.44037269976	0.9	-45.637207918373
804273.2797412648	1200	4.0	1.3106300374438915	622896	5310.6300374438915	0.9	-7.535709161008732
804278.1222556441	1200	4.0	0.8425143793219558	641447	4842.514379321956	0.9	-2.4228118310844096
804281.1257403343	1200	4.996515309860057	0.0	570392	3003.4846901399424	0.9	1.2
804284.2130056333	1200	5.909250010807731	0.0	620283	3087.265299052327	0.7	1.2
804286.1963875795	750	7.925868064659597	0.0	369834	1983.3819461481341	0.7	0.3
804288.4010881005	750	9.72116754360973	0.0	412837	2204.7005210498683	0.7	0.75
804290.6103089089	750	11.511946735313602	0.0	401088	2209.2208082961256	0.7	0.75
804292.9042371078	750	13.21801853621097	0.0	365161	2293.9281991026332	0.7	0.75
804295.9892424765	1200	14.13301316747338	0.0	487812	3085.0053687375903	0.7	0.75
804298.2425448792	1200	15.879710764887664	0.0	575591	2253.3024025857144	0.7	1.2
804300.4504512233	1200	17.6718044208774	0.0	605884	2207.906344010264	0.7	1.2
804304.2732166941	1850	17.849038950006573	0.0	930577	3822.7654708708287	0.7	1.2000000000000002
804308.4237778698	1850	17.698477774344333	0.0	858450	4150.561175662237	0.7	1.85
804312.8463276464	1850	17.275927997779345	0.0	1025005	4422.549776564988	0.7	1.85
804316.8216401411	1850	17.30061550307797	0.0	886255	3975.3124947013766	0.7	1.85
804320.8608674286	1850	17.261388215713964	0.0	973972	4039.227287364006	0.7	1.85
804325.5312353065	1850	16.591020337723624	0.0	958994	4670.367877990339	0.7	1.85
804330.258008761	2850	15.864246883345025	0.0	1483527	4726.7734543786	0.7	1.85
804334.845476986	2850	15.276778658270247	0.0	1231456	4587.468225074779	0.7	2.85
804342.2710494788	2850	11.851206165512435	0.0	1364537	7425.572492757812	0.7	2.85
804343.6776883535	750	14.444567290850234	0.0	450283	1406.6388746622004	0.7	0.75
804345.4417215531	750	16.680534091184782	0.0	398865	1764.0331996654545	0.7	0.75
804346.5632070155	750	19.55904862873163	0.0	350812	1121.485462453153	0.7	0.75
804347.7101168903	750	22.412138753882275	0.0	382355	1146.9098748493552	0.7	0.75
804351.3701305372	1850	22.752125106985126	0.0	996749	3660.013646897148	0.7	0.75
804354.0910792804	1850	24.031176363717606	0.0	801058	2720.948743267525	0.7	1.85
804359.883472072	1850	22.23878357207943	0.0	905515	5792.392791638172	0.7	1.85
804363.497741895	1850	22.624513748961757	0.0	1060487	3614.2698231176782	0.7	1.85
804366.8039537476	1850	23.31830189641435	0.0	852833	3306.2118525474034	0.7	1.85
804369.9953181153	1850	24.12693752868807	0.0	913888	3191.3643677262808	0.7	1.85
804372.8863234471	1850	25.23593219690552	0.0	939819	2891.0053317825505	0.7	1.85
804377.0695496385	2850	25.052706005546344	0.0	1519951	4183.226191359177	0.7	1.85
804384.7130596376	2850	21.409196006456213	0.0	1422919	7643.5099990901335	0.7	2.85
804389.586125081	2850	20.53613056297033	0.0	1578343	4873.065443485882	0.7	2.85
804393.4057409156	2850	20.71651472848222	0.0	1231445	3819.615834488113	0.7	2.85
804397.9530276946	2850	20.169227949485794	0.0	1471065	4547.2867789964275	0.7	2.85
804402.5627535116	2850	19.55950213247069	0.0	1491626	4609.725817015105	0.7	2.85
804416.1777845102	2850	9.944471133874313	0.0	1358801	13615.030998596378	0.7	2.85
804422.077607419	2850	8.044648224971452	0.0	1537156	5899.822908902861	0.7	2.85
804425.4608312919	1850	8.661424352015715	0.0	923755	3383.2238729557375	0.7	0.8500000000000001
804428.2899366436	1850	9.832319000334396	0.0	891604	2829.1053516813186	0.7	1.85
804432.7107737061	1850	9.411481937815646	0.0	955231	4420.837062518748	0.7	1.85

