631531.3377819189	750	4.0	1.6877313459396475	450283	1687.7313459396476	0.75	-6.5072447875404835
631531.8058719658	300	7.531909952969057	0.0	155580	468.0900470309423	0.75	-0.15000000000000002
631532.2215177163	300	11.116264202551324	0.0	139857	415.64575041773287	0.75	0.3
631532.6480221379	300	14.689759780923168	0.0	155432	426.5044216281572	0.75	0.3
631533.637373364	750	17.70040855488002	0.0	411561	989.3512260431461	0.75	0.3
631534.558721434	750	20.779060484913007	0.0	318564	921.3480699670147	0.6499999999999999	0.75
631536.4939327782	1200	22.84384914070373	0.0	561791	1935.2113442092782	0.8	0.75
631548.226651911	2850	15.11113000795848	0.0	1638769	11732.71913274525	0.8	1.2000000000000002
631556.5191689157	2850	10.818613003207117	0.0	1348011	8292.517004751362	0.8	2.85
631565.3497255562	2850	5.988056362709313	0.0	1429765	8830.556640497805	0.8	2.85
631570.0379112295	1200	5.299870689427682	0.0	607410	4688.18567328163	0.8	-0.44999999999999996
631572.0675221677	1200	7.270259751265533	0.0	594078	2029.610938162149	0.8	1.2
631576.8151359097	1200	6.522646009229584	0.0	624282	4747.613742035949	0.8	1.2
631581.3155785435	1200	6.022203375474975	0.0	687371	4500.442633754609	0.8	1.2
631584.0484248503	1200	7.289357068507783	0.0	526950	2732.8463069671916	0.8	1.2
631587.3016183919	1200	8.036163527025183	0.0	587876	3253.1935414825994	0.8	1.2
631590.6647388882	1200	8.67304303071399	0.0	617242	3363.1204963111954	0.8	1.2
631593.2926158059	1200	10.045166112934993	0.0	581493	2627.876917778996	0.8	1.2
631597.1430264069	1200	10.194755511938062	0.0	639204	3850.410600996929	0.8	1.2
631600.1090987684	1200	11.228683150392202	0.0	586839	2966.0723615458605	0.8	1.2
631602.9756454838	1200	12.362136435050154	0.0	601738	2866.546715342048	0.8	1.2
631606.3788291077	1200	12.958952811176731	0.0	616206	3403.1836238734236	0.8	1.2
631610.0983796058	1200	13.239402313113295	0.0	656471	3719.550498063433	0.8	1.2
631613.4588890532	1200	13.878892865616635	0.0	536667	3360.50944749666	0.8	1.2
631617.0166814888	1200	14.321100429921291	0.0	587236	3557.792435695344	0.8	1.2
631620.5483852623	1200	14.789396656528487	0.0	590335	3531.703773392804	0.8	1.2
631625.6340431181	1200	13.703738800681418	0.0	696376	5085.657855847069	0.8	1.2
631628.4810221508	1200	14.856759767953324	0.0	487160	2846.9790327280925	0.8	1.2
631631.1687134745	1200	16.16906844430604	0.0	622896	2687.691323647284	0.8	1.2
631634.7801948584	1200	16.55758706041689	0.0	641447	3611.4813838891528	0.8	1.2
631637.5134884852	1200	17.82429343363997	0.0	570392	2733.293626776919	0.8	1.2
631643.2136071759	1850	16.12417474308449	0.0	954453	5700.118690555478	0.8	1.2000000000000002
631652.8084161701	1850	10.529365748780322	0.0	885062	9594.80899430417	0.8	1.85
631656.0691612528	1200	11.26862066608879	0.0	670129	3260.745082691532	0.8	0.5499999999999999
631659.1751302928	1200	12.16265162617412	0.0	690253	3105.9690399146675	0.8	1.2
631662.6542585227	1200	12.68352339627828	0.0	598727	3479.128229895842	0.8	1.2
631664.6897342069	1200	14.648047711954803	0.0	487812	2035.4756843234768	0.8	1.2
631667.5984150701	1200	15.739366848834479	0.0	575591	2908.6808631203244	0.8	1.2
631670.8375623979	1200	16.500219520877014	0.0	605884	3239.1473279574657	0.8	1.2
631674.1637187226	1200	17.17406319615097	0.0	587506	3326.156324726044	0.8	1.2
631676.3865504102	1200	18.951231508709494	0.0	566904	2222.831687441478	0.8	1.2
631682.2719731531	1850	17.065808765757243	0.0	1025005	5885.42274295225	0.8	1.2000000000000002
631687.1743163369	1850	16.163465582060965	0.0	886255	4902.343183696276	0.8	1.85
631692.9694987352	1850	14.368283183737974	0.0	973972	5795.182398322991	0.8	1.85
631697.1351461736	1850	14.202635745286056	0.0	958994	4165.647438451919	0.8	1.85
631702.51496152	1850	12.822820398874638	0.0	982064	5379.815346411416	0.8	1.85
631709.7571890057	2850	9.580592913101551	0.0	1231456	7242.227485773089	0.8	1.85
631715.1242831929	2850	8.21349872599489	0.0	1364537	5367.094187106661	0.8	2.85
631717.9941050846	750	9.343676834365924	0.0	450283	2869.8218916289666	0.8	0.75
631719.3589459677	750	11.978835951161633	0.0	398865	1364.8408832042905	0.8	0.75
631725.079782006	1200	10.257999912962362	0.0	571051	5720.836038199271	0.8	0.75
631728.3710908972	1200	10.966691021838368	0.0	617681	3291.308891123992	0.8	1.2
631731.3148580306	1200	12.022923888368682	0.0	652874	2943.7671334696856	0.8	1.2
631733.2863020785	1200	14.051479840530577	0.0	520315	1971.4440478381064	0.8	1.2
631736.3344989987	1200	15.003282920221354	0.0	561791	3048.1969203092235	0.8	1.2
631741.9734248526	1850	13.364357066335357	0.0	1060487	5638.925853885997	0.8	1.2000000000000002
631746.6781067901	1850	12.659675128850347	0.0	852833	4704.681937485009	0.8	1.85
631751.009266162	1850	12.32851575704146	0.0	913888	4331.159371808887	0.8	1.85
631758.6046162792	1850	8.733165639771293	0.0	939819	7595.350117270165	0.8	1.85
631765.0795659699	1850	6.2582159491935805	0.0	917428	6474.949690577713	0.8	1.85
631767.9742968611	1200	7.3634850579216	0.0	624282	2894.7308912719814	0.8	0.5499999999999999
631771.7572083095	1200	7.580573609457931	0.0	687371	3782.9114484636693	0.8	1.2
631775.612846951	1200	7.724934968003456	0.0	526950	3855.638641454474	0.8	1.2
631778.6437577181	1200	8.69402420075318	0.0	587876	3030.9107672502773	0.8	1.2
631782.3126427727	1200	9.025139146339983	0.0	617242	3668.885054413197	0.8	1.2
631785.8153375641	1200	9.52244435488094	0.0	581493	3502.6947914590423	0.8	1.2
631789.2535920194	1200	10.084189899593174	0.0	639204	3438.2544552877685	0.8	1.2
631793.1096248791	1200	10.228157039891393	0.0	586839	3856.0328597017797	0.8	1.2
631797.050405459	1200	10.28737645997679	0.0	601738	3940.7805799146045	0.8	1.2
631799.7706908943	1200	11.567091024615333	0.0	616206	2720.2854353614566	0.8	1.2
631802.2472855564	1200	13.090496362490718	0.0	656471	2476.594662124615	0.8	1.2
631804.9162649534	1850	14.421516965478952	0.0	874175	2668.9793970117667	0.8	1.2000000000000002
631809.8304842279	1850	13.507297691037355	0.0	897976	4914.219274441596	0.8	1.85
631814.2343308213	1850	13.10345109768261	0.0	905935	4403.846593354745	0.8	1.85
631822.1696121169	1850	9.168169802054047	0.0	1076599	7935.2812956285625	0.8	1.85
631826.5905734631	1850	8.747208455938011	0.0	758197	4420.961346116035	0.8	1.85
631831.0995987148	1850	8.238183204201064	0.0	972798	4509.025251736945	0.8	1.85
631837.4438101113	1850	5.893971807685866	0.0	975811	6344.211396515198	0.8	1.85
631841.075702737	1200	6.262079181966623	0.0	570392	3631.892625719243	0.8	0.5499999999999999
631843.6227100391	1200	7.715071879769916	0.0	620283	2547.0073021967078	0.8	1.2
631845.70506401	1200	9.632717908880007	0.0	584349	2082.353970889909	0.8	1.2
631847.6726864653	1200	11.665095453693683	0.0	670129	1967.6224551863256	0.8	1.2
631849.9956055003	1200	13.342176418654608	0.0	690253	2322.919035039074	0.8	1.2
631852.9107641676	1850	14.427017751504831	0.0	943942	2915.1586671497766	0.8	1.2000000000000002
631855.2258221057	1850	16.111959813392833	0.0	728962	2315.057938111999	0.8	1.85
631858.2790942852	1850	17.05868763376077	0.0	938587	3053.2721796320625	0.8	1.85

