10.775609837458461	750	4.0	10.775609837458461	450283	10775.609837458462	1	-45.58512230107138
15.430417003646719	300	4.0	0.6548071661882577	155580	4654.807166188258	4.506218340312721	-2.9656708146095085
17.302588501601463	300	6.127828502045256	0.0	139857	1872.1714979547442	4.506218340312721	0.3
23.265895427555158	300	4.164521576091559	0.0	155432	5963.306925953697	4.506218340312721	0.3
26.119291937944652	300	5.311125065702062	0.0	163442	2853.396510389497	4.506218340312721	0.3
27.213149906188587	300	8.217267097458128	0.0	126289	1093.857968243933	4.506218340312721	0.3
30.91472012849569	300	8.515696875151027	0.0	153295	3701.5702223071025	4.506218340312721	0.3
32.69979664899325	300	10.730620354653471	0.0	173849	1785.076520497557	4.506218340312721	0.3
34.38235225506617	300	13.048064748580545	0.0	150710	1682.5556060729245	4.506218340312721	0.3
37.900772817117414	300	13.529644186529302	0.0	139105	3518.4205620512444	4.506218340312721	0.3
40.093218199954855	300	15.337198803691859	0.0	141840	2192.445382837442	4.506218340312721	0.3
44.87077984456093	300	14.559637159085783	0.0	156148	4777.561644606076	4.506218340312721	0.3
47.75064131977807	300	15.679775683868641	0.0	160746	2879.861475217142	4.506218340312721	0.3
49.139658624583	300	18.290758379063718	0.0	179801	1389.017304804924	4.506218340312721	0.3
53.46351484976785	300	17.966902153878866	0.0	140051	4323.856225184852	4.506218340312721	0.3
56.19717966462049	300	19.23323733902622	0.0	138313	2733.664814852645	4.506218340312721	0.3
59.34572987076789	300	20.08468713287882	0.0	143509	3148.550206147402	4.506218340312721	0.3
64.08826848518041	300	19.342148518466303	0.0	150616	4742.538614412517	4.506218340312721	0.3
68.0500992102682	300	19.380317793378506	0.0	165384	3961.8307250877965	4.506218340312721	0.3
74.06623609248341	300	17.3641809111633	0.0	140881	6016.136882215205	4.506218340312721	0.3
81.04217842180222	300	14.388238581844483	0.0	157671	6975.942329318814	1.3427093499807727	0.3
82.77112429566824	300	16.659292707978455	0.0	157812	1728.9458738660246	1.3427093499807727	0.3
84.71346779364332	300	18.71694921000338	0.0	163927	1942.3434979750723	1.3427093499807727	0.3
86.17140726341731	300	21.259009740229395	0.0	137654	1457.9394697739892	1.3427093499807727	0.3
93.17176963260427	300	18.258647371042443	0.0	146754	7000.362369186951	1.3427093499807727	0.3
97.69290906712301	300	17.737507936523702	0.0	153938	4521.139434518742	1.3427093499807727	0.3
102.7248660765686	300	16.705550927078107	0.0	181901	5031.957009445596	1.3427093499807727	0.3
105.56795689206642	300	17.8624601115803	0.0	111155	2843.0908154978038	1.3427093499807727	0.3
108.89918047030709	300	18.53123653333963	0.0	153605	3331.22357824067	1.3427093499807727	0.3
110.22125512519968	300	21.20916187844704	0.0	149029	1322.0746548925904	1.3427093499807727	0.3
111.64723913600761	300	23.783177867639097	0.0	157421	1425.9840108079438	1.3427093499807727	0.3
115.2699284359585	300	24.16048856768821	0.0	157488	3622.6892999508887	1.3427093499807727	0.3
118.92767883640938	300	24.50273816723732	0.0	143881	3657.750400450883	1.3427093499807727	0.3
124.1485993832554	300	23.281817620391287	0.0	163444	5220.920546846034	1.3427093499807727	0.3
127.81878828590926	300	23.611628717737428	0.0	179328	3670.188902653858	1.3427093499807727	0.3
133.24391783157222	300	22.186499172074495	0.0	159914	5425.129545662933	1.3427093499807727	0.3
136.93109320330515	300	22.499323800341557	0.0	131610	3687.175371732938	1.3427093499807727	0.3
142.0166249070436	300	21.413792096603125	0.0	124011	5085.531703738434	1.3427093499807727	0.3
149.86436146362826	300	17.56605554001846	0.0	144254	7847.736556584663	1.3427093499807727	0.3
152.97965322896334	300	18.45076377468337	0.0	149991	3115.2917653350905	1.3427093499807727	0.3
154.07800520751618	300	21.35241179613051	0.0	147968	1098.351978552861	1.3427093499807727	0.3
155.3021160197331	300	24.128300983913586	0.0	161857	1224.110812216924	1.3427093499807727	0.3
159.39835138907472	300	24.032065614571966	0.0	145210	4096.235369341619	1.3427093499807727	0.3
160.58866805295048	300	26.8417489506962	0.0	172312	1190.3166638757648	1.3427093499807727	0.3
161.85981347791892	300	29.570603525727776	0.0	167025	1271.1454249684257	1.3427093499807727	0.3
170.27624525483327	750	25.1541717488134	0.0	393804	8416.431776914373	1.3427093499807727	0.3
176.28262740871537	750	23.147789594931297	0.0	331053	6006.382153882105	1.3427093499807727	0.75
203.4067767339584	1850	4.0	3.9763597303117386	846370	27124.149325243034	1.3427093499807727	-16.348346840340476
213.5056965013045	750	4.0	6.098919767346129	450283	10098.91976734613	1.3427093499807727	-25.475354999588355
218.01582582398004	300	4.0	0.5101293226755169	155580	4510.129322675517	1.3427093499807727	-2.3435560875047226
222.29004184321303	300	4.0	0.2742160192329939	139857	4274.216019232994	1.3427093499807727	-0.8791288827018735
225.59508055990193	300	4.694961283311094	0.0	155432	3305.038716688906	1.3427093499807727	0.3
228.9045243882595	300	5.385517454953546	0.0	163442	3309.4438283575478	1.3427093499807727	0.3
229.78062871616547	300	8.509413127047559	0.0	126289	876.1043279059857	1.3427093499807727	0.3
233.45517232188067	300	8.834869521332351	0.0	153295	3674.543605715207	1.3427093499807727	0.3
236.9658915889506	300	9.324150254262447	0.0	173849	3510.7192670699046	1.3427093499807727	0.3
238.03513027071997	300	12.254911572493059	0.0	150710	1069.2386817693873	1.3427093499807727	0.3
240.29227513179728	300	13.997766711415762	0.0	139105	2257.1448610772977	1.3427093499807727	0.3
247.3596620524935	300	10.930379790719542	0.0	141840	7067.386920696221	1.3427093499807727	0.3
253.55496315076667	300	8.735078692446358	0.0	156148	6195.301098273184	1.3427093499807727	0.3
257.6064926119476	300	8.683549231265426	0.0	160746	4051.5294611809313	1.3427093499807727	0.3
262.29685250239316	300	7.993189340819875	0.0	179801	4690.359890445551	1.3427093499807727	0.3
266.86090236360775	300	7.429139479605294	0.0	140051	4564.04986121458	1.3427093499807727	0.3
270.07250478325017	300	8.21753705996292	0.0	138313	3211.602419642373	1.3427093499807727	0.3
272.22153961042875	300	10.068502232784336	0.0	143509	2149.034827178584	1.3427093499807727	0.3
274.4938717571331	300	11.796170086079986	0.0	150616	2272.33214670435	1.3427093499807727	0.3
276.98116354386593	300	13.308878299347153	0.0	165384	2487.2917867328324	1.3427093499807727	0.3
279.3856475016479	300	14.90439434156524	0.0	140881	2404.4839577819143	1.3427093499807727	0.3
284.3005737207828	300	13.989468122430376	0.0	157671	4914.926219134864	1.3427093499807727	0.3
296.612465782299	300	5.677576060914131	0.0	157812	12311.892061516244	1.3427093499807727	0.3
298.0440924039683	300	8.245949439244793	0.0	163927	1431.6266216693386	1.3427093499807727	0.3
302.8216946283749	300	7.4683472148381735	0.0	137654	4777.602224406619	1.3427093499807727	0.3
304.1717339146821	300	10.118307928531037	0.0	146754	1350.0392863071374	1.3427093499807727	0.3
305.7841748567052	300	12.505866986507911	0.0	153938	1612.4409420231243	1.3427093499807727	0.3
309.2630380405253	300	13.027003802687748	0.0	181901	3478.8631838201627	1.3427093499807727	0.3
310.20068755002245	300	16.089354293190663	0.0	111155	937.6495094970863	1.3427093499807727	0.3
315.36476782002865	300	14.925274023184466	0.0	153605	5164.080270006195	1.3427093499807727	0.3
317.4268709085709	300	16.8631709346422	0.0	149029	2062.103088542265	1.3427093499807727	0.3
319.9714531865807	300	18.31858865663239	0.0	157421	2544.5822780098106	1.3427093499807727	0.3
328.50962550401493	300	13.780416339198132	0.0	157488	8538.172317434259	1.3427093499807727	0.3
331.4970638710835	300	14.792977972129547	0.0	143881	2987.438367068584	1.3427093499807727	0.3
333.15709032746867	300	17.13295151574446	0.0	163444	1660.0264563850892	1.3427093499807727	0.3
335.048800273649	300	19.24124156956404	0.0	179328	1891.70994618042	1.3427093499807727	0.3
337.62580858614143	300	20.66423325707163	0.0	159914	2577.00831249241	1.3427093499807727	0.3
338.8154370501566	300	23.474604793056425	0.0	131610	1189.6284640152046	1.3427093499807727	0.3
350.426102182071	300	15.863939661142064	0.0	124011	11610.66513191436	1.3427093499807727	0.3
354.5408975371278	300	15.749144306085256	0.0	144254	4114.795355056807	1.3427093499807727	0.3
361.77317263134137	300	12.516869211871704	0.0	149991	7232.275094213553	1.3427093499807727	0.3
363.41646586487116	300	14.873575978341925	0.0	147968	1643.2932335297799	1.3427093499807727	0.3
370.4727017065354	300	11.817340136677679	0.0	161857	7056.235841664248	1.3427093499807727	0.3
372.9932835684763	300	13.296758274736812	0.0	145210	2520.581861940866	1.3427093499807727	0.3
377.84112774467724	300	12.448914098535843	0.0	172312	4847.844176200969	1.3427093499807727	0.3
385.5009859828234	300	8.78905586038965	0.0	167025	7659.858238146192	1.3427093499807727	0.3
386.71937030212416	300	11.570671541088865	0.0	160064	1218.3843193007851	1.3427093499807727	0.3
392.98576291499853	300	9.304278928214552	0.0	137507	6266.392612874311	1.3427093499807727	0.3
396.58755682433093	300	9.702485018882141	0.0	118421	3601.7939093324107	1.3427093499807727	0.3
408.1478162751087	750	4.0	1.857774431895632	450283	11560.259450777774	1.3427093499807727	-7.238430057151217
412.0528317359056	300	4.09498453920309	0.0	155580	3905.01546079691	1.3427093499807727	-0.15000000000000002
413.46185644772163	300	6.6859598273870455	0.0	139857	1409.0247118160455	1.3427093499807727	0.3
415.20659743351956	300	8.94121884158917	0.0	155432	1744.7409857978776	1.3427093499807727	0.3
418.61617140380486	300	9.53164487130388	0.0	163442	3409.5739702852875	1.3427093499807727	0.3
419.820625627609	300	12.327190647499746	0.0	126289	1204.454223804134	1.3427093499807727	0.3
426.59070836155144	300	9.557107913557283	0.0	153295	6770.082733942462	1.3427093499807727	0.3
428.6375699714155	300	11.510246303693311	0.0	173849	2046.8616098639723	1.3427093499807727	0.3
429.69711583384407	300	14.450700441264715	0.0	150710	1059.5458624285975	1.3427093499807727	0.3
430.7085379053856	300	17.4392783697232	0.0	139105	1011.4220715415157	1.3427093499807727	0.3
432.158037690134	300	19.989778584974793	0.0	141840	1449.4997847484078	1.3427093499807727	0.3
437.1195224297798	300	19.028293845329024	0.0	156148	4961.484739645771	1.3427093499807727	0.3
443.2846096140503	300	16.86320666105852	0.0	160746	6165.087184270503	1.3427093499807727	0.3
448.25225272466736	300	15.895563550441452	0.0	179801	4967.643110617069	1.3427093499807727	0.3
450.97187614088165	300	17.17594013422719	0.0	140051	2719.623416214264	1.3427093499807727	0.3
460.54550212974345	300	11.602314145365325	0.0	138313	9573.625988861864	1.3427093499807727	0.3
465.787456247728	300	10.36036002738074	0.0	143509	5241.9541179845855	1.3427093499807727	0.3
471.4631684604272	300	8.684647814681572	0.0	150616	5675.712212699167	1.3427093499807727	0.3
476.45179304353627	300	7.696023231572511	0.0	165384	4988.624583109061	1.3427093499807727	0.3
481.8494308926634	300	6.298385382445353	0.0	140881	5397.637849127157	1.3427093499807727	0.3
482.8896849652538	300	9.258131309854958	0.0	157671	1040.254072590396	1.3427093499807727	0.3
483.93079776154246	300	12.217018513566257	0.0	157812	1041.1127962886999	1.3427093499807727	0.3
490.531989063529	300	9.615827211579756	0.0	163927	6601.191301986502	1.3427093499807727	0.3
495.87271166090954	300	8.275104614199263	0.0	137654	5340.722597380492	1.3427093499807727	0.3
498.78761392930335	300	9.360202345805439	0.0	146754	2914.9022683938238	1.3427093499807727	0.3
503.6598698168445	300	8.487946458264362	0.0	153938	4872.255887541076	1.3427093499807727	0.3
507.97922803954793	300	8.168588235560934	0.0	181901	4319.358222703429	1.3427093499807727	0.3
513.2910191343741	300	6.856797140734756	0.0	111155	5311.791094826178	1.3427093499807727	0.3
517.0490678024636	300	7.098748472645262	0.0	153605	3758.048668089494	1.3427093499807727	0.3
518.589530047116	300	9.558286227992859	0.0	149029	1540.4622446524027	1.3427093499807727	0.3
519.7229931084282	300	12.424823166680572	0.0	157421	1133.4630613122881	1.3427093499807727	0.3
523.2164775787393	300	12.93133869636953	0.0	157488	3493.4844703110407	1.3427093499807727	0.3
530.4850416037829	300	9.662774671325845	0.0	143881	7268.5640250436845	1.3427093499807727	0.3
534.8483616259683	300	9.299454649140428	0.0	163444	4363.320022185419	1.3427093499807727	0.3
541.14717078892	300	7.000645486188718	0.0	179328	6298.809162951709	1.3427093499807727	0.3
547.0548942089704	300	5.092922066138366	0.0	159914	5907.723420050352	1.3427093499807727	0.3
548.0659643918519	300	8.081851883256844	0.0	131610	1011.0701828815221	1.3427093499807727	0.3
549.0232757241922	300	11.124540550916441	0.0	124011	957.3113323404029	1.3427093499807727	0.3
552.8595129939092	300	11.288303281199495	0.0	144254	3836.237269716947	1.3427093499807727	0.3
557.2474642665782	300	10.900352008530428	0.0	149991	4387.951272669066	1.3427093499807727	0.3
558.4586078826985	300	13.689208392410075	0.0	147968	1211.1436161203524	1.3427093499807727	0.3
564.4940264549623	300	11.65378982014623	0.0	161857	6035.418572263844	1.3427093499807727	0.3
569.8257660667159	300	10.322050208392652	0.0	145210	5331.739611753578	1.3427093499807727	0.3
572.8066461172131	300	11.34117015789551	0.0	172312	2980.8800504971405	1.3427093499807727	0.3
578.666915861671	300	9.480900413437569	0.0	167025	5860.269744457942	1.3427093499807727	0.3
589.52887194095	300	4.0	1.3810556658415334	160064	10861.956079279102	1.3427093499807727	-5.638539363118594
600.5923170081983	300	4.0	7.063445067248249	137507	11063.445067248249	1.3427093499807727	-30.07281378916747
604.8035033752867	300	4.0	0.21118636708841587	118421	4211.186367088416	1.3427093499807727	-0.6081013784801883
621.5529056895004	750	4.0	12.749402314213755	450283	16749.402314213756	1.3427093499807727	-54.07242995111915
623.8927019734812	300	5.660203716019327	0.0	155580	2339.7962839806733	1.3427093499807727	-0.15000000000000002
625.5589991389322	300	7.993906550568363	0.0	139857	1666.2971654509633	1.3427093499807727	0.3
632.9711858827864	300	4.581719806714162	0.0	155432	7412.186743854201	1.3427093499807727	0.3
636.5176567729112	300	5.035248916589409	0.0	163442	3546.4708901247523	1.3427093499807727	0.3
637.9674104147375	300	7.585495274763056	0.0	126289	1449.7536418263537	1.3427093499807727	0.3
639.8264543673176	300	9.726451322182939	0.0	153295	1859.043952580117	1.3427093499807727	0.3
644.5320200258154	300	9.020885663685089	0.0	173849	4705.56565849785	1.3427093499807727	0.3
648.5263450720507	300	9.026560617449913	0.0	150710	3994.325046235175	1.3427093499807727	0.3
654.0469261013261	300	7.505979588174473	0.0	139105	5520.58102927544	1.3427093499807727	0.3
655.895433274234	300	9.657472415266579	0.0	141840	1848.5071729078948	1.3427093499807727	0.3
663.8497460519897	300	5.703159637510997	0.0	156148	7954.312777755581	1.3427093499807727	0.3
668.2637694177757	300	5.289136271724908	0.0	160746	4414.023365786089	1.3427093499807727	0.3
670.5341005223613	300	7.018805167139232	0.0	179801	2270.331104585677	1.3427093499807727	0.3
672.8854464193007	300	8.667459270199833	0.0	140051	2351.345896939397	1.3427093499807727	0.3
677.3505270284795	300	8.202378661021099	0.0	138313	4465.080609178735	1.3427093499807727	0.3
681.6207944684509	300	7.93211122104974	0.0	143509	4270.267439971359	1.3427093499807727	0.3
682.697357155576	300	10.855548533924612	0.0	150616	1076.5626871251295	1.3427093499807727	0.3
685.7548286908973	300	11.798076998603312	0.0	165384	3057.4715353212996	1.3427093499807727	0.3
689.1822404692574	300	12.370665220243131	0.0	140881	3427.411778360181	1.3427093499807727	0.3
695.9076864941337	300	9.645219195366906	0.0	157671	6725.446024876224	1.3427093499807727	0.3
700.9034530452972	300	8.64945264420336	0.0	157812	4995.766551163548	1.3427093499807727	0.3
709.7529307915286	300	4.0	0.20002510202801205	163927	8849.47774623137	1.3427093499807727	-0.5601079387204517
718.9934690940981	300	4.0	5.240538302569681	137654	9240.538302569681	1.3427093499807727	-22.234314701049627
721.6719216186749	300	5.32154747542326	0.0	146754	2678.4525245767395	1.3427093499807727	0.3
723.7545639091347	300	7.238905184963456	0.0	153938	2082.6422904598035	1.3427093499807727	0.3
725.5249334278838	300	9.468535666214335	0.0	181901	1770.3695187491223	1.3427093499807727	0.3
726.5427038440239	300	12.450765250074232	0.0	111155	1017.7704161401041	1.3427093499807727	0.3
730.9313505883017	300	12.062118505796464	0.0	153605	4388.6467442777675	1.3427093499807727	0.3
732.806704418016	300	14.186764676082154	0.0	149029	1875.3538297143114	1.3427093499807727	0.3
736.8942068480869	300	14.099262246011287	0.0	157421	4087.5024300708656	1.3427093499807727	0.3
740.5413991737217	300	14.452069920376374	0.0	157488	3647.1923256349123	1.3427093499807727	0.3
743.8140474372847	300	15.179421656813451	0.0	143881	3272.6482635629245	1.3427093499807727	0.3
745.307456344001	300	17.686012750097163	0.0	163444	1493.4089067162897	1.3427093499807727	0.3
746.6249500057053	300	20.368519088392876	0.0	179328	1317.4936617042845	1.3427093499807727	0.3
747.6803720111047	300	23.31309708299345	0.0	159914	1055.4220053994245	1.3427093499807727	0.3
754.2263780357038	300	20.767091058394435	0.0	131610	6546.006024599019	1.3427093499807727	0.3
757.4014668957291	300	21.592002198369098	0.0	124011	3175.088860025338	1.3427093499807727	0.3
761.189361915586	300	21.80410717851212	0.0	144254	3787.8950198569755	1.3427093499807727	0.3
762.6477513543094	300	24.34571773978875	0.0	149991	1458.3894387233706	1.3427093499807727	0.3
765.3003277022491	300	25.69314139184911	0.0	147968	2652.5763479396405	1.3427093499807727	0.3
770.9076749440577	300	24.085794150040464	0.0	161857	5607.347241808648	1.3427093499807727	0.3
772.3792324907877	300	26.61423660331052	0.0	145210	1471.5575467299416	1.3427093499807727	0.3
785.6242077051256	300	17.369261388972532	0.0	172312	13244.97521433799	1.3427093499807727	0.3
790.5156921873175	300	16.47777690678065	0.0	167025	4891.48448219188	1.3427093499807727	0.3
792.9273628742511	300	18.06610621984714	0.0	160064	2411.6706869335108	1.3427093499807727	0.3
799.0220212658448	300	15.971447828253433	0.0	137507	6094.658391593709	1.3427093499807727	0.3
799.9321838417736	300	19.061285252324595	0.0	118421	910.1625759288361	1.3427093499807727	0.3
806.3461459998497	750	16.64732309424862	0.0	450283	6413.962158075977	1.3427093499807727	0.75
808.9710692746492	300	18.02239981944918	0.0	155580	2624.923274799441	1.3427093499807727	-0.15000000000000002
810.7502679970061	300	20.24320109709222	0.0	139857	1779.198722356957	1.3427093499807727	0.3
814.8177457836691	300	20.17572331042909	0.0	155432	4067.477786663131	1.3427093499807727	0.3
818.6477373879558	300	20.34573170614254	0.0	163442	3829.991604286549	1.3427093499807727	0.3
821.9922909228595	300	21.00117817123875	0.0	126289	3344.553534903793	1.3427093499807727	0.3
825.1374881230519	300	21.855980971046506	0.0	153295	3145.1972001922436	1.3427093499807727	0.3
846.4338418027044	300	4.559627291394001	0.0	173849	21296.353679652504	1.3427093499807727	0.3
867.277330681963	300	4.0	16.283861587864585	150710	20843.488879258588	1.3427093499807727	-69.72060482781772
878.2252331677001	300	4.0	6.947902485737079	139105	10947.902485737079	1.3427093499807727	-29.57598068866944
883.3441171726299	300	4.0	1.1188840049297606	141840	5118.8840049297605	1.3427093499807727	-4.511201221197971
885.6566904530192	300	5.6874267196107215	0.0	156148	2312.5732803892793	1.3427093499807727	0.3
893.2433262592173	300	4.0	1.8992090865873024	160746	7586.635806198024	1.3427093499807727	-7.866599072325401
896.0154439360091	300	5.227882323208194	0.0	179801	2772.1176767918055	1.3427093499807727	0.3
904.769380558231	300	4.0	3.5260542990138037	140051	8753.936622221998	1.3427093499807727	-14.862033485759355
911.1723230437016	300	4.0	2.4029424854705947	138313	6402.942485470595	1.3427093499807727	-10.032652687523557
913.9434259535096	300	5.228897090191904	0.0	143509	2771.1029098080962	1.3427093499807727	0.3
922.2822908586699	300	4.0	3.1099678149683676	150616	8338.864905160272	1.3427093499807727	-13.072861604363979
934.3496954802624	300	4.0	8.067404621592505	165384	12067.404621592505	1.3427093499807727	-34.38983987284777
938.8831833628952	300	4.0	0.5334878826328668	140881	4533.487882632867	1.3427093499807727	-1.9939978953213273
950.5803583900587	300	4.0	7.6971750271632935	157671	11697.175027163294	1.3427093499807727	-32.79785261680216
953.164433089148	300	5.415925300910614	0.0	157812	2584.074699089386	1.3427093499807727	0.3
956.1913991346751	300	6.388959255383649	0.0	163927	3026.966045526965	1.3427093499807727	0.3
965.4305284576249	300	4.0	2.8501700675661024	137654	9239.129322949751	1.3427093499807727	-11.955731290534239
966.5512584521971	300	6.879270005427782	0.0	146754	1120.7299945722182	1.3427093499807727	0.3
969.7061532331686	300	7.7243752244561925	0.0	153938	3154.894780971589	1.3427093499807727	0.3
974.1669194005136	300	7.263609057111147	0.0	181901	4460.766167345047	1.3427093499807727	0.3
978.0745008722616	300	7.356027585363245	0.0	111155	3907.581471747901	1.3427093499807727	0.3
991.0203583486804	300	4.0	5.589829891055453	153605	12945.857476418698	1.3427093499807727	-23.736268531538446
1002.4106345535948	300	4.0	7.390276204914535	149029	11390.276204914535	1.3427093499807727	-31.4781876811325
1014.4710856874856	300	4.0	8.060451133890805	157421	12060.451133890805	1.3427093499807727	-34.35993987573046
1023.4564542853122	300	4.0	4.985368597826558	157488	8985.368597826558	1.3427093499807727	-21.1370849706542
1024.979702456932	300	6.476751828380256	0.0	143881	1523.2481716197433	1.3427093499807727	0.3
1026.908939163879	300	8.547515121433152	0.0	163444	1929.2367069471036	1.3427093499807727	0.3
1030.6615500575008	300	8.79490422781151	0.0	179328	3752.6108936216424	1.3427093499807727	0.3
1034.1077475983193	300	9.348706686992957	0.0	159914	3446.1975408185535	1.3427093499807727	0.3
1036.9239958331384	300	10.532458452173792	0.0	131610	2816.2482348191643	1.3427093499807727	0.3
1038.2587115475906	300	13.197742737721736	0.0	124011	1334.7157144520563	1.3427093499807727	0.3
1039.8521396941364	300	15.604314591176013	0.0	144254	1593.428146545723	1.3427093499807727	0.3
1043.6953577808952	300	15.761096504417143	0.0	149991	3843.218086758871	1.3427093499807727	0.3
1046.9357844238243	300	16.520669861488035	0.0	147968	3240.426642929109	1.3427093499807727	0.3
1048.7613143482693	300	18.695139937043102	0.0	161857	1825.5299244449309	1.3427093499807727	0.3
1055.594181908856	300	15.862272376456371	0.0	145210	6832.867560586733	1.3427093499807727	0.3
1063.0229474932316	300	12.43350679208059	0.0	172312	7428.76558437578	1.3427093499807727	0.3
1065.4689506328352	300	13.987503652476834	0.0	167025	2446.003139603757	1.3427093499807727	0.3
1069.8585977157234	300	13.597856569588807	0.0	160064	4389.647082888027	1.3427093499807727	0.3
1071.7193717901382	300	15.737082495173883	0.0	137507	1860.7740744149223	1.3427093499807727	0.3
1077.233764054428	300	14.222690230884124	0.0	118421	5514.39226428976	1.3427093499807727	0.3
1082.5576655530303	750	12.898788732281954	0.0	450283	5323.90149860217	1.3427093499807727	0.75
1088.4110954874695	300	11.045358797842626	0.0	155580	5853.429934439328	1.3427093499807727	-0.15000000000000002
1089.7993486751102	300	13.657105610202052	0.0	139857	1388.253187640573	1.3427093499807727	0.3
1096.5914716905493	300	10.864982594762827	0.0	155432	6792.123015439226	1.3427093499807727	0.3
1107.6964328505155	300	4.0	0.23997856520343702	163442	11104.961159966264	1.3427093499807727	-0.731907830374779
1112.7712111258884	300	4.0	1.074778275372918	126289	5074.778275372918	1.3427093499807727	-4.321546584103547
1118.4748479042776	300	4.0	1.7036367783889954	153295	5703.6367783889955	1.3427093499807727	-7.02563814707268
1120.3933847605692	300	6.081463143708208	0.0	173849	1918.5368562917915	1.3427093499807727	0.3
1123.6071765294043	300	6.867671374873269	0.0	150710	3213.7917688349385	1.3427093499807727	0.3
1129.9403250253029	300	4.53452287897468	0.0	139105	6333.148495898589	1.3427093499807727	0.3
1133.3888944971284	300	5.085953407149069	0.0	141840	3448.5694718256104	1.3427093499807727	0.3
1134.7445600380931	300	7.730287866184178	0.0	156148	1355.66554096489	1.3427093499807727	0.3
1139.7456316842529	300	6.729216220024339	0.0	160746	5001.0716461598395	1.3427093499807727	0.3
1149.489741560935	300	4.0	3.0148936566576605	179801	9744.109876682	1.3427093499807727	-12.664042723627938
1153.0099854019159	300	4.479756159019085	0.0	140051	3520.2438409809147	1.3427093499807727	0.3
1161.0162824416607	300	4.0	3.5265408807258125	138313	8006.297039744898	1.3427093499807727	-14.864125787120992
1164.2879860564237	300	4.728296385236989	0.0	143509	3271.7036147630106	1.3427093499807727	0.3
1166.1087534949336	300	6.907528946727336	0.0	150616	1820.7674385096532	1.3427093499807727	0.3
1168.4524005317587	300	8.56388190990213	0.0	165384	2343.647036825205	1.3427093499807727	0.3
1173.9543666523796	300	7.061915789281465	0.0	140881	5501.9661206206665	1.3427093499807727	0.3
1179.7966671430545	300	5.219615298606391	0.0	157671	5842.300490675073	1.3427093499807727	0.3
1182.4375822054137	300	6.578700236247216	0.0	157812	2640.9150623591754	1.3427093499807727	0.3
1183.6820134470938	300	9.334268994567017	0.0	163927	1244.4312416801988	1.3427093499807727	0.3
1187.5597392124805	300	9.456543229180168	0.0	137654	3877.725765386849	1.3427093499807727	0.3
1193.0602457340756	300	7.956036707585233	0.0	146754	5500.506521594935	1.3427093499807727	0.3
1195.4733101819377	300	9.54297225972305	0.0	153938	2413.0644478621825	1.3427093499807727	0.3
1200.3215603596743	300	8.694722081986326	0.0	181901	4848.250177736726	1.3427093499807727	0.3
1201.0892233914876	300	11.927059050172938	0.0	111155	767.6630318133857	1.3427093499807727	0.3
1202.1195043505243	300	14.896778091136502	0.0	153605	1030.2809590364366	1.3427093499807727	0.3
1210.9419802337018	300	10.074302207958755	0.0	149029	8822.475883177747	1.3427093499807727	0.3
1215.114828750649	300	9.90145369101155	0.0	157421	4172.848516947205	1.3427093499807727	0.3
1218.4807026597784	300	10.535579781881939	0.0	157488	3365.87390912961	1.3427093499807727	0.3
1220.473521361153	300	12.542761080507692	0.0	143881	1992.818701374249	1.3427093499807727	0.3
1223.5312205277646	300	13.485061913896006	0.0	163444	3057.6991666116846	1.3427093499807727	0.3
1230.054830450564	300	10.96145199109682	0.0	179328	6523.609922799188	1.3427093499807727	0.3
1235.7720940893626	300	9.244188352298227	0.0	159914	5717.263638798591	1.3427093499807727	0.3
1237.6420774310031	300	11.374205010657713	0.0	131610	1869.983341640515	1.3427093499807727	0.3
1240.4543482369634	300	12.561934204697357	0.0	124011	2812.270805960358	1.3427093499807727	0.3
1242.1357509130382	300	14.880531528622589	0.0	144254	1681.4026760747668	1.3427093499807727	0.3
1243.874700786603	300	17.14158165505774	0.0	149991	1738.9498735648542	1.3427093499807727	0.3
1246.161479048813	300	18.85480339284763	0.0	147968	2286.778262210108	1.3427093499807727	0.3
1250.4848881745108	300	18.53139426714986	0.0	161857	4323.40912569777	1.3427093499807727	0.3
1256.9665273059861	300	16.0497551356746	0.0	145210	6481.639131475259	1.3427093499807727	0.3
1260.3627103427707	300	16.653572098889853	0.0	172312	3396.1830367847483	1.3427093499807727	0.3
1261.7294717157583	300	19.286810725902285	0.0	167025	1366.7613729875693	1.3427093499807727	0.3
1263.7663611053224	300	21.249921336338314	0.0	160064	2036.8893895639708	1.3427093499807727	0.3
1265.2539074306071	300	23.76237501105348	0.0	137507	1487.5463252848365	1.3427093499807727	0.3
1273.6803764610188	750	19.335905980641765	0.0	314107	8426.469030411716	1.3427093499807727	0.3
1286.9386265398573	750	10.077655901803254	0.0	450283	13258.25007883851	1.3427093499807727	0.75
1293.1058898251024	300	7.910392616558183	0.0	155580	6167.2632852450715	1.3427093499807727	-0.15000000000000002
1297.9938234352342	300	7.022459006426339	0.0	139857	4887.933610131844	1.3427093499807727	0.3
1299.4514159649632	300	9.564866476697265	0.0	155432	1457.5925297290746	1.3427093499807727	0.3
1302.5942492319482	300	10.422033209712215	0.0	163442	3142.83326698505	1.3427093499807727	0.3
1307.0219965112083	300	9.994285930452147	0.0	126289	4427.747279260069	1.3427093499807727	0.3
1312.2658740942045	300	8.750408347456057	0.0	153295	5243.877582996088	1.3427093499807727	0.3
1325.9797852536979	300	4.0	4.963502812037134	173849	13713.911159493191	1.3427093499807727	-21.043062091759673
1329.03704414906	300	4.942741104637636	0.0	150710	3057.258895362364	1.3427093499807727	0.3
1331.486426253093	300	6.493359000604696	0.0	139105	2449.382104032941	1.3427093499807727	0.3
1333.1782075170383	300	8.801577736659272	0.0	141840	1691.7812639454237	1.3427093499807727	0.3
1334.684702814037	300	11.295082439660506	0.0	156148	1506.4952969987662	1.3427093499807727	0.3
1338.0844769653622	300	11.895308288335508	0.0	160746	3399.7741513249975	1.3427093499807727	0.3
1343.5311774627983	300	10.448607790899406	0.0	179801	5446.700497436103	1.3427093499807727	0.3
1349.6237954070434	300	8.355989846654467	0.0	140051	6092.6179442449375	1.3427093499807727	0.3
1351.5634238020293	300	10.416361451668472	0.0	138313	1939.6283949859962	1.3427093499807727	0.3
1354.0129893476214	300	11.96679590607652	0.0	143509	2449.565545591952	1.3427093499807727	0.3
1358.906196806182	300	11.073588447515956	0.0	150616	4893.207458560564	1.3427093499807727	0.3
1367.041055487344	300	6.938729766353822	0.0	165384	8134.858681162134	1.3427093499807727	0.3
1368.7740967621287	300	9.205688491569335	0.0	140881	1733.0412747844866	1.3427093499807727	0.3
1372.2613892685479	300	9.718395985150138	0.0	157671	3487.2925064191973	1.3427093499807727	0.3
1374.7533763063518	300	11.226408947346266	0.0	157812	2491.9870378038713	1.3427093499807727	0.3
1375.7307679967594	300	14.249017256938654	0.0	163927	977.391690407613	1.3427093499807727	0.3
1381.9763646405922	300	12.003420613106023	0.0	137654	6245.596643832631	1.3427093499807727	0.3
1390.9128024463637	300	7.066982807334414	0.0	146754	8936.43780577161	1.3427093499807727	0.3
1392.9859344271558	300	8.993850826542301	0.0	153938	2073.1319807921127	1.3427093499807727	0.3
1397.4546262494016	300	8.525159004296615	0.0	181901	4468.691822245686	1.3427093499807727	0.3
1403.7921799843598	300	6.187605269338433	0.0	111155	6337.553734958182	1.3427093499807727	0.3
1407.5408989658	300	6.438886287898179	0.0	153605	3748.7189814402536	1.3427093499807727	0.3
1414.6234713543004	300	4.0	0.6436861006022864	149029	7082.572388500465	1.3427093499807727	-2.4678502325898313
1420.6891977917655	300	4.0	2.065726437465116	157421	6065.726437465116	1.3427093499807727	-8.582623681099998
1425.6741471289404	300	4.0	0.9849493371748231	157488	4984.949337174823	1.3427093499807727	-3.93528214985174
1426.7783461359447	300	6.895800992995607	0.0	143881	1104.1990070043928	1.3427093499807727	0.3
1429.5121651761328	300	8.16198195280759	0.0	163444	2733.819040188018	1.3427093499807727	0.3
1435.0824265646288	300	6.591720564311705	0.0	179328	5570.261388495885	1.3427093499807727	0.3
1441.9058308894457	300	4.0	0.23168376050538064	159914	6823.404324817086	1.3427093499807727	-0.6962401701731367
1446.631855512193	300	4.0	0.7260246227471217	131610	4726.024622747122	1.3427093499807727	-2.821905877812623
1451.9222436302605	300	4.0	1.2903881180675199	124011	5290.38811806752	1.3427093499807727	-5.248668907690336
1453.3083529967969	300	6.613890633463586	0.0	144254	1386.109366536414	1.3427093499807727	0.3
1462.6849267304983	300	4.0	2.7626831002378522	149991	9376.573733701438	1.3427093499807727	-11.579537331022763
1466.0849413390963	300	4.599985391401906	0.0	147968	3400.014608598094	1.3427093499807727	0.3
1467.7317126665619	300	6.953214063936319	0.0	161857	1646.7713274655864	1.3427093499807727	0.3
1469.6599303014607	300	9.02499642903737	0.0	145210	1928.21763489895	1.3427093499807727	0.3
1472.2574503552285	300	10.42747637526946	0.0	172312	2597.52005376791	1.3427093499807727	0.3
1473.8081291507578	300	12.876797579740206	0.0	167025	1550.6787955292555	1.3427093499807727	0.3
1476.0409897215823	300	14.643937008915781	0.0	160064	2232.860570824424	1.3427093499807727	0.3
1487.7658258737904	750	6.919100856707688	0.0	331053	11724.836152208094	1.3427093499807727	0.3
1488.8326530690097	300	9.85227366148819	0.0	118421	1066.8271952194966	1.3427093499807727	-0.15000000000000002
1493.9473615371376	750	8.737565193360398	0.0	450283	5114.708468127793	1.3427093499807727	0.75
1497.2297218340934	300	9.455204896404641	0.0	155580	3282.3602969557583	1.3427093499807727	-0.15000000000000002
1500.1963373834633	300	10.488589347034809	0.0	139857	2966.615549369832	1.3427093499807727	0.3
1501.3654575713108	300	13.319469159187353	0.0	155432	1169.1201878474567	1.3427093499807727	0.3
1503.9428100539608	300	14.742116676537195	0.0	163442	2577.3524826501575	1.3427093499807727	0.3
1505.6967091679107	300	16.98821756258732	0.0	126289	1753.899113949875	1.3427093499807727	0.3
1507.7385873024746	300	18.946339428023464	0.0	153295	2041.8781345638577	1.3427093499807727	0.3
1511.6576654687283	300	19.027261261769752	0.0	173849	3919.078166253712	1.3427093499807727	0.3
1517.2391823214796	300	17.445744409018317	0.0	150710	5581.516852751436	1.3427093499807727	0.3
1518.2141567318254	300	20.470769998672502	0.0	139105	974.9744103458155	1.3427093499807727	0.3
1519.914408209657	300	22.770518520840874	0.0	141840	1700.2514778316286	1.3427093499807727	0.3
1522.670116756368	300	24.0148099741298	0.0	156148	2755.708546711072	1.3427093499807727	0.3
1529.4571261858005	300	21.227800544697608	0.0	160746	6787.009429432191	1.3427093499807727	0.3
1536.4843145270393	300	18.200612203458782	0.0	179801	7027.188341238828	1.3427093499807727	0.3
1538.551568933857	300	20.133357796641146	0.0	140051	2067.2544068176367	1.3427093499807727	0.3
1541.823830506691	300	20.861096223806978	0.0	138313	3272.261572834169	1.3427093499807727	0.3
1542.7999399962855	300	23.884986734212358	0.0	143509	976.1094895946202	1.3427093499807727	0.3
1544.04247269032	300	26.64245404017817	0.0	150616	1242.5326940341888	1.3427093499807727	0.3
1545.800593002349	300	28.884333728149155	0.0	165384	1758.1203120290174	1.3427093499807727	0.3
1547.1574309475861	300	31.527495782911952	0.0	140881	1356.837945237201	1.3427093499807727	0.3
1550.5786774978274	300	32.10624923267064	0.0	157671	3421.2465502413106	1.3427093499807727	0.3
1551.5978599415694	300	35.08706678892878	0.0	157812	1019.1824437418635	1.3427093499807727	0.3
1561.1931361459835	750	29.491790584514494	0.0	401853	9595.276204414286	1.3427093499807727	0.3
1565.9646420754545	750	28.720284655043613	0.0	343800	4771.505929470878	1.3427093499807727	0.75
1569.8381902351464	750	28.84673649535181	0.0	359903	3873.5481596918085	1.3427093499807727	0.75
1575.3843632528972	750	27.300563477600896	0.0	379700	5546.1730177509135	1.3427093499807727	0.75
1595.1073819296155	750	11.577544800882606	0.0	425781	19723.01867671829	1.3427093499807727	0.75
1598.748133619131	300	11.93679311136705	0.0	111155	3640.7516895155554	1.3427093499807727	-0.15000000000000002
1613.981988742804	300	4.0	3.2970620123061143	153605	15233.855123673166	1.3427093499807727	-13.87736665291629
1621.1682114481384	300	4.0	3.1862227053340884	149029	7186.2227053340885	1.3427093499807727	-13.400757632936578
1624.294202939902	300	4.874008508236162	0.0	157421	3125.9914917638375	1.3427093499807727	0.3
1626.0775470898336	300	7.09066435830478	0.0	157488	1783.3441499313822	1.3427093499807727	0.3
1627.1445013589293	300	10.023710089208901	0.0	143881	1066.9542690958792	1.3427093499807727	0.3
1636.350781689832	300	4.817429758306229	0.0	163444	9206.280330902671	1.3427093499807727	0.3
1643.9629841563824	300	4.0	2.79477270824435	179328	7612.202466550579	1.3427093499807727	-11.717522645450703
1651.8366844073062	300	4.0	3.8737002509235436	159914	7873.7002509235435	1.3427093499807727	-16.356911078971237
1653.2352886014964	300	6.601395805809709	0.0	131610	1398.6041941902918	1.3427093499807727	0.3
1657.287883145795	300	6.548801261511129	0.0	124011	4052.5945442985794	1.3427093499807727	0.3
1659.005816858441	300	8.830867548864969	0.0	144254	1717.9337126461594	1.3427093499807727	0.3
1661.4230496429554	300	10.413634764350547	0.0	149991	2417.2327845144237	1.3427093499807727	0.3
1667.001958172066	300	8.834726235239975	0.0	147968	5578.908529110571	1.3427093499807727	0.3
1675.8976225217184	300	4.0	0.060938114412601864	161857	8895.664349652578	1.3427093499807727	0.03796610802581196
1679.0165989904747	300	4.881023531243831	0.0	145210	3118.9764687561697	1.3427093499807727	0.3
1684.3832907296944	300	4.0	0.4856682079758757	172312	5366.6917392197065	1.3427093499807727	-1.7883732942962653

