932123.7911002912	750	4.0	7.20177147152987	450283	7201.77147152987	1	-30.21761732757844
932126.3639955356	300	5.427104755536826	0.0	155580	2572.895244463174	0.7800932022121826	-0.15000000000000002
932128.7459009774	300	7.045199313812296	0.0	139857	2381.90544172453	0.7800932022121826	0.3
932131.2294143898	300	8.56168590135464	0.0	155432	2483.5134124576566	0.7800932022121826	0.3
932133.9433452241	300	9.84775506708068	0.0	163442	2713.930834273961	0.7800932022121826	0.3
932136.6385738685	300	11.152526422716276	0.0	126289	2695.2286443644025	0.7800932022121826	0.3
932139.5732394594	300	12.217860831890318	0.0	153295	2934.6655908259577	0.7800932022121826	0.3
932143.8632126348	300	11.927887656509192	0.0	173849	4289.973175381126	0.7800932022121826	0.3
932146.3755632978	300	13.415536993506308	0.0	150710	2512.3506630028846	0.7800932022121826	0.3
932148.7480419345	300	15.043058356771366	0.0	139105	2372.478636734942	0.7800932022121826	0.3
932153.2229835984	300	14.568116692893378	0.0	141840	4474.941663877987	0.7800932022121826	0.3
932158.9332170023	300	12.857883289022261	0.0	156148	5710.233403871117	0.7800932022121826	0.3
932162.7730228466	300	13.018077444763748	0.0	160746	3839.8058442585148	0.7800932022121826	0.3
932166.1925921463	300	13.598508144991778	0.0	179801	3419.569299771969	0.7800932022121826	0.3
932168.5298181537	300	15.261282137589847	0.0	140051	2337.22600740193	0.7800932022121826	0.3
932172.3499438249	300	15.441156466478509	0.0	138313	3820.1256711113388	0.7800932022121826	0.3
932177.6918457814	300	14.099254509872276	0.0	143509	5341.901956606233	0.7800932022121826	0.3
932180.5724766788	300	15.218623612607926	0.0	150616	2880.6308972643506	0.7800932022121826	0.3
932183.4354565326	300	16.355643758754074	0.0	165384	2862.9798538538503	0.7800932022121826	0.3
932185.808008556	300	17.983091735312836	0.0	140881	2372.5520234412406	0.7800932022121826	0.3
932188.7612493404	300	19.029850950846836	0.0	157671	2953.2407844659997	1.8727005942368125	0.3
932191.3216339576	300	20.469466333767084	0.0	157812	2560.384617079752	1.8727005942368125	0.3
932193.9618873332	300	21.82921295806588	0.0	163927	2640.2533757012015	1.8727005942368125	0.3
932196.2193822834	300	23.571718007747062	0.0	137654	2257.4949503188186	1.8727005942368125	0.3
932199.2370598356	300	24.55404045565282	0.0	146754	3017.677552094243	1.8727005942368125	0.3
932203.1831391022	300	24.607961188945783	0.0	153938	3946.079266707036	1.8727005942368125	0.3
932206.5332348893	300	25.257865401916042	0.0	181901	3350.0957870297425	1.8727005942368125	0.3
932208.3668880177	300	27.424212273439355	0.0	111155	1833.653128476687	1.8727005942368125	0.3
932210.9239385184	300	28.867161772771812	0.0	153605	2557.050500667544	1.8727005942368125	0.3
932213.6453028519	300	30.145797439316365	0.0	149029	2721.3643334554467	1.8727005942368125	0.3
932217.0660276893	300	30.72507260200725	0.0	157421	3420.724837309115	1.8727005942368125	0.3
932220.4428401437	300	31.348260147491736	0.0	157488	3376.8124545155115	1.8727005942368125	0.3
932222.9617332648	300	32.82936702634738	0.0	143881	2518.893121144363	1.8727005942368125	0.3
932225.9040169306	300	33.8870833606266	0.0	163444	2942.283665720786	1.8727005942368125	0.3
932234.0556054835	300	29.735494807620586	0.0	179328	8151.588553006008	1.8727005942368125	0.3
932237.785977848	300	30.005122443265453	0.0	159914	3730.372364355136	1.8727005942368125	0.3
932240.0032714255	300	31.787828865682574	0.0	131610	2217.2935775828764	1.8727005942368125	0.3
932242.1629082405	300	33.62819205068971	0.0	124011	2159.636814992856	1.8727005942368125	0.3
932244.5796219028	300	35.211478388348965	0.0	144254	2416.713662340749	1.8727005942368125	0.3
932248.1371325494	300	35.65396774175791	0.0	149991	3557.5106465910594	1.8727005942368125	0.3
932253.4937531995	300	34.297347091674254	0.0	147968	5356.620650083661	1.8727005942368125	0.3
932263.617230896	300	28.173869395140297	0.0	161857	10123.477696533953	1.8727005942368125	0.3
932270.228287359	300	25.562812932086185	0.0	145210	6611.05646305411	1.8727005942368125	0.3
932273.4007851805	300	26.39031511059687	0.0	172312	3172.4978214893167	1.8727005942368125	0.3
932276.9692180597	300	26.82188223144356	0.0	167025	3568.43287915331	1.8727005942368125	0.3
932279.8156520705	300	27.975448220745225	0.0	160064	2846.434010698336	1.8727005942368125	0.3
932282.1116593071	300	29.679440984039015	0.0	137507	2296.007236706209	1.8727005942368125	0.3
932287.198275049	750	28.592825242219646	0.0	314107	5086.615741819371	1.8727005942368125	0.3
932299.4983384439	750	20.292761847334287	0.0	450283	12300.06339488536	1.8727005942368125	0.75
932304.0152820408	300	19.775818250413987	0.0	155580	4516.9435969203005	1.8727005942368125	-0.15000000000000002
932311.7347605297	300	16.056339761448083	0.0	139857	7719.478488965905	1.8727005942368125	0.3
932315.6429776087	300	16.14812268249167	0.0	155432	3908.2170789564116	1.8727005942368125	0.3
932318.7770646221	300	17.014035668989447	0.0	163442	3134.087013502221	1.8727005942368125	0.3
932321.9492100584	300	17.841890232651462	0.0	126289	3172.1454363379853	1.8727005942368125	0.3
932326.5807162811	300	17.210384009986505	0.0	153295	4631.506222664958	1.8727005942368125	0.3
932331.7543014998	300	16.036798791173258	0.0	173849	5173.585218813249	1.8727005942368125	0.3
932334.2202538542	300	17.57084643690975	0.0	150710	2465.952354263506	1.8727005942368125	0.3
932339.5815584587	300	16.209541832327904	0.0	139105	5361.3046045818455	1.8727005942368125	0.3
932344.9483553008	300	14.842744990265434	0.0	141840	5366.796842062472	1.8727005942368125	0.3
932348.6140460938	300	15.177054197229875	0.0	156148	3665.6907930355596	1.8727005942368125	0.3
932353.1849861324	300	14.606114158659592	0.0	160746	4570.940038570284	1.8727005942368125	0.3
932361.5924482935	300	10.198651997598127	0.0	179801	8407.462161061465	1.8727005942368125	0.3
932366.5195052933	300	9.27159499768405	0.0	140051	4927.056999914078	1.8727005942368125	0.3
932371.7385271335	300	8.052573157589114	0.0	138313	5219.021840094935	1.8727005942368125	0.3
932376.7828831546	300	7.008217136469597	0.0	143509	5044.356021119517	1.8727005942368125	0.3
932381.5865820259	300	6.20451826525521	0.0	150616	4803.698871214387	1.8727005942368125	0.3
932384.5037429406	300	7.2873573504248474	0.0	165384	2917.160914830363	1.8727005942368125	0.3
932386.9149482173	300	8.876152073685214	0.0	140881	2411.2052767396326	1.8727005942368125	0.3
932389.4918650344	300	10.299235256584076	0.0	157671	2576.9168171011393	1.8727005942368125	0.3
932393.5494212986	300	10.241678992489184	0.0	157812	4057.5562640948915	1.8727005942368125	0.3
932397.2206517038	300	10.57044858727495	0.0	163927	3671.230405214234	1.8727005942368125	0.3
932399.8306751124	300	11.96042517852418	0.0	137654	2610.023408750771	1.8727005942368125	0.3
932402.3418768934	300	13.44922339759445	0.0	146754	2511.2017809297304	1.8727005942368125	0.3
932406.0036238964	300	13.787476394596935	0.0	153938	3661.7470029975148	1.8727005942368125	0.3
932409.0158156138	300	14.775284677200949	0.0	181901	3012.1917173959864	1.8727005942368125	0.3
932410.9280887439	300	16.863011547056754	0.0	111155	1912.2731301441922	1.8727005942368125	0.3
932413.569933369	300	18.22116692189737	0.0	153605	2641.8446251593837	1.8727005942368125	0.3
932416.1222780512	300	19.668822239650883	0.0	149029	2552.3446822464857	1.8727005942368125	0.3
932418.6665101869	300	21.12459010394174	0.0	157421	2544.2321357091478	1.8727005942368125	0.3
932421.2369031925	300	22.55419709828897	0.0	157488	2570.393005652769	1.8727005942368125	0.3
932423.710125028	300	24.08097526278489	0.0	143881	2473.221835504079	1.8727005942368125	0.3
932426.4134810033	300	25.377619287466487	0.0	163444	2703.355975318402	1.8727005942368125	0.3
932429.562827164	300	26.228273126762993	0.0	179328	3149.3461607034938	1.8727005942368125	0.3
932432.3968890869	300	27.394211203707698	0.0	159914	2834.0619230552934	1.8727005942368125	0.3
932434.633957685	300	29.15714260573026	0.0	131610	2237.0685979774385	1.8727005942368125	0.3
932436.8051500615	300	30.98595022927236	0.0	124011	2171.192376457902	1.8727005942368125	0.3
932439.1881969274	300	32.60290336332792	0.0	144254	2383.0468659444364	1.8727005942368125	0.3
932441.7388728244	300	34.05222746640562	0.0	149991	2550.6758969223088	1.8727005942368125	0.3
932444.1791969168	300	35.61190337398683	0.0	147968	2440.3240924187903	1.8727005942368125	0.3
932446.7683198956	300	37.022780395082236	0.0	161857	2589.1229789045915	1.8727005942368125	0.3
932449.6001528944	300	38.190947396352605	0.0	145210	2831.8329987296333	1.8727005942368125	0.3
932453.8033544462	300	37.98774584459718	0.0	172312	4203.201551755425	1.8727005942368125	0.3
932457.0420844838	300	38.74901580704731	0.0	167025	3238.730037549876	1.8727005942368125	0.3
932461.6620414514	300	38.129058839389295	0.0	160064	4619.956967658005	1.8727005942368125	0.3
932467.306001237	750	36.485099053854256	0.0	331053	5643.959785535046	1.8727005942368125	0.3
932479.8753297029	1200	27.915770587983445	0.0	550906	12569.328465870807	1.8727005942368125	0.75
932487.0045792897	750	24.78652100112079	0.0	450283	7129.249586862657	1.8727005942368125	0.75
932489.6850101413	300	26.106090149464375	0.0	155580	2680.4308516564115	1.8727005942368125	-0.15000000000000002
932492.3861039543	300	27.40499633647506	0.0	139857	2701.0938129893157	1.8727005942368125	0.3
932495.1351567646	300	28.655943526129864	0.0	155432	2749.052810345196	1.8727005942368125	0.3
932497.9333067747	300	29.857793516003063	0.0	163442	2798.1500101267998	1.8727005942368125	0.3
932500.3053435684	300	31.48575672234623	0.0	126289	2372.036793656833	1.8727005942368125	0.3
932502.8548746682	300	32.93622562270175	0.0	153295	2549.531099644481	1.8727005942368125	0.3
932505.7112124903	300	34.07988780046607	0.0	173849	2856.3378222356832	1.8727005942368125	0.3
932510.2613769553	300	33.5297233355451	0.0	150710	4550.164464920961	1.8727005942368125	0.3
932513.1411368361	300	34.64996345459754	0.0	139105	2879.7598809475585	1.8727005942368125	0.3
932515.59599901	300	36.19510128084876	0.0	141840	2454.862173748781	1.8727005942368125	0.3
932518.2161168229	300	37.57498346790993	0.0	156148	2620.1178129388263	1.8727005942368125	0.3
932521.0397693871	300	38.751330903749704	0.0	160746	2823.652564160225	1.8727005942368125	0.3
932523.9696149915	300	39.82148529943129	0.0	179801	2929.845604318414	1.8727005942368125	0.3
932526.7225534124	300	41.06854687842159	0.0	140051	2752.9384210096987	1.8727005942368125	0.3
932529.3374219502	300	42.453678340685556	0.0	138313	2614.8685377360393	1.8727005942368125	0.3
932531.7792322205	300	44.011868070389646	0.0	143509	2441.810270295907	1.8727005942368125	0.3
932534.3226454242	300	45.46845486676507	0.0	150616	2543.413203624575	1.8727005942368125	0.3
932536.9947272233	300	46.79637306762554	0.0	165384	2672.08179913954	1.8727005942368125	0.3
932539.4248262965	300	48.366273994342926	0.0	140881	2430.0990732826085	1.8727005942368125	0.3
932542.3856466057	300	49.40545368523134	0.0	157671	2960.820309111583	1.8727005942368125	0.3
932545.1062348925	300	50.68486539843335	0.0	157812	2720.5882867979967	1.8727005942368125	0.3
932547.8681281826	300	51.92297210829157	0.0	163927	2761.89329014179	1.8727005942368125	0.3
932550.096728911	300	53.694371379950354	0.0	137654	2228.600728341214	1.8727005942368125	0.3
932559.9569700215	750	47.83413026950258	0.0	359903	9860.241110447776	1.8727005942368125	0.3
932569.9590812033	750	41.83201908762917	0.0	379700	10002.111181873412	1.8727005942368125	0.75
932581.9085647459	750	33.88253554512198	0.0	425781	11949.483542507187	1.8727005942368125	0.75
932584.0517686018	300	35.73933168929811	0.0	111155	2143.2038558238723	1.8727005942368125	-0.15000000000000002
932587.1996010264	300	36.591499264640106	0.0	153605	3147.8324246580064	1.8727005942368125	0.3
932589.9854655501	300	37.80563474100301	0.0	149029	2785.864523637096	1.8727005942368125	0.3
932592.7975648812	300	38.993535409830855	0.0	157421	2812.0993311721622	1.8727005942368125	0.3
932595.4432162574	300	40.347884033679065	0.0	157488	2645.6513761517836	1.8727005942368125	0.3
932598.1286721545	300	41.662428136457436	0.0	143881	2685.4558972216355	1.8727005942368125	0.3
932600.8134952218	300	42.977605069242415	0.0	163444	2684.823067215016	1.8727005942368125	0.3
932607.2052180388	750	40.585882252218816	0.0	401088	6391.722817023604	1.8727005942368125	0.3
932615.415109844	750	36.37599044705288	0.0	365161	8209.891805165937	1.8727005942368125	0.75
932622.4796439923	750	33.31145629873379	0.0	321064	7064.534148319095	1.8727005942368125	0.75
932624.8587375011	300	34.93236279000214	0.0	124011	2379.093508731647	1.8727005942368125	-0.15000000000000002
932627.7657930893	300	36.025307201739544	0.0	144254	2907.0555882625968	1.8727005942368125	0.3
932630.1518876953	300	37.63921259565504	0.0	149991	2386.0946060845117	1.8727005942368125	0.3
932632.5997873457	300	39.19131294522693	0.0	147968	2447.8996504281054	1.8727005942368125	0.3
932635.2597713466	300	40.5313289444195	0.0	161857	2659.984000807435	1.8727005942368125	0.3
932637.6437946694	300	42.147305621578695	0.0	145210	2384.0233228408	1.8727005942368125	0.3
932640.4492111402	300	43.341889150843336	0.0	172312	2805.4164707353566	1.8727005942368125	0.3
932643.4228242876	300	44.368276003427816	0.0	167025	2973.6131474155204	1.8727005942368125	0.3
932649.7045608273	750	42.08653946353941	0.0	393804	6281.736539888408	1.8727005942368125	0.3
932658.8436637087	1200	36.94743658217612	0.0	538612	9139.102881363298	1.8727005942368125	0.75
932675.6795288421	1850	24.111571448713082	0.0	846370	16835.865133463034	1.8727005942368125	1.2000000000000002
932685.1225401488	750	18.668560142089735	0.0	450283	9443.011306623346	1.8727005942368125	0.75
932688.1191130253	300	19.671987265551202	0.0	155580	2996.5728765385365	1.8727005942368125	-0.15000000000000002
932690.4049163422	300	21.386183948631786	0.0	139857	2285.803316919415	1.8727005942368125	0.3
932692.8442450822	300	22.946855208581617	0.0	155432	2439.3287400501677	1.8727005942368125	0.3
932697.2476377741	300	22.54346251677758	0.0	163442	4403.392691804034	1.8727005942368125	0.3
932699.4767767378	300	24.31432355309128	0.0	126289	2229.1389636863	1.8727005942368125	0.3
932701.9827017684	300	25.808398522499136	0.0	153295	2505.9250305921437	1.8727005942368125	0.3
932706.6929029787	300	25.098197312126167	0.0	173849	4710.201210372967	1.8727005942368125	0.3
932709.4909106817	300	26.300189609332676	0.0	150710	2798.007702793494	1.8727005942368125	0.3
932711.8892856253	300	27.901814665636497	0.0	139105	2398.3749436961803	1.8727005942368125	0.3
932714.3522359288	300	29.4388643622157	0.0	141840	2462.950303420795	1.8727005942368125	0.3
932717.1083225437	300	30.68277774735597	0.0	156148	2756.0866148597324	1.8727005942368125	0.3
932719.8307536007	300	31.960346690314722	0.0	160746	2722.431057041246	1.8727005942368125	0.3
932723.1167016217	300	32.674398669384	0.0	179801	3285.9480209307267	1.8727005942368125	0.3
932725.4408035615	300	34.350296729544795	0.0	140051	2324.1019398392036	1.8727005942368125	0.3
932728.3083188068	300	35.482781484269815	0.0	138313	2867.5152452749862	1.8727005942368125	0.3
932730.8729223642	300	36.9181779269068	0.0	143509	2564.603557363014	1.8727005942368125	0.3
932733.427760093	300	38.363340197998795	0.0	150616	2554.837728907998	1.8727005942368125	0.3
932736.2067478898	300	39.58435240119817	0.0	165384	2778.987796800636	1.8727005942368125	0.3
932738.5967757028	300	41.194324588179356	0.0	140881	2390.0278130188053	1.8727005942368125	0.3
932741.2584904607	300	42.53260983039118	0.0	157671	2661.714757788176	1.8727005942368125	0.3
932743.8987808328	300	43.89231945823742	0.0	157812	2640.2903721537564	1.8727005942368125	0.3
932746.7144024625	300	45.0766978285423	0.0	163927	2815.621629695116	1.8727005942368125	0.3
932749.5295871701	300	46.26151312089793	0.0	137654	2815.1847076443732	1.8727005942368125	0.3
932755.8561756056	750	43.934924685545425	0.0	359903	6326.588435352504	1.8727005942368125	0.3
932761.8233791791	750	41.96772111198683	0.0	379700	5967.203573558595	1.8727005942368125	0.75
932768.9544206561	750	38.836679635000415	0.0	425781	7131.0414769864165	1.8727005942368125	0.75
932773.8142403308	750	37.976859960299514	0.0	277716	4859.819674700899	1.8727005942368125	0.75
932780.6340470961	750	35.157053194963446	0.0	400396	6819.806765336071	1.8727005942368125	0.75
932787.5036048362	750	32.287495454914094	0.0	400508	6869.5577400493485	1.8727005942368125	0.75
932790.3322986059	300	33.45880168526117	0.0	157421	2828.693769652928	1.8727005942368125	-0.15000000000000002
932792.9386391725	300	34.852461118768	0.0	157488	2606.340566493174	1.8727005942368125	0.3
932795.425646926	300	36.365453365153556	0.0	143881	2487.007753614445	1.8727005942368125	0.3
932798.192436993	300	37.59866329824507	0.0	163444	2766.7900669084825	1.8727005942368125	0.3
932801.1184574787	300	38.67264281244966	0.0	179328	2926.0204857954095	1.8727005942368125	0.3
932803.7260189758	300	40.06508131540559	0.0	159914	2607.5614970440683	1.8727005942368125	0.3
932806.7466362338	300	41.044464057399765	0.0	131610	3020.6172580058274	1.8727005942368125	0.3
932809.8430174964	300	41.948082794905034	0.0	124011	3096.38126249473	1.8727005942368125	0.3
932812.584711311	300	43.206388980268365	0.0	144254	2741.6938146366742	1.8727005942368125	0.3
932815.0313402071	300	44.75976008411036	0.0	149991	2446.6288961580017	1.8727005942368125	0.3
932817.5077444185	300	46.2833558726933	0.0	147968	2476.4042114170643	1.8727005942368125	0.3
932820.0780321448	300	47.713068146415615	0.0	161857	2570.2877262776824	1.8727005942368125	0.3
932822.3242994241	300	49.46680086709705	0.0	145210	2246.26727931856	1.8727005942368125	0.3
932825.1298694483	300	50.66123084287707	0.0	172312	2805.570024219979	1.8727005942368125	0.3
932832.6326319115	750	47.15846837963562	0.0	398987	7502.762463241449	1.8727005942368125	0.3
932840.1034729459	750	43.6876273453122	0.0	393804	7470.841034323423	1.8727005942368125	0.75
932850.3021284378	1200	37.488971853339784	0.0	538612	10198.655491972415	1.8727005942368125	0.75
932866.1963870645	1850	25.594713226465107	0.0	846370	15894.258626874673	1.8727005942368125	1.2000000000000002
932873.8236739757	750	21.96742631537669	0.0	450283	7627.286911088418	1.8727005942368125	0.75
932876.3980624189	300	23.39303787217125	0.0	155580	2574.3884432054447	1.8727005942368125	-0.15000000000000002
932878.5898486625	300	25.201251628649143	0.0	139857	2191.786243522106	1.8727005942368125	0.3
932881.2891953306	300	26.501904960528282	0.0	155432	2699.3466681208592	1.8727005942368125	0.3
932884.1434485049	300	27.647651786291775	0.0	163442	2854.253174236505	1.8727005942368125	0.3
932886.2312789408	300	29.559821350265775	0.0	126289	2087.8304360260004	1.8727005942368125	0.3
932888.726767481	300	31.06433281006337	0.0	153295	2495.488540202406	1.8727005942368125	0.3
932891.6368064632	300	32.15429382783398	0.0	173849	2910.038982229392	1.8727005942368125	0.3
932895.5912404641	300	32.19985982704272	0.0	150710	3954.434000791258	1.8727005942368125	0.3
932897.9357558816	300	33.855344409554355	0.0	139105	2344.515417488372	1.8727005942368125	0.3
932900.2489747284	300	35.54212556271596	0.0	141840	2313.218846838389	1.8727005942368125	0.3
932902.8289632789	300	36.96213701216674	0.0	156148	2579.988550549219	1.8727005942368125	0.3
932905.6543926534	300	38.136707637658404	0.0	160746	2825.429374508343	1.8727005942368125	0.3
932908.6140039597	300	39.177096331314715	0.0	179801	2959.6113063436856	1.8727005942368125	0.3
932911.0243796908	300	40.76672060025002	0.0	140051	2410.3757310647006	1.8727005942368125	0.3
932913.2669753712	300	42.5241249199318	0.0	138313	2242.5956803182194	1.8727005942368125	0.3
932915.6202505311	300	44.17084976003002	0.0	143509	2353.275159901772	1.8727005942368125	0.3
932921.9849523294	750	41.80614796171049	0.0	372963	6364.70179831954	1.8727005942368125	0.3
932929.5511393949	750	38.23996089623141	0.0	405596	7566.1870654790755	1.8727005942368125	0.75
932936.4553164463	750	35.33578384477896	0.0	350713	6904.177051452447	1.8727005942368125	0.75
932942.5267580347	750	33.26434225639063	0.0	386472	6071.441588388332	1.8727005942368125	0.75
932945.0553214017	300	34.73577888933285	0.0	157812	2528.563367057781	1.8727005942368125	-0.15000000000000002
932947.7759399556	300	36.015160335441564	0.0	163927	2720.618553891284	1.8727005942368125	0.3
932950.0806999002	300	37.710400390913634	0.0	137654	2304.759944527925	1.8727005942368125	0.3
932952.4241199705	300	39.366980320563115	0.0	146754	2343.4200703505217	1.8727005942368125	0.3
932958.5510629632	750	37.240037327853415	0.0	379700	6126.942992709702	1.8727005942368125	0.3
932965.529189906	750	34.2619103850582	0.0	425781	6978.126942795212	1.8727005942368125	0.75
932970.3834099425	750	33.407690348578896	0.0	277716	4854.220036479309	1.8727005942368125	0.75
932976.9995739794	750	30.79152631174495	0.0	400396	6616.164036833945	1.8727005942368125	0.75
932979.5375911557	300	32.25350913530783	0.0	149029	2538.017176437117	1.8727005942368125	-0.15000000000000002
932982.1114986487	300	33.67960164244951	0.0	157421	2573.9074928583204	1.8727005942368125	0.3
932986.8070662932	300	32.98403399787794	0.0	157488	4695.567644571569	1.8727005942368125	0.3
932989.3907419181	300	34.4003583730249	0.0	143881	2583.675624853035	1.8727005942368125	0.3
932992.0919488054	300	35.699151485773704	0.0	163444	2701.2068872512004	1.8727005942368125	0.3
932995.1706731474	300	36.620427143637485	0.0	179328	3078.7243421362264	1.8727005942368125	0.3
932997.9135085951	300	37.87759169594478	0.0	159914	2742.8354476927025	1.8727005942368125	0.3
933000.3128713996	300	39.478228891491916	0.0	131610	2399.362804452861	1.8727005942368125	0.3
933004.2812315804	300	39.50986871065229	0.0	124011	3968.36018083963	1.8727005942368125	0.3
933007.5642548286	300	40.2268454624488	0.0	144254	3283.023248203489	1.8727005942368125	0.3
933010.9602829423	300	40.83081734866694	0.0	149991	3396.028113781862	1.8727005942368125	0.3
933013.3866870896	300	42.404413201395414	0.0	147968	2426.404147271528	1.8727005942368125	0.3
933016.8910984995	300	42.90000179136546	0.0	161857	3504.4114100299594	1.8727005942368125	0.3
933019.3663979315	300	44.42470235940584	0.0	145210	2475.299431959616	1.8727005942368125	0.3
933023.3393614187	300	44.4517388721242	0.0	172312	3972.963487281641	1.8727005942368125	0.3
933026.5499332255	300	45.241167065349266	0.0	167025	3210.5718067749362	1.8727005942368125	0.3
933033.608729843	750	42.18237044788189	0.0	393804	7058.796617467389	1.8727005942368125	0.3
933039.2879507367	750	40.50314955419446	0.0	331053	5679.220893687425	1.8727005942368125	0.75
933054.277279098	1850	29.513821192960524	0.0	846370	14989.328361233936	1.8727005942368125	0.75
933061.6566245882	750	26.13447570285883	0.0	450283	7379.345490101698	1.8727005942368125	0.75
933064.377554562	300	27.413545729035313	0.0	155580	2720.9299738235177	1.8727005942368125	-0.15000000000000002
933066.6521489682	300	29.138951322785243	0.0	139857	2274.5944062500685	1.8727005942368125	0.3
933069.1436857866	300	30.647414504436554	0.0	155432	2491.53681834869	1.8727005942368125	0.3
933072.9819360516	300	30.809164239377704	0.0	163442	3838.2502650588517	1.8727005942368125	0.3
933075.0780727109	300	32.71302758017264	0.0	126289	2096.136659205058	1.8727005942368125	0.3
933077.5313053713	300	34.25979491976488	0.0	153295	2453.2326604077675	1.8727005942368125	0.3
933080.5149524763	300	35.27614781474789	0.0	173849	2983.647105016995	1.8727005942368125	0.3
933082.9248909433	300	36.86620934775847	0.0	150710	2409.9384669894107	1.8727005942368125	0.3
933085.7468984991	300	38.04420179189919	0.0	139105	2822.007555859282	1.8727005942368125	0.3
933091.3338539437	300	36.4572463472831	0.0	141840	5586.955444616086	1.8727005942368125	0.3
933094.4488920659	300	37.342208225126384	0.0	156148	3115.038122156716	1.8727005942368125	0.3
933097.2184691202	300	38.572631170688	0.0	160746	2769.5770544383836	1.8727005942368125	0.3
933100.3536325647	300	39.43746772629701	0.0	179801	3135.1634443909943	1.8727005942368125	0.3
933102.8381774296	300	40.95292286130085	0.0	140051	2484.544864996161	1.8727005942368125	0.3
933105.7324587699	300	42.05864152101666	0.0	138313	2894.2813402841894	1.8727005942368125	0.3
933108.5135975048	300	43.27750278606469	0.0	143509	2781.138734951969	1.8727005942368125	0.3
933111.133424429	300	44.65767586197605	0.0	150616	2619.826924088639	1.8727005942368125	0.3
933113.7598802693	300	46.03122002157113	0.0	165384	2626.455840404926	1.8727005942368125	0.3
933116.3120965236	300	47.47900376725635	0.0	140881	2552.216254314775	1.8727005942368125	0.3
933119.1997232222	300	48.591377068708304	0.0	157671	2887.626698548048	1.8727005942368125	0.3
933122.3481996004	300	49.44290069052934	0.0	157812	3148.476378178957	1.8727005942368125	0.3
933125.421093153	300	50.37000713782703	0.0	163927	3072.893552702316	1.8727005942368125	0.3
933127.8899016621	300	51.901198628700605	0.0	137654	2468.808509126422	1.8727005942368125	0.3
933130.4641762808	300	53.32692401012489	0.0	146754	2574.274618575712	1.8727005942368125	0.3
933133.3512260788	300	54.43987421194398	0.0	153938	2887.0497981809135	1.8727005942368125	0.3
933137.5586191847	300	54.23248110621617	0.0	181901	4207.3931057278105	1.8727005942368125	0.3
933139.4513602176	300	56.33974007312791	0.0	111155	1892.7410330882583	1.8727005942368125	0.3
933141.9446354092	300	57.84646488167625	0.0	153605	2493.2751914516634	1.8727005942368125	0.3
933144.5248763396	300	59.26622395119245	0.0	149029	2580.240930483798	1.8727005942368125	0.3
933148.5358156823	300	59.255284608453714	0.0	157421	4010.939342738732	1.8727005942368125	0.3
933153.0588511657	300	58.73224912514975	0.0	157488	4523.035483303969	1.8727005942368125	0.3
933155.9030878701	300	59.88801242068031	0.0	143881	2344.2367044694406	1.8727005942368125	0.3
933160.2146173752	300	59.57648291563529	0.0	163444	3311.5295050450227	1.8727005942368125	0.3
933163.8135928453	300	59.977507445505225	0.0	179328	3098.9754701300612	1.8727005942368125	0.3
933168.2703686411	300	59.52073164965931	0.0	159914	3956.7757958459115	1.8727005942368125	0.3
933172.0414393275	300	59.74966096328757	0.0	131610	2271.070686371742	1.8727005942368125	0.3
933176.1642263728	300	59.626873917933864	0.0	124011	3622.787045353704	1.8727005942368125	0.3
933179.913567319	300	59.78165229167057	0.0	144254	2345.221626263302	1.8727005942368125	0.3
933188.3746954863	750	55.320524124365065	0.0	390680	8461.128167305502	1.8727005942368125	0.3
933195.3181513048	750	52.37706830585934	0.0	345516	6943.455818505727	1.8727005942368125	0.75
933202.0192288278	750	49.67599078282945	0.0	384505	6701.077523029889	1.8727005942368125	0.75
933208.2836173073	750	47.41160230340133	0.0	372093	6264.38847942812	1.8727005942368125	0.75
933215.6630692527	750	44.03215035795325	0.0	438281	7379.451945448082	1.8727005942368125	0.75
933222.2098088188	750	41.485410791892	0.0	398987	6546.73956606125	1.8727005942368125	0.75
933228.7850752351	750	38.9101443757399	0.0	393804	6575.266416152102	1.8727005942368125	0.75
933234.0639518186	750	37.631267792111466	0.0	331053	5278.876583628429	1.8727005942368125	0.75
933247.8946244018	1850	27.800595208932595	0.0	846370	13830.67258317887	1.8727005942368125	0.75
933255.4353678243	750	24.259851786401676	0.0	450283	7540.743422530919	1.8727005942368125	0.75
933258.0308412634	300	25.66437834736205	0.0	155580	2595.473439039628	1.8727005942368125	-0.15000000000000002
933260.4491484101	300	27.246071200710396	0.0	139857	2418.307146651652	1.8727005942368125	0.3
933263.0832948406	300	28.61192477004464	0.0	155432	2634.146430665756	1.8727005942368125	0.3
933265.7846740767	300	29.910545534120722	0.0	163442	2701.3792359239187	1.8727005942368125	0.3
933268.0131113793	300	31.682108231378404	0.0	126289	2228.4373027423217	1.8727005942368125	0.3
933270.6750587298	300	33.020160880820995	0.0	153295	2661.9473505574083	1.8727005942368125	0.3
933273.6707128109	300	34.02450679966817	0.0	173849	2995.654081152823	1.8727005942368125	0.3
933277.3766457168	300	34.31857389383325	0.0	150710	3705.932905834919	1.8727005942368125	0.3
933279.8324054995	300	35.86281411104856	0.0	139105	2455.759782784696	1.8727005942368125	0.3
933282.1845449226	300	37.51067468809101	0.0	141840	2352.1394229575517	1.8727005942368125	0.3
933284.8527622739	300	38.84245733676709	0.0	156148	2668.21735132392	1.8727005942368125	0.3
933287.4800873068	300	40.21513230375868	0.0	160746	2627.325033008412	1.8727005942368125	0.3
933290.3617045736	300	41.33351503694118	0.0	179801	2881.6172668175	1.8727005942368125	0.3
933292.6050733278	300	43.09014628275626	0.0	140051	2243.368754184923	1.8727005942368125	0.3
933294.890431358	300	44.80478825256255	0.0	138313	2285.358030193704	1.8727005942368125	0.3
933297.2947276649	300	46.40049194558192	0.0	143509	2404.2963069806333	1.8727005942368125	0.3
933300.0610503673	300	47.63416924315772	0.0	150616	2766.3227024241896	1.8727005942368125	0.3
933302.9484205139	300	48.74679909667104	0.0	165384	2887.370146486681	1.8727005942368125	0.3
933305.3044022383	300	50.39081737218624	0.0	140881	2355.981724484799	1.8727005942368125	0.3
933307.9322074663	300	51.76301214418021	0.0	157671	2627.8052280060283	1.8727005942368125	0.3
933310.5913513555	300	53.10386825495453	0.0	157812	2659.143889225686	1.8727005942368125	0.3
933313.4036468809	300	54.29157272967656	0.0	163927	2812.2955252779657	1.8727005942368125	0.3
933315.64447175	300	56.05074786051363	0.0	137654	2240.8248691629283	1.8727005942368125	0.3
933318.0790088908	300	57.61621071973238	0.0	146754	2434.5371407812545	1.8727005942368125	0.3
933320.5920976822	300	59.103121928202604	0.0	153938	2513.0887915297685	1.8727005942368125	0.3
933323.7638617838	300	59.727564684140326	0.0	181901	2875.5572440622796	1.8727005942368125	0.3
933325.7624933592	300	59.83935235012372	0.0	111155	1888.2123340166067	1.8727005942368125	0.3
933328.5600371014	300	59.70279007475293	0.0	153605	2636.5622753707885	1.8727005942368125	0.3
933331.0812900437	300	59.736654406985295	0.0	149029	2466.1356677676363	1.8727005942368125	0.3
933333.9230056867	300	59.552855257747844	0.0	157421	2683.7991492374576	1.8727005942368125	0.3
933337.5718781094	300	59.903982835222116	0.0	157488	2648.872422525726	1.8727005942368125	0.3
933341.8717062639	300	59.57896310612727	0.0	143881	2325.019729094846	1.8727005942368125	0.3
933345.6889714719	300	59.7616978981262	0.0	163444	2817.2652080010685	1.8727005942368125	0.3
933349.7534282748	300	59.69724109533901	0.0	179328	3064.4568027871915	1.8727005942368125	0.3
933353.8144743626	300	59.636195007457154	0.0	159914	2561.046087881857	1.8727005942368125	0.3
933357.4665755758	300	59.85443263294807	0.0	131610	2281.7623745090855	1.8727005942368125	0.3
933360.6876113011	300	59.89108428452715	0.0	124011	1963.3483484209157	1.8727005942368125	0.3
933364.642554058	300	59.50395660463071	0.0	144254	2387.1276798964454	1.8727005942368125	0.3
933368.4456712233	300	59.59380550542804	0.0	149991	2410.1510992026774	1.8727005942368125	0.3
933372.1088949154	300	59.66817660736382	0.0	147968	2425.628898064213	1.8727005942368125	0.3
933375.6651547921	300	59.97034419609964	0.0	161857	2697.8324112641826	1.8727005942368125	0.3
933379.3328274401	300	59.523721509839795	0.0	145210	2446.6226862598396	1.8727005942368125	0.3
933383.0953434277	300	59.71398854688322	0.0	172312	2809.7329629565734	1.8727005942368125	0.3
933389.3612017494	750	57.44813022516006	0.0	398987	6265.8583217231635	1.8727005942368125	0.3
933395.6800223928	750	55.12930958186436	0.0	393804	6318.820643295698	1.8727005942368125	0.75
933405.1325895787	1200	49.67674239587478	0.0	538612	9452.56718598958	1.8727005942368125	0.75
933427.53729904	2850	31.27203293465421	0.0	1364537	22404.709461220573	1.8727005942368125	1.2000000000000002
933434.9444689368	750	27.864863037862595	0.0	450283	7407.169896791617	1.8727005942368125	0.75
933449.0639292141	300	17.745402760513933	0.0	155580	14119.460277348657	1.8727005942368125	-0.15000000000000002
933451.351587643	300	19.457744331553126	0.0	139857	2287.6584289608086	1.8727005942368125	0.3
933454.0724677837	300	20.73686419092767	0.0	155432	2720.880140625459	1.8727005942368125	0.3
933456.7867794773	300	22.022552497364163	0.0	163442	2714.3116935635076	1.8727005942368125	0.3
933458.9540780684	300	23.855253906201032	0.0	126289	2167.298591163131	1.8727005942368125	0.3
933461.5436919888	300	25.265639985806278	0.0	153295	2589.613920394756	1.8727005942368125	0.3
933464.4815790028	300	26.32775297174073	0.0	173849	2937.887014065544	1.8727005942368125	0.3
933466.9455632875	300	27.86376868705948	0.0	150710	2463.98428468125	1.8727005942368125	0.3
933469.3155677924	300	29.4937641820972	0.0	139105	2370.004504962282	1.8727005942368125	0.3
933471.6213593516	300	31.187972623020165	0.0	141840	2305.7915590770303	1.8727005942368125	0.3
933474.1115333791	300	32.69779859546056	0.0	156148	2490.1740275596053	1.8727005942368125	0.3
933476.7190878436	300	34.090244131010245	0.0	160746	2607.5544644503198	1.8727005942368125	0.3
933479.6354424286	300	35.17388954595693	0.0	179801	2916.3545850533083	1.8727005942368125	0.3
933481.9137553726	300	36.89557660188334	0.0	140051	2278.312944073591	1.8727005942368125	0.3
933484.3462295207	300	38.46310245375951	0.0	138313	2432.4741481238298	1.8727005942368125	0.3
933486.7161983883	300	40.09313358638141	0.0	143509	2369.9688673780993	1.8727005942368125	0.3
933489.2175142126	300	41.591817762006	0.0	150616	2501.3158243754096	1.8727005942368125	0.3
933492.0074828841	300	42.80184909056627	0.0	165384	2789.9686714397317	1.8727005942368125	0.3
933494.3418300488	300	44.46750192577051	0.0	140881	2334.347164795755	1.8727005942368125	0.3
933496.9094840464	300	45.89984792819712	0.0	157671	2567.6539975733945	1.8727005942368125	0.3
933499.499728125	300	47.30960384941894	0.0	157812	2590.244078778178	1.8727005942368125	0.3
933504.0962589725	300	46.71307300195866	0.0	163927	4596.530847460279	1.8727005942368125	0.3
933506.4509421301	300	48.35838984436722	0.0	137654	2354.683157591445	1.8727005942368125	0.3
933508.9682279055	300	49.84110406888578	0.0	146754	2517.2857754814427	1.8727005942368125	0.3
933511.6985126516	300	51.11081932285075	0.0	153938	2730.284746035026	1.8727005942368125	0.3
933514.6968995313	300	52.112432443152315	0.0	181901	2998.386879698439	1.8727005942368125	0.3
933516.6153908287	300	54.1939411456146	0.0	111155	1918.4912975377065	1.8727005942368125	0.3
933518.8936272562	300	55.915704718220894	0.0	153605	2278.2364273937164	1.8727005942368125	0.3
933521.3520812135	300	57.45725076089174	0.0	149029	2458.453957329153	1.8727005942368125	0.3
933523.8527084301	300	58.95662354416461	0.0	157421	2500.6272167271327	1.8727005942368125	0.3
933526.5807952752	300	59.762654130330624	0.0	157488	2693.9694138339823	1.8727005942368125	0.3
933530.5702946772	300	59.77315472835955	0.0	143881	3989.4994019710693	1.8727005942368125	0.3
933534.6590233693	300	59.68442603622818	0.0	163444	2588.72869213137	1.8727005942368125	0.3
933541.2980744335	750	57.04537497205809	0.0	401088	6639.051064170088	1.8727005942368125	0.3
933547.561017351	750	54.78243205451427	0.0	365161	6262.942917543821	1.8727005942368125	0.75
933552.7448416065	750	53.598607799031484	0.0	321064	5183.82425548279	1.8727005942368125	0.75
933558.9344061346	750	51.40904327089788	0.0	361565	6189.564528133594	1.8727005942368125	0.75
933565.8888214208	750	48.45462798470587	0.0	378327	6954.415286192005	1.8727005942368125	0.75
933572.6072997384	750	45.736149667065064	0.0	390680	6718.478317640811	1.8727005942368125	0.75
933578.3898884984	750	43.953560907127425	0.0	345516	5782.588759937645	1.8727005942368125	0.75
933584.6731860262	750	41.67026337926264	0.0	384505	6283.297527864777	1.8727005942368125	0.75
933590.5703615152	750	39.77308789037288	0.0	372093	5897.175488889761	1.8727005942368125	0.75
933597.4510797816	750	36.89236962382951	0.0	438281	6880.718266543376	1.8727005942368125	0.75
933606.0576769597	750	32.285772445833324	0.0	398987	8606.597177996187	1.8727005942368125	0.75
933612.1663477137	750	30.177101691769813	0.0	393804	6108.670754063506	1.8727005942368125	0.75
933617.3635779119	750	28.979871493681927	0.0	331053	5197.230198087887	1.8727005942368125	0.75
933628.4895835043	1200	21.853865901260875	0.0	550906	11126.005592421054	1.8727005942368125	0.75
933635.6905873949	750	18.652862010789285	0.0	450283	7201.0038904715875	1.8727005942368125	0.75
933638.1533174872	300	20.190131918326458	0.0	155580	2462.7300924628266	1.8727005942368125	-0.15000000000000002
933640.4826998968	300	21.860749508766062	0.0	139857	2329.382409560395	1.8727005942368125	0.3
933643.0394976401	300	23.30395176544526	0.0	155432	2556.797743320804	1.8727005942368125	0.3
933646.036991485	300	24.306457920585512	0.0	163442	2997.493844859744	1.8727005942368125	0.3
933648.2238091298	300	26.1196402758033	0.0	126289	2186.8176447822098	1.8727005942368125	0.3
933650.7283496202	300	27.6150997854402	0.0	153295	2504.540490363098	1.8727005942368125	0.3
933653.5485338165	300	28.79491558920821	0.0	173849	2820.1841962319927	1.8727005942368125	0.3
933657.4030662347	300	28.94038317094969	0.0	150710	3854.532418258517	1.8727005942368125	0.3
933660.4990113141	300	29.844438091486555	0.0	139105	3095.945079463139	1.8727005942368125	0.3
933663.2265833975	300	31.11686600813579	0.0	141840	2727.5720833507626	1.8727005942368125	0.3
933665.785479883	300	32.557969522693845	0.0	156148	2558.8964854419464	1.8727005942368125	0.3
933668.5923679139	300	33.75108149168127	0.0	160746	2806.8880310125837	1.8727005942368125	0.3
933671.5542467203	300	34.789202685289716	0.0	179801	2961.8788063915486	1.8727005942368125	0.3
933673.8047714357	300	36.5386779698242	0.0	140051	2250.52471546552	1.8727005942368125	0.3
933676.2320233032	300	38.11142610237851	0.0	138313	2427.251867445698	1.8727005942368125	0.3
933678.5946568858	300	39.74879251962016	0.0	143509	2362.6335827583434	1.8727005942368125	0.3
933681.0693917429	300	41.274057662520086	0.0	150616	2474.7348571000757	1.8727005942368125	0.3
933683.7939321987	300	42.54951720681337	0.0	165384	2724.5404557067163	1.8727005942368125	0.3
933686.0802786804	300	44.26317072503902	0.0	140881	2286.346481774349	1.8727005942368125	0.3
933688.5671664348	300	45.77628297064035	0.0	157671	2486.887754398669	1.8727005942368125	0.3
933691.135439554	300	47.208009851540616	0.0	157812	2568.2731190997383	1.8727005942368125	0.3
933693.8410402336	300	48.50240917195079	0.0	163927	2705.600679589831	1.8727005942368125	0.3
933696.0648899117	300	50.278559493904666	0.0	137654	2223.849678046119	1.8727005942368125	0.3
933698.5166473688	300	51.82680203673181	0.0	146754	2451.7574571728564	1.8727005942368125	0.3
933701.0811232786	300	53.26232612690105	0.0	153938	2564.4759098307545	1.8727005942368125	0.3
933703.99244786	300	54.351001545492394	0.0	181901	2911.324581408663	1.8727005942368125	0.3
933705.8548965816	300	56.488552823899305	0.0	111155	1862.4487215930837	1.8727005942368125	0.3
933708.3535921967	300	57.98985720880677	0.0	153605	2498.695615092537	1.8727005942368125	0.3
933710.778384096	300	59.56506530952131	0.0	149029	2424.7918992854616	1.8727005942368125	0.3
933714.4428778295	300	59.900571576001575	0.0	157421	2664.4937335197346	1.8727005942368125	0.3
933717.2440827278	300	59.65356919962953	0.0	157488	2747.0023763720437	1.8727005942368125	0.3
933721.4693038458	300	59.42834808170105	0.0	143881	4225.221117928476	1.8727005942368125	0.3
933728.1018284474	750	56.795823480034585	0.0	412837	6632.524601666468	1.8727005942368125	0.3
933734.5818798312	750	54.31577209629234	0.0	401088	6480.0513837422395	1.8727005942368125	0.75
933740.4566008587	750	52.4410510688582	0.0	365161	5874.721027434144	1.8727005942368125	0.75
933745.6136283091	750	51.28402361837467	0.0	321064	5157.027450483531	1.8727005942368125	0.75
933751.429843691	750	49.467808236561225	0.0	361565	5816.215381813439	1.8727005942368125	0.75
933757.4597324241	750	47.4379195034579	0.0	378327	6029.888733103331	1.8727005942368125	0.75
933763.5750421487	750	45.32260977893149	0.0	390680	6115.309724526396	1.8727005942368125	0.75
933770.9891395447	750	41.908512382979886	0.0	345516	7414.097395951609	1.8727005942368125	0.75
933777.4766059854	750	39.421045942177024	0.0	384505	6487.466440802866	1.8727005942368125	0.75
933785.7666812344	750	35.1309706931878	0.0	372093	8290.075248989226	1.8727005942368125	0.75
933794.5715526107	750	30.326099316808957	0.0	438281	8804.87137637884	1.8727005942368125	0.75
933800.8153255323	750	28.082326395221898	0.0	398987	6243.772921587059	1.8727005942368125	0.75
933807.1263985718	750	25.77125335584521	0.0	393804	6311.073039376686	1.8727005942368125	0.75
933812.4524097167	750	24.445242210906894	0.0	331053	5326.011144938317	1.8727005942368125	0.75
933821.53171178	1200	19.365940147671882	0.0	550906	9079.302063235013	1.8727005942368125	0.75
933829.1254374738	750	15.772214453876359	0.0	450283	7593.725693795523	1.8727005942368125	0.75
933831.8070842032	300	17.090567724408604	0.0	155580	2681.646729467756	1.8727005942368125	-0.15000000000000002
933834.25025533	300	18.647396597629747	0.0	139857	2443.171126778856	1.8727005942368125	0.3
933836.7565035948	300	20.141148332817263	0.0	155432	2506.248264812486	1.8727005942368125	0.3
933839.5758238833	300	21.321828044314326	0.0	163442	2819.3202885029364	1.8727005942368125	0.3
933842.0538422085	300	22.843809719081236	0.0	126289	2478.01832523309	1.8727005942368125	0.3
933845.1506954719	300	23.746956455653507	0.0	153295	3096.853263427729	1.8727005942368125	0.3
933848.0183913148	300	24.87926061283848	0.0	173849	2867.6958428150265	1.8727005942368125	0.3
933850.4773024834	300	26.4203494441187	0.0	150710	2458.911168719781	1.8727005942368125	0.3
933852.9449064357	300	27.952745491834428	0.0	139105	2467.6039522842716	1.8727005942368125	0.3
933855.3148218166	300	29.58283011089471	0.0	141840	2369.9153809397144	1.8727005942368125	0.3
933857.7628800872	300	31.134771840286646	0.0	156148	2448.0582706080686	1.8727005942368125	0.3
933860.4874686926	300	32.410183235036286	0.0	160746	2724.5886052503633	1.8727005942368125	0.3
933863.5379016148	300	33.359750312734654	0.0	179801	3050.43292230162	1.8727005942368125	0.3
933865.8703845353	300	35.02726739226362	0.0	140051	2332.482920471036	1.8727005942368125	0.3
933868.127772707	300	36.76987922061072	0.0	138313	2257.3881716528977	1.8727005942368125	0.3
933870.8061805629	300	38.09147136460698	0.0	143509	2678.4078560037365	1.8727005942368125	0.3
933873.481933735	300	39.41571819257117	0.0	150616	2675.753172035808	1.8727005942368125	0.3
933876.294251988	300	40.60339993969636	0.0	165384	2812.3182528748052	1.8727005942368125	0.3
933878.5599209905	300	42.33773093721215	0.0	140881	2265.6690024842087	1.8727005942368125	0.3
933881.0761102242	300	43.82154170338683	0.0	157671	2516.189233825327	1.8727005942368125	0.3
933883.6796943628	300	45.21795756489855	0.0	157812	2603.584138488284	1.8727005942368125	0.3
933886.3628384257	300	46.53481350197296	0.0	163927	2683.144062925586	1.8727005942368125	0.3
933888.5881049451	300	48.30954698248023	0.0	137654	2225.266519492734	1.8727005942368125	0.3
933891.021425581	300	49.87622634665054	0.0	146754	2433.3206358296848	1.8727005942368125	0.3
933893.9920408246	300	50.90561110299193	0.0	153938	2970.615243658611	1.8727005942368125	0.3
933897.0955444365	300	51.8021074911678	0.0	181901	3103.503611824128	1.8727005942368125	0.3
933898.9260065401	300	53.97164538759755	0.0	111155	1830.4621035702546	1.8727005942368125	0.3
933901.373901388	300	55.52375053964353	0.0	153605	2447.894847954023	1.8727005942368125	0.3
933903.7481708928	300	57.14948103488151	0.0	149029	2374.2695047620214	1.8727005942368125	0.3
933906.3012518715	300	58.596400056217945	0.0	157421	2553.080978663563	1.8727005942368125	0.3
933909.0121491948	300	59.50163710718414	0.0	157488	2594.7629490338104	1.8727005942368125	0.3
933912.8340759863	300	59.679710315796775	0.0	143881	2321.9267913873646	1.8727005942368125	0.3
933916.988765261	300	59.52502104099191	0.0	163444	2654.6892748048654	1.8727005942368125	0.3
933921.0068402657	300	59.50694603624439	0.0	179328	3018.0750047475162	1.8727005942368125	0.3
933927.4424110122	750	57.07137528975642	0.0	365161	6435.570746487976	1.8727005942368125	0.3
933932.5576424345	750	55.956143867580835	0.0	321064	5115.231422175591	1.8727005942368125	0.75
933938.4342669471	750	54.07951935495679	0.0	361565	5876.624512624045	1.8727005942368125	0.75
933944.6893669916	750	51.82441931044558	0.0	378327	6255.10004451121	1.8727005942368125	0.75
933950.9448484143	750	49.56893788776331	0.0	390680	6255.481422682264	1.8727005942368125	0.75
933956.9218901335	750	47.59189616862028	0.0	345516	5977.041719143028	1.8727005942368125	0.75
933963.0776456728	750	45.43614062935821	0.0	384505	6155.755539262067	1.8727005942368125	0.75
933970.015591725	750	42.49819457711915	0.0	372093	6937.9460522390555	1.8727005942368125	0.75
933977.4557124949	750	39.058073807239936	0.0	438281	7440.120769879221	1.8727005942368125	0.75
933983.7317735582	750	36.782012743989725	0.0	398987	6276.061063250209	1.8727005942368125	0.75
933990.1860808812	750	34.32770542106317	0.0	393804	6454.3073229265565	1.8727005942368125	0.75
933996.388589954	750	32.12519634821771	0.0	331053	6202.509072845451	1.8727005942368125	0.75
934009.9908374929	1850	22.522948809378946	0.0	846370	13602.247538838772	1.8727005942368125	0.75
934017.2548675936	750	19.258918708588567	0.0	450283	7264.030100790377	1.8727005942368125	0.75
934019.8082540104	300	20.705532291823427	0.0	155580	2553.3864167651413	1.8727005942368125	-0.15000000000000002
934022.1129087999	300	22.400877502385388	0.0	139857	2304.6547894380374	1.8727005942368125	0.3
934024.886387227	300	23.62739907537798	0.0	155432	2773.4784270074088	1.8727005942368125	0.3
934028.6977104301	300	23.816075872134963	0.0	163442	3811.3232032430174	1.8727005942368125	0.3
934031.6554323136	300	24.85835398877414	0.0	126289	2957.721883360822	1.8727005942368125	0.3
934034.8676970146	300	25.646089287711096	0.0	153295	3212.2647010630476	1.8727005942368125	0.3
934037.5694503438	300	26.944335958414555	0.0	173849	2701.753329296543	1.8727005942368125	0.3
934039.9639409838	300	28.549845318524078	0.0	150710	2394.4906398904786	1.8727005942368125	0.3
934042.2892944328	300	30.224491869425847	0.0	139105	2325.353449098227	1.8727005942368125	0.3
934044.655592579	300	31.858193723257724	0.0	141840	2366.298146168121	1.8727005942368125	0.3
934047.2223816464	300	33.29140465584201	0.0	156148	2566.789067415718	1.8727005942368125	0.3
934049.8335311806	300	34.680255121621244	0.0	160746	2611.14953422076	1.8727005942368125	0.3
934052.7404445345	300	35.77334176777095	0.0	179801	2906.9133538502956	1.8727005942368125	0.3
934055.0374109776	300	37.476375324602444	0.0	140051	2296.9664431685064	1.8727005942368125	0.3
934057.2944542652	300	39.21933203713275	0.0	138313	2257.043287469691	1.8727005942368125	0.3
934059.7631152556	300	40.75067104663595	0.0	143509	2468.6609904967986	1.8727005942368125	0.3
934062.3940037976	300	42.119782504697085	0.0	150616	2630.8885419388703	1.8727005942368125	0.3
934067.7300078555	300	40.78377844687163	0.0	165384	5336.004057825455	1.8727005942368125	0.3
934070.0227297182	300	42.491056584078684	0.0	140881	2292.721862792939	1.8727005942368125	0.3
934072.6955423121	300	43.81824399016414	0.0	157671	2672.8125939145434	1.8727005942368125	0.3
934075.3236806876	300	45.19010561481001	0.0	157812	2628.1383753541295	1.8727005942368125	0.3
934078.0808284911	300	46.432957811274996	0.0	163927	2757.1478035350174	1.8727005942368125	0.3
934080.334219814	300	48.179566488294505	0.0	137654	2253.3913229804916	1.8727005942368125	0.3
934082.7376588804	300	49.77612742189492	0.0	146754	2403.439066399585	1.8727005942368125	0.3
934086.1379759343	300	50.37581036810974	0.0	153938	3400.3170537851743	1.8727005942368125	0.3
934089.1581758992	300	51.35561040325976	0.0	181901	3020.1999648499827	1.8727005942368125	0.3
934090.9887348536	300	53.525051448761474	0.0	111155	1830.5589544982838	1.8727005942368125	0.3
934093.6134524485	300	54.90033385384167	0.0	153605	2624.717594919797	1.8727005942368125	0.3
934096.220209084	300	56.293577218328245	0.0	149029	2606.756635513425	1.8727005942368125	0.3
934098.8996716541	300	57.61411464826879	0.0	157421	2679.462570059454	1.8727005942368125	0.3
934101.7607589221	300	58.75302738026399	0.0	157488	2861.0872680048083	1.8727005942368125	0.3
934104.8224483514	300	59.69133795099347	0.0	143881	2561.689429270508	1.8727005942368125	0.3
934107.7402541585	300	59.50565187773245	0.0	163444	2685.686073261029	1.8727005942368125	0.3
934111.6986341068	300	59.54727192950871	0.0	179328	2958.3799482237346	1.8727005942368125	0.3
934115.2621181564	300	59.98378787981827	0.0	159914	2563.4840496904344	1.8727005942368125	0.3
934118.9328025872	300	59.87543744032116	0.0	131610	2108.3504394971196	1.8727005942368125	0.3
934122.9443960369	300	59.86384399060828	0.0	124011	3011.593449712877	1.8727005942368125	0.3
934131.4989698512	750	55.30927017631268	0.0	378327	8554.573814295596	1.8727005942368125	0.3
934138.194881907	750	52.6133581205173	0.0	390680	6695.912055795384	1.8727005942368125	0.75
934143.8651115161	750	50.943128511375264	0.0	345516	5670.229609142034	1.8727005942368125	0.75
934150.0657445375	750	48.74249548996834	0.0	384505	6200.633021406915	1.8727005942368125	0.75
934155.7474215841	750	47.06081844328206	0.0	372093	5681.67704668629	1.8727005942368125	0.75
934158.7561234151	300	48.05211661224962	0.0	172312	3008.701831032437	1.8727005942368125	-0.15000000000000002
934161.5002367051	300	49.30800332233065	0.0	167025	2744.113289918974	1.8727005942368125	0.3
934167.9568927126	750	46.85134731481604	0.0	393804	6456.656007514605	1.8727005942368125	0.3
934176.7613040517	1200	42.04693597560586	0.0	538612	8804.411339210179	1.8727005942368125	0.75
934199.6194818983	2850	23.188758129005826	0.0	1364537	22858.177846600036	1.8727005942368125	1.2000000000000002
934206.9786234432	750	19.829616584224308	0.0	450283	7359.14154478152	1.8727005942368125	0.75
934209.5335469908	300	21.274693036439807	0.0	155580	2554.9235477844986	1.8727005942368125	-0.15000000000000002
934211.8360091617	300	22.972230865627658	0.0	139857	2302.4621708121504	1.8727005942368125	0.3
934214.395361116	300	24.412878911231694	0.0	155432	2559.3519543959624	1.8727005942368125	0.3
934217.1376573001	300	25.670582727155267	0.0	163442	2742.29618407643	1.8727005942368125	0.3
934219.3013815373	300	27.5068584899381	0.0	126289	2163.7242372171677	1.8727005942368125	0.3
934221.805338618	300	29.002901409230986	0.0	153295	2503.9570807071123	1.8727005942368125	0.3
934224.6559409183	300	30.152299109062902	0.0	173849	2850.602300168089	1.8727005942368125	0.3
934227.4143020954	300	31.39393793190705	0.0	150710	2758.361177155849	1.8727005942368125	0.3
934229.6543644033	300	33.15387562396866	0.0	139105	2240.0623079383913	1.8727005942368125	0.3
934232.1033352257	300	34.704904801685274	0.0	141840	2448.970822283386	1.8727005942368125	0.3
934234.6577723492	300	36.15046767818792	0.0	156148	2554.437123497352	1.8727005942368125	0.3
934237.3027229961	300	37.50551703126961	0.0	160746	2644.9506469183134	1.8727005942368125	0.3
934240.2651569834	300	38.543083043984325	0.0	179801	2962.433987285286	1.8727005942368125	0.3
934242.6047926408	300	40.203447386503285	0.0	140051	2339.6356574810407	1.8727005942368125	0.3
934244.832753082	300	41.975486945216055	0.0	138313	2227.960441287232	1.8727005942368125	0.3
934247.0940842454	300	43.71415578184184	0.0	143509	2261.3311633742173	1.8727005942368125	0.3
934249.4755606783	300	45.33267934903719	0.0	150616	2381.4764328046463	1.8727005942368125	0.3
934252.383722048	300	46.42451797923833	0.0	165384	2908.161369798866	1.8727005942368125	0.3
934254.7248077274	300	48.08343229989232	0.0	140881	2341.0856793460052	1.8727005942368125	0.3
934257.3655997446	300	49.44264028268518	0.0	157671	2640.792017207139	1.8727005942368125	0.3
934262.0875338798	300	48.72070614748662	0.0	157812	4721.934135198573	1.8727005942368125	0.3
934264.7604605693	300	50.047779457979956	0.0	163927	2672.926689506652	1.8727005942368125	0.3
934267.1424663044	300	51.66577372299565	0.0	137654	2382.0057349843023	1.8727005942368125	0.3
934269.6527047171	300	53.15553531009511	0.0	146754	2510.2384129005445	1.8727005942368125	0.3
934272.1387279383	300	54.669512088980234	0.0	153938	2486.023221114875	1.8727005942368125	0.3
934275.0838541589	300	55.724385868409	0.0	181901	2945.1262205712337	1.8727005942368125	0.3
934276.9644936862	300	57.84374634114475	0.0	111155	1880.6395272642442	1.8727005942368125	0.3
934279.54925574	300	59.25898428732962	0.0	153605	2584.762053815137	1.8727005942368125	0.3
934282.1518513021	300	59.747580193360065	0.0	149029	2511.4040939695487	1.8727005942368125	0.3
934284.8036778002	300	59.67876256842587	0.0	157421	2568.8176249342005	1.8727005942368125	0.3
934288.683878446	300	59.798561922649746	0.0	157488	2880.200645776122	1.8727005942368125	0.3
934292.566703006	300	59.75825443711079	0.0	143881	2040.3074855389482	1.8727005942368125	0.3
934299.1453355218	750	57.17962192126973	0.0	412837	6578.632515841066	1.8727005942368125	0.3
934305.4156061023	750	54.909351340795396	0.0	401088	6270.270580474329	1.8727005942368125	0.75
934311.2858197037	750	53.03913773946617	0.0	365161	5870.213601329228	1.8727005942368125	0.75
934316.4609980902	750	51.86395935283937	0.0	321064	5175.178386626796	1.8727005942368125	0.75
934322.8546416945	750	49.47031574863208	0.0	361565	6393.6436042072855	1.8727005942368125	0.75
934329.5452882905	750	46.77966915258436	0.0	378327	6690.64659604772	1.8727005942368125	0.75
934335.7028834748	750	44.622073968360255	0.0	390680	6157.595184224113	1.8727005942368125	0.75
934341.4909244492	750	42.834032993843316	0.0	345516	5788.040974516941	1.8727005942368125	0.75
934348.0545311576	750	40.27042628544836	0.0	384505	6563.60670839495	1.8727005942368125	0.75
934354.0601347772	750	38.26482266589558	0.0	372093	6005.603619552779	1.8727005942368125	0.75
934361.4559090082	750	34.869048434880725	0.0	438281	7395.77423101486	1.8727005942368125	0.75
934368.1947727866	750	32.13018465638032	0.0	398987	6738.863778500402	1.8727005942368125	0.75
934374.4413067044	750	29.883650738563787	0.0	393804	6246.5339178165295	1.8727005942368125	0.75
934379.8331198271	750	28.491837615932543	0.0	331053	5391.813122631246	1.8727005942368125	0.75
934393.2600097726	1850	19.06494767035914	0.0	846370	13426.889945573403	1.8727005942368125	0.75
934400.6753908561	750	15.649566586843676	0.0	450283	7415.381083515464	1.8727005942368125	0.75
934403.3496928058	300	16.975264637218487	0.0	155580	2674.301949625188	1.8727005942368125	-0.15000000000000002
934405.6804598009	300	18.64449764214668	0.0	139857	2330.7669950718077	1.8727005942368125	0.3
934408.2462221668	300	20.07873527625986	0.0	155432	2565.762365886818	1.8727005942368125	0.3
934410.8706762482	300	21.454281194850843	0.0	163442	2624.4540814090174	1.8727005942368125	0.3
934412.9708541305	300	23.354103312543558	0.0	126289	2100.1778823072864	1.8727005942368125	0.3
934415.4204271942	300	24.90453024875659	0.0	153295	2449.573063786966	1.8727005942368125	0.3
934418.2353306754	300	26.08962676762067	0.0	173849	2814.9034811359206	1.8727005942368125	0.3
934420.6973407522	300	27.62761669073759	0.0	150710	2462.0100768830807	1.8727005942368125	0.3
934422.9824977432	300	29.342459699782832	0.0	139105	2285.156990954754	1.8727005942368125	0.3
934425.4306657582	300	30.894291684794464	0.0	141840	2448.168014988368	1.8727005942368125	0.3
934428.0086982936	300	32.31625914951296	0.0	156148	2578.0325352815053	1.8727005942368125	0.3
934430.6406557666	300	33.68430167651393	0.0	160746	2631.9574729990236	1.8727005942368125	0.3
934433.5379143138	300	34.78704312932028	0.0	179801	2897.2585471936554	1.8727005942368125	0.3
934435.8723792956	300	36.452578147466376	0.0	140051	2334.4649818539033	1.8727005942368125	0.3
934438.1904600783	300	38.13449736471326	0.0	138313	2318.0807827531085	1.8727005942368125	0.3
934440.4570893681	300	39.867868074952284	0.0	143509	2266.629289760985	1.8727005942368125	0.3
934442.8605290566	300	41.46442838639328	0.0	150616	2403.439688559004	1.8727005942368125	0.3
934445.5212786534	300	42.803678789661824	0.0	165384	2660.749596731453	1.8727005942368125	0.3
934448.0127841015	300	44.3121733415438	0.0	140881	2491.5054481180237	1.8727005942368125	0.3
934450.5606841341	300	45.76427330893368	0.0	157671	2547.9000326101163	1.8727005942368125	0.3
934453.1588786923	300	47.166078750731366	0.0	157812	2598.19455820232	1.8727005942368125	0.3
934455.7712410355	300	48.55371640741683	0.0	163927	2612.362343314535	1.8727005942368125	0.3
934458.001724463	300	50.323232980003205	0.0	137654	2230.483427413632	1.8727005942368125	0.3
934463.976800057	750	48.34815738602204	0.0	359903	5975.075593981162	1.8727005942368125	0.3
934470.106946657	750	46.21801078605383	0.0	379700	6130.146599968207	1.8727005942368125	0.75
934477.71198642	750	42.61297102290735	0.0	425781	7605.039763146484	1.8727005942368125	0.75
934482.1255802846	750	42.19937715840007	0.0	277716	4413.593864507285	1.8727005942368125	0.75
934488.7755741971	750	39.54938324596311	0.0	400396	6649.993912436963	1.8727005942368125	0.75
934495.3700957283	750	36.9548617147093	0.0	400508	6594.521531253807	1.8727005942368125	0.75
934501.2846427821	750	35.040314660949356	0.0	358218	5914.547053759947	1.8727005942368125	0.75
934509.5672277171	750	30.757729725874466	0.0	400322	8282.584935074889	1.8727005942368125	0.75
934512.3050632156	300	32.019894227556854	0.0	143881	2737.8354983176114	1.8727005942368125	-0.15000000000000002
934515.0533318302	300	33.27162561290733	0.0	163444	2748.268614649525	1.8727005942368125	0.3
934518.3472744537	300	33.97768298924281	0.0	179328	3293.942623664523	1.8727005942368125	0.3
934521.0368195993	300	35.28813784366163	0.0	159914	2689.545145581177	1.8727005942368125	0.3
934523.3418923367	300	36.98306510632671	0.0	131610	2305.072737334916	1.8727005942368125	0.3
934525.4388605397	300	38.88609690336689	0.0	124011	2096.968202959828	1.8727005942368125	0.3
934527.8524903409	300	40.47246710212274	0.0	144254	2413.6298012441453	1.8727005942368125	0.3
934530.5013027855	300	41.823654657598986	0.0	149991	2648.8124445237577	1.8727005942368125	0.3
934533.1639644112	300	43.16099303187972	0.0	147968	2662.6616257192663	1.8727005942368125	0.3
934535.9550666827	300	44.36989076045494	0.0	161857	2791.1022714247774	1.8727005942368125	0.3
934538.4366970673	300	45.88826037576885	0.0	145210	2481.630384686097	1.8727005942368125	0.3
934541.4956578189	300	46.82929962423583	0.0	172312	3058.9607515330185	1.8727005942368125	0.3
934544.2091077286	300	48.11584971458431	0.0	167025	2713.4499096515233	1.8727005942368125	0.3
934550.5927087013	750	45.73224874198746	0.0	393804	6383.600972596846	1.8727005942368125	0.3
934559.3645792186	1200	40.96037822473021	0.0	538612	8771.870517257243	1.8727005942368125	0.75
934573.4380305964	1850	30.88692684684929	0.0	846370	14073.451377880925	1.8727005942368125	1.2000000000000002
934581.8515037692	750	26.473453674059062	0.0	450283	8413.473172790224	1.8727005942368125	0.75
934584.3765045537	300	27.948452889550506	0.0	155580	2525.0007845085574	1.8727005942368125	-0.15000000000000002
934586.6751622014	300	29.649795241867984	0.0	139857	2298.6576476825203	1.8727005942368125	0.3
934589.1573566585	300	31.16760078484912	0.0	155432	2482.1944570188634	1.8727005942368125	0.3
934592.251134906	300	32.073822537374845	0.0	163442	3093.7782474742776	1.8727005942368125	0.3
934594.3407256444	300	33.98423179892893	0.0	126289	2089.590738445917	1.8727005942368125	0.3
934596.8303261341	300	35.49463130919108	0.0	153295	2489.600489737852	1.8727005942368125	0.3
934599.6801937807	300	36.644763662658455	0.0	173849	2849.867646532623	1.8727005942368125	0.3
934602.0998589522	300	38.22509849110453	0.0	150710	2419.6651715539283	1.8727005942368125	0.3
934604.4638823427	300	39.86107510057014	0.0	139105	2364.023390534391	1.8727005942368125	0.3
934607.0720731121	300	41.25288433113225	0.0	141840	2608.190769437887	1.8727005942368125	0.3
934609.6665633889	300	42.65839405427443	0.0	156148	2594.49027685782	1.8727005942368125	0.3
934612.2529492524	300	44.072008190892184	0.0	160746	2586.385863382244	1.8727005942368125	0.3
934615.144956748	300	45.18000069526609	0.0	179801	2892.007495626097	1.8727005942368125	0.3
934617.4141206099	300	46.91083683343745	0.0	140051	2269.163861828641	1.8727005942368125	0.3
934619.7013343439	300	48.62362309943735	0.0	138313	2287.2137340000972	1.8727005942368125	0.3
934622.1571796215	300	50.167777821869095	0.0	143509	2455.845277568258	1.8727005942368125	0.3
934624.6447229073	300	51.680234536024926	0.0	150616	2487.543285844172	1.8727005942368125	0.3
934627.5559075325	300	52.76904991085805	0.0	165384	2911.1846251668735	1.8727005942368125	0.3
934629.8851844759	300	54.439772967464286	0.0	140881	2329.276943393763	1.8727005942368125	0.3
934632.581900636	300	55.743056807390225	0.0	157671	2696.7161600740583	1.8727005942368125	0.3
934635.4749917929	300	56.8499656504019	0.0	157812	2893.091156988323	1.8727005942368125	0.3
934638.4932608652	300	57.831696578134114	0.0	163927	3018.2690722677876	1.8727005942368125	0.3
934640.8231833809	300	59.50177406254376	0.0	137654	2329.9225155903537	1.8727005942368125	0.3
934644.8001989721	300	59.52475847124802	0.0	146754	2477.0155912957357	1.8727005942368125	0.3
934653.2450552499	300	55.07990219337388	0.0	153938	8444.856277874136	1.8727005942368125	0.3
934657.1580592338	300	55.16689820955538	0.0	181901	3913.0039838185035	1.8727005942368125	0.3
934659.7318469423	300	56.59311050107277	0.0	111155	2573.7877084826087	1.8727005942368125	0.3
934662.8523393917	300	57.47261805162099	0.0	153605	3120.4924494517795	1.8727005942368125	0.3
934675.4807936777	300	48.8441637656856	0.0	149029	12628.454285935391	1.8727005942368125	0.3
934687.5263546518	300	40.798602791622386	0.0	157421	12045.560974063223	1.8727005942368125	0.3
934692.3231600381	300	40.00179740536895	0.0	157488	4796.805386253433	1.8727005942368125	0.3
934696.41358557	300	39.911371873471865	0.0	143881	4090.4255318970836	1.8727005942368125	0.3
934700.2536471694	300	40.07131027399379	0.0	163444	3840.0615994780715	1.8727005942368125	0.3
934707.4341292379	300	36.89082820555393	0.0	179328	7180.48206843986	1.8727005942368125	0.3
934711.7220151112	300	36.60294233222938	0.0	159914	4287.885873324551	1.8727005942368125	0.3
934714.3758366186	300	37.94912082489686	0.0	131610	2653.8215073325177	1.8727005942368125	0.3
934716.702769042	300	39.622188401381514	0.0	124011	2326.9324235153463	1.8727005942368125	0.3
934720.1006534303	300	40.22430401300875	0.0	144254	3397.884388372766	1.8727005942368125	0.3
934722.5173429805	300	41.807614462854374	0.0	149991	2416.6895501543663	1.8727005942368125	0.3
934724.9720566559	300	43.35290078744825	0.0	147968	2454.7136754061275	1.8727005942368125	0.3
934727.8795553618	300	44.44540208143534	0.0	161857	2907.4987060129047	1.8727005942368125	0.3
934730.2129738589	300	46.11198358439238	0.0	145210	2333.418497042961	1.8727005942368125	0.3
934733.0073701198	300	47.31758732353188	0.0	172312	2794.3962608605	1.8727005942368125	0.3
934735.8108756206	300	48.5140818227246	0.0	167025	2803.505500807284	1.8727005942368125	0.3
934742.1773037955	750	46.14765364785731	0.0	393804	6366.4281748672865	1.8727005942368125	0.3
934750.9518810632	1200	41.37307638004786	0.0	538612	8774.57726780945	1.8727005942368125	0.75
934765.4878589582	1850	30.83709848504958	0.0	846370	14535.97789499828	1.8727005942368125	1.2000000000000002
934772.801185891	750	27.523771552221064	0.0	450283	7313.326932828515	1.8727005942368125	0.75
934775.2720312033	300	29.052926239993447	0.0	155580	2470.8453122276205	1.8727005942368125	-0.15000000000000002
934777.6510914719	300	30.673865971357703	0.0	139857	2379.060268635743	1.8727005942368125	0.3
934780.190798754	300	32.13415868928494	0.0	155432	2539.707282072763	1.8727005942368125	0.3
934782.8483787908	300	33.47657865248897	0.0	163442	2657.580036795967	1.8727005942368125	0.3
934784.8802761185	300	35.44468132467354	0.0	126289	2031.8973278154333	1.8727005942368125	0.3
934787.3030083238	300	37.02194911945085	0.0	153295	2422.7322052226914	1.8727005942368125	0.3
934790.3407201177	300	37.984237325583486	0.0	173849	3037.7117938673678	1.8727005942368125	0.3
934793.045797449	300	39.279159994289756	0.0	150710	2705.077331293722	1.8727005942368125	0.3
934795.3327802956	300	40.99217714770701	0.0	139105	2286.9828465827463	1.8727005942368125	0.3
934797.6582611128	300	42.6666963304688	0.0	141840	2325.48081723821	1.8727005942368125	0.3
934800.35021053	300	43.97474691326926	0.0	156148	2691.9494171995434	1.8727005942368125	0.3
934802.9917880736	300	45.333169369813156	0.0	160746	2641.5775434561033	1.8727005942368125	0.3
934805.9141913104	300	46.410766132990204	0.0	179801	2922.403236822952	1.8727005942368125	0.3
934808.2150036455	300	48.109953797867085	0.0	140051	2300.8123351231175	1.8727005942368125	0.3
934810.5070318598	300	49.817925583520356	0.0	138313	2292.0282143467234	1.8727005942368125	0.3
934812.9777326172	300	51.34722482623842	0.0	143509	2470.70075728194	1.8727005942368125	0.3
934815.4210258408	300	52.903931602664144	0.0	150616	2443.2932235742715	1.8727005942368125	0.3
934818.1782117564	300	54.14674568713059	0.0	165384	2757.1859155335574	1.8727005942368125	0.3
934820.5414188887	300	55.78353855480586	0.0	140881	2363.207132324738	1.8727005942368125	0.3
934823.6236319102	300	56.70132553332877	0.0	157671	3082.2130214770887	1.8727005942368125	0.3
934830.0059808911	750	54.318976552452284	0.0	399894	6382.348980876484	1.8727005942368125	0.3
934836.6790830402	750	51.645874403267364	0.0	401853	6673.102149184914	1.8727005942368125	0.75
934842.1876829572	750	50.137274486375425	0.0	343800	5508.599916891935	1.8727005942368125	0.75
934847.8703364688	750	48.45462097467673	0.0	359903	5682.653511698701	1.8727005942368125	0.75
934854.046364121	750	46.27859332244431	0.0	379700	6176.027652232419	1.8727005942368125	0.75
934868.0817294599	750	36.24322798367986	0.0	425781	14035.365338764448	1.8727005942368125	0.75
934870.5455389336	300	37.77941850993666	0.0	111155	2463.809473743199	1.8727005942368125	-0.15000000000000002
934873.6761587271	300	38.64879871639305	0.0	153605	3130.619793543606	1.8727005942368125	0.3
934876.1647078753	300	40.16024956824582	0.0	149029	2488.5491481472372	1.8727005942368125	0.3
934878.9468268096	300	41.37813063414076	0.0	157421	2782.118934105059	1.8727005942368125	0.3
934881.3983185429	300	42.926638900829296	0.0	157488	2451.491733311463	1.8727005942368125	0.3
934884.1701141136	300	44.154843330124635	0.0	143881	2771.7955707046667	1.8727005942368125	0.3
934893.6010498449	750	38.72390759878314	0.0	412837	9430.935731341484	1.8727005942368125	0.3
934900.5535014991	750	35.77145594452652	0.0	401088	6952.451654256621	1.8727005942368125	0.75
934907.2009219966	750	33.124035447120896	0.0	365161	6647.4204974056265	1.8727005942368125	0.75
934909.3529365802	300	34.972020863567934	0.0	131610	2152.0145835529634	1.8727005942368125	-0.15000000000000002
934911.4101191298	300	36.91483831391549	0.0	124011	2057.1825496524434	1.8727005942368125	0.3
934913.8355461068	300	38.48941133689487	0.0	144254	2425.426977020625	1.8727005942368125	0.3
934916.2858086576	300	40.03914878610469	0.0	149991	2450.262550790172	1.8727005942368125	0.3
934918.7791094912	300	41.54584795259392	0.0	147968	2493.3008335107743	1.8727005942368125	0.3
934921.4413506323	300	42.88360681134705	0.0	161857	2662.241141246861	1.8727005942368125	0.3
934924.0426567927	300	44.28230065096855	0.0	145210	2601.306160378503	1.8727005942368125	0.3
934927.7530036065	300	44.571953837130444	0.0	172312	3710.346813838107	1.8727005942368125	0.3
934930.4317959847	300	45.89316145881455	0.0	167025	2678.792378315901	1.8727005942368125	0.3
934937.0331723682	750	43.29178507541158	0.0	393804	6601.376383402964	1.8727005942368125	0.3
934942.310316758	750	42.01464068549282	0.0	331053	5277.144389918759	1.8727005942368125	0.75
934955.5116115812	1850	32.81334586237618	0.0	846370	13201.294823116636	1.8727005942368125	0.75
934963.0799455763	750	29.245011867223095	0.0	450283	7568.333995153086	1.8727005942368125	0.75
934970.6594845802	750	25.66547286341462	0.0	398865	7579.539003808478	1.8727005942368125	0.75
934972.967661941	300	27.357295502603275	0.0	139857	2308.1773608113444	1.8727005942368125	-0.15000000000000002
934975.4739580704	300	28.85099937313996	0.0	155432	2506.2961294633183	1.8727005942368125	0.3
934978.3639809573	300	29.960976486268503	0.0	163442	2890.0228868714557	1.8727005942368125	0.3
934980.6920723451	300	31.632885098528114	0.0	126289	2328.091387740392	1.8727005942368125	0.3
934983.4412263526	300	32.88373109102513	0.0	153295	2749.1540075029825	1.8727005942368125	0.3
934986.3538936031	300	33.971063840481264	0.0	173849	2912.6672505438682	1.8727005942368125	0.3
934988.9028355035	300	35.42212194005509	0.0	150710	2548.9419004261754	1.8727005942368125	0.3
934991.1600674144	300	37.16489002908717	0.0	139105	2257.231910967925	1.8727005942368125	0.3
934993.4483761389	300	38.87658130458125	0.0	141840	2288.3087245059137	1.8727005942368125	0.3
934996.0469916235	300	40.27796581992963	0.0	156148	2598.6154846516224	1.8727005942368125	0.3
934998.6406223035	300	41.68433513995674	0.0	160746	2593.6306799728895	1.8727005942368125	0.3
935001.6509295959	300	42.674027847446794	0.0	179801	3010.3072925099477	1.8727005942368125	0.3
935003.9784313977	300	44.34652604573775	0.0	140051	2327.5018017090474	1.8727005942368125	0.3
935006.2309048291	300	46.0940526142213	0.0	138313	2252.4734315164433	1.8727005942368125	0.3
935008.5388639192	300	47.78609352414546	0.0	143509	2307.9590900758403	1.8727005942368125	0.3
935011.2136581182	300	49.111299325323536	0.0	150616	2674.7941988219254	1.8727005942368125	0.3
935013.8277043601	300	50.497253083283276	0.0	165384	2614.0462420402555	1.8727005942368125	0.3
935016.1684939713	300	52.15646347212167	0.0	140881	2340.7896111616083	1.8727005942368125	0.3
935018.7459390667	300	53.579018376730076	0.0	157671	2577.445095391595	1.8727005942368125	0.3
935021.3513268286	300	54.973630614930585	0.0	157812	2605.387761799494	1.8727005942368125	0.3
935024.2482442298	300	56.0767132137358	0.0	163927	2896.9174011947857	1.8727005942368125	0.3
935026.6549928811	300	57.66996456248073	0.0	137654	2406.7486512550695	1.8727005942368125	0.3
935031.3529052328	300	56.97205221071021	0.0	146754	4697.91235177052	1.8727005942368125	0.3
935033.846259582	300	58.478697861582276	0.0	153938	2493.354349127933	1.8727005942368125	0.3
935036.8576803023	300	59.46727714107528	0.0	181901	3011.4207205069993	1.8727005942368125	0.3
935039.9858929054	300	59.62291804480018	0.0	111155	1844.3590962750939	1.8727005942368125	0.3
935043.7420847772	300	59.59374883717459	0.0	153605	2529.169207625596	1.8727005942368125	0.3
935047.4165753636	300	59.91925825071724	0.0	149029	3174.490586457345	1.8727005942368125	0.3
935051.5878312243	300	59.74800239002382	0.0	157421	3171.2558606934153	1.8727005942368125	0.3
935055.7728610568	300	59.56297255749157	0.0	157488	2685.0298325322533	1.8727005942368125	0.3
935059.7064262322	300	59.629407382096936	0.0	143881	2433.5651753946354	1.8727005942368125	0.3
935063.7380419606	300	59.597791653749745	0.0	163444	4031.6157283471916	1.8727005942368125	0.3
935073.6100684861	300	53.72576512829156	0.0	179328	9872.02652545818	1.8727005942368125	0.3
935076.5762947401	300	54.759538874279436	0.0	159914	2966.2262540121233	1.8727005942368125	0.3
935078.9314648253	300	56.40436878908649	0.0	131610	2355.1700851929486	1.8727005942368125	0.3
935081.1307895236	300	58.20504409072698	0.0	124011	2199.32469835951	1.8727005942368125	0.3
935083.5747351166	300	59.761098497781006	0.0	144254	2443.945592945975	1.8727005942368125	0.3
935087.6130731833	300	59.72276043103722	0.0	149991	2538.338066743783	1.8727005942368125	0.3
935091.4117706207	300	59.924062993592074	0.0	147968	3298.6974374451547	1.8727005942368125	0.3
935095.5542614715	300	59.78157214278387	0.0	161857	3642.4908508081994	1.8727005942368125	0.3
935099.535198982	300	59.800634632280996	0.0	145210	2480.937510502871	1.8727005942368125	0.3
935105.7475907886	300	57.5882428256762	0.0	172312	6212.391806604797	1.8727005942368125	0.3
935108.630820069	300	58.70501354527507	0.0	167025	2883.229280401134	1.8727005942368125	0.3
935116.0348685484	750	55.3009650657911	0.0	393804	7404.048479483971	1.8727005942368125	0.3
935128.0536659029	750	47.28216771116876	0.0	331053	12018.797354622338	1.8727005942368125	0.75
935147.394523116	1850	31.941310498161386	0.0	846370	19340.857213007374	1.8727005942368125	0.75
935155.6788561015	750	27.65697751259592	0.0	450283	8284.332985565465	1.8727005942368125	0.75
935158.5888469483	300	28.746986665677003	0.0	155580	2909.990846918917	1.8727005942368125	-0.15000000000000002
935160.9204429674	300	30.41539064659974	0.0	139857	2331.5960190772626	1.8727005942368125	0.3
935164.6841718053	300	30.651661808808306	0.0	155432	3763.728837791435	1.8727005942368125	0.3
935168.5807520632	300	30.75508155087135	0.0	163442	3896.5802579369565	1.8727005942368125	0.3
935171.3862056584	300	31.94962795558664	0.0	126289	2805.4535952847104	1.8727005942368125	0.3
935174.1849436483	300	33.15088996570747	0.0	153295	2798.7379898791664	1.8727005942368125	0.3
935177.5197595179	300	33.81607409618235	0.0	173849	3334.815869525123	1.8727005942368125	0.3
935180.8045755752	300	34.53125803896846	0.0	150710	3284.8160572138904	1.8727005942368125	0.3
935186.0442030666	300	33.29163054752938	0.0	139105	5239.627491439083	1.8727005942368125	0.3
935189.3388069782	300	33.997026635835994	0.0	141840	3294.6039116933853	1.8727005942368125	0.3
935192.4121630811	300	34.92367053292356	0.0	156148	3073.3561029124407	1.8727005942368125	0.3
935197.0229628417	300	34.31287077240612	0.0	160746	4610.799760517429	1.8727005942368125	0.3
935200.4784661792	300	34.857367434743644	0.0	179801	3455.503337662482	1.8727005942368125	0.3
935203.5250120014	300	35.810821612627315	0.0	140051	3046.5458221163235	1.8727005942368125	0.3
935207.0824331351	300	36.253400478897106	0.0	138313	3557.421133730213	1.8727005942368125	0.3
935211.812440498	300	35.523393116051665	0.0	143509	4730.007362845444	1.8727005942368125	0.3
935216.2873424512	300	35.048491162799046	0.0	150616	4474.901953252624	1.8727005942368125	0.3
935219.090617785	300	36.24521582908499	0.0	165384	2803.275333714048	1.8727005942368125	0.3
935224.0158046206	300	35.32002899337944	0.0	140881	4925.186835705555	1.8727005942368125	0.3
935228.1559102946	300	35.17992331932596	0.0	157671	4140.105674053481	1.8727005942368125	0.3
935232.3423565656	300	34.99347704839014	0.0	157812	4186.446270935821	1.8727005942368125	0.3
935238.5629269155	300	32.77290669851171	0.0	163927	6220.570349878425	1.8727005942368125	0.3
935242.3767302663	300	32.95910334784424	0.0	137654	3813.8033506674683	1.8727005942368125	0.3
935246.9995105921	300	32.336323021915305	0.0	146754	4622.780325928935	1.8727005942368125	0.3
935251.4417787007	300	31.89405491325553	0.0	153938	4442.268108659774	1.8727005942368125	0.3
935254.418350221	300	32.91748339298626	0.0	181901	2976.571520269262	1.8727005942368125	0.3
935256.3733502378	300	34.962483376175115	0.0	111155	1955.000016811151	1.8727005942368125	0.3
935259.0424380439	300	36.29339557018534	0.0	153605	2669.0878059897773	1.8727005942368125	0.3
935261.4788642181	300	37.85696939591495	0.0	149029	2436.426174270391	1.8727005942368125	0.3
935264.6520647666	300	38.68376884736443	0.0	157421	3173.200548550523	1.8727005942368125	0.3
935267.4083718009	300	39.92746181315024	0.0	157488	2756.3070342141955	1.8727005942368125	0.3
935269.8505674592	300	41.48526615486661	0.0	143881	2442.1956582836274	1.8727005942368125	0.3
935272.5198119656	300	42.8160216485223	0.0	163444	2669.2445063443065	1.8727005942368125	0.3
935280.781426986	750	38.554406628171044	0.0	401088	8261.615020351252	1.8727005942368125	0.3
935286.7783765792	750	36.55745703498461	0.0	365161	5996.949593186436	1.8727005942368125	0.75
935291.8924115741	750	35.44342204005363	0.0	321064	5114.034994930977	1.8727005942368125	0.75
935297.7784427265	750	33.5573908876416	0.0	361565	5886.0311524120325	1.8727005942368125	0.75
935300.2568555934	300	35.078978020712015	0.0	144254	2478.4128669295883	1.8727005942368125	-0.15000000000000002
935302.9850387363	300	36.350794877877945	0.0	149991	2728.183142834068	1.8727005942368125	0.3
935305.3944225105	300	37.94141110359329	0.0	147968	2409.383774284656	1.8727005942368125	0.3
935308.0720994171	300	39.263734197051775	0.0	161857	2677.6769065415115	1.8727005942368125	0.3
935310.447522038	300	40.888311576206405	0.0	145210	2375.4226208453674	1.8727005942368125	0.3
935313.2389996949	300	42.09683391926	0.0	172312	2791.477656946399	1.8727005942368125	0.3
935315.8625208872	300	43.47331272710882	0.0	167025	2623.5211921511886	1.8727005942368125	0.3
935323.2856683709	750	40.050165243383226	0.0	393804	7423.147483725589	1.8727005942368125	0.3
935328.5658105254	750	38.77002308877454	0.0	331053	5280.142154608685	1.8727005942368125	0.75
935381.7912877325	1850	4.0	14.455454118453563	846370	53225.477207228105	1.8727005942368125	-61.40845270935032
935402.5391640218	750	4.0	16.74787628928167	450283	20747.87628928167	1.8727005942368125	-71.26586804391118
935406.3061917799	300	4.232972241998077	0.0	155580	3767.0277580019224	1.8727005942368125	-0.15000000000000002
935409.486501645	300	5.052662376863686	0.0	139857	3180.3098651343917	1.8727005942368125	0.3
935416.7115566676	300	4.0	2.1723926456996407	155432	7225.055022563326	1.8727005942368125	-9.041288376508454
935421.5035797979	300	4.0	0.7920231302612383	163442	4792.023130261238	1.8727005942368125	-3.1056994601233248
935425.2244841498	300	4.279095648012373	0.0	126289	3720.9043519876263	1.8727005942368125	0.3
935429.9437135737	300	4.0	0.44013377585784746	153295	4719.229423870221	1.8727005942368125	-1.592575236188744
935433.8042306206	300	4.13948295312867	0.0	173849	3860.51704687133	1.8727005942368125	0.3

