275078.2588352614	750	4.0	11.50647103493801	450283	11506.47103493801	0.8500000000000001	-48.72782545023344
275094.30243045976	1200	4.0	12.043595198345974	611087	16043.595198345974	0.8500000000000001	-51.03745935288769
275102.706647423	750	4.0	4.404216963232399	350812	8404.216963232398	0.8500000000000001	-18.63813294189931
275112.2805487083	750	4.0	5.573901285308233	382355	9573.901285308233	0.8500000000000001	-23.217775526825402
275122.6432454699	750	4.0	6.362696761595323	411561	10362.696761595324	0.8500000000000001	-26.60959607485989
275126.2528358842	300	4.390409585680818	0.0	126289	3609.5904143191815	0.8500000000000001	-0.15000000000000002
275130.27376165026	300	4.369483819639332	0.0	153295	4020.9257660414864	0.75	0.3
275134.996747005	300	4.0	0.3535015350902304	173849	4722.9853547295625	0.75	-1.2200566008879907
275138.9504209567	300	4.046326048277902	0.0	150710	3953.6739517220976	0.75	0.3
275142.86772523087	300	4.12902177413972	0.0	139105	3917.3042741381823	0.75	0.3
275146.8645023435	300	4.132244661480241	0.0	141840	3996.777112659479	0.75	0.3
275151.3338591442	300	4.0	0.33711213921941635	156148	4469.3568006996575	0.75	-1.1495821986434902
275155.6214281885	300	4.0	0.2875690443073372	160746	4287.569044307337	0.75	-0.9365468905215499
275160.32811431447	300	4.0	0.7066861259683955	179801	4706.686125968396	0.75	-2.738750341664101
275163.9012582013	300	4.426856113224112	0.0	140051	3573.143886775888	0.75	0.3
275167.52475912386	300	4.803355190635104	0.0	138313	3623.500922589008	0.75	0.3
275171.22651891026	300	5.101595404200465	0.0	143509	3701.7597864346394	0.75	0.3
275175.14709981234	300	5.1810145021853025	0.0	150616	3920.580902015163	0.75	0.3
275179.4712597717	300	4.856854542888502	0.0	165384	4324.1599592968	0.75	0.3
275183.161189671	300	5.166924643506766	0.0	140881	3689.9298993817365	0.75	0.3
275187.01318259607	300	5.314931718462526	0.0	157671	3851.99292504424	0.75	0.3
275191.12985282147	300	5.198261493108869	0.0	157812	4116.670225353657	0.75	0.3
275195.8129963941	300	4.515117920498532	0.0	163927	4683.143572610337	0.75	0.3
275201.12203676807	300	4.0	0.7939224534664782	137654	5309.04037396501	0.75	-3.113866549905856
275204.90933074016	300	4.212706027924143	0.0	146754	3787.293972075857	0.75	0.3
275209.2260859776	300	4.0	0.10404920951743679	153938	4316.75523744158	0.75	-0.14741160092497818
275214.00516480993	300	4.0	0.7790788322997014	181901	4779.078832299701	0.75	-3.050038978888716
275216.95826024044	300	5.046904569512512	0.0	111155	2953.0954304874876	0.75	0.3
275221.2421341159	300	4.763030694063153	0.0	153605	4283.873875449359	0.75	0.3
275225.2631175137	300	4.74204729626624	0.0	149029	4020.9833977969124	0.75	0.3
275229.2889521989	300	4.716212611023775	0.0	157421	4025.834685242465	0.75	0.3
275233.68343135895	300	4.321733451023902	0.0	157488	4394.479159999873	0.75	0.3
275237.2329544919	300	4.772210318028285	0.0	143881	3549.5231329956164	0.75	0.3
275241.7644332603	300	4.240731549631131	0.0	163444	4531.4787683971535	0.75	0.3
275246.2855076012	300	4.0	0.2803427912720863	179328	4521.0743409032175	0.75	-0.905474002469971
275250.2444431503	300	4.041064450911519	0.0	159914	3958.935549088481	0.75	0.3
275253.93209061516	300	4.35341698603596	0.0	131610	3687.647464875559	0.75	0.3
275257.30672364624	300	4.978783954956045	0.0	124011	3374.633031079915	0.75	0.3
275260.8918791581	300	5.393628443076185	0.0	144254	3585.1555118798597	0.75	0.3
275264.5398622727	300	5.745645328458697	0.0	149991	3647.983114617489	0.75	0.3
275268.4392750291	300	5.846232572032474	0.0	147968	3899.4127564262226	0.75	0.3
275272.9523862501	300	5.333121351103407	0.0	161857	4513.111220929068	0.75	0.3
275276.60281662835	300	5.682690972844741	0.0	145210	3650.4303782586658	0.75	0.3
275280.99069657683	300	5.294811024345298	0.0	172312	4387.879948499442	0.75	0.3
275285.1772502854	300	5.1082573157982285	0.0	167025	4186.55370854707	0.75	0.3
275289.45075261506	300	4.834754986134787	0.0	160064	4273.502329663442	0.75	0.3
275292.9227040984	300	5.362803502758121	0.0	137507	3471.9514833766657	0.75	0.3
275295.9123953529	300	6.373112248264501	0.0	118421	2989.6912544936195	0.75	0.3
275307.3967318681	750	4.0	5.111224266951645	450283	11484.336515216146	0.75	-21.228264347892072
275311.57214990444	300	4.0	0.17541803636293116	155580	4175.418036362931	0.75	-0.9042975563606039
275315.1666492861	300	4.405500618353364	0.0	139857	3594.4993816466363	0.75	0.3
275319.05882783723	300	4.513322067213506	0.0	155432	3892.178551139857	0.75	0.3
275323.17499874375	300	4.397151160664478	0.0	163442	4116.170906549029	0.75	0.3
275326.3636507995	300	5.208499104928976	0.0	126289	3188.6520557355016	0.75	0.3
275330.51226104185	300	5.0598888626411505	0.0	153295	4148.610242287826	0.75	0.3
275334.92104896164	300	4.651100942795214	0.0	173849	4408.787919845937	0.75	0.3
275339.0465369496	300	4.525612954840119	0.0	150710	4125.487987955095	0.75	0.3
275342.58485703456	300	4.987292869829518	0.0	139105	3538.3200850106005	0.75	0.3
275346.5259818793	300	5.046168025038813	0.0	141840	3941.1248447907055	0.75	0.3
275350.4506788757	300	5.121471028652357	0.0	156148	3924.696996386456	0.75	0.3
275354.82098803215	300	4.751161872212751	0.0	160746	4370.309156439606	0.75	0.3
275359.57799296867	300	4.0	0.005843064308243811	179801	4757.004936520994	0.75	0.2748748234745516
275363.3453390125	300	4.232653956185839	0.0	140051	3767.3460438141615	0.75	0.3
275366.7728460141	300	4.80514695456059	0.0	138313	3427.507001625248	0.75	0.3
275370.50785810064	300	5.070134868046934	0.0	143509	3735.012086513656	0.75	0.3
275374.4750162448	300	5.102976723875723	0.0	150616	3967.1581441712115	0.75	0.3
275379.2648089214	300	4.313184047286299	0.0	165384	4789.792676589424	0.75	0.3
275383.67966565763	300	4.0	0.10167268893868277	140881	4414.856736224981	0.75	-0.13719256243633587
275387.7039156678	300	4.0	0.024250010105997262	157671	4024.2500101059973	0.75	0.19572495654421176
275391.60447740974	300	4.0994382580539215	0.0	157812	3900.5617419460787	0.75	0.3
275395.8383119087	300	4.0	0.13439624092399755	163927	4233.834498977919	0.75	-0.2779038359731894
275399.38873485825	300	4.449577050465372	0.0	137654	3550.4229495346285	0.75	0.3
275403.2790903295	300	4.559221579251878	0.0	146754	3890.3554712134937	0.75	0.3
275407.3790635846	300	4.459248324094842	0.0	153938	4099.973255157036	0.75	0.3
275411.9969315626	300	4.0	0.15861965389768284	181901	4617.867977992525	0.75	-0.38206451176003625
275415.0283749605	300	4.968556602134071	0.0	111155	3031.4433978659285	0.75	0.3
275419.0417536101	300	4.955177952539536	0.0	153605	4013.378649594535	0.75	0.3
275423.13734700176	300	4.859584560865196	0.0	149029	4095.59339167434	0.75	0.3
275427.2689479739	300	4.727983588696887	0.0	157421	4131.600972168309	0.75	0.3
275431.2096761583	300	4.7872554042755855	0.0	157488	3940.7281844213007	0.75	0.3
275434.9972039752	300	4.999727587380108	0.0	143881	3787.527816895477	0.75	0.3
275439.1300752763	300	4.866856286265305	0.0	163444	4132.871301114803	0.75	0.3
275443.9149379567	300	4.08199360583796	0.0	179328	4784.862680427345	0.75	0.3
275447.946257641	300	4.05067392159301	0.0	159914	4031.3196842449506	0.75	0.3
275451.1402032733	300	4.85672828930331	0.0	131610	3193.945632289699	0.75	0.3
275454.14509736444	300	5.851834198190055	0.0	124011	3004.894091113255	0.75	0.3
275457.74251419504	300	6.254417367587645	0.0	144254	3597.4168306024108	0.75	0.3
275461.936356658	300	6.060574904610533	0.0	149991	4193.842462977112	0.75	0.3
275465.7642055902	300	6.232725972387645	0.0	147968	3827.8489322228875	0.75	0.3
275469.9467237137	300	6.0502078488838	0.0	161857	4182.518123503845	0.75	0.3
275473.6907054141	300	6.306226148456861	0.0	145210	3743.9817004269394	0.75	0.3
275478.48677127244	300	5.510160290170133	0.0	172312	4796.065858286727	0.75	0.3
275482.83497657784	300	5.161954984784714	0.0	167025	4348.20530538542	0.75	0.3
275487.1081575949	300	4.888773967675418	0.0	160064	4273.181017109297	0.75	0.3
275490.69788602873	300	5.299045533896048	0.0	137507	3589.728433779369	0.75	0.3
275493.8386967641	300	6.15823479849199	0.0	118421	3140.8107354040585	0.75	0.3
275505.8043961065	750	4.0	5.8074645439288135	450283	11965.699342420803	0.75	-24.222097538893898
275509.899104761	300	4.0	0.09470865444081483	155580	4094.708654440815	0.75	-0.5572472140955038
275513.62999789626	300	4.269106864740088	0.0	139857	3730.8931352599125	0.75	0.3
275517.800070805	300	4.099033955969858	0.0	155432	4170.072908770229	0.75	0.3
275523.4088809834	300	4.0	1.5097762224580729	163442	5608.8101784279315	0.75	-6.192037756569714
275527.33181849454	300	4.077062488831311	0.0	126289	3922.9375111686886	0.75	0.3
275533.3047133162	300	4.0	1.895832332833339	153295	5972.89482166465	0.75	-7.852079031183357
275539.15854708105	300	4.0	1.8538337648395464	173849	5853.833764839546	0.75	-7.67148518881005
275542.84697276365	300	4.31157431741568	0.0	150710	3688.4256825843204	0.75	0.3
275546.3274085678	300	4.8311385132305045	0.0	139105	3480.4358041851756	0.75	0.3
275550.17509467946	300	4.983452401598131	0.0	141840	3847.686111632372	0.75	0.3
275554.0243806402	300	5.134166440887254	0.0	156148	3849.2859607108776	0.75	0.3
275558.25235423946	300	4.906192841614068	0.0	160746	4227.973599273186	0.75	0.3
275562.96091107023	300	4.197636010871618	0.0	179801	4708.55683074245	0.75	0.3
275566.41123482963	300	4.74731225149443	0.0	140051	3450.3237593771887	0.75	0.3
275570.0868346127	300	5.07171246834474	0.0	138313	3675.5997831496898	0.75	0.3
275573.9850289601	300	5.17351812098556	0.0	143509	3898.1943473591805	0.75	0.3
275577.6688208313	300	5.489726249823677	0.0	150616	3683.791871161882	0.75	0.3
275581.70506497903	300	5.453482102128717	0.0	165384	4036.244147694961	0.75	0.3
275585.35039105295	300	5.808156028206675	0.0	140881	3645.326073922042	0.75	0.3
275589.4538478872	300	5.7046991939452365	0.0	157671	4103.456834261438	0.75	0.3
275593.613171776	300	5.545375305152355	0.0	157812	4159.323888792882	0.75	0.3
275597.97126723937	300	5.187279841774828	0.0	163927	4358.095463377526	0.75	0.3
275601.4760427106	300	5.682504370570237	0.0	137654	3504.775471204591	0.75	0.3
275605.1011374256	300	6.0574096555416155	0.0	146754	3625.094715028622	0.75	0.3
275608.9398860053	300	6.218661075861293	0.0	153938	3838.7485796803226	0.75	0.3
275614.16475177155	300	4.993795309565421	0.0	181901	5224.865766295872	0.75	0.3
275617.15476764797	300	6.003779433142237	0.0	111155	2990.0158764231833	0.75	0.3
275620.9344113658	300	6.224135715385306	0.0	153605	3779.643717756932	0.75	0.3
275625.1061651019	300	6.052381979182086	0.0	149029	4171.75373620322	0.75	0.3
275629.05851605156	300	6.100031029549904	0.0	157421	3952.3509496321817	0.75	0.3
275632.94922923297	300	6.209317848183739	0.0	157488	3890.7131813661654	0.75	0.3
275636.48314279894	300	6.6754042821949655	0.0	143881	3533.9135659887734	0.75	0.3
275640.50640772877	300	6.65213935233667	0.0	163444	4023.2649298582946	0.75	0.3
275645.4560432007	300	5.702503880477156	0.0	179328	4949.635471859514	0.75	0.3
275650.0649396535	300	5.093607427604519	0.0	159914	4608.896452872637	0.75	0.3
275653.30766325863	300	5.850883822479274	0.0	131610	3242.7236051252457	0.75	0.3
275656.36511157785	300	6.793435503211237	0.0	124011	3057.4483192680364	0.75	0.3
275660.0584947795	300	7.100052301555547	0.0	144254	3693.3832016556903	0.75	0.3
275663.76994490373	300	7.388602177328239	0.0	149991	3711.4501242273077	0.75	0.3
275667.99387541873	300	7.164671662365438	0.0	147968	4223.930514962801	0.75	0.3
275671.894701921	300	7.2638451600766345	0.0	161857	3900.8265022888036	0.75	0.3
275675.5290548971	300	7.629492183991098	0.0	145210	3634.352976085537	0.75	0.3
275679.9786568589	300	7.179890222118773	0.0	172312	4449.601961872325	0.75	0.3
275684.20542998787	300	6.953117093204212	0.0	167025	4226.77312891456	0.75	0.3
275688.7270560127	300	6.431491068324911	0.0	160064	4521.6260248793005	0.75	0.3
275692.2724987114	300	6.8860483696823955	0.0	137507	3545.442698642516	0.75	0.3
275695.33989589644	300	7.818651184680512	0.0	118421	3067.3971850018847	0.75	0.3
275707.3394786568	750	4.0	4.180931575691369	450283	11999.58276037188	0.75	-17.228005775472887
275711.243294599	300	4.096184057822165	0.0	155580	3903.8159421778355	0.75	-0.15000000000000002
275714.74737913866	300	4.5920995181703095	0.0	139857	3504.0845396518553	0.75	0.3
275718.5375393159	300	4.801939340949744	0.0	155432	3790.1601772205645	0.75	0.3
275722.75156990107	300	4.587908755754435	0.0	163442	4214.03058519531	0.75	0.3
275726.0229062095	300	5.3165724472752105	0.0	126289	3271.3363084792236	0.75	0.3
275729.7437819542	300	5.595696702595497	0.0	153295	3720.875744679714	0.75	0.3
275733.95283122093	300	5.386647435908236	0.0	173849	4209.049266687261	0.75	0.3
275737.6140876114	300	5.725391045440286	0.0	150710	3661.256390467949	0.75	0.3
275741.215788166	300	6.123690490823001	0.0	139105	3601.7005546172863	0.75	0.3
275744.88706557226	300	6.452413084568772	0.0	141840	3671.277406254229	0.75	0.3
275748.75055378943	300	6.588924867415488	0.0	156148	3863.4882171532836	0.75	0.3
275753.0103402236	300	6.329138433229002	0.0	160746	4259.786434186486	0.75	0.3
275757.37246380665	300	5.967014850205617	0.0	179801	4362.123583023385	0.75	0.3
275760.84530532855	300	6.494173328290243	0.0	140051	3472.841521915374	0.75	0.3
275764.24584095227	300	7.0936377045359205	0.0	138313	3400.5356237543224	0.75	0.3
275767.9272461216	300	7.412232535220996	0.0	143509	3681.4051693149245	0.75	0.3
275771.60610675736	300	7.733371899480519	0.0	150616	3678.860635740476	0.75	0.3
275775.756045333	300	7.583433323850286	0.0	165384	4149.938575630234	0.75	0.3
275779.33048216	300	8.008996496868045	0.0	140881	3574.4368269822407	0.75	0.3
275783.2704987801	300	8.068979876732783	0.0	157671	3940.0166201352627	0.75	0.3
275787.54510480806	300	7.79437384882706	0.0	157812	4274.606027905723	0.75	0.3
275791.57013052184	300	7.769348135005906	0.0	163927	4025.0257138211546	0.75	0.3
275795.01133492356	300	8.328143733254228	0.0	137654	3441.204401751678	0.75	0.3
275798.6300367319	300	8.709441924891706	0.0	146754	3618.701808362523	0.75	0.3
275802.43020503584	300	8.90927362093949	0.0	153938	3800.1683039522136	0.75	0.3
275806.8310285856	300	8.508450071173067	0.0	181901	4400.823549766425	0.75	0.3
275810.1729249213	300	9.166553735438246	0.0	111155	3341.8963357348216	0.75	0.3
275814.1647187943	300	9.174759862465262	0.0	153605	3991.7938729729826	0.75	0.3
275817.8712296002	300	9.468249056570942	0.0	149029	3706.5108058943197	0.75	0.3
275822.0373320867	300	9.302146570069464	0.0	157421	4166.102486501478	0.75	0.3
275825.8530907802	300	9.486387876526747	0.0	157488	3815.758693542718	0.75	0.3
275829.48586644983	300	9.853612206904025	0.0	143881	3632.7756696227225	0.75	0.3
275834.0308541317	300	9.308624525065872	0.0	163444	4544.987681838154	0.75	0.3
275838.51950150204	300	8.819977154704032	0.0	179328	4488.647370361839	0.75	0.3
275842.7805449746	300	8.558933682102959	0.0	159914	4261.0434726010735	0.75	0.3
275846.2458602632	300	9.093618393550958	0.0	131610	3465.3152885520003	0.75	0.3
275849.44268963026	300	9.89678902643693	0.0	124011	3196.829367114029	0.75	0.3
275852.96546365257	300	10.374015004159142	0.0	144254	3522.774022277787	0.75	0.3
275856.58276099415	300	10.756717662563492	0.0	149991	3617.2973415956494	0.75	0.3
275860.2076574951	300	11.131821161589643	0.0	147968	3624.8965009738495	0.75	0.3
275864.1736894082	300	11.165789248407416	0.0	161857	3966.031913182227	0.75	0.3
275867.71837845864	300	11.62110019804287	0.0	145210	3544.6890503645463	0.75	0.3
275871.9674937742	300	11.37198488248717	0.0	172312	4249.1153155556985	0.75	0.3
275876.37189926766	300	10.967579388975874	0.0	167025	4404.405493511295	0.75	0.3
275880.30321505375	300	11.036263602918266	0.0	160064	3931.315786057608	0.75	0.3
275883.9284167828	300	11.411061873888523	0.0	137507	3625.2017290297445	0.75	0.3
275892.1553229046	750	7.184155752080517	0.0	314107	8226.906121808006	0.75	0.3
275903.85048038955	750	4.0	4.5110017328714545	450283	11695.157484951971	0.75	-18.647307451347253
275907.6620103156	300	4.188470073954803	0.0	155580	3811.529926045197	0.75	-0.15000000000000002
275911.3854591371	300	4.465021252453212	0.0	139857	3723.4488215015895	0.75	0.3
275915.2107233483	300	4.639757041222862	0.0	155432	3825.2642112303515	0.75	0.3
275919.23305624176	300	4.617424147777036	0.0	163442	4022.3328934458264	0.75	0.3
275922.3086959238	300	5.541784465747762	0.0	126289	3075.6396820292744	0.75	0.3
275926.2112854704	300	5.639194919126261	0.0	153295	3902.5895466215006	0.75	0.3
275930.9188940726	300	4.9315863169547285	0.0	173849	4707.608602171533	0.75	0.3
275934.7912060449	300	5.059274344619341	0.0	150710	3872.311972335386	0.75	0.3
275938.4616719803	300	5.388808409278954	0.0	139105	3670.465935340388	0.75	0.3
275942.00936168496	300	5.841118704535139	0.0	141840	3547.689704743815	0.75	0.3
275946.20063580864	300	5.649844580860969	0.0	156148	4191.27412367417	0.75	0.3
275950.2454683332	300	5.605012056351716	0.0	160746	4044.8325245092533	0.75	0.3
275954.674485929	300	5.175994460507766	0.0	179801	4429.0175958439495	0.75	0.3
275958.273690906	300	5.576789483538949	0.0	140051	3599.204976968817	0.75	0.3
275961.8886380488	300	5.961842340746238	0.0	138313	3614.9471427927106	0.75	0.3
275965.7891013616	300	6.061379027916904	0.0	143509	3900.4633128293335	0.75	0.3
275969.7459208381	300	6.104559551363274	0.0	150616	3956.8194765536305	0.75	0.3
275974.2089223262	300	5.64155806329504	0.0	165384	4463.001488068234	0.75	0.3
275977.71036407916	300	6.140116310350893	0.0	140881	3501.4417529441466	0.75	0.3
275981.86312073085	300	5.987359658646858	0.0	157671	4152.756651704036	0.75	0.3
275985.7221480587	300	6.128332330830735	0.0	157812	3859.027327816123	0.75	0.3
275989.84051692596	300	6.009963463576788	0.0	163927	4118.3688672539465	0.75	0.3
275993.27847628214	300	6.572004107442033	0.0	137654	3437.9593561347556	0.75	0.3
275996.9208695876	300	6.929610801967507	0.0	146754	3642.3933054745257	0.75	0.3
276000.88957727567	300	6.960903113870019	0.0	153938	3968.707688097488	0.75	0.3
276005.68898631097	300	6.161494078588056	0.0	181901	4799.409035281963	0.75	0.3
276008.4399889631	300	7.410491426497535	0.0	111155	2751.0026520905217	0.75	0.3
276012.4288139287	300	7.421666460886566	0.0	153605	3988.8249656109674	0.75	0.3
276016.2373671154	300	7.613113274159585	0.0	149029	3808.5531867269824	0.75	0.3
276020.4333679383	300	7.4171124512093245	0.0	157421	4196.00082295026	0.75	0.3
276024.7501092036	300	7.100371185923187	0.0	157488	4316.741265286138	0.75	0.3
276028.3477729409	300	7.5027074486646566	0.0	143881	3597.663737258531	0.75	0.3
276032.74729367136	300	7.103186718196941	0.0	163444	4399.520730467715	0.75	0.3
276037.31067562936	300	6.539804760200256	0.0	179328	4563.381957996685	0.75	0.3
276041.80270128854	300	6.047779101048712	0.0	159914	4492.0256591515445	0.75	0.3
276045.066830727	300	6.783649662613359	0.0	131610	3264.129438435352	0.75	0.3
276048.31890211656	300	7.531578273074395	0.0	124011	3252.0713895389645	0.75	0.3
276052.1197829929	300	7.7306973967407595	0.0	144254	3800.880876333636	0.75	0.3
276056.25298546295	300	7.597494926674416	0.0	149991	4133.202470066344	0.75	0.3
276060.00578692893	300	7.844693460678813	0.0	147968	3752.801465995603	0.75	0.3
276063.997782732	300	7.852697657596663	0.0	161857	3991.9958030821495	0.75	0.3
276067.73915729363	300	8.11132309597461	0.0	145210	3741.374561622053	0.75	0.3
276072.252130789	300	7.598349600636809	0.0	172312	4512.973495337801	0.75	0.3
276076.53821249976	300	7.312267889881223	0.0	167025	4286.081710755587	0.75	0.3
276080.56219663087	300	7.288283758720665	0.0	160064	4023.984131160558	0.75	0.3
276084.30495346995	300	7.545526919704772	0.0	137507	3742.756839015893	0.75	0.3
276087.3536717649	300	8.496808624744162	0.0	118421	3048.7182949606095	0.75	0.3
276098.432848162	750	4.0	2.5823677723690217	450283	11079.176397113184	0.75	-10.354181421186793
276102.32322543813	300	4.109622723860679	0.0	155580	3890.377276139321	0.75	-0.15000000000000002
276106.13902262016	300	4.2938255418539795	0.0	139857	3815.7971820067	0.75	0.3
276110.2429922672	300	4.189855894832123	0.0	155432	4103.969647021857	0.75	0.3
276114.6105269983	300	4.0	0.17767883625420472	163442	4367.534731086327	0.75	-0.4640189958930803
276117.87965072	300	4.730876278254681	0.0	126289	3269.123721745319	0.75	0.3
276121.6769239955	300	4.933603002746554	0.0	153295	3797.273275508127	0.75	0.3
276126.1607070917	300	4.449819906572916	0.0	173849	4483.783096173638	0.75	0.3
276130.03753894026	300	4.5729880580160325	0.0	150710	3876.8318485568834	0.75	0.3
276133.7144749416	300	4.89605205665681	0.0	139105	3676.936001359222	0.75	0.3

