340852.14407525456	750	4.0	4.376442402296555	450283	4376.442402296555	0.75	-18.068702329875187
340857.7265252577	1200	4.0	1.5824500031262032	611087	5582.450003126203	0.75	-6.054535013442673
340862.31453402946	1200	4.0	0.5880087718052655	571051	4588.0087718052655	0.75	-1.3284377187626413
340865.3711190782	750	4.943414951237503	0.0	382355	3056.585048762497	0.75	0.3
340870.8812249849	750	4.0	0.5666909554169206	411561	5510.105906654423	0.75	-1.6867711082927586
340875.1369814768	750	4.0	0.25575649189117305	318564	4255.756491891173	0.75	-0.349752915132044
340877.5986288327	300	5.538352644066302	0.0	153295	2461.647355933698	0.75	-0.15000000000000002
340880.14578574995	300	6.991195726816585	0.0	173849	2547.1569172497175	0.75	0.3
340882.2476540513	300	8.88932742545645	0.0	150710	2101.868301360135	0.75	0.3
340884.2344794347	300	10.902502042107	0.0	139105	1986.825383349449	0.75	0.3
340885.8549777662	300	13.282003710553765	0.0	141840	1620.498331553235	0.75	0.3
340887.4311041601	300	15.705877316675362	0.0	156148	1576.126393878403	0.75	0.3
340889.05128612404	300	18.085695352702864	0.0	160746	1620.181963972499	0.75	0.3
340892.89892273716	750	18.238058739557076	0.0	434409	3847.636613145789	0.75	0.3
340898.2210992422	750	16.91588223452075	0.0	337059	5322.176505036324	0.75	0.75
340901.3550927443	750	17.781888732452458	0.0	366214	3133.9935020682938	0.75	0.75
340904.4104906775	750	18.726490799187037	0.0	360831	3055.397933265423	0.75	0.75
340907.5040143656	750	19.63296711110835	0.0	372963	3093.523688078685	0.75	0.75
340911.0681660598	750	20.0688154169406	0.0	405596	3564.1516941677523	0.75	0.75
340914.4657254387	750	20.671256038040802	0.0	350713	3397.5593788997935	0.75	0.75
340920.02057849587	750	19.11640298089887	0.0	386472	5554.853057141936	0.75	0.75
340924.25736379885	750	18.879617677885264	0.0	399894	4236.785303013604	0.75	0.75
340927.7868288637	750	19.350152612981073	0.0	401853	3529.4650649041923	0.75	0.75
340930.8269895419	750	20.309991934817837	0.0	343800	3040.160678163236	0.75	0.75
340933.98021033447	750	21.156771142228983	0.0	359903	3153.2207925888542	0.75	0.75
340937.28705150017	750	21.84992997656979	0.0	379700	3306.841165659191	0.75	0.75
340944.3110962855	750	18.825885191176976	0.0	425781	7024.044785392817	0.75	0.75
340946.6851742274	750	20.451807249268445	0.0	277716	2374.077941908529	0.75	0.75
340950.0726524844	750	21.064328992241816	0.0	400396	3387.478257026629	0.75	0.75
340953.6748608162	750	21.462120660428138	0.0	400508	3602.208331813678	0.75	0.75
340958.27373155556	750	20.863249921095417	0.0	358218	4598.870739332721	0.75	0.75
340969.87364524015	750	13.26333623653086	0.0	400322	11599.913684564555	0.75	0.75
340981.03688106226	750	6.1001004144120765	0.0	369834	11163.235822118784	0.75	0.75
340984.43211045564	300	6.704871021071125	0.0	163444	3395.2293933409514	0.75	-0.15000000000000002
340987.57190402184	300	7.565077454841847	0.0	179328	3139.7935662292775	0.75	0.3
340990.6532573513	300	8.483724125342771	0.0	159914	3081.353329499076	0.75	0.3
340993.02860271494	300	10.108378761736695	0.0	131610	2375.3453636060767	0.75	0.3
340995.0911948709	300	12.045786605778588	0.0	124011	2062.5921559581056	0.75	0.3
340997.17376062216	300	13.963220854534375	0.0	144254	2082.565751244215	0.75	0.3
340999.6718405198	300	15.46514095683195	0.0	149991	2498.0798977024247	0.75	0.3
341001.61708913074	300	17.51989234592055	0.0	147968	1945.2486109113988	0.75	0.3
341004.41955284256	300	18.717428634147414	0.0	161857	2802.463711773135	0.75	0.3
341006.34303682	300	20.79394465669942	0.0	145210	1923.4839774479938	0.75	0.3
341011.4106716573	750	19.726309819358306	0.0	438281	5067.634837341112	0.75	0.3
341016.8732729292	750	18.263708547418698	0.0	398987	5462.601271939609	0.75	0.75
341019.6553135779	750	19.481667898776003	0.0	393804	2782.0406486426964	0.75	0.75
341023.2456627843	1200	19.89131869235041	0.0	538612	3590.34920642559	0.75	0.75
341031.85379125574	2850	15.283190220956556	0.0	1364537	8608.128471393855	0.75	1.2000000000000002
341034.65347719047	750	16.483504286176068	0.0	450283	2799.6859347804902	0.75	0.75
341037.364843167	750	17.772138309676944	0.0	398865	2711.3659764991235	0.75	0.75
341041.581460314	1200	17.555521162684585	0.0	571051	4216.6171469923565	0.75	0.75
341046.30336545967	1200	16.833616016977498	0.0	617681	4721.905145707085	0.75	1.2
341051.33858131146	1200	15.798400165195888	0.0	652874	5035.2158517816115	0.75	1.2
341055.1838533671	1200	15.953128109557476	0.0	520315	3845.2720556384115	0.75	1.2
341059.61104223714	1200	15.525939239506558	0.0	561791	4427.188870050919	0.75	1.2
341066.3968779649	1200	12.740103511765767	0.0	709534	6785.835727740791	0.75	1.2

