26205.994877167355	750	4.0	3.9222289961882537	450283	3922.228996188254	1	-16.11558468360949
26207.186287667242	300	6.808589500115749	0.0	155580	1191.4104998842504	1	-0.15000000000000002
26208.265456635225	300	9.72942053213202	0.0	139857	1079.168967983731	1	0.3
26209.456454523093	300	12.53842264426422	0.0	155432	1190.9978878678	1	0.3
26210.680805704444	300	15.31407146291319	0.0	163442	1224.3511813510283	1	0.3
26212.92034797965	750	17.074529187709263	0.0	318564	2239.542275203927	1	0.3
26216.734626528832	750	17.2602506385245	0.0	352642	3814.278549184764	1	0.75
26220.21085863212	750	17.78401853524172	0.0	437162	3476.232103282778	1	0.75
26223.168151469927	750	18.82672569743303	0.0	374758	2957.2928378086904	1	0.75
26226.44536233746	750	19.54951482989871	0.0	362795	3277.2108675343234	1	0.75
26228.98780450701	750	21.0070726603499	0.0	353220	2542.44216954881	1	0.75
26231.880713934483	750	22.114163232877797	0.0	405134	2892.909427472103	1	0.75
26234.627618817613	750	23.36725834974542	0.0	386351	2746.904883132373	1	0.75
26238.00275561429	750	23.99212155307137	0.0	434409	3375.136796674052	1	0.75
26240.33914425083	750	25.65573291653215	0.0	337059	2336.388636539219	1	0.75
26242.937473227557	750	27.057403939802445	0.0	366214	2598.3289767297065	1	0.75
26245.58611862428	750	28.40875854307643	0.0	360831	2648.6453967260118	1	0.75
26249.808304925893	750	28.186572241464756	0.0	372963	4222.186301611672	1	0.75
26252.740224812125	750	29.25465235523351	0.0	405596	2931.9198862312464	1	0.75
26255.303554371487	750	30.69132279587118	0.0	350713	2563.3295593623307	1	0.75
26258.12023616081	750	31.8746410065495	0.0	386472	2816.6817893216794	1	0.75
26260.995863895576	750	32.9990132717816	0.0	399894	2875.627734767895	1	0.75
26265.63825369234	1200	32.35662347501777	0.0	656471	4642.389796763829	1	0.75
26269.430328131177	1200	32.564549036179535	0.0	536667	3792.074438838238	1	1.2
26273.686183619393	1200	32.30869354796666	0.0	587236	4255.855488212874	1	1.2
26277.9153330337	1200	32.079544133659795	0.0	590335	4229.149414306867	1	1.2
26283.14296322995	1200	30.851913937410558	0.0	696376	5227.630196249237	1	1.2
26286.612724405848	1200	31.38215276151464	0.0	487160	3469.7611758959156	1	1.2
26291.192634260533	1200	30.802242906829704	0.0	622896	4579.9098546849345	1	1.2
26296.53820110114	1200	29.4566760662225	0.0	641447	5345.566840607205	1	1.2

