118440.39572532811	750	4.0	2.212878705241287	450283	2212.878705241287	1	-8.765378432537535
118442.45188435976	750	5.943840968352677	0.0	398865	2056.1590316473234	1	0.75
118444.52364448324	750	7.872080844875409	0.0	350812	2071.760123477268	1	0.75
118446.5711568753	750	9.824568452818175	0.0	382355	2047.5123920572332	1	0.75
118448.71197373817	750	11.683751589931271	0.0	411561	2140.816862886905	1	0.75
118450.18359472891	750	14.212130599203784	0.0	318564	1471.6209907274879	1	0.75
118451.87649918148	750	16.519226146621385	0.0	352642	1692.9044525823965	1	0.75
118455.54008998317	1200	16.855635344920795	0.0	709534	3663.5908017005895	1	0.75
118458.08849106349	1200	18.30723426460818	0.0	584846	2548.4010803126152	1	1.2
118460.65409542959	1200	19.741629898492377	0.0	560821	2565.604366115803	1	1.2
118464.31367443487	1200	20.08205089321532	0.0	607410	3659.579005277057	1	1.2
118467.6398980382	1200	20.755827289899038	0.0	594078	3326.2236033162812	1	1.2
118470.84407287987	1200	21.551652448216025	0.0	624282	3204.174841683018	1	1.2
118474.2346204786	1200	22.16110484950034	0.0	687371	3390.547598715684	1	1.2
118477.11899024196	1200	23.27673508613453	0.0	526950	2884.3697633658135	1	1.2
118479.93684005522	1200	24.458885272883247	0.0	587876	2817.8498132512827	1	1.2
118483.10891238727	1200	25.286812940832828	0.0	617242	3172.072332050418	1	1.2
118485.97346948668	1200	26.422255841421748	0.0	581493	2864.5570994110794	1	1.2
118489.57849258005	1200	26.817232748050543	0.0	639204	3605.023093371204	1	1.2
118492.8255206986	1200	27.570204629501095	0.0	586839	3247.0281185494496	1	1.2
118495.66016918085	1200	28.735556147274167	0.0	601738	2834.6484822269263	1	1.2
118498.65276221975	1200	29.742963108370226	0.0	616206	2992.5930389039427	1	1.2
118501.77018612974	1200	30.625539198375332	0.0	656471	3117.423909994893	1	1.2
118504.31326310162	1200	32.08246222648425	0.0	536667	2543.076971891078	1	1.2
118508.33597817387	1850	32.05974715423767	0.0	897976	4022.71507224659	1	1.2000000000000002
118513.54061164685	1850	30.855113681254014	0.0	905935	5204.633472983653	1	1.85
118519.1807582691	1850	29.21496705899273	0.0	1076599	5640.146622261283	1	1.85
118523.47943253942	1850	28.916292788670535	0.0	758197	4298.674270322192	1	1.85
118528.07719918658	1850	28.318526141506116	0.0	972798	4597.766647164422	1	1.85
118532.63820107034	1850	27.7575242577453	0.0	975811	4561.001883760815	1	1.85
118536.93196152868	1850	27.463763799406035	0.0	873429	4293.760458339264	1	1.85
118542.15516478715	1850	26.240560540921308	0.0	954453	5223.203258484725	1	1.85
118546.8229830937	1850	25.572742234378328	0.0	885062	4667.81830654298	1	1.85
118552.31812815498	1850	24.077597173115777	0.0	1035329	5495.145061262552	1	1.85
118558.03838345398	1850	22.357341874114606	0.0	1026056	5720.255299001171	1	1.85
118562.57600798523	1850	21.819717342858798	0.0	943942	4537.624531255805	1	1.85
118566.14119795497	1850	22.254527373129303	0.0	728962	3565.1899697294966	1	1.85

