9.534054872630644	750	4.0	9.534054872630644	450283	9534.054872630644	1	-40.24643595231177
11.995107400021498	300	5.538947472609147	0.0	155580	2461.0525273908534	0.4731346731573371	-0.15000000000000002
14.321212871558082	300	7.212842001072562	0.0	139857	2326.105471536585	0.4731346731573371	0.3
16.825338145913264	300	8.708716726717379	0.0	155432	2504.1252743551836	0.4731346731573371	0.3
19.422448974957444	300	10.111605897673204	0.0	163442	2597.1108290441757	0.4731346731573371	0.3
21.45033152630432	300	12.083723346326325	0.0	126289	2027.8825513468794	0.4731346731573371	0.3
23.9404590300204	300	13.593595842610249	0.0	153295	2490.1275037160785	0.4731346731573371	0.3
27.246819905966444	300	14.287234966664206	0.0	173849	3306.3608759460426	0.4731346731573371	0.3
33.8228410294795	750	11.711213843151155	0.0	374758	6576.02112351305	0.4731346731573371	0.3
38.45764387507781	750	11.076410997552845	0.0	362795	4634.802845598311	0.4731346731573371	0.75
42.97223492821314	750	10.561819944417504	0.0	353220	4514.591053135339	0.4731346731573371	0.75
47.664849025461706	750	9.869205847168935	0.0	405134	4692.61409724857	0.4731346731573371	0.75
52.165887639289174	750	9.368167233341467	0.0	386351	4501.038613827468	0.4731346731573371	0.75
57.24059328290881	750	8.293461589721828	0.0	434409	5074.705643619638	0.4731346731573371	0.75
61.772567187945484	750	7.761487684685159	0.0	337059	4531.973905036669	0.4731346731573371	0.75
65.88577611391392	750	7.648278758716716	0.0	366214	4113.2089259684435	0.4731346731573371	0.75
70.2209533889952	750	7.313101483635429	0.0	360831	4335.177275081287	0.4731346731573371	0.75
74.42315182789675	750	7.1109030447338855	0.0	372963	4202.198438901543	0.4731346731573371	0.75
79.14242637362996	750	6.3916284990006655	0.0	405596	4719.27454573322	0.4731346731573371	0.75
80.7223097068405	300	8.811745165790125	0.0	140881	1579.8833332105407	0.4731346731573371	-0.15000000000000002
82.1185418836066	300	11.415512989024029	0.0	157671	1396.232176766097	0.789640251152333	0.3
83.51595112360515	300	14.018103749025478	0.0	157812	1397.4092399985495	0.789640251152333	0.3
85.0206491762743	300	16.513405696356312	0.0	163927	1504.6980526691634	0.789640251152333	0.3
86.46139272959616	300	19.072662143034467	0.0	137654	1440.743553321847	0.789640251152333	0.3
90.09912216042413	750	19.4349327122065	0.0	359903	3637.7294308279656	0.789640251152333	0.3
93.93254979199534	750	19.601505080635274	0.0	379700	3833.427631571225	0.789640251152333	0.75
98.00098909097962	750	19.53306578165101	0.0	425781	4068.4392989842636	0.789640251152333	0.75
100.63964042681498	750	20.89441444581564	0.0	277716	2638.651335835368	0.789640251152333	0.75
104.40856638089447	750	21.125488491736157	0.0	400396	3768.925954079484	0.789640251152333	0.75
108.41037682190813	750	21.123678050722496	0.0	400508	4001.8104410136566	0.789640251152333	0.75
111.9228573463904	750	21.611197526240222	0.0	358218	3512.4805244822755	0.789640251152333	0.75
115.77111133971918	750	21.762943532911443	0.0	400322	3848.25399332878	0.789640251152333	0.75
119.31855837588941	750	22.215496496741224	0.0	369834	3547.4470361702206	0.789640251152333	0.75
123.40405128657588	750	22.130003586054755	0.0	412837	4085.4929106864697	0.789640251152333	0.75
128.3092057038096	750	21.224849168821027	0.0	401088	4905.154417233725	0.789640251152333	0.75
132.98816130258368	750	20.545893570046957	0.0	365161	4678.9555987740705	0.789640251152333	0.75
136.46443091256444	750	21.06962396006617	0.0	321064	3476.2696099807836	0.789640251152333	0.75
140.19755004219732	750	21.33650483043331	0.0	361565	3733.1191296328625	0.789640251152333	0.75
144.10482059025205	750	21.42923428237856	0.0	378327	3907.2705480547506	0.789640251152333	0.75
148.24414663485985	750	21.289908237770778	0.0	390680	4139.32604460778	0.789640251152333	0.75
151.83354237194135	750	21.700512500689285	0.0	345516	3589.3957370814924	0.789640251152333	0.75
155.6338117462524	750	21.900243126378214	0.0	384505	3800.2693743110704	0.789640251152333	0.75
159.4286651817374	750	22.105389690893222	0.0	372093	3794.8534354849917	0.789640251152333	0.75
165.25037355649772	750	20.28368131613291	0.0	438281	5821.708374760313	0.789640251152333	0.75
170.60148834594796	750	18.932566526682656	0.0	398987	5351.114789450255	0.789640251152333	0.75

