230193.1090667488	750	4.0	5.52878823926276	450283	5528.788239262761	0.7	-23.02378942882987
230194.7769932814	300	6.332073467373534	0.0	155580	1667.9265326264656	0.7	-0.15000000000000002
230199.04651492546	300	6.062551823350234	0.0	139857	4269.5216440233	0.7	0.3
230200.06738932536	300	9.041677423458301	0.0	155432	1020.8743998919333	0.7	0.3
230201.00659865898	300	12.102468089817085	0.0	163442	939.2093336412164	0.7	0.3
230201.63072805814	300	15.478338690657262	0.0	126289	624.129399159824	0.7	0.3
230202.81753071962	750	18.291536029178232	0.0	352642	1186.8026614790297	0.7	0.3
230204.26960796822	750	20.839458780587602	0.0	437162	1452.077248590626	0.7	0.75
230205.5258239374	750	23.583242811387798	0.0	374758	1256.2159691998065	0.7	0.75
230206.74449281854	750	26.36457393028094	0.0	362795	1218.6688811068577	0.7	0.75
230209.16552427175	1850	27.943542477056965	0.0	939819	2421.0314532239768	0.7	0.75
230212.49649880014	2850	28.612567948648614	0.0	1519951	3330.974528408351	0.7	1.85
230217.3022484687	4300	27.80681828009963	0.0	2209463	4805.749668548986	0.8	2.8499999999999996
230222.24897734253	4300	26.860089406240093	0.0	2275376	4946.728873859538	0.8	4.3
230244.33471182632	4300	8.77435492244899	0.0	2005399	22085.7344837911	0.8	4.3
230252.76315604948	1850	4.345910699298129	0.0	923170	8428.444223150862	0.8	-0.6000000000000001
230258.27363631164	1200	4.0	1.1645695628609192	617242	5510.480262159048	0.8	-4.457649120301952
230262.0366070135	1200	4.23702929815214	0.0	581493	3762.9707018478607	0.8	1.2
230271.81527220772	1200	4.0	5.541635896062662	639204	9778.665194214802	0.8	-22.629034353069446
230274.87150864018	750	4.9437635675428115	0.0	350713	3056.236432457188	0.8	0.3
230279.0331136747	750	4.782158533007145	0.0	386472	4161.605034535667	0.75	0.75
230286.9187153434	750	4.0	3.103443135710558	399894	7885.6016687177025	0.75	-12.594805483555398
230288.87864233207	300	6.040073011341716	0.0	163927	1959.9269886582847	0.75	-0.15000000000000002
230290.50624711715	300	8.41246822624517	0.0	137654	1627.6047850965438	0.75	0.3
230292.236160615	300	10.682554728402332	0.0	146754	1729.913497842839	0.75	0.3
230294.3654349248	300	12.553280418582894	0.0	153938	2129.274309819438	0.75	0.3
230297.3667397966	300	13.551975546803824	0.0	181901	3001.3048717790693	0.75	0.3
230298.7053728509	300	16.213342492478894	0.0	111155	1338.6330543249292	0.75	0.3
230300.61294425014	300	18.305771093242555	0.0	153605	1907.5713992363412	0.75	0.3
230302.48781997754	300	20.430895365837863	0.0	149029	1874.8757274046923	0.75	0.3
230306.25357785	750	20.665137493377816	0.0	358218	3765.757872460047	0.75	0.3
230311.7224261001	750	19.196289243282823	0.0	400322	5468.848250094996	0.75	0.75
230316.08594275953	750	18.832772583865843	0.0	369834	4363.516659416977	0.75	0.75
230323.3858848014	750	15.532830541989798	0.0	412837	7299.942041876047	0.75	0.75
230327.48370865296	750	15.435006690397877	0.0	401088	4097.82385159192	0.75	0.75
230332.23191010693	750	14.686805236454955	0.0	365161	4748.201453942922	0.75	0.75

