648374.9878658155	750	4.0	7.991309666172599	450283	7991.3096661725995	0.7	-33.61263156454218
648380.9253887108	750	4.0	1.93752289531936	398865	5937.52289531936	0.7	-7.581348449873248
648384.3722892356	750	4.553099475222733	0.0	350812	3446.900524777268	0.7	0.75
648388.3022453537	750	4.6231433571356115	0.0	382355	3929.9561180871206	0.7	0.75
648392.96706162	750	4.0	0.041672909150571286	411561	4664.816266286183	0.7	0.5708064906525435
648396.031189262	750	4.935872357922207	0.0	318564	3064.127642077793	0.75	0.75
648399.4145403624	750	5.5525212574915335	0.0	352642	3383.351100430674	0.75	0.75
648403.58962709	750	5.377434529970493	0.0	437162	4175.086727521039	0.75	0.75
648405.0551884772	300	7.911873142772368	0.0	150710	1465.561387198126	0.75	-0.15000000000000002
648406.4111847631	300	10.555876856879669	0.0	139105	1355.9962858926986	0.75	0.3
648409.8349692117	750	11.132092408197332	0.0	353220	3423.784448682338	0.75	0.3
648413.8511699284	750	11.115891691438511	0.0	405134	4016.2007167588195	0.75	0.75
648418.4092222657	750	10.557839354183361	0.0	386351	4558.05233725515	0.75	0.75
648422.9156286268	750	10.051432993046557	0.0	434409	4506.406361136805	0.75	0.75
648425.9247447089	750	11.04231691095848	0.0	337059	3009.116082088078	0.75	0.75
648429.0127732345	750	11.954288385392205	0.0	366214	3088.0285255662743	0.75	0.75
648431.9689360393	750	12.998125580704833	0.0	360831	2956.1628046873716	0.75	0.75
648435.0218023065	750	13.945259313325876	0.0	372963	3052.8662673789568	0.75	0.75
648438.334784309	750	14.632277310864946	0.0	405596	3312.9820024609285	0.75	0.75
648441.528281147	750	15.43878047286089	0.0	350713	3193.496838004057	0.75	0.75
648445.0811640206	750	15.885897599379025	0.0	386472	3552.8828734818658	0.75	0.75
648448.7546585655	750	16.2124030543456	0.0	399894	3673.4945450334235	0.75	0.75
648451.9016391633	750	17.065422456573863	0.0	401853	3146.9805977717397	0.75	0.75
648454.5910790473	750	18.37598257250343	0.0	343800	2689.439884070434	0.75	0.75
648459.1281966731	1200	17.838864946668682	0.0	587236	4537.117625834746	0.75	0.75
648463.6888356899	1200	17.278225929906846	0.0	590335	4560.639016761837	0.75	1.2
648471.0353009892	1200	13.931760630627586	0.0	696376	7346.46529927926	0.75	1.2
648475.6286127267	1200	13.338448893138727	0.0	487160	4593.311737488858	0.75	1.2
648479.9900160868	1200	12.97704553301029	0.0	622896	4361.403360128437	0.75	1.2
648484.649769025	1200	12.317292594708118	0.0	641447	4659.752938302174	0.75	1.2
648488.9812830752	1200	11.985778544585722	0.0	570392	4331.514050122394	0.75	1.2
648493.6846682025	1200	11.282393417248613	0.0	620283	4703.385127337109	0.75	1.2
648498.1202131325	1200	10.846848487314514	0.0	584349	4435.5449299341	0.75	1.2
648510.859678539	1200	4.0	1.8926169192212492	670129	12739.465406535763	0.75	-6.938252752651372
648513.9428033998	300	4.916875139224878	0.0	179328	3083.1248607751218	0.75	-0.6000000000000001
648516.4017295992	300	6.457948939828224	0.0	159914	2458.9261993966534	0.75	0.3
648518.1910933815	300	8.668585157520674	0.0	131610	1789.3637823075492	0.75	0.3
648519.848040335	300	11.011638204124145	0.0	124011	1656.9469533965294	0.75	0.3
648521.7679638129	300	13.091714726175821	0.0	144254	1919.9234779483236	0.75	0.3
648523.7146480606	300	15.145030478557098	0.0	149991	1946.6842476187226	0.75	0.3
648525.6928822	300	17.16679633911977	0.0	147968	1978.23413943733	0.75	0.3
648527.8186040671	300	19.041074471996943	0.0	161857	2125.7218671228266	0.75	0.3
648529.804529849	300	21.05514869010293	0.0	145210	1985.9257818940173	0.75	0.3
648532.1406423349	300	22.719036204096447	0.0	172312	2336.1124860064824	0.75	0.3
648537.1294661106	750	21.73021242841524	0.0	398987	4988.82377568121	0.75	0.3
648544.5900148108	1200	18.269663728159152	0.0	638661	7460.548700256085	0.75	0.75
648550.5735309029	1200	16.28614763605738	0.0	538612	5983.516092101775	0.75	1.2
648564.8045909296	2850	6.0550876093075745	0.0	1364537	14231.060026749805	0.75	1.2000000000000002
648569.6803333755	750	5.179345163531976	0.0	450283	4875.742445775599	0.75	0.75
648571.3830641222	300	7.476614416836459	0.0	155580	1702.7307466955167	0.75	-0.15000000000000002
648572.921800811	300	9.937877728055158	0.0	139857	1538.7366887813014	0.75	0.3
648574.6229878878	300	12.2366906511791	0.0	155432	1701.1870768760607	0.75	0.3
648580.3770499467	750	10.482628592339935	0.0	411561	5754.062058839163	0.75	0.3
648583.8047311055	750	11.054947433528843	0.0	318564	3427.6811588110922	0.75	0.75
648587.5991770796	750	11.260501459273321	0.0	352642	3794.445974255522	0.75	0.75
648592.3349412642	750	10.524737274679723	0.0	437162	4735.764184593599	0.75	0.75
648596.4572006112	750	10.402477927728551	0.0	374758	4122.259346951172	0.75	0.75
648600.4593075756	750	10.40037096334549	0.0	362795	4002.1069643830615	0.75	0.75
648604.3521055329	750	10.507573006096411	0.0	353220	3892.797957249079	0.75	0.75
648608.9396699569	750	9.920008582033592	0.0	405134	4587.564424062818	0.75	0.75
648613.2710816859	750	9.588596853034115	0.0	386351	4331.411728999476	0.75	0.75
648617.9152656598	750	8.944412879104794	0.0	434409	4644.183973929323	0.75	0.75
648621.4945839896	750	9.365094549241075	0.0	337059	3579.318329863718	0.75	0.75
648625.365329973	750	9.49434856578361	0.0	366214	3870.745983457466	0.75	0.75
648629.2750846758	750	9.584593863073957	0.0	360831	3909.7547027096534	0.75	0.75
648633.3711772909	750	9.488501247959391	0.0	372963	4096.092615114565	0.75	0.75
648637.8186644152	750	9.041014123713804	0.0	405596	4447.487124245587	0.75	0.75
648641.6751674176	750	9.184511121205047	0.0	350713	3856.503002508759	0.75	0.75
648646.0202011166	750	8.839477422284004	0.0	386472	4345.033698921043	0.75	0.75
648650.5829925858	750	8.27668595298283	0.0	399894	4562.791469301176	0.75	0.75
648656.2127621222	750	6.646916416763202	0.0	401853	5629.769536219627	0.75	0.75
648662.0496278723	750	4.810050666525425	0.0	343800	5836.865750237777	0.75	0.75
648663.8564461102	300	7.003232428727081	0.0	146754	1806.8182377983433	0.75	-0.15000000000000002
648665.6643866495	300	9.195291889332164	0.0	153938	1807.940539394917	0.75	0.3
648667.8008484526	300	11.058830086237489	0.0	181901	2136.4618030946754	0.75	0.3
648669.1707702964	300	13.688908242527148	0.0	111155	1369.9218437103402	0.75	0.3
648671.0333121956	300	15.826366343349182	0.0	153605	1862.541899177966	0.75	0.3
648672.8427509292	300	18.01692760963223	0.0	149029	1809.4387337169562	0.75	0.3
648674.7321726246	300	20.12750591425549	0.0	157421	1889.4216953767395	0.75	0.3
648679.3811988431	750	19.478479695686147	0.0	400322	4649.026218569341	0.75	0.3
648685.4576874265	750	17.401991112358377	0.0	369834	6076.48858332777	0.75	0.75
648690.6337605249	750	16.225918013939165	0.0	412837	5176.073098419211	0.75	0.75
648695.5984233562	750	15.261255182656715	0.0	401088	4964.66283128245	0.75	0.75
648701.2286152833	750	13.631063255581939	0.0	365161	5630.191927074775	0.75	0.75
648705.0246460113	750	13.835032527432627	0.0	321064	3796.030728149312	0.75	0.75
648709.3204399123	750	13.539238626464643	0.0	361565	4295.793900967985	0.75	0.75
648713.6260978882	750	13.233580650508353	0.0	378327	4305.657975956289	0.75	0.75
648717.7515147683	750	13.108163770404186	0.0	390680	4125.416880104166	0.75	0.75
648721.4013455418	750	13.45833299695622	0.0	345516	3649.830773447966	0.75	0.75
648727.0561955317	750	11.803483007107843	0.0	384505	5654.849989848376	0.75	0.75
648731.0126244591	750	11.8470540797312	0.0	372093	3956.428927376644	0.75	0.75
648735.6082155055	750	11.251463033363349	0.0	438281	4595.59104636785	0.75	0.75
648740.0083633761	750	10.851315162695428	0.0	398987	4400.147870667921	0.75	0.75
648744.1674891792	750	10.692189359746887	0.0	393804	4159.125802948541	0.75	0.75
648753.9261734667	1200	4.933505072228712	0.0	538612	9758.684287518176	0.75	0.75
648757.4339174569	750	5.425761082004787	0.0	314107	3507.743990223926	0.75	0.3
648761.9393390085	750	4.920339530319466	0.0	450283	4505.421551685321	0.75	0.75
648763.4252952662	300	7.434383272724611	0.0	155580	1485.956257594854	0.75	-0.15000000000000002
648764.7691648144	300	10.09051372446363	0.0	139857	1343.8695482609817	0.75	0.3
648766.3201996757	300	12.539478863071862	0.0	155432	1551.0348613917695	0.75	0.3
648767.9880191587	300	14.871659380122084	0.0	163442	1667.8194829497777	0.75	0.3
648774.59087404	750	12.268804498877339	0.0	318564	6602.854881244746	0.75	0.3
648780.847429746	750	10.01224879294313	0.0	352642	6256.555705934209	0.75	0.75
648788.3936701235	750	6.466008415294781	0.0	437162	7546.240377648349	0.75	0.75
648791.0476291762	300	7.812049362780193	0.0	150710	2653.9590525145886	0.75	-0.15000000000000002
648793.5033877456	300	9.356290793341921	0.0	139105	2455.758569438271	0.75	0.3
648796.0058570709	300	10.853821468090317	0.0	141840	2502.4693252516045	0.75	0.3
648798.7526911107	300	12.106987428331522	0.0	156148	2746.834039758795	0.75	0.3
648800.8428929547	300	14.016785584305536	0.0	160746	2090.2018440259862	0.75	0.3
648802.4951633485	300	16.36451519049848	0.0	179801	1652.2703938070554	0.75	0.3
648803.7998397459	300	19.059838793130993	0.0	140051	1304.6763973674895	0.75	0.3
648805.0893181969	300	21.770360342073236	0.0	138313	1289.478451057754	0.75	0.3
648808.3246059787	750	22.535072560204426	0.0	360831	3235.287781868809	0.75	0.3
648811.8017793132	750	23.057899225702084	0.0	372963	3477.173334502341	0.75	0.75
648815.83175192	750	23.027926618803406	0.0	405596	4029.9726068986793	0.75	0.75
648819.3022582153	750	23.55742032360801	0.0	350713	3470.5062951953964	0.75	0.75
648825.1068902161	1200	21.752788322861452	0.0	601738	5804.63200074656	0.75	0.75
648831.0725226599	1200	19.787155879034454	0.0	616206	5965.632443826999	0.75	1.2
648838.1900928197	1200	16.669585719193226	0.0	656471	7117.570159841226	0.75	1.2
648843.1257531457	1200	15.733925393241163	0.0	536667	4935.6603259520625	0.75	1.2
648848.3004440753	1200	14.55923446366997	0.0	587236	5174.690929571192	0.75	1.2
648853.5324334227	1200	13.327245116126962	0.0	590335	5231.989347543009	0.75	1.2
648860.1379752787	1200	10.721703260332848	0.0	696376	6605.541855794115	0.75	1.2
648862.7929115462	750	12.066766992675648	0.0	277716	2654.9362676571996	0.75	0.3
648866.4412695905	750	12.418408948394235	0.0	400396	3648.358044281413	0.75	0.75
648869.97351171	750	12.886166828934988	0.0	400508	3532.2421194592475	0.75	0.75
648873.0905203727	750	13.769158166063578	0.0	358218	3117.008662871409	0.75	0.75
648876.564491033	750	14.295187505912475	0.0	400322	3473.9706601511043	0.75	0.75
648879.7799813261	750	15.079697212782635	0.0	369834	3215.490293129839	0.75	0.75
648883.2585489308	750	15.601129608086659	0.0	412837	3478.5676046959784	0.75	0.75
648886.6363001276	750	16.223378411166955	0.0	401088	3377.7511969197044	0.75	0.75
648889.7186590235	750	17.141019515317673	0.0	365161	3082.358895849281	0.75	0.75
648892.438451763	750	18.421226775849455	0.0	321064	2719.792739468217	0.75	0.75
648897.2509690889	1200	17.608709450010213	0.0	575591	4812.5173258392415	0.75	0.75
648902.3125558883	1200	16.547122650618316	0.0	605884	5061.5867993919	0.75	1.2
648907.0902836064	1200	15.7693949324444	0.0	587506	4777.727718173917	0.75	1.2
648911.6050046496	1200	15.25467388926362	0.0	566904	4514.721043180778	0.75	1.2
648916.7028924801	1200	14.156786058889525	0.0	641452	5097.887830374095	0.75	1.2
648922.7218056589	1200	12.13787288000814	0.0	599477	6018.913178881386	0.75	1.2
648931.1357829806	1200	7.7238955584097235	0.0	634861	8413.977321598417	0.75	1.2
648938.6891763946	1200	4.170502144436866	0.0	630203	7553.393413972858	0.75	1.2
648943.0035736458	750	4.0	0.14389510685006643	393804	4314.397251286932	0.75	-0.31874895945528564
648946.7517557577	750	4.2518178881260305	0.0	331053	3748.18211187397	0.75	0.75
648950.1836259901	750	4.819947655730184	0.0	314107	3431.870232395846	0.75	0.75
648955.2457204567	750	4.0	0.24214681100121288	450283	5062.094466731397	0.75	-0.2912312873052154
648957.0682968766	300	6.177423580098221	0.0	155580	1822.5764199017783	0.75	-0.15000000000000002
648958.7147675693	300	8.530952887475756	0.0	139857	1646.4706926224646	0.75	0.3
648960.5356863127	300	10.710034144075747	0.0	155432	1820.918743400008	0.75	0.3
648962.4463211964	300	12.79939926027586	0.0	163442	1910.6348837998873	0.75	0.3
648966.0529979258	750	13.192722530996205	0.0	318564	3606.6767292796562	0.75	0.3
648969.7489124892	750	13.49680796756736	0.0	352642	3695.9145634288448	0.75	0.75
648978.6555728029	750	8.590147653891973	0.0	437162	8906.660313675386	0.75	0.75
648982.4201007115	750	8.825619745304932	0.0	374758	3764.5279085870434	0.75	0.75
648986.2827724018	750	8.96294805497403	0.0	362795	3862.671690330903	0.75	0.75
648989.8792627244	750	9.366457732404845	0.0	353220	3596.4903225691846	0.75	0.75
648993.9332993287	750	9.312421128093264	0.0	405134	4054.036604311579	0.75	0.75
648998.7612511701	750	8.484469286689459	0.0	386351	4827.951841403806	0.75	0.75
649004.7661426665	750	6.479577790258365	0.0	434409	6004.891496431093	0.75	0.75
649007.8324552674	750	7.413265189245001	0.0	337059	3066.3126010133637	0.75	0.75
649011.1570785614	750	8.088641895200018	0.0	366214	3324.6232940449827	0.75	0.75
649014.4340089568	750	8.811711499820419	0.0	360831	3276.930395379601	0.75	0.75
649018.9137495033	750	8.33197095327904	0.0	372963	4479.740546541377	0.75	0.75
649025.7314554256	750	5.514265031045408	0.0	405596	6817.705922233632	0.75	0.75
649027.450757297	300	7.794963159614182	0.0	140881	1719.3018714312252	0.75	-0.15000000000000002
649028.8643930866	300	10.381327369943842	0.0	157671	1413.6357896703407	0.75	0.3
649030.2792215031	300	12.966498953561272	0.0	157812	1414.8284163825676	0.75	0.3
649033.7582330079	750	13.487487448678348	0.0	401853	3479.011504882924	0.75	0.3
649036.7462121829	750	14.499508273759288	0.0	343800	2987.9791749190604	0.75	0.75
649039.8703960951	750	15.37532436162754	0.0	359903	3124.183912131747	0.75	0.75
649043.169917575	750	16.075802881697246	0.0	379700	3299.5214799302935	0.75	0.75
649046.8679571068	750	16.377763349898657	0.0	425781	3698.03953179859	0.75	0.75
649049.307826304	750	17.937894152792687	0.0	277716	2439.86919710597	0.75	0.75
649052.8328289856	750	18.41289147103276	0.0	400396	3525.0026817599237	0.75	0.75
649056.4244365953	750	18.821283861452162	0.0	400508	3591.6076095806006	0.75	0.75
649059.6452503985	750	19.600470058260356	0.0	358218	3220.813803191806	0.75	0.75
649065.1638196728	1200	18.081900784004947	0.0	620283	5518.569274255406	0.75	0.75
649080.540071521	1200	6.705648935913387	0.0	584349	15376.251848091562	0.75	1.2
649086.2778191897	750	4.967901267184857	0.0	412837	5737.74766872853	0.75	0.3
649088.7530911827	300	6.492629274169906	0.0	179328	2475.2719930149506	0.75	-0.15000000000000002
649090.988584925	300	8.257135531940431	0.0	159914	2235.493742229474	0.75	0.3
649092.6332282188	300	10.61249223808157	0.0	131610	1644.6432938588628	0.75	0.3
649094.1875309277	300	13.058189529208905	0.0	124011	1554.302708872665	0.75	0.3
649095.821746935	300	15.423973521837727	0.0	144254	1634.2160073711784	0.75	0.3
649097.4924022289	300	17.753318227978344	0.0	149991	1670.655293859384	0.75	0.3
649099.1380054163	300	20.10771504051469	0.0	147968	1645.6031874636535	0.75	0.3
649103.2864812228	750	19.95923923393068	0.0	384505	4148.475806584008	0.75	0.3
649107.3415250556	750	19.904195401212615	0.0	372093	4055.043832718068	0.75	0.75
649112.0019942342	750	19.243726222562703	0.0	438281	4660.4691786499125	0.75	0.75
649116.8140908615	750	18.431629595328896	0.0	398987	4812.0966272338055	0.75	0.75
649124.605157034	1200	14.64056342271469	0.0	638661	7791.066172614208	0.75	0.75
649130.8034318349	1200	12.442288621770901	0.0	538612	6198.274800943789	0.75	1.2
649139.8780529571	1850	7.367667499562613	0.0	846370	9074.621122208287	0.75	1.2000000000000002
649144.7038586385	750	6.541861818219329	0.0	450283	4825.805681343284	0.75	0.75
649149.0090663226	750	6.23665413415184	0.0	398865	4305.207684067489	0.75	0.75
649152.8711563946	750	6.374564062102157	0.0	350812	3862.090072049683	0.75	0.75
649154.5813203339	300	8.664400122813982	0.0	155432	1710.163939288174	0.75	-0.15000000000000002
649158.453440658	300	8.792279798613453	0.0	163442	3872.1203242005276	0.75	0.3
649161.0340844988	300	10.21163595791963	0.0	126289	2580.643840693826	0.75	0.3
649164.1494731514	300	11.096247305232856	0.0	153295	3115.3886526867736	0.75	0.3
649167.6612074494	300	11.58451300728153	0.0	173849	3511.734297951326	0.75	0.3
649169.3756280452	300	13.870092411574609	0.0	150710	1714.4205957069207	0.75	0.3
649170.8784652965	300	16.367255160252128	0.0	139105	1502.8372513224826	0.75	0.3
649172.4327359395	300	18.81298451724229	0.0	141840	1554.2706430098403	0.75	0.3
649174.2289454173	300	21.016775039459837	0.0	156148	1796.2094777824482	0.75	0.3
649176.0756911247	300	23.17002933208211	0.0	160746	1846.7457073777277	0.75	0.3
649180.9302437481	750	22.315476708711998	0.0	434409	4854.5526233701075	0.75	0.3
649187.4983056149	750	19.74741484179497	0.0	337059	6568.061866917027	0.75	0.75
649193.9175220749	750	17.328198381824457	0.0	366214	6419.216459970512	0.75	0.75
649197.868214887	750	17.377505569798725	0.0	360831	3950.6928120257276	0.75	0.75
649202.2414587376	750	17.004261719167673	0.0	372963	4373.243850631054	0.75	0.75
649207.0486851172	750	16.197035339709164	0.0	405596	4807.22637945851	0.75	0.75
649211.0770562115	750	16.168664245290955	0.0	350713	4028.371094418209	0.75	0.75
649215.0857026408	750	16.160017816069995	0.0	386472	4008.6464292209594	0.75	0.75
649218.5675174545	750	16.678203002382375	0.0	399894	3481.814813687618	0.75	0.75
649221.8622822295	750	17.38343822748197	0.0	401853	3294.7647749004022	0.75	0.75
649224.678566015	750	18.567154441903398	0.0	343800	2816.2837855785788	0.75	0.75
649227.6230126214	750	19.622707835501167	0.0	359903	2944.4466064022317	0.75	0.75
649230.7250223752	750	20.52069808162046	0.0	379700	3102.009753880705	0.75	0.75
649234.1937880719	750	21.051932384972893	0.0	425781	3468.7656966475647	0.75	0.75
649238.5764270801	1200	20.669293376815098	0.0	487160	4382.639008157796	0.75	0.75
649249.3406037623	1200	13.905116694575922	0.0	622896	10764.176682239176	0.75	1.2

