9.00359199983513	750	4.0	9.00359199983513	450283	9003.591999835131	1	-37.96544559929106
12.18393813092255	300	4.819653868912581	0.0	155580	3180.346131087419	0.8732791279833778	-0.15000000000000002
15.05096158416521	300	5.952630415669921	0.0	139857	2867.0234532426607	0.8732791279833778	0.3
18.214532309099756	300	6.7890596907353755	0.0	155432	3163.5707249345455	0.8732791279833778	0.3
21.532607759009593	300	7.470984240825538	0.0	163442	3318.0754499098375	0.8732791279833778	0.3
24.06152039345535	300	8.942071606379779	0.0	126289	2528.9126344457595	0.8732791279833778	0.3
26.217064291599346	300	10.786527708235782	0.0	153295	2155.543898143996	0.8732791279833778	0.3
28.02166960203288	300	12.98192239780225	0.0	173849	1804.6053104335317	0.8732791279833778	0.3
29.596732940536047	300	15.40685905929908	0.0	150710	1575.0633385031697	0.8732791279833778	0.3
31.056673128330377	300	17.94691887150475	0.0	139105	1459.9401877943296	0.8732791279833778	0.3
32.543744881586896	300	20.45984711824823	0.0	141840	1487.0717532565166	0.8732791279833778	0.3
34.172753906738464	300	22.830838093096663	0.0	156148	1629.0090251515687	0.8732791279833778	0.3
38.08540745258173	750	22.9181845472534	0.0	386351	3912.6535458432627	0.8732791279833778	0.3
42.474802780136784	750	22.52878921969834	0.0	434409	4389.395327555062	0.8732791279833778	0.75
45.89847309937599	750	23.105118900459136	0.0	337059	3423.6703192391997	0.8732791279833778	0.75
49.611364914428734	750	23.392227085406386	0.0	366214	3712.8918150527493	0.8732791279833778	0.75
52.78865754604309	750	24.214934453792026	0.0	360831	3177.2926316143603	0.8732791279833778	0.75
55.55612578901617	750	25.447466210818945	0.0	372963	2767.4682429730815	0.8732791279833778	0.75
58.28115708736756	750	26.722434912467556	0.0	405596	2725.031298351386	0.8732791279833778	0.75
60.14352950581928	750	28.86006249401584	0.0	350713	1862.3724184517184	0.8732791279833778	0.75
62.016397924540364	750	30.987194075294752	0.0	386472	1872.8684187210847	0.6568770928835369	0.75
63.94579202094673	750	33.057799978888376	0.0	399894	1929.3940964063743	0.6568770928835369	0.75
67.14730420620322	1200	33.85628779363189	0.0	656471	3201.512185256483	0.6568770928835369	0.75
71.47352270436406	1850	33.53006929547105	0.0	874175	4326.218498160837	0.6568770928835369	1.2000000000000002
75.91535220315374	1850	33.088239796681364	0.0	897976	4441.829498789688	0.6568770928835369	1.85
83.18655948162909	2850	29.817032518206023	0.0	1480464	7271.2072784753445	0.6568770928835369	1.85
90.44289117889097	2850	26.560700820944128	0.0	1547572	7256.331697261898	0.6568770928835369	2.85
94.89518378084993	2850	26.108408218985165	0.0	1141971	4452.292601958962	0.6568770928835369	2.85
100.56839929381181	2850	24.4351927060233	0.0	1498470	5673.215512961866	0.6568770928835369	2.85
105.75682718654375	2850	23.246764813291364	0.0	1561263	5188.427892731935	0.6568770928835369	2.85
110.05330863397135	2850	22.95028336586376	0.0	1341201	4296.481447427602	0.6568770928835369	2.85
114.75747345766264	2850	22.246118542172464	0.0	1497683	4704.164823691294	0.6568770928835369	2.85
119.03061071562945	2850	21.972981284205662	0.0	1358081	4273.137257966804	0.6568770928835369	2.85
124.0114505165028	2850	20.992141483332297	0.0	1587293	4980.839800873367	0.6568770928835369	2.85
128.70014364829967	2850	20.303448351535426	0.0	1492672	4688.693131796871	0.6568770928835369	2.85
133.15134799998222	2850	19.852243999852885	0.0	1439896	4451.20435168254	0.6568770928835369	2.85
136.28561097385366	2850	20.717981025981427	0.0	1139291	3134.2629738714595	0.6568770928835369	2.85
140.3842222735129	2850	20.61936972632218	0.0	1499009	4098.6112996592465	0.6568770928835369	2.85
144.29107002480393	2850	20.712521975031173	0.0	1427478	3906.847751291007	0.6568770928835369	2.85
148.13038460101077	2850	20.873207398824317	0.0	1402287	3839.314576206857	0.6568770928835369	2.85
151.80137694054545	2850	21.202215059289625	0.0	1339500	3670.9923395346927	0.6568770928835369	2.85
155.9758293550128	2850	21.02776264482229	0.0	1527299	4174.452414467336	0.6568770928835369	2.85
159.65621001494546	2850	21.347381984889644	0.0	1343002	3680.38065993264	0.6568770928835369	2.85
163.99138178868674	2850	21.012210211148368	0.0	1587250	4335.171773741278	0.6568770928835369	2.85
167.99860843222797	2850	21.00498356760712	0.0	1464921	4007.2266435412484	0.6568770928835369	2.85
174.10114358468692	4300	18.9024484151482	0.0	2246506	6102.535152458921	0.6568770928835369	2.8499999999999996
179.43865662444432	4300	17.564935375390778	0.0	1961140	5337.513039757422	0.6568770928835369	4.3
185.33125849171032	4300	15.672333508124778	0.0	2155012	5892.601867265999	0.6568770928835369	4.3
186.64384313664468	750	18.35974886319041	0.0	450283	1312.584644934368	0.6568770928835369	0.75
190.64321337242717	2850	18.360378627407954	0.0	1431809	3999.370235782458	0.6568770928835369	0.75
194.28415154217035	2850	18.719440457664742	0.0	1300868	3640.9381697432095	0.6568770928835369	2.85
198.52570109342028	2850	18.477890906414828	0.0	1520281	4241.549551249916	0.6568770928835369	2.85
202.61948814460897	2850	18.384103855226126	0.0	1472558	4093.7870511887004	0.6568770928835369	2.85
205.95733310774787	2850	19.046258892087224	0.0	1224260	3337.844963138903	0.6568770928835369	2.85
209.7319745404149	2850	19.271617459420188	0.0	1388403	3774.6414326670338	0.6568770928835369	2.85
214.17285812102537	2850	18.830733878809713	0.0	1638769	4440.883580610473	0.6568770928835369	2.85
217.8400135019133	2850	19.1635784979218	0.0	1348011	3667.155380887913	0.6568770928835369	2.85
221.72472222695723	2850	19.27886977287786	0.0	1429765	3884.7087250439404	0.6568770928835369	2.85
225.409273040616	2850	19.5943189592191	0.0	1354548	3684.5508136587614	0.6568770928835369	2.85
229.53397327550724	2850	19.469618724327866	0.0	1519951	4124.700234891232	0.6568770928835369	2.85
233.40046429629095	2850	19.60312770354417	0.0	1422919	3866.4910207836942	0.6568770928835369	2.85
237.6805498930233	2850	19.323042106811823	0.0	1578343	4280.085596732349	0.6568770928835369	2.85
241.03751466409528	2850	19.96607733573984	0.0	1231445	3356.9647710719837	0.6568770928835369	2.85
245.00109299432737	2850	20.002499005507758	0.0	1471065	3963.5783302320838	0.6568770928835369	2.85
248.6248334893516	2850	20.378758510483504	0.0	1491626	3623.7404950242526	0.6568770928835369	2.85
252.15574271168254	2850	20.847849288152588	0.0	1358801	3530.9092223309176	0.6568770928835369	2.85
256.05877351734716	2850	20.944818482487964	0.0	1537156	3903.0308056646236	0.6568770928835369	2.85
275.0114262133508	2850	5.992165786484366	0.0	1336050	18952.6526960036	0.6568770928835369	2.85

