76193.5681106736	750	4.0	2.5491690061764642	450283	2549.1690061764643	1	-10.211426726558797
76194.76417104402	750	6.803939629577797	0.0	398865	1196.0603704222035	0.41483407614432216	0.75
76199.26616473788	750	6.301945935723097	0.0	350812	4501.9936938547	0.41483407614432216	0.75
76201.75430376793	750	7.813806905665062	0.0	382355	2488.139030058035	0.41483407614432216	0.75
76202.55615939421	750	11.011951279399309	0.0	411561	801.8556262657527	0.41483407614432216	0.75
76203.54876362585	1200	14.019347047753296	0.0	520315	992.6042316460139	0.41483407614432216	0.75
76204.61411450733	1200	16.953996166266798	0.0	561791	1065.3508814864954	0.41483407614432216	1.2
76206.72339217462	1850	18.84471849898559	0.0	1060487	2109.277667281213	0.41483407614432216	1.2000000000000002
76209.98421322386	1850	19.583897449741297	0.0	852833	3260.8210492442918	0.41483407614432216	1.85
76212.90102625922	4300	20.667084414389297	0.0	2169201	2916.8130353519996	0.41483407614432216	1.8499999999999996
76215.31464681789	4300	22.253463855712845	0.0	2173522	2413.6205586764527	0.41483407614432216	4.3
76223.39705247151	4300	18.171058202092652	0.0	2102452	8082.405653620194	0.41483407614432216	4.3
76228.40750364373	4300	17.16060702989141	0.0	2209463	5010.451172201242	0.41483407614432216	4.3
76236.43061765737	4300	13.137493016238968	0.0	2275376	8023.114013652441	0.41483407614432216	4.3
76242.25211925618	4300	11.315991417433965	0.0	2005399	5821.501598805004	0.41483407614432216	4.3
76248.78929339265	2850	8.778817280974279	0.0	1471065	6537.1741364596855	0.41483407614432216	1.4000000000000001
76256.0108366329	2850	5.557274040724783	0.0	1491626	7221.543240249496	0.41483407614432216	2.85
76261.67129932228	1850	4.0	0.1031886486614203	885714	5660.462689386203	0.41483407614432216	0.40628881075589285
76263.11250277265	1200	6.558796549623177	0.0	639204	1441.2034503768225	0.41483407614432216	0.5499999999999999
76264.08737175661	1200	9.583927565669143	0.0	586839	974.868983954034	0.41483407614432216	1.2
76268.90750695411	1200	8.763792368170012	0.0	601738	4820.135197499131	0.8883786415234902	1.2
76270.72348878902	1200	10.947810533259728	0.0	616206	1815.9818349102845	0.8883786415234902	1.2
76272.58512837636	1200	13.086170945914574	0.0	656471	1861.639587345152	0.8883786415234902	1.2
76275.48312314422	1200	14.188176178048346	0.0	536667	2897.9947678662284	0.8883786415234902	1.2
76276.3034866143	1200	17.367812707967452	0.0	587236	820.3634700808964	0.8883786415234902	1.2
76277.6778590737	1200	19.993440248568614	0.0	590335	1374.3724593988372	0.8883786415234902	1.2
76281.91658633773	1200	19.754712984543925	0.0	696376	4238.727264024687	0.8883786415234902	1.2
76284.05053296068	1850	21.620766361591922	0.0	758197	2133.9466229520053	0.8883786415234902	1.2000000000000002
76285.26579127931	1850	24.405508042967448	0.0	972798	1215.2583186244744	0.8883786415234902	1.85
76289.40831227959	2850	24.262987042693553	0.0	1561263	4142.521000273897	0.8883786415234902	1.85
76294.22787769572	2850	23.443421626554308	0.0	1341201	4819.565416139243	0.8883786415234902	2.85
76299.13182571136	2850	22.539473610925498	0.0	1497683	4903.948015628809	0.8883786415234902	2.85
76303.01629877381	2850	22.65500054847655	0.0	1358081	3884.4730624489507	0.8883786415234902	2.85
76305.47986172173	2850	24.19143760056627	0.0	1587293	2463.5629479102777	0.8883786415234902	2.85
76307.14818485854	2850	26.52311446373809	0.0	1492672	1668.323136828183	0.8883786415234902	2.85
76308.65276043098	2850	29.01853889130095	0.0	1439896	1504.575572437141	0.8883786415234902	2.85
76310.6024281374	4300	31.06887118488707	0.0	1919781	1949.6677064138769	0.8883786415234902	2.8499999999999996
76312.7380028047	4300	32.933296517562226	0.0	2147467	2135.574667324852	0.8883786415234902	4.3
76314.68120072158	4300	34.99009860070336	0.0	2133870	1943.197916858863	0.8883786415234902	4.3
76316.63509477947	4300	37.03620454280427	0.0	2146120	1953.8940578990957	0.8883786415234902	4.3
76320.46172983714	4300	37.209569485124725	0.0	2108491	3826.635057679547	0.8883786415234902	4.3
76325.79325168277	4300	35.87804763949517	0.0	2184571	5331.521845629551	0.8883786415234902	4.3
76331.32766897684	4300	34.34363034542844	0.0	2121928	5534.41729406673	0.8883786415234902	4.3
76335.98512393507	4300	33.68617538719652	0.0	2219102	4657.454958231916	0.8883786415234902	4.3
76341.5419664476	4300	32.129332874661735	0.0	2124950	5556.842512534785	0.8883786415234902	4.3
76354.8851656645	4300	22.78613365777853	0.0	2246506	13343.199216883198	0.8883786415234902	4.3
76358.38542141522	4300	23.285877907043698	0.0	1961140	3500.2557507348342	0.8883786415234902	4.3
76360.82936122258	4300	24.84193809969138	0.0	2155012	2443.9398073523193	0.8883786415234902	4.3
76362.8949983078	750	26.77630101446927	0.0	450283	2065.6370852221107	0.8883786415234902	0.75
76370.75341503363	2850	22.917884288662073	0.0	1431809	7858.416725807193	0.8883786415234902	0.75
76374.27137652869	2850	23.39992279359106	0.0	1300868	3517.961495071014	0.8883786415234902	2.85
76383.17912586551	2850	18.492173456767954	0.0	1520281	8907.749336823104	0.8883786415234902	2.85
76389.16404890429	1850	16.50725041800882	0.0	996749	5984.923038759139	0.8883786415234902	0.8500000000000001
76392.76741409063	1850	16.90388523165937	0.0	801058	3603.3651863494497	0.8883786415234902	1.85
76395.36250540386	1850	18.30879391843206	0.0	905515	2595.0913132273085	0.8883786415234902	1.85
76397.48992852303	1850	20.181370799255543	0.0	1060487	2127.4231191765193	0.8883786415234902	1.85
76399.16710011385	1850	22.50419920844328	0.0	852833	1677.1715908122646	0.8883786415234902	1.85
76403.49439733483	1850	22.176901987446936	0.0	913888	4327.297220996345	0.8883786415234902	1.85
76405.2171719499	1850	24.454127372362663	0.0	939819	1722.7746150842725	0.8883786415234902	1.85
76409.78530233401	2850	23.88599698826429	0.0	1519951	4568.130384098375	0.8883786415234902	1.85
76412.17000929386	2850	25.501290028421227	0.0	1422919	2384.7069598430594	0.8883786415234902	2.85
76414.84316493696	2850	26.828134385318265	0.0	1578343	2673.1556431029608	0.8883786415234902	2.85
76417.47908598109	2850	28.192213341199515	0.0	1231445	2635.9210441187483	0.8883786415234902	2.85
76424.41223251692	4300	25.25906680536342	0.0	2152483	6933.146535836096	0.8883786415234902	2.8499999999999996
76431.74888624964	4300	21.92241307263881	0.0	2289689	7336.653732724613	0.8883786415234902	4.3
76438.63317786246	4300	19.03812145982388	0.0	2059512	6884.291612814928	0.8883786415234902	4.3
76445.34541203467	2850	16.325887287613845	0.0	1537156	6712.234172210036	0.8883786415234902	1.4000000000000001
76449.45399695616	2850	16.217302366135613	0.0	1336050	4108.584921478232	0.8883786415234902	2.85
76459.07667669139	1850	10.594622630909248	0.0	891604	9622.679735226366	0.8883786415234902	0.8500000000000001
76462.56873053724	1200	11.102568785053892	0.0	616206	3492.0538458553547	0.8883786415234902	0.5499999999999999
76466.64056798427	1200	11.03073133801596	0.0	656471	4071.837447037933	0.8883786415234902	1.2
76470.03858287897	1200	11.632716443302836	0.0	536667	3398.0148947131233	0.8883786415234902	1.2
76474.14929368396	1200	11.522005638320223	0.0	587236	4110.710804982613	0.8883786415234902	1.2
76477.43039646476	750	12.240902857524322	0.0	379700	3281.1027807959	0.8883786415234902	0.3
76478.71509312399	750	14.956206198287612	0.0	425781	1284.6966592367123	0.8883786415234902	0.75
76479.57211434956	750	18.099184972713395	0.0	277716	857.0212255742177	0.8883786415234902	0.75
76481.37913260522	1200	20.292166717058674	0.0	622896	1807.018255654723	0.8883786415234902	0.75
76483.22536533083	1200	22.445933991438306	0.0	641447	1846.2327256203691	0.8883786415234902	1.2
76491.86210673698	1850	17.809192585282304	0.0	873429	8636.741406156003	0.8883786415234902	1.2000000000000002
76496.62868162135	1850	17.042617700911077	0.0	954453	4766.574884371228	0.8883786415234902	1.85
76501.84854023882	1850	15.822759083459776	0.0	885062	5219.8586174513	0.8883786415234902	1.85
76503.2736477887	1200	18.39765153358252	0.0	670129	1425.1075498772614	0.8883786415234902	0.5499999999999999
76504.74145850736	1200	20.92984081491826	0.0	690253	1467.8107186642565	0.8883786415234902	1.2
76506.01623910404	1200	23.65506021825203	0.0	598727	1274.7805966662331	0.8883786415234902	1.2
76507.0417700797	1200	26.629529242583114	0.0	487812	1025.530975668913	0.8883786415234902	1.2
76509.90918164473	2850	27.762117677546982	0.0	1499009	2867.4115650361314	0.8883786415234902	1.2000000000000002
76515.47421524778	4300	26.197084074508197	0.0	2133870	5565.033603038784	0.8883786415234902	2.8499999999999996
76522.67732524028	4300	22.99397408199932	0.0	2146120	7203.109992508878	0.8883786415234902	4.3
76529.30052637868	4300	20.370772943600727	0.0	2108491	6623.201138398592	0.8883786415234902	4.3
76534.68449031822	2850	18.98680900405982	0.0	1527299	5383.96393954091	0.8883786415234902	1.4000000000000001
76540.52307167448	2850	17.148227647799935	0.0	1343002	5838.581356259881	0.8883786415234902	2.85
76545.25556152702	2850	16.4157377952586	0.0	1587250	4732.489852541338	0.8883786415234902	2.85
76551.06625784606	2850	14.60504147623024	0.0	1464921	5810.69631902836	0.8883786415234902	2.85
76556.0856113123	2850	13.585688009986475	0.0	1483527	5019.353466243762	0.8883786415234902	2.85
76561.87015172797	2850	11.801147594315555	0.0	1231456	5784.540415670921	0.8883786415234902	2.85
76570.04295232092	2850	7.628347001372751	0.0	1364537	8172.8005929428045	0.8883786415234902	2.85
76573.23662822468	750	8.4346710976039	0.0	450283	3193.6759037688503	0.8883786415234902	0.75
76574.13198858858	750	11.53931073371971	0.0	398865	895.3603638841906	0.8883786415234902	0.75
76575.32036072653	1200	14.350938595753249	0.0	571051	1188.372137966461	0.8883786415234902	0.75
76576.21007334263	1200	17.461225979655598	0.0	617681	889.7126160976495	0.8883786415234902	1.2
76577.70477243232	1850	19.96652688996614	0.0	996749	1494.6990896894627	0.8883786415234902	1.2000000000000002
76579.33095282476	1850	22.340346497532806	0.0	801058	1626.1803924333317	0.8883786415234902	1.85
76583.46084817167	4300	22.210451150625605	0.0	2157535	4129.895346907201	0.8883786415234902	1.8499999999999996
76589.73358669439	4300	19.93771262790889	0.0	2290172	6272.738522716713	0.8883786415234902	4.3
76593.35495480658	4300	20.316344515712494	0.0	2055469	3621.368112196398	0.8883786415234902	4.3
76596.77020393031	4300	20.90109539197874	0.0	2169201	3415.2491237337563	0.8883786415234902	4.3
76603.82003152509	4300	17.85126779720003	0.0	2173522	7049.827594778706	0.8883786415234902	4.3
76609.28601342505	4300	16.385285897234247	0.0	2102452	5465.981899965783	0.8883786415234902	4.3
76613.01119342398	2850	16.6601058983009	0.0	1422919	3725.1799989333463	0.8883786415234902	1.4000000000000001
76629.11443487051	2850	4.556864451780689	0.0	1578343	16103.24144652021	0.8883786415234902	2.85
76632.13899336058	1200	5.532305961718958	0.0	526950	3024.5584900617323	0.8883786415234902	-0.44999999999999996
76634.04472817859	750	7.626571143703845	0.0	366214	1905.734818015113	0.8883786415234902	0.3
76635.8425219218	750	9.828777400494772	0.0	360831	1797.7937432090725	0.8883786415234902	0.75
76637.71150083267	750	11.95979848963665	0.0	372963	1868.9789108581217	0.8883786415234902	0.75
76641.64392693983	750	12.027372382464353	0.0	405596	3932.426107172297	0.8883786415234902	0.75
76643.22651403796	750	14.444785284325851	0.0	350713	1582.587098138501	0.8883786415234902	0.75
76644.87534886107	750	16.795950461218904	0.0	386472	1648.8348231069465	0.8883786415234902	0.75
76646.4793263209	750	19.19197300138951	0.0	399894	1603.9774598293939	0.8883786415234902	0.75
76648.06701935787	750	21.60427996442333	0.0	401853	1587.693036966179	0.8883786415234902	0.75
76651.57664735879	750	22.094651963505154	0.0	343800	3509.628000918175	0.8883786415234902	0.75
76654.29223385392	1200	23.37906546836796	0.0	587236	2715.5864951371987	0.8883786415234902	0.75
76657.90680836467	1200	23.764490957615916	0.0	590335	3614.57451075204	0.8883786415234902	1.2
76665.36350980504	1200	20.307789517252086	0.0	696376	7456.701440363827	0.8883786415234902	1.2
76666.8289249872	1200	22.842374335095524	0.0	487160	1465.4151821565656	0.8883786415234902	1.2
76668.62013455738	1200	25.051164764911015	0.0	622896	1791.2095701845108	0.8883786415234902	1.2
76672.95729196834	1200	24.714007353944194	0.0	641447	4337.157410966819	0.8883786415234902	1.2
76675.92629009004	1200	25.745009232251498	0.0	570392	2968.9981216926976	0.8883786415234902	1.2
76679.54337536803	1200	26.127923954267086	0.0	620283	3617.0852779844095	0.8883786415234902	1.2
76682.77318837545	1850	26.89811094685547	0.0	885062	3229.813007411618	0.8883786415234902	1.2000000000000002
76689.28058936624	1850	24.390709956062388	0.0	1035329	6507.400990793084	0.8883786415234902	1.85
76700.17856552394	1850	17.49273379836879	0.0	1026056	10897.976157693598	0.8883786415234902	1.85
76707.26915322496	1850	14.402146097346314	0.0	943942	7090.587701022476	0.8883786415234902	1.85
76712.22425562287	1200	13.447043699427951	0.0	487812	4955.102397918362	0.8883786415234902	0.5499999999999999
76713.41309631504	750	16.258203007260835	0.0	361565	1188.8406921671174	0.8883786415234902	0.3
76714.66503475077	750	19.0062645715346	0.0	378327	1251.9384357262336	0.8883786415234902	0.75
76715.96776777958	750	21.70353154272391	0.0	390680	1302.733028810694	0.8883786415234902	0.75
76717.10355939971	750	24.56773992259835	0.0	345516	1135.791620125556	0.8883786415234902	0.75
76719.10916204978	1200	26.562137272538145	0.0	641452	2005.6026500602038	0.8883786415234902	0.75
76724.8971370291	1850	24.77416229320463	0.0	886255	5787.974979333516	0.8883786415234902	1.2000000000000002
76729.3721129631	1850	24.29918635920014	0.0	973972	4474.97593400449	0.8883786415234902	1.85
76733.11396332755	1850	24.55733599475457	0.0	958994	3741.8503644455723	0.8883786415234902	1.85
76742.72077604344	2850	18.950523278853435	0.0	1483527	9606.812715901135	0.8883786415234902	1.85
76745.42554850908	2850	20.24575081322081	0.0	1231456	2704.7724656326227	0.8883786415234902	2.85
76748.1426700085	2850	21.528629313802377	0.0	1364537	2717.121499418435	0.8883786415234902	2.85
76749.02079435434	750	24.650504967963794	0.0	450283	878.1243458385806	0.8883786415234902	0.75
76750.79828618535	1850	26.873013136949922	0.0	957685	1777.491831013876	0.8883786415234902	0.75
76753.1821840945	2850	28.489115227804835	0.0	1300868	2383.897909145086	0.8883786415234902	1.85
76757.08894791621	4300	28.58235140609879	0.0	2160877	3906.7638217060435	0.8883786415234902	2.8499999999999996
76779.71641612111	4300	9.954883201192668	0.0	2233056	22627.468204906123	0.8883786415234902	4.3
76785.98847474335	2850	7.682824578948243	0.0	1224260	6272.058622244424	0.8883786415234902	1.4000000000000001
76788.37317901365	1200	9.298120308641618	0.0	561791	2384.704270306627	0.8883786415234902	-0.44999999999999996
76790.84082304976	1200	10.830476272538812	0.0	709534	2467.644036102806	0.8883786415234902	1.2
76800.3237491553	1200	5.347550166996049	0.0	584846	9482.926105542763	0.8883786415234902	1.2
76810.03147515647	750	4.0	4.360175834177919	362795	9707.726001173967	0.8883786415234902	-18.448756086965048
76810.53126713946	300	7.500208017005067	0.0	141840	499.79198299493237	0.8883786415234902	-0.15000000000000002
76811.07340531319	300	10.958069843283319	0.0	156148	542.1381737217478	0.8883786415234902	0.3
76811.62915180289	300	14.402323353587159	0.0	160746	555.7464896961603	0.8883786415234902	0.3
76812.3011288826	300	17.730346273864175	0.0	179801	671.9770797229838	0.8883786415234902	0.3
76814.25196018626	750	19.77951497020557	0.0	337059	1950.8313036586044	0.8883786415234902	0.3
76820.38774032568	1850	17.64373483078528	0.0	923170	6135.78013942029	0.8883786415234902	0.75
76827.05845350517	1850	14.973021651284116	0.0	966699	6670.713179501165	0.8883786415234902	1.85
76836.68598539653	1200	9.34548975992609	0.0	581493	9627.531891358025	0.8883786415234902	0.5499999999999999
76837.95242348708	750	12.079051669373843	0.0	405596	1266.4380905522482	0.8883786415234902	0.3
76838.99259053504	750	15.03888462141064	0.0	350713	1040.1670479632025	0.8883786415234902	0.75
76840.01515018176	750	18.016324974699785	0.0	386472	1022.5596467108543	0.8883786415234902	0.75
76847.52324850023	1200	14.508226656227308	0.0	616206	7508.09831847248	0.8883786415234902	0.75
76853.23573967065	1200	12.795735485800552	0.0	656471	5712.491170426753	0.8883786415234902	1.2
76854.20455106001	1200	15.826924096432188	0.0	536667	968.8113893683642	0.8883786415234902	1.2
76857.50716996503	1200	16.524305191423768	0.0	587236	3302.618905008425	0.8883786415234902	1.2
76861.69437402028	1200	16.337101136174944	0.0	590335	4187.204055248822	0.8883786415234902	1.2
76864.81316277075	1200	17.21831238569856	0.0	696376	3118.788750476386	0.8883786415234902	1.2
76867.02850139193	1200	19.002973764513126	0.0	487160	2215.3386211854317	0.8883786415234902	1.2
76869.85826646407	1200	20.173208692369805	0.0	622896	2829.7650721433206	0.8883786415234902	1.2
76875.51470889695	1200	18.516766259496265	0.0	641447	5656.44243287354	0.8883786415234902	1.2
76877.26730317518	1200	20.764171981258656	0.0	570392	1752.5942782376076	0.8883786415234902	1.2
76878.9513945005	1200	23.080080655935248	0.0	620283	1684.091325323405	0.8883786415234902	1.2
76880.51030374809	1200	25.521171408365465	0.0	584349	1558.9092475697844	0.8883786415234902	1.2
76883.09411946988	1850	26.93735568657686	0.0	1035329	2583.8157217886032	0.8883786415234902	1.2000000000000002
76887.14132961471	1850	26.890145541737198	0.0	1026056	4047.2101448396647	0.8883786415234902	1.85
76890.50344578768	2850	27.52802936878238	0.0	1439896	3362.1161729548185	0.8883786415234902	1.85
76896.80541743341	2850	25.22605772303311	0.0	1139291	6301.9716457492705	0.8883786415234902	2.85
76902.15069213482	2850	23.880783021628652	0.0	1499009	5345.274701404457	0.8883786415234902	2.85
76905.0450474061	2850	24.986427750329504	0.0	1427478	2894.355271299149	0.8883786415234902	2.85
76909.28161084479	2850	24.749864311640632	0.0	1402287	4236.563438688876	0.8883786415234902	2.85
76914.24585781393	2850	23.78561734249907	0.0	1339500	4964.24696914156	0.8883786415234902	2.85
76919.03602664456	2850	22.995448511882984	0.0	1527299	4790.168830616087	0.8883786415234902	2.85
76921.65176785573	2850	24.37970730071373	0.0	1343002	2615.741211169252	0.8883786415234902	2.85
76926.6734380978	2850	23.358037058643195	0.0	1587250	5021.670242070533	0.8883786415234902	2.85
76931.48434467286	2850	22.54713048358436	0.0	1464921	4810.906575058836	0.8883786415234902	2.85
76935.34273909763	2850	22.688736058822045	0.0	1483527	3858.39442476232	0.8883786415234902	2.85
76939.15196567037	4300	22.87950948607459	0.0	1961140	3809.226572747456	0.8883786415234902	2.8499999999999996
76943.75160542219	4300	22.2798697342491	0.0	2155012	4599.639751825487	0.8883786415234902	4.3
76944.65925864904	750	25.372216507391684	0.0	450283	907.6532268574146	0.8883786415234902	0.75
76947.73783416527	2850	26.293640991189793	0.0	1431809	3078.5755162018904	0.8883786415234902	0.75
76950.88577751104	2850	27.14569764541242	0.0	1300868	3147.9433457773735	0.8883786415234902	2.85
76955.06476352872	4300	26.96671162771816	0.0	2160877	4178.986017694261	0.8883786415234902	2.8499999999999996
76961.59833208336	4300	24.433143073085155	0.0	2233056	6533.568554633006	0.8883786415234902	4.3
76966.47380595075	4300	23.557669205692424	0.0	1941625	4875.4738673927295	0.8883786415234902	4.3
76970.57173307093	4300	23.45974208551733	0.0	2157535	4097.927120175093	0.8883786415234902	4.3
76979.81793157879	4300	18.213543577653798	0.0	2290172	9246.198507863532	0.8883786415234902	4.3
76983.88222264926	2850	18.149252507171937	0.0	1348011	4064.291070481863	0.8883786415234902	1.4000000000000001
76987.2705063552	2850	18.76096880124171	0.0	1429765	3388.2837059302256	0.8883786415234902	2.85
76989.8787819788	2850	20.152693177635324	0.0	1354548	2608.275623606389	0.8883786415234902	2.85
76992.79578374056	2850	21.235691415884425	0.0	1519951	2917.001761750897	0.8883786415234902	2.85
77001.89344620313	2850	16.138028953304705	0.0	1422919	9097.662462579721	0.8883786415234902	2.85
77010.40411784609	2850	11.627357310349948	0.0	1578343	8510.671642954758	0.8883786415234902	2.85
77012.6647453737	1850	13.366729782737208	0.0	821631	2260.6275276127394	0.8883786415234902	0.8500000000000001
77017.14531527704	1850	12.886159879388128	0.0	923170	4480.56990334908	0.8883786415234902	1.85
77020.2028871908	1850	13.828587965626728	0.0	966699	3057.571913761399	0.8883786415234902	1.85
77022.53860477457	1850	15.492870381865771	0.0	885714	2335.717583760957	0.8883786415234902	1.85
77024.67267463673	1850	17.35880051968789	0.0	987708	2134.0698621778783	0.8883786415234902	1.85
77026.43092325685	1850	19.60055189958288	0.0	923755	1758.2486201050122	0.8883786415234902	1.85
77030.5348255072	1850	19.496649649220863	0.0	891604	4103.902250362014	0.8883786415234902	1.85
77032.29116719833	1850	21.74030795810339	0.0	955231	1756.3416911174763	0.8883786415234902	1.85
77040.08468911177	2850	17.946786044662556	0.0	1505760	7793.521913440831	0.8883786415234902	1.85
77041.8209762443	2850	20.210498912132913	0.0	1323990	1736.2871325296462	0.8883786415234902	2.85
77043.91273573296	2850	22.11873942347647	0.0	1383735	2091.759488656443	0.8883786415234902	2.85
77046.14512582183	2850	23.886349334612433	0.0	1480464	2232.3900888640333	0.8883786415234902	2.85
77050.55409668743	2850	23.477378469019524	0.0	1547572	4408.970865592909	0.8883786415234902	2.85
77052.63127723054	2850	25.400197925889895	0.0	1141971	2077.180543129629	0.8883786415234902	2.85
77060.41105375228	4300	21.620421404166947	0.0	2134614	7779.776521722947	0.8883786415234902	2.8499999999999996
77069.45606231583	4300	16.575412840598393	0.0	2164140	9045.008563568555	0.8883786415234902	4.3
77079.274704538	4300	10.756770618445625	0.0	2113193	9818.642222152768	0.8883786415234902	4.3
77086.42553447743	2850	7.605940678999879	0.0	1497683	7150.829939445746	0.8883786415234902	1.4000000000000001
77088.91686305428	1200	9.114612102134007	0.0	584349	2491.3285768658707	0.8883786415234902	-0.44999999999999996
77092.77547820326	1200	9.25599695317589	0.0	670129	3858.615148958116	0.8883786415234902	1.2
77094.19840987648	1200	11.833065279943508	0.0	690253	1422.9316732323823	0.8883786415234902	1.2
77095.32061400924	1200	14.71086114719733	0.0	598727	1122.2041327461793	0.8883786415234902	1.2
77096.2335450465	1200	17.797930109917157	0.0	487812	912.9310372801733	0.8883786415234902	1.2
77097.75798901857	1850	20.273486137846668	0.0	938587	1524.4439720704902	0.8883786415234902	1.2000000000000002
77100.03481466432	2850	21.996660492101267	0.0	1427478	2276.8256457454017	0.8883786415234902	1.85
77113.02188401959	4300	13.009591136834496	0.0	2146120	12987.069355266769	0.8883786415234902	2.8499999999999996
77117.6509193951	2850	12.380555761318796	0.0	1339500	4629.0353755157	0.8883786415234902	1.4000000000000001
77122.20147967056	2850	11.82999548584775	0.0	1527299	4550.560275471044	0.8883786415234902	2.85
77127.63378694505	1850	10.397688211372746	0.0	886255	5432.307274475004	0.8883786415234902	0.8500000000000001
77130.80153389272	1850	11.22994126369332	0.0	973972	3167.746947679427	0.8883786415234902	1.85
77133.06437412168	1850	12.967101034731826	0.0	958994	2262.8402289614933	0.8883786415234902	1.85
77136.9682638366	1850	13.063211319805987	0.0	982064	3903.8897149258396	0.8883786415234902	1.85
77138.78170152947	2850	15.249773626932818	0.0	1231456	1813.4376928731683	0.8883786415234902	1.85
77140.78246838524	2850	17.24900677117827	0.0	1364537	2000.7668557545494	0.8883786415234902	2.85
77145.34960669387	750	16.681868462542766	0.0	450283	4567.138308635501	0.8883786415234902	0.75
77146.67884795748	1200	19.35262719893063	0.0	611087	1329.241263612137	0.8883786415234902	0.75
77151.28094087259	1850	18.750534283813607	0.0	877771	4602.092915117025	0.8883786415234902	1.2000000000000002
77152.37558405158	1850	21.655891104825315	0.0	933276	1094.6431789882902	0.8883786415234902	1.85
77153.65248320482	1850	24.378991951599165	0.0	996749	1276.8991532261482	0.8883786415234902	1.85
77155.23849554961	1850	26.792979606811137	0.0	801058	1586.0123447880294	0.8883786415234902	1.85
77156.33658005288	1850	29.694895103531948	0.0	905515	1098.0845032791858	0.8883786415234902	1.85
77162.38831036114	4300	27.643164795271275	0.0	2290172	6051.730308260672	0.8883786415234902	1.8499999999999996
77166.13753642571	4300	27.893938730701144	0.0	2055469	3749.2260645701285	0.8883786415234902	4.3
77170.37797368609	4300	27.65350147032401	0.0	2169201	4240.437260377136	0.8883786415234902	4.3
77178.78000291382	4300	23.251472242583564	0.0	2173522	8402.029227740446	0.8883786415234902	4.3
77185.07813470889	4300	20.953340447498896	0.0	2102452	6298.131795084669	0.8883786415234902	4.3
77194.56625928408	2850	15.465215872314172	0.0	1422919	9488.124575184725	0.8883786415234902	1.4000000000000001
77195.82979770644	1850	18.20167744994656	0.0	1036454	1263.5384223676137	0.8883786415234902	0.8500000000000001
77198.1323016777	1850	19.89917347868237	0.0	821631	2302.5039712641833	0.8883786415234902	1.85
77199.57667096377	1850	22.45480419261911	0.0	923170	1444.3692860632616	0.8883786415234902	1.85
77201.0510000684	1850	24.98047508798825	0.0	966699	1474.329104630863	0.8883786415234902	1.85
77203.09088187412	2850	26.94059328227466	0.0	1358801	2039.8818057135893	0.8883786415234902	1.85
77206.62062527324	4300	27.410849883150547	0.0	2220726	3529.7433991241137	0.8883786415234902	2.8499999999999996
77209.06612324325	4300	28.965351913156216	0.0	2156729	2445.4979699943287	0.8883786415234902	4.3
77218.25350553224	4300	23.7779696241574	0.0	2039773	9187.382288998817	0.8883786415234902	4.3
77222.84525234415	4300	23.186222812247955	0.0	2176469	4591.746811909445	0.8883786415234902	4.3
77230.14866401836	4300	19.882811138028853	0.0	2221506	7303.411674219098	0.8883786415234902	4.3
77233.57806933418	2850	20.453405822208072	0.0	1323990	3429.405315820781	0.8883786415234902	1.4000000000000001
77239.51565936374	2850	18.51581579265092	0.0	1383735	5937.590029557153	0.8883786415234902	2.85
77250.92680358865	2850	11.104671567734433	0.0	1480464	11411.144224916487	0.8883786415234902	2.85
77254.51580660432	2850	11.515668552055711	0.0	1547572	3589.003015678721	0.8883786415234902	2.85
77256.18203843728	1850	13.84943671910899	0.0	758197	1666.2318329467212	0.8883786415234902	0.8500000000000001
77258.27216199141	1850	15.759313164987617	0.0	972798	2090.123554121372	0.8883786415234902	1.85
77261.89158710415	1850	16.13988805223045	0.0	975811	3619.425112757167	0.8883786415234902	1.85
77266.5321333648	1850	15.499341791587216	0.0	873429	4640.546260643235	0.8883786415234902	1.85
77270.8982496958	1850	15.133225460579188	0.0	954453	4366.116331008028	0.8883786415234902	1.85
77272.87966282072	1850	17.151812335653325	0.0	885062	1981.4131249258628	0.8883786415234902	1.85
77275.69145233887	1850	18.340022817511883	0.0	1035329	2811.7895181414438	0.8883786415234902	1.85
77277.66552074172	1850	20.365954414675244	0.0	1026056	1974.0684028366381	0.8883786415234902	1.85
77282.4079087996	1850	19.623566356790104	0.0	943942	4742.388057885141	0.8883786415234902	1.85
77283.85103253616	1850	22.180442620227357	0.0	728962	1443.1237365627462	0.8883786415234902	1.85
77289.40609991152	2850	20.625375244881507	0.0	1499009	5555.0673753458495	0.8883786415234902	1.85
77293.29090241509	2850	20.740572741303435	0.0	1427478	3884.802503578069	0.8883786415234902	2.85
77295.47371243166	2850	22.5577627247262	0.0	1402287	2182.810016577237	0.8883786415234902	2.85
77299.09984458533	2850	22.931630571058488	0.0	1339500	3626.13215366771	0.8883786415234902	2.85
77300.85010388093	2850	25.1813712754603	0.0	1527299	1750.2592955981881	0.8883786415234902	2.85
77310.1754084192	4300	19.856066737179642	0.0	2121928	9325.30453828066	0.8883786415234902	2.8499999999999996
77321.93039492329	4300	12.101080233101994	0.0	2219102	11754.986504077646	0.8883786415234902	4.3
77327.63921742572	2850	10.39225773067313	0.0	1464921	5708.822502428866	0.8883786415234902	1.4000000000000001
77331.68488905736	2850	10.34658609903562	0.0	1483527	4045.6716316375073	0.8883786415234902	2.85
77337.12702144994	2850	8.9044537064498	0.0	1231456	5442.132392585822	0.8883786415234902	2.85
77344.17787807962	2850	5.853597076771012	0.0	1364537	7050.856629678788	0.8883786415234902	2.85
77347.50239412315	750	6.529081033241184	0.0	450283	3324.516043529828	0.8883786415234902	0.75
77348.5008648762	750	9.530610280194441	0.0	398865	998.470753046742	0.8883786415234902	0.75
77349.37090095319	750	12.660574203194908	0.0	350812	870.0360769995323	0.8883786415234902	0.75
77350.13251802375	750	15.898957132631919	0.0	382355	761.6170705629899	0.8883786415234902	0.75
77351.3763842301	1200	18.655090926287702	0.0	652874	1243.8662063442127	0.8883786415234902	0.75
77354.69606490877	1850	19.33541024761273	0.0	801058	3319.6806786749744	0.8883786415234902	1.2000000000000002
77358.81802553778	1850	19.2134496186127	0.0	905515	4121.960629000032	0.8883786415234902	1.85
77364.8510478195	1850	17.180427336893555	0.0	1060487	6033.022281719144	0.8883786415234902	1.85
77366.20319774451	1850	19.828277411866505	0.0	852833	1352.1499250270513	0.8883786415234902	1.85
77367.60471493131	1850	22.426760225071405	0.0	913888	1401.5171867950987	0.8883786415234902	1.85
77368.93805250029	1850	25.093422656087125	0.0	939819	1333.3375689842785	0.8883786415234902	1.85
77371.46205477034	2850	26.569420386039916	0.0	1519951	2524.0022700472114	0.8883786415234902	1.85
77375.19854002896	2850	26.832935127420832	0.0	1422919	3736.4852586190846	0.8883786415234902	2.85
77380.03206337387	4300	25.99941178249867	0.0	2275376	4833.523344922161	0.8883786415234902	2.8499999999999996
77382.48544297852	4300	27.54603217785633	0.0	2005399	2453.3796046423367	0.8883786415234902	4.3
77388.01267405708	4300	26.018801099287522	0.0	2152483	5527.2310785688105	0.8883786415234902	4.3
77398.94208596127	4300	19.089389195095222	0.0	2289689	10929.411904192297	0.8883786415234902	4.3
77401.09777310616	4300	20.933702050201024	0.0	2059512	2155.6871448942	0.8883786415234902	4.3
77403.37343483164	4300	22.658040324724713	0.0	2220726	2275.6617254763128	0.8883786415234902	4.3
77405.86867477185	4300	24.162800384516277	0.0	2156729	2495.2399402084347	0.8883786415234902	4.3
77408.59168154151	4300	25.439793614839648	0.0	2039773	2723.0067696766314	0.8883786415234902	4.3
77411.49181020337	4300	26.539664952978093	0.0	2176469	2900.1286618615554	0.8883786415234902	4.3
77414.45029491559	4300	27.581180240768813	0.0	2221506	2958.4847122092783	0.8883786415234902	4.3
77417.1788759404	4300	28.852599215955383	0.0	2044075	2728.581024813429	0.8883786415234902	4.3
77420.09237789079	4300	29.939097265561315	0.0	2186790	2913.5019503940694	0.8883786415234902	4.3
77429.93506234526	4300	24.096412811090058	0.0	2105231	9842.684454471257	0.8883786415234902	4.3
77436.22298702893	4300	21.808488127431314	0.0	2395588	6287.924683658742	0.8883786415234902	4.3
77440.51742798998	4300	21.51404716638098	0.0	1972048	4294.440961050334	0.8883786415234902	4.3
77444.24759400506	4300	21.78388115129617	0.0	2134614	3730.1660150848074	0.8883786415234902	4.3
77446.592334342	2850	23.439140814360204	0.0	1561263	2344.7403369359677	0.8883786415234902	1.4000000000000001
77451.2026196228	2850	22.828855533562162	0.0	1341201	4610.28528079804	0.8883786415234902	2.85
77455.95499309662	2850	22.07648205974303	0.0	1497683	4752.373473819134	0.8883786415234902	2.85
77457.45054550677	2850	24.58092964958502	0.0	1358081	1495.5524101580102	0.8883786415234902	2.85
77462.75486938797	2850	23.276605768386972	0.0	1587293	5304.323881198048	0.8883786415234902	2.85
77466.17244739468	2850	23.85902776166549	0.0	1492672	3417.5780067214823	0.8883786415234902	2.85
77471.64206800186	2850	22.38940715449046	0.0	1439896	5469.620607175032	0.8883786415234902	2.85
77474.28547611862	2850	23.745999037728996	0.0	1139291	2643.408116761461	0.8883786415234902	2.85
77477.45309120994	2850	24.578383946407037	0.0	1499009	3167.6150913219617	0.8883786415234902	2.85
77480.02196709473	2850	26.00950806164282	0.0	1427478	2568.8758847642152	0.8883786415234902	2.85
77482.20330364302	2850	27.82817151334981	0.0	1402287	2181.336548293009	0.8883786415234902	2.85
77488.42583236493	2850	25.60564279143959	0.0	1339500	6222.52872191022	0.8883786415234902	2.85
77493.01082644121	2850	25.020648715161883	0.0	1527299	4584.994076277708	0.8883786415234902	2.85
77503.80770686943	2850	18.22376828694835	0.0	1343002	10796.880428213532	0.8883786415234902	2.85
77513.3713629384	2850	12.660112217970077	0.0	1587250	9563.656068978273	0.8883786415234902	2.85
77516.2204964982	1850	13.810978658174193	0.0	958994	2849.1335597958832	0.8883786415234902	0.8500000000000001
77519.51555702249	1850	14.515918133884723	0.0	982064	3295.0605242894712	0.8883786415234902	1.85
77521.3876111966	1850	16.643863959777292	0.0	830730	1872.0541741074287	0.8883786415234902	1.85
77526.3505067054	2850	15.680968450967812	0.0	1364537	4962.895508809482	0.8883786415234902	1.85
77527.40466290693	750	18.62681224943692	0.0	450283	1054.1562015308928	0.8883786415234902	0.75
77528.81480446385	1200	21.216670692515116	0.0	611087	1410.141556921804	0.8883786415234902	0.75
77530.83927809939	1850	23.192197056982685	0.0	877771	2024.4736355324321	0.8883786415234902	1.2000000000000002
77532.99225469938	1850	25.039220456990787	0.0	933276	2152.9765999918955	0.8883786415234902	1.85
77537.67342718811	1850	24.35804796825547	0.0	996749	4681.172488735319	0.8883786415234902	1.85
77539.58328953161	2850	26.448185624756793	0.0	1224260	1909.8623434986769	0.8883786415234902	1.85
77544.7470939674	2850	25.284381188981627	0.0	1388403	5163.804435775164	0.8883786415234902	2.85
77550.31769054147	2850	23.713784614901382	0.0	1638769	5570.596574080245	0.8883786415234902	2.85
77551.98388098089	2850	26.047594175501406	0.0	1348011	1666.1904393999775	0.8883786415234902	2.85
77553.78013185532	2850	28.251343301058025	0.0	1429765	1796.250874443379	0.8883786415234902	2.85
77555.48609429634	2850	30.54538086004462	0.0	1354548	1705.9624410134043	0.8883786415234902	2.85
77558.08982028172	4300	31.94165487467274	0.0	2102452	2603.7259853718833	0.8883786415234902	2.8499999999999996
77560.87879518355	4300	33.1526799728362	0.0	2209463	2788.974901836547	0.8883786415234902	4.3
77563.94149137488	4300	34.08998378150471	0.0	2275376	3062.6961913314794	0.8883786415234902	4.3
77567.88788783053	4300	34.143587325860175	0.0	2005399	3946.3964556445444	0.8883786415234902	4.3
77573.87844511899	4300	32.15303003740502	0.0	2152483	5990.557288455155	0.8883786415234902	4.3
77581.17489066535	4300	28.85658449103126	0.0	2289689	7296.445546373758	0.8883786415234902	4.3
77584.64012884449	4300	29.39134631189277	0.0	2059512	3465.238179138487	0.8883786415234902	4.3
77592.10905004771	4300	25.922425108671398	0.0	2220726	7468.921203221372	0.8883786415234902	4.3
77596.49542647689	4300	25.536048679482622	0.0	2156729	4386.3764291887765	0.8883786415234902	4.3
77602.77210726292	4300	23.2593678934533	0.0	2039773	6276.68078602932	0.8883786415234902	4.3
77605.31942492024	2850	24.712050236146638	0.0	1468126	2547.317657306664	0.8883786415234902	1.4000000000000001
77612.24828627241	4300	21.78318888397411	0.0	2221506	6928.86135217253	0.8883786415234902	2.8499999999999996
77615.98992983042	2850	22.04154532595849	0.0	1323990	3741.643558015616	0.8883786415234902	1.4000000000000001
77621.61356291876	2850	20.417912237602664	0.0	1383735	5623.633088355824	0.8883786415234902	2.85
77625.25427731665	2850	20.777197839724685	0.0	1480464	3640.714397877979	0.8883786415234902	2.85
77627.11925485452	2850	22.912220301857747	0.0	1547572	1864.9775378669403	0.8883786415234902	2.85
77631.67326257568	2850	22.358212580688022	0.0	1141971	4554.007721169724	0.8883786415234902	2.85
77637.80441454102	2850	20.227060615356915	0.0	1498470	6131.1519653311025	0.8883786415234902	2.85
77641.80216594905	2850	20.229309207328686	0.0	1561263	3997.7514080282313	0.8883786415234902	2.85
77645.0997782127	2850	20.931696943681697	0.0	1341201	3297.612263646987	0.8883786415234902	2.85
77653.86136201188	2850	16.170113144500867	0.0	1497683	8761.583799180831	0.8883786415234902	2.85
77657.35996531218	1850	16.6715098442022	0.0	885062	3498.603300298667	0.8883786415234902	0.8500000000000001
77663.75532883227	1850	14.276146324119013	0.0	1035329	6395.363520083184	0.8883786415234902	1.85
77677.3413468416	1850	4.690128314788437	0.0	1026056	13586.018009330577	0.8883786415234902	1.85
77678.27685615308	750	7.754619003311571	0.0	365161	935.5093114768653	0.8883786415234902	-0.3500000000000001
77679.06429684651	750	10.967178309893479	0.0	321064	787.4406934180919	0.8883786415234902	0.75
77679.94097848728	750	14.090496669112476	0.0	361565	876.6816407810044	0.8883786415234902	0.75
77680.79947859871	750	17.231996557677483	0.0	378327	858.5001114349909	0.8883786415234902	0.75
77681.65846185264	750	20.373013303746266	0.0	390680	858.9832539312212	0.8883786415234902	0.75
77686.32609960772	2850	19.705375548661944	0.0	1339500	4667.63775508432	0.8883786415234902	0.75
77696.56405927194	2850	13.467415884435507	0.0	1527299	10237.959664226439	0.8883786415234902	2.85
77697.98875939817	1850	16.042715758221224	0.0	886255	1424.7001262142835	0.8883786415234902	0.8500000000000001
77701.1474435159	1850	16.88403164048998	0.0	973972	3158.6841177312426	0.8883786415234902	1.85
77702.62807797514	1850	19.403397181241775	0.0	958994	1480.6344592482014	0.8883786415234902	1.85
77706.00374197247	2850	20.027733183917057	0.0	1483527	3375.6639973247193	0.8883786415234902	1.85
77710.55437263664	4300	19.477102519732043	0.0	1961140	4550.630664185017	0.8883786415234902	2.8499999999999996
77714.8928421373	4300	19.13863301908809	0.0	2155012	4338.469500643952	0.8883786415234902	4.3
77715.46847710953	750	22.562998046837865	0.0	450283	575.634972250225	0.8883786415234902	0.75
77717.8853747103	4300	24.146100446083622	0.0	2123065	2416.8976007542456	0.8883786415234902	0.75
77720.40530167824	4300	25.626173478133264	0.0	2177073	2519.92696795036	0.8883786415234902	4.3
77733.50279505245	4300	16.528680103922177	0.0	2160877	13097.493374211088	0.8883786415234902	4.3
77738.02054107386	2850	16.010934082524418	0.0	1472558	4517.746021397756	0.8883786415234902	1.4000000000000001
77741.59851971106	2850	16.4329554453276	0.0	1224260	3577.978637196818	0.8883786415234902	2.85
77748.52326608433	2850	13.508209072055273	0.0	1388403	6924.746373272326	0.8883786415234902	2.85
77752.11561181232	1850	13.915863344061139	0.0	1060487	3592.345727994134	0.8883786415234902	0.8500000000000001
77754.23763609615	1850	15.793839060235255	0.0	852833	2122.024283825884	0.8883786415234902	1.85
77758.11552669769	1850	15.91594845870489	0.0	913888	3877.8906015303655	0.8883786415234902	1.85
77760.38405509136	1850	17.647420065016675	0.0	939819	2268.528393688215	0.8883786415234902	1.85
77763.43582881373	1850	18.595646342653133	0.0	917428	3051.773722363543	0.8883786415234902	1.85
77769.44904944945	1850	16.58242570692289	0.0	946851	6013.220635730241	0.8883786415234902	1.85
77771.5467177076	1850	18.484757448784144	0.0	1036454	2097.668258138747	0.8883786415234902	1.85
77776.6894443654	1850	17.34203079099273	0.0	821631	5142.726657791418	0.8883786415234902	1.85
77778.77953816412	1850	19.251936992269126	0.0	923170	2090.093798723601	0.8883786415234902	1.85
77782.80029839293	1850	19.231176763456165	0.0	966699	4020.7602288129606	0.8883786415234902	1.85
77784.2360603125	1850	21.79541484389249	0.0	885714	1435.7619195636773	0.8883786415234902	1.85
77785.81572756387	1850	24.215747592517783	0.0	987708	1579.6672513747071	0.8883786415234902	1.85
77789.61982337828	1850	24.411651778110162	0.0	923755	3804.0958144076208	0.8883786415234902	1.85
77797.65268729895	2850	20.37878785743624	0.0	1415116	8032.863920673919	0.8883786415234902	1.85
77805.54168793211	2850	16.48978722426817	0.0	1468126	7889.00063316807	0.8883786415234902	2.85
77808.00701007934	1850	18.024465077045377	0.0	968026	2465.3221472227924	0.8883786415234902	0.8500000000000001
77809.16341400213	1850	20.868061154249244	0.0	874175	1156.4039227961316	0.8883786415234902	1.85
77810.34912497416	1850	23.682350182216435	0.0	897976	1185.7109720328071	0.8883786415234902	1.85
77811.54463615647	1850	26.48683899990361	0.0	905935	1195.5111823128248	0.8883786415234902	1.85
77812.9502922172	1850	29.081182939185343	0.0	1076599	1405.6560607182687	0.8883786415234902	1.85
77815.45854766163	4300	30.57292749474657	0.0	1972048	2508.2554444387747	0.8883786415234902	1.8499999999999996
77823.2736657182	4300	26.757809438178626	0.0	2134614	7815.1180565679415	0.8883786415234902	4.3
77826.80751569114	4300	27.223959465237723	0.0	2164140	3533.8499729409027	0.8883786415234902	4.3
77829.39544694767	4300	28.63602820869483	0.0	2113193	2587.9312565428904	0.8883786415234902	4.3
77833.87486907373	4300	28.156606082637804	0.0	2147852	4479.422126057027	0.8883786415234902	4.3
77843.11120932529	4300	22.920265831083277	0.0	2191074	9236.340251554528	0.8883786415234902	4.3
77852.71897319454	4300	17.31250196182442	0.0	2286761	9607.763869258857	0.8883786415234902	4.3
77860.99030150978	4300	13.041173646580523	0.0	2307787	8271.328315243896	0.8883786415234902	4.3
77867.54459019461	2850	10.486884961747608	0.0	1439896	6554.288684832914	0.8883786415234902	1.4000000000000001
77871.15928808514	1850	10.872187071228755	0.0	728962	3614.697890518854	0.8883786415234902	0.8500000000000001
77875.81000288231	1850	10.221472274040927	0.0	938587	4650.714797187828	0.8883786415234902	1.85
77880.29474210345	1200	9.736733052914518	0.0	605884	4484.739221126408	0.8883786415234902	0.5499999999999999
77881.62949695243	1200	12.401978203924843	0.0	587506	1334.7548489896772	0.8883786415234902	1.2
77884.62194153313	1200	13.409533623227194	0.0	566904	2992.444580697648	0.8883786415234902	1.2
77888.44754862801	1200	13.583926528347158	0.0	641452	3825.607094880036	0.8883786415234902	1.2
77893.05918346677	1200	12.97229168959289	0.0	599477	4611.634838754268	0.8883786415234902	1.2
77896.55529230891	1200	13.47618284745712	0.0	634861	3496.10884213577	0.8883786415234902	1.2
77899.66658469039	1200	14.364890465983512	0.0	630203	3111.292381473608	0.8883786415234902	1.2
77902.80921592496	1200	15.222259231405387	0.0	638661	3142.631234578125	0.8883786415234902	1.2
77910.45891383274	1850	11.572561323626916	0.0	830730	7649.697907778471	0.8883786415234902	1.2000000000000002
77917.81056899232	2850	8.220906164032545	0.0	1364537	7351.655159594372	0.8883786415234902	1.85
77919.29060316543	750	10.74087199093858	0.0	450283	1480.0341730939665	0.8883786415234902	0.75
77920.55638742224	750	13.475087734129843	0.0	398865	1265.784256808736	0.8883786415234902	0.75
77921.62493641014	750	16.406538746237747	0.0	350812	1068.548987892097	0.8883786415234902	0.75
77922.66318225798	750	19.368292898398074	0.0	382355	1038.245847839673	0.8883786415234902	0.75
77926.31225487178	1200	19.71922028459197	0.0	652874	3649.072613806104	0.8883786415234902	0.75
77927.49770479338	1200	22.53377036299223	0.0	520315	1185.4499215997437	0.8883786415234902	1.2
77928.78728412777	1200	25.244191028596795	0.0	561791	1289.5793343954358	0.8883786415234902	1.2
77931.19163799567	1850	26.8398371607151	0.0	1060487	2404.353867881695	0.8883786415234902	1.2000000000000002
77934.1262317854	2850	27.90524337097147	0.0	1348011	2934.593789743631	0.8883786415234902	1.85
77937.01017200624	2850	29.021303150142206	0.0	1429765	2883.940220829263	0.8883786415234902	2.85
77941.26705586647	4300	28.764419289915207	0.0	2173522	4256.883860226998	0.8883786415234902	2.8499999999999996
77945.38736363685	4300	28.64411151953056	0.0	2102452	4120.307770384645	0.8883786415234902	4.3
77949.51552429463	4300	28.515950861754458	0.0	2209463	4128.160657776101	0.8883786415234902	4.3
77954.43937161818	4300	27.59210353820505	0.0	2275376	4923.847323549414	0.8883786415234902	4.3
77957.0830106292	4300	28.948464527188825	0.0	2005399	2643.639011016221	0.8883786415234902	4.3
77962.42374934848	4300	27.607725807908196	0.0	2152483	5340.738719280629	0.8883786415234902	4.3
77966.33290288327	4300	27.69857227312518	0.0	2289689	3909.153534783016	0.8883786415234902	4.3
77971.918722673	4300	26.112752483387716	0.0	2059512	5585.819789737464	0.8883786415234902	4.3

