226782.75312425225	750	4.0	7.222440739691807	450283	7222.440739691807	0.7	-30.30649518067477
226785.27741080313	300	5.475713449114088	0.0	155580	2524.2865508859127	0.7	-0.15000000000000002
226787.55467641662	300	7.198447835621023	0.0	139857	2277.265613493065	0.7	0.3
226790.07663776883	300	8.676486483408018	0.0	155432	2521.961352213004	0.7	0.3
226792.7244426438	300	10.02868160842476	0.0	163442	2647.8048749832583	0.7	0.3
226794.7885440979	300	11.964580154350774	0.0	126289	2064.101454073988	0.7	0.3
226797.2769314666	300	13.476192785678348	0.0	153295	2488.387368672426	0.75	0.3
226800.13827437433	300	14.614849877918736	0.0	173849	2861.3429077596124	0.75	0.3
226802.63983836066	300	16.113285891593158	0.0	150710	2501.563986325579	0.75	0.3
226804.9549366177	300	17.79818763455766	0.0	139105	2315.0982570354963	0.75	0.3
226807.3139800509	300	19.43914420133876	0.0	141840	2359.043433218899	0.75	0.3
226809.90292022302	300	20.850204029241578	0.0	156148	2588.9401720971837	0.75	0.3
226812.56573970776	300	22.18738454449676	0.0	160746	2662.819484744818	0.75	0.3
226815.53472933223	300	23.218394920017126	0.0	179801	2968.9896244796328	0.75	0.3
226817.86502763923	300	24.888096613011065	0.0	140051	2330.2983070060623	0.75	0.3
226820.16740027306	300	26.58572397920674	0.0	138313	2302.3726338043252	0.75	0.3
226826.0451267328	750	24.70799751945062	0.0	360831	5877.726459756122	0.75	0.3
226832.11837558312	750	22.634748669122924	0.0	372963	6073.248850327694	0.75	0.75
226838.71847061653	750	20.03465363571083	0.0	405596	6600.095033412099	0.75	0.75
226844.43630257112	750	18.316821681122867	0.0	350713	5717.831954587959	0.75	0.75
226850.3434342263	750	16.409690025938453	0.0	386472	5907.131655184414	0.75	0.75
226855.30101641893	750	15.45210783329998	0.0	399894	4957.582192638472	0.75	0.75
226859.93731796497	750	14.815806287265026	0.0	401853	4636.301546034954	0.75	0.75
226863.0602689459	750	15.692855306335414	0.0	343800	3122.9509809296123	0.75	0.75
226866.32574651102	750	16.427377741211767	0.0	359903	3265.4775651236478	0.75	0.75
226869.76644600916	750	16.986678243076298	0.0	379700	3440.6994981354683	0.75	0.75
226873.61500537978	750	17.138118872479463	0.0	425781	3848.559370596834	0.75	0.75
226876.1530512629	750	18.600072989350178	0.0	277716	2538.045883129285	0.75	0.75
226879.77692968334	750	18.9761945688723	0.0	400396	3623.878420477874	0.75	0.75
226883.4017994084	750	19.351324843828216	0.0	400508	3624.8697250440873	0.75	0.75
226886.65236315035	750	20.1007611018659	0.0	358218	3250.5637419623154	0.75	0.75
226890.27558660173	750	20.477537650476417	0.0	400322	3623.223451389483	0.75	0.75
226895.5276208157	1200	19.225503436528662	0.0	584349	5252.034213947754	0.75	0.75
226901.53888811616	1200	17.21423613606508	0.0	670129	6011.2673004635835	0.75	1.2
226907.72827160492	1200	15.024852647293677	0.0	690253	6189.383488771402	0.75	1.2
226913.10008073377	1200	13.653043518444342	0.0	598727	5371.809128849337	0.75	1.2
226917.4895555642	1200	13.263568687984113	0.0	487812	4389.474830460227	0.75	1.2
226922.65449592474	1200	12.09862832747754	0.0	575591	5164.9403605065745	0.75	1.2
226928.07475187175	1200	10.678372380452094	0.0	605884	5420.2559470254455	0.75	1.2
226932.62745947955	1200	10.125664772680539	0.0	587506	4552.707607771556	0.75	1.2
226935.2138455262	750	11.539278726039434	0.0	345516	2586.3860466411043	0.75	0.3
226939.94696243652	1200	10.806161815708135	0.0	641452	4733.1169103313	0.75	0.75
226944.37559111966	1200	10.377533132572568	0.0	599477	4428.628683135569	0.75	1.2
226949.06089666835	1200	9.692227583895754	0.0	634861	4685.3055486768135	0.75	1.2
226953.71241290998	1200	9.040711342241638	0.0	630203	4651.516241654117	0.75	1.2
226958.42528380145	1200	8.327840450781173	0.0	638661	4712.870891460466	0.75	1.2
226962.41239548757	1200	8.340728764626384	0.0	538612	3987.11168615479	0.75	1.2
226968.63199526962	1850	6.121128982573942	0.0	846370	6219.599782052441	0.75	1.2000000000000002
226973.35529912615	750	5.397825126052317	0.0	450283	4723.303856521625	0.75	0.75
226977.15743756565	750	5.595686686531635	0.0	398865	3802.1384395206824	0.75	0.75
226979.52938371498	750	7.2237405372199115	0.0	350812	2371.9461493117233	0.75	0.75
226981.44327145937	750	9.309852792833684	0.0	382355	1913.8877443862268	0.75	0.75
226983.23285257744	750	11.520271674762062	0.0	411561	1789.581118071623	0.75	0.75
226984.6325092198	750	14.120615032424482	0.0	318564	1399.6566423375807	0.75	0.75
226987.03973773512	1200	15.713386517101119	0.0	561791	2407.228515323363	0.75	0.75
226990.05899407316	1200	16.69413017908316	0.0	709534	3019.256338017959	0.7	1.2
226992.56172830754	1200	18.191395944692065	0.0	584846	2502.7342343910946	0.7	1.2
226994.96493858183	1200	19.788185670422514	0.0	560821	2403.2102742695483	0.7	1.2
226997.56114455964	1200	21.191979692589896	0.0	607410	2596.2059778326175	0.7	1.2
227000.10212250683	1200	22.651001745406205	0.0	594078	2540.9779471836914	0.7	1.2
227002.7682210239	1200	23.984903228336513	0.0	624282	2666.0985170696927	0.7	1.2
227005.6956667676	1200	25.057457484623395	0.0	687371	2927.445743713117	0.7	1.2
227009.17928678336	1850	25.573837468863708	0.0	821631	3483.6200157596863	0.7	1.2000000000000002
227013.08353378714	1850	25.66959046510062	0.0	923170	3904.2470037630883	0.7	1.85
227017.1681003938	1850	25.585023858418456	0.0	966699	4084.5666066821636	0.7	1.85
227020.91718529767	1850	25.83593895456432	0.0	885714	3749.084903854133	0.7	1.85
227025.08878203455	1850	25.66434221767639	0.0	987708	4171.596736887932	0.7	1.85
227028.99545241048	1850	25.757671841731362	0.0	923755	3906.670375945028	0.7	1.85
227032.76893673683	1850	25.984187515395817	0.0	891604	3773.484326335544	0.7	1.85
227036.8059969637	1850	25.94712728851277	0.0	955231	4037.060226883043	0.7	1.85
227043.12363268452	2850	23.62949156769612	0.0	1505760	6317.635720816652	0.7	1.85
227048.68828317197	2850	22.06484108023196	0.0	1323990	5564.650487464161	0.7	2.85
227054.50042831074	2850	20.25269594146866	0.0	1383735	5812.145138763301	0.7	2.85
227060.71327493293	2850	18.039849319309013	0.0	1480464	6212.846622159642	0.7	2.85
227067.20411755572	2850	15.549006696490196	0.0	1547572	6490.842622818819	0.7	2.85
227072.01475132324	2850	14.738372928999553	0.0	1141971	4810.633767490644	0.7	2.85
227076.12458313836	1850	14.62854111387696	0.0	972798	4109.831815122593	0.7	0.8500000000000001
227080.24689635585	1850	14.506227896388237	0.0	975811	4122.313217488721	0.7	1.85
227083.94509044389	1850	14.808033808354843	0.0	873429	3698.1940880333955	0.7	1.85
227087.97892779286	1850	14.774196459347953	0.0	954453	4033.8373490068902	0.7	1.85
227091.72531177595	1850	15.027812476284632	0.0	885062	3746.383983063321	0.7	1.85
227096.0941792935	1850	14.658944958753697	0.0	1035329	4368.867517530936	0.7	1.85
227100.42463325502	1850	14.328490997193919	0.0	1026056	4330.453961559777	0.7	1.85
227104.4149286126	1850	14.338195639647491	0.0	943942	3990.2953575464294	0.7	1.85
227107.51466576217	1850	15.238458490089826	0.0	728962	3099.7371495576635	0.7	1.85
227111.48277794357	1850	15.270346308670385	0.0	938587	3968.1121814194407	0.7	1.85
227115.3269377448	1850	15.426186507469755	0.0	908665	3844.159801200631	0.7	1.85
227119.26186836866	1850	15.491255883618413	0.0	930577	3934.930623851342	0.7	1.85
227122.8980117013	1850	15.855112550992327	0.0	858450	3636.1433326260853	0.7	1.85
227127.22411187793	1850	15.52901237432694	0.0	1025005	4326.100176665386	0.7	1.85
227130.97543788326	1850	15.777686369019085	0.0	886255	3751.3260053078584	0.7	1.85
227135.0901330128	1850	15.66299123946641	0.0	973972	4114.695129552674	0.7	1.85
227139.14278152946	1850	15.610342722804496	0.0	958994	4052.6485166619136	0.7	1.85
227145.36831667981	2850	13.38480757245121	0.0	1483527	6225.535150353286	0.7	1.85
227150.5496435408	2850	12.203480711454779	0.0	1231456	5181.3268609964325	0.7	2.85
227156.2822606468	2850	10.47086360542461	0.0	1364537	5732.61710603017	0.7	2.85
227158.22756542664	750	12.525558825594834	0.0	450283	1945.3047798297764	0.7	0.75
227162.27479138915	1850	12.478332863097293	0.0	957685	4047.2259624975386	0.7	0.75
227165.99097228402	1850	12.76215196820239	0.0	877771	3716.1808948949047	0.7	1.85
227169.93708356004	1850	12.816040692181723	0.0	933276	3946.111276020668	0.7	1.85
227174.1461327891	1850	12.606991463162307	0.0	996749	4209.049229019416	0.7	1.85
227177.54452881185	1850	13.208595440392447	0.0	801058	3398.396022769861	0.7	1.85
227181.3756396859	1850	13.377484566325336	0.0	905515	3831.110874067109	0.7	1.85
227185.8487246348	1850	12.904399617421335	0.0	1060487	4473.084948904001	0.7	1.85
227189.46159945196	1850	13.291524800258424	0.0	852833	3612.874817162912	0.7	1.85
227193.3273956171	1850	13.425728635115448	0.0	913888	3865.796165142976	0.7	1.85
227197.30061137892	1850	13.452512873306006	0.0	939819	3973.215761809441	0.7	1.85
227201.18107205263	1850	13.572052199574882	0.0	917428	3880.460673731124	0.7	1.85
227205.18341799083	1850	13.569706261383558	0.0	946851	4002.345938191323	0.7	1.85
227209.5569458395	1850	13.196178412733508	0.0	1036454	4373.527848650052	0.7	1.85
227213.04056585528	1850	13.71255839697382	0.0	821631	3483.620015759687	0.7	1.85
227216.94481285903	1850	13.808311393210731	0.0	923170	3904.2470037630883	0.7	1.85
227221.04899325568	1850	13.704130996556447	0.0	966699	4104.180396654285	0.7	1.85
227224.8452156769	1850	13.907908575328118	0.0	885714	3796.222421228328	0.7	1.85
227229.06937803092	1850	13.68374622131024	0.0	987708	4224.162354017877	0.7	1.85
227233.02521045847	1850	13.727913793775196	0.0	923755	3955.8324275350446	0.7	1.85
227236.84614576676	1850	13.9069784854738	0.0	891604	3820.9353083013953	0.7	1.85
227240.9340431915	1850	13.8190810607381	0.0	955231	4087.8974247357014	0.7	1.85
227245.07562506277	1850	13.677499189465912	0.0	968026	4141.581871272187	0.7	1.85
227248.82343288232	1850	13.929691369924532	0.0	874175	3747.8078195413805	0.7	1.85
227252.67110342262	1850	14.082020829631697	0.0	897976	3847.670540292836	0.7	1.85
227256.55216782846	1850	14.200956423767632	0.0	905935	3881.0644058640655	0.7	1.85
227261.14929338195	1850	13.603830870291006	0.0	1076599	4597.125553476626	0.7	1.85
227264.29743201658	1850	14.455692235656779	0.0	758197	3148.1386346342256	0.7	1.85
227268.23147451552	1850	14.521649736708394	0.0	972798	3934.0424989483863	0.7	1.85
227272.1774539531	1850	14.575670299105393	0.0	975811	3945.9794376030013	0.7	1.85
227275.71781518517	1850	15.035309067057229	0.0	873429	3540.3612320481648	0.7	1.85
227279.57917824847	1850	15.173946003760651	0.0	954453	3861.3630632965783	0.7	1.85
227283.13574686475	1850	15.61737738747574	0.0	885062	3556.5686162849133	0.7	1.85
227287.26615678097	1850	15.486967471252235	0.0	1035329	4130.409916223503	0.7	1.85
227291.36179868353	1850	15.391325568700173	0.0	1026056	4095.6419025520627	0.7	1.85
227295.14803573076	1850	15.605088521480464	0.0	943942	3786.237047219709	0.7	1.85
227298.09018824692	1850	16.662936005313824	0.0	728962	2942.1525161666427	0.7	1.85
227301.85539974447	1850	16.897724507744265	0.0	938587	3765.211497569559	0.7	1.85
227305.50312730245	1850	17.249996949788482	0.0	908665	3647.7275579557813	0.7	1.85
227309.23688881818	1850	17.516235434048557	0.0	930577	3733.7615157399237	0.7	1.85
227312.68745522288	1850	18.0656690293481	0.0	858450	3450.566404700457	0.7	1.85
227316.79197315362	1850	17.961151098600833	0.0	1025005	4104.517930747267	0.7	1.85
227320.35171143658	1850	18.401412815651558	0.0	886255	3559.738282949273	0.7	1.85
227324.2558564681	1850	18.497267784119245	0.0	973972	3904.1450315323123	0.7	1.85
227330.08763410005	2850	16.665490152177725	0.0	1464921	5831.77763194152	0.7	1.85
227335.99246521038	2850	14.760659041843919	0.0	1483527	5904.831110333806	0.7	2.85
227340.90757992	2850	13.845544332231471	0.0	1231456	4915.114709612448	0.7	2.85
227346.34521585706	2850	12.407908395169619	0.0	1364537	5437.635937061853	0.7	2.85
227348.193179923	750	14.559944329227823	0.0	450283	1847.9640659417973	0.7	0.75
227350.6725151348	1200	16.08060911745173	0.0	611087	2479.335211776094	0.7	0.75
227352.9946554062	1200	17.758468846066556	0.0	571051	2322.140271385172	0.7	1.2
227355.49988090261	1200	19.25324334962322	0.0	617681	2505.2254964433373	0.7	1.2
227359.49345617587	1850	19.25966807637635	0.0	996749	3993.5752732468704	0.7	1.2000000000000002
227362.51983715483	1850	20.233287097409544	0.0	801058	3026.380978966805	0.7	1.85
227365.48022735456	1850	21.2728968976834	0.0	905515	2960.390199726145	0.7	1.85
227368.93357441312	1850	21.819549839117855	0.0	1060487	3453.3470585655455	0.7	1.85
227371.72638625524	1850	23.026737997013587	0.0	852833	2792.811842104269	0.7	1.85
227376.35438501165	2850	22.398739240602648	0.0	1429765	4627.998756410939	0.7	1.85
227380.74312289478	2850	22.01000135745477	0.0	1354548	4388.737883147877	0.7	2.85
227385.65799803706	2850	21.095126215172254	0.0	1519951	4914.875142282517	0.7	2.85
227390.26422006832	2850	20.488904183947895	0.0	1422919	4606.22203122436	0.7	2.85
227395.23554627737	2850	19.51757797486543	0.0	1578343	4971.326209082467	0.7	2.85
227401.01891958673	2850	17.73420466553535	0.0	1231445	5783.373309330077	0.7	2.85
227407.1238539722	2850	15.629270280048944	0.0	1471065	6104.934385486407	0.7	2.85
227413.31299855636	2850	13.440125695896953	0.0	1491626	6189.144584151991	0.7	2.85
227418.95814140723	2850	11.794982845014554	0.0	1358801	5645.142850882398	0.7	2.85
227425.33375991508	2850	9.419364337160216	0.0	1537156	6375.618507854339	0.7	2.85
227429.19711636993	1850	9.556007882302683	0.0	923755	3863.356454857532	0.7	0.8500000000000001
227432.92879430245	1850	9.824329949759104	0.0	891604	3731.6779325435805	0.7	1.85
227436.92106473102	1850	9.832059521203897	0.0	955231	3992.270428555207	0.7	1.85
227440.96573871447	1850	9.78738553776682	0.0	968026	4044.673983437077	0.7	1.85
227444.62603395391	1850	10.127090298309298	0.0	874175	3660.2952394575223	0.7	1.85
227448.38380922537	1850	10.369315026828064	0.0	897976	3757.775271481234	0.7	1.85
227452.17418159675	1850	10.578942655440242	0.0	905935	3790.372371387823	0.7	1.85
227456.6635301534	1850	10.089594098795715	0.0	1076599	4489.348556644526	0.7	1.85
227459.84882269744	1850	10.904301554773093	0.0	758197	3185.2925440226213	0.7	1.85
227463.91304101568	1850	10.840083236525833	0.0	972798	4064.21831824726	0.7	1.85
227467.98959945983	1850	10.763524792381029	0.0	975811	4076.558444144804	0.7	1.85
227471.6468393611	1850	11.10628489109794	0.0	873429	3657.2399012830883	0.7	1.85
227475.6359233914	1850	11.117200860799716	0.0	954453	3989.084030298224	0.7	1.85
227479.34080772832	1850	11.412316523882332	0.0	885062	3704.8843369173837	0.7	1.85
227483.66112973474	1850	11.091994517450763	0.0	1035329	4320.322006431569	0.7	1.85
227487.94347298663	1850	10.809651265565467	0.0	1026056	4282.343251885295	0.7	1.85
227491.88950787543	1850	10.863616376757149	0.0	943942	3946.0348888083195	0.7	1.85
227494.9550647472	1850	11.798059505026163	0.0	728962	3065.556871730985	0.7	1.85
227498.8791675503	1850	11.873956701906975	0.0	938587	3924.102803119189	0.7	1.85
227502.68072098496	1850	12.072403267226655	0.0	908665	3801.55343468032	0.7	1.85
227506.57201781118	1850	12.181106441020619	0.0	930577	3891.296826206037	0.7	1.85
227510.16790930694	1850	12.585214945253398	0.0	858450	3595.89149576722	0.7	1.85
227514.44594805426	1850	12.307176197954336	0.0	1025005	4278.038747299062	0.7	1.85
227518.15571847485	1850	12.597405777334407	0.0	886255	3709.7704206199287	0.7	1.85
227522.22474505988	1850	12.528379192308615	0.0	973972	4069.026585025792	0.7	1.85
227526.23242733502	1850	12.52069691717111	0.0	958994	4007.682275137503	0.7	1.85
227530.33459573842	1850	12.418528513770632	0.0	982064	4102.1684034004775	0.7	1.85
227535.45818089516	2850	11.29494335702124	0.0	1231456	5123.585156749394	0.7	1.85
227541.1268162658	2850	9.626307986341857	0.0	1364537	5668.635370679382	0.7	2.85
227543.05100773927	750	11.702116512885569	0.0	450283	1924.1914734562888	0.7	0.75
227547.0533288379	1850	11.699795414249852	0.0	957685	4002.3210986357158	0.7	0.75
227550.72835195414	1850	12.02477229801584	0.0	877771	3675.023116234013	0.7	1.85
227554.6307028792	1850	12.122421372972275	0.0	933276	3902.350925043565	0.7	1.85
227558.79301557358	1850	11.960108678564351	0.0	996749	4162.312694407923	0.7	1.85
227562.1538508113	1850	12.599273440849519	0.0	801058	3360.8352377148326	0.7	1.85
227565.9425030191	1850	12.810621233045156	0.0	905515	3788.652207804362	0.7	1.85
227570.36586282417	1850	12.387261427964264	0.0	1060487	4423.359805080892	0.7	1.85
227573.9387491798	1850	12.814375072312046	0.0	852833	3572.886355652217	0.7	1.85
227577.76169407734	1850	12.991430174783112	0.0	913888	3822.9448975289342	0.7	1.85
227581.6908426936	1850	13.06228155848577	0.0	939819	3929.1486162973415	0.7	1.85
227585.5282861128	1850	13.224838139324808	0.0	917428	3837.4434191609635	0.7	1.85
227589.48623518224	1850	13.26688906988723	0.0	946851	3957.9490694375777	0.7	1.85
227593.8111647697	1850	12.941959482428532	0.0	1036454	4324.929587458697	0.7	1.85
227597.25625935357	1850	13.49686489851716	0.0	821631	3445.094583911372	0.7	1.85
227601.1172198663	1850	13.635904385793735	0.0	923170	3860.960512723426	0.7	1.85
227605.15645895194	1850	13.596665300154879	0.0	966699	4039.239085638856	0.7	1.85
227608.86401363806	1850	13.889110614055552	0.0	885714	3707.5546860993277	0.7	1.85
227612.9892977635	1850	13.76382648859542	0.0	987708	4125.284125460131	0.7	1.85
227616.85265421835	1850	13.900470033737887	0.0	923755	3863.3564548575323	0.7	1.85
227620.58433215087	1850	14.168792101194308	0.0	891604	3731.6779325435805	0.7	1.85
227624.57660257944	1850	14.176521672639101	0.0	955231	3992.270428555207	0.7	1.85
227628.62127656286	1850	14.131847689202022	0.0	968026	4044.6739834370774	0.7	1.85
227632.2815718023	1850	14.4715524497445	0.0	874175	3660.2952394575227	0.7	1.85
227636.0393470738	1850	14.713777178263266	0.0	897976	3757.7752714812345	0.7	1.85
227639.82971944517	1850	14.923404806875444	0.0	905935	3790.372371387823	0.7	1.85
227644.31906800182	1850	14.434056250230919	0.0	1076599	4489.348556644526	0.7	1.85
227647.50436054583	1850	15.248763706208297	0.0	758197	3185.2925440226213	0.7	1.85
227651.5685788641	1850	15.184545387961037	0.0	972798	4064.21831824726	0.7	1.85
227655.64513730825	1850	15.107986943816233	0.0	975811	4076.558444144804	0.7	1.85
227659.3023772095	1850	15.450747042533145	0.0	873429	3657.239901283089	0.7	1.85
227663.2914612398	1850	15.46166301223492	0.0	954453	3989.084030298224	0.7	1.85
227666.99634557674	1850	15.756778675317536	0.0	885062	3704.8843369173837	0.7	1.85
227671.31666758316	1850	15.436456668885967	0.0	1035329	4320.322006431569	0.7	1.85
227675.59901083505	1850	15.154113417000671	0.0	1026056	4282.343251885295	0.7	1.85
227679.54504572385	1850	15.208078528192353	0.0	943942	3946.0348888083186	0.7	1.85
227682.6106025956	1850	16.14252165646137	0.0	728962	3065.5568717309857	0.7	1.85
227686.53470539872	1850	16.21841885334218	0.0	938587	3924.102803119189	0.7	1.85
227690.33625883338	1850	16.41686541866186	0.0	908665	3801.55343468032	0.7	1.85
227694.2275556596	1850	16.52556859245582	0.0	930577	3891.296826206037	0.7	1.85
227697.82344715536	1850	16.9296770966886	0.0	858450	3595.89149576722	0.7	1.85
227702.10148590268	1850	16.651638349389536	0.0	1025005	4278.038747299062	0.7	1.85
227705.81125632327	1850	16.941867928769607	0.0	886255	3709.7704206199287	0.7	1.85
227709.8802829083	1850	16.872841343743815	0.0	973972	4069.026585025792	0.7	1.85
227713.88796518344	1850	16.86515906860631	0.0	958994	4007.6822751375034	0.7	1.85
227720.04393927983	2850	14.709184972222063	0.0	1483527	6155.974096384247	0.7	1.85
227725.16752443658	2850	13.58559981547267	0.0	1231456	5123.585156749395	0.7	2.85
227730.83615980722	2850	11.916964444793289	0.0	1364537	5668.635370679382	0.7	2.85
227732.76035128068	750	13.992772971336999	0.0	450283	1924.191473456289	0.7	0.75
227736.76267237932	1850	13.990451872701284	0.0	957685	4002.3210986357158	0.7	0.75
227740.43769549555	1850	14.31542875646727	0.0	877771	3675.0231162340133	0.7	1.85
227744.3400464206	1850	14.413077831423706	0.0	933276	3902.3509250435645	0.7	1.85
227748.502359115	1850	14.250765137015783	0.0	996749	4162.312694407922	0.7	1.85
227751.8631943527	1850	14.88992989930095	0.0	801058	3360.8352377148326	0.7	1.85
227755.6518465605	1850	15.10127769149659	0.0	905515	3788.6522078043618	0.7	1.85
227760.07520636558	1850	14.677917886415697	0.0	1060487	4423.359805080892	0.7	1.85
227763.6480927212	1850	15.10503153076348	0.0	852833	3572.886355652217	0.7	1.85
227767.47103761876	1850	15.282086633234545	0.0	913888	3822.9448975289342	0.7	1.85
227771.40018623503	1850	15.352938016937204	0.0	939819	3929.1486162973415	0.7	1.85
227775.2376296542	1850	15.51549459777624	0.0	917428	3837.4434191609635	0.7	1.85
227779.19557872365	1850	15.557545528338661	0.0	946851	3957.9490694375772	0.7	1.85
227783.5205083111	1850	15.232615940879965	0.0	1036454	4324.929587458698	0.7	1.85
227786.96560289498	1850	15.787521356968593	0.0	821631	3445.0945839113715	0.7	1.85
227790.82656340773	1850	15.926560844245166	0.0	923170	3860.9605127234254	0.7	1.85
227794.86580249335	1850	15.88732175860631	0.0	966699	4039.239085638856	0.7	1.85
227798.57335717947	1850	16.179767072506984	0.0	885714	3707.5546860993277	0.7	1.85
227802.69864130492	1850	16.054482947046854	0.0	987708	4125.284125460131	0.7	1.85
227806.56199775977	1850	16.191126492189323	0.0	923755	3863.3564548575323	0.7	1.85
227810.2936756923	1850	16.459448559645743	0.0	891604	3731.6779325435805	0.7	1.85
227814.28594612086	1850	16.467178131090535	0.0	955231	3992.270428555207	0.7	1.85
227818.33062010427	1850	16.422504147653456	0.0	968026	4044.6739834370774	0.7	1.85
227821.99091534372	1850	16.762208908195934	0.0	874175	3660.295239457522	0.7	1.85
227825.7486906152	1850	17.0044336367147	0.0	897976	3757.775271481234	0.7	1.85
227831.8921198043	2850	14.861004447606982	0.0	1480464	6143.429189107719	0.7	1.85
227838.31039836904	2850	12.442725882882804	0.0	1547572	6418.278564724175	0.7	2.85
227841.49569091309	1850	13.257433338860185	0.0	758197	3185.2925440226213	0.7	0.8500000000000001
227845.55990923132	1850	13.193215020612925	0.0	972798	4064.21831824726	0.7	1.85
227849.63646767547	1850	13.11665657646812	0.0	975811	4076.558444144804	0.7	1.85
227853.29370757675	1850	13.459416675185032	0.0	873429	3657.239901283089	0.7	1.85
227857.28279160705	1850	13.470332644886806	0.0	954453	3989.0840302982247	0.7	1.85
227860.98767594396	1850	13.765448307969423	0.0	885062	3704.8843369173833	0.7	1.85
227865.3079979504	1850	13.445126301537854	0.0	1035329	4320.322006431569	0.7	1.85
227869.59034120227	1850	13.162783049652559	0.0	1026056	4282.343251885295	0.7	1.85
227873.5363760911	1850	13.21674816084424	0.0	943942	3946.0348888083195	0.7	1.85
227876.60193296283	1850	14.151191289113253	0.0	728962	3065.556871730986	0.7	1.85
227880.52603576594	1850	14.227088485994063	0.0	938587	3924.1028031191895	0.7	1.85
227884.3275892006	1850	14.425535051313744	0.0	908665	3801.55343468032	0.7	1.85
227888.21888602682	1850	14.534238225107707	0.0	930577	3891.296826206037	0.7	1.85
227891.81477752258	1850	14.938346729340486	0.0	858450	3595.89149576722	0.7	1.85
227896.0928162699	1850	14.660307982041424	0.0	1025005	4278.0387472990615	0.7	1.85
227899.80258669052	1850	14.950537561421495	0.0	886255	3709.7704206199287	0.7	1.85
227903.87161327552	1850	14.881510976395703	0.0	973972	4069.0265850257924	0.7	1.85
227907.87929555067	1850	14.873828701258198	0.0	958994	4007.6822751375034	0.7	1.85
227913.44963894662	2850	13.303485305313924	0.0	1483527	5570.343395944275	0.7	1.85
227916.70174918848	2850	14.051375063448873	0.0	1231456	3252.11024186505	0.7	2.85
227920.22483511156	2850	14.528289140377552	0.0	1364537	3523.0859230713213	0.7	2.85
227921.4410176106	750	17.31210664133332	0.0	450283	1216.1824990442353	0.7	0.75
227923.93750887632	1850	18.815615375624468	0.0	957685	2496.491265708851	0.7	0.75
227926.232356091	1850	20.520768160942684	0.0	877771	2294.847214681783	0.8	1.85
227930.14842510942	2850	20.604699142504348	0.0	1520281	3916.069018438336	0.8	1.85
227933.94407644076	2850	20.809047811169208	0.0	1472558	3795.651331335141	0.8	2.85
227937.11320657952	2850	21.639917672390048	0.0	1224260	3169.1301387791577	0.8	2.85
227942.63723513065	4300	20.115889121289065	0.0	2157535	5524.028551100984	0.8	2.8499999999999996
227948.4959417356	4300	18.25718251632922	0.0	2290172	5858.706604959846	0.8	4.3
227953.76243091046	4300	16.990693341459295	0.0	2055469	5266.489174869927	0.8	4.3
227959.31589584943	4300	15.43722840250034	0.0	2169201	5553.464938958953	0.8	4.3
227964.88026380845	4300	13.87286044348873	0.0	2173522	5564.36795901161	0.8	4.3
227970.2653034557	4300	12.487820796243438	0.0	2102452	5385.039647245289	0.8	4.3
227975.92036001544	4300	10.832764236511506	0.0	2209463	5655.056559731932	0.8	4.3
227981.7417324189	4300	9.011391833055733	0.0	2275376	5821.372403455774	0.8	4.3
227986.88188180808	4300	7.871242443892005	0.0	2005399	5140.149389163727	0.8	4.3
227990.67376590753	2850	8.079358344433423	0.0	1471065	3791.8840994585803	0.8	1.4000000000000001
227994.5175308205	2850	8.235593431435694	0.0	1491626	3843.764912997729	0.8	2.85
227998.0261433062	2850	8.726980945768224	0.0	1358801	3508.6124856674714	0.8	2.85
228001.98479239023	2850	8.768331861745864	0.0	1537156	3958.6490840223605	0.8	2.85
228005.43599811607	2850	9.317126135906669	0.0	1336050	3451.2057258391956	0.8	2.85
228009.0867081658	2850	9.666416086187976	0.0	1415116	3650.7100497186925	0.8	2.85
228012.87117639487	2850	9.881947857114666	0.0	1468126	3784.468229073309	0.8	2.85
228016.75060510918	2850	10.00251914281533	0.0	1505760	3879.4287142993358	0.8	2.85
228020.17138028148	2850	10.581743970513518	0.0	1323990	3420.7751723018127	0.8	2.85
228023.74290781043	2850	11.010216441570664	0.0	1383735	3571.5275289428537	0.8	2.85
228035.89894578533	2850	4.0	1.1458215333667194	1480464	12156.037974937384	0.8	-2.077032593476893
228048.8993772462	1850	4.0	9.000431460865059	1076599	13000.431460865058	0.8	-37.85185528171975
228054.68930471537	1200	4.0	1.7899274691625042	487160	5789.927469162504	0.8	-7.146688117398768
228062.0470065697	1200	4.0	3.357701854305555	622896	7357.701854305555	0.8	-13.238117973513885
228066.80640379534	750	4.0	0.7593972256431398	400508	4759.39722564314	0.8	-2.9654080702655015
228071.07169925852	750	4.0	0.26529546320032205	358218	4265.295463200322	0.8	-0.3907704917613848
228075.82892332438	750	4.0	0.7572240658461579	400322	4757.224065846158	0.75	-2.5060634831384787
228077.5899792639	300	6.238944060486281	0.0	143881	1761.055939513719	0.75	-0.15000000000000002
228079.5796025427	300	8.249320781680323	0.0	163444	1989.62327880596	0.75	0.3
228081.7548089947	300	10.074114329674037	0.0	179328	2175.2064520062845	0.75	0.3
228083.703188972	300	12.125734352391444	0.0	159914	1948.3799772825937	0.75	0.3
228085.32087478318	300	14.508048541204419	0.0	131610	1617.6858111870265	0.75	0.3
228089.6252754391	750	14.203647885313247	0.0	361565	4304.4006558911715	0.75	0.3
228094.12551751712	750	13.70340580728761	0.0	378327	4500.242078025638	0.75	0.75
228098.77008778317	750	13.058835541239834	0.0	390680	4644.570266047774	0.75	0.75
228102.8869774628	750	12.941945861594695	0.0	345516	4116.889679645139	0.75	0.75
228107.45940116033	750	12.369522164075756	0.0	384505	4572.423697518939	0.75	0.75
228111.88680733417	750	11.942115990213479	0.0	372093	4427.406173862277	0.75	0.75
228117.08753125343	750	10.741392070960677	0.0	438281	5200.723919252801	0.75	0.75
228121.8291576401	750	9.999765684302535	0.0	398987	4741.626386658143	0.75	0.75
228126.51022764383	750	9.318695680589322	0.0	393804	4681.070003713212	0.75	0.75
228130.45813662378	750	9.37078670064176	0.0	331053	3947.9089799475623	0.75	0.75
228136.97473216738	1200	6.854191157006777	0.0	550906	6516.595543634983	0.75	0.75
228142.30503473882	750	5.523888585596318	0.0	450283	5330.30257141046	0.75	0.75
228146.26985159662	750	5.559071727771212	0.0	398865	3964.8168578251048	0.75	0.75
228147.71201381012	300	8.116909514278312	0.0	139857	1442.1622134929	0.75	-0.15000000000000002
228149.305871516	300	10.523051808424272	0.0	155432	1593.85770585404	0.75	0.3
228150.97774404648	300	12.85117927792736	0.0	163442	1671.8725304969116	0.75	0.3
228154.16045498248	750	13.668468341905907	0.0	318564	3182.7109360214527	0.75	0.3
228157.6750746818	750	14.15384864256613	0.0	352642	3514.6196993397775	0.75	0.75
228162.0128920065	750	13.816031317906061	0.0	437162	4337.817324660069	0.75	0.75
228165.74291443516	750	14.086008889252705	0.0	374758	3730.022428653355	0.75	0.75
228169.35642109014	750	14.47250223428258	0.0	362795	3613.506654970125	0.75	0.75
228172.87667032363	750	14.952253000780058	0.0	353220	3520.2492335025217	0.75	0.75
228176.90254522586	750	14.926378098549689	0.0	405134	4025.8749022303687	0.75	0.75
228183.06285118812	1200	12.766072136289846	0.0	624282	6160.305962259843	0.75	0.75
228189.83762372617	1200	9.991299598262943	0.0	687371	6774.772538026901	0.75	1.2
228193.2004700157	750	10.628453308712164	0.0	337059	3362.84628955078	0.75	0.3
228196.84727663142	750	10.981646693011205	0.0	366214	3646.8066157009584	0.75	0.75
228200.44165455786	750	11.387268766580233	0.0	360831	3594.3779264309733	0.75	0.75
228204.15419426362	750	11.674729060802528	0.0	372963	3712.539705777705	0.75	0.75
228208.18456889733	750	11.644354427113358	0.0	405596	4030.3746336891704	0.75	0.75
228211.6804007569	750	12.148522567565852	0.0	350713	3495.8318595475057	0.75	0.75
228215.5245137793	750	12.304409545171348	0.0	386472	3844.113022394504	0.75	0.75
228219.4993527663	750	12.329570558188001	0.0	399894	3974.8389869833463	0.75	0.75
228223.4932717834	750	12.335651541057915	0.0	401853	3993.9190171300856	0.75	0.75
228229.20217945913	750	10.626743865349752	0.0	343800	5708.907675708163	0.75	0.75
228237.69848783148	750	6.130435492987452	0.0	359903	8496.3083723623	0.75	0.75
228239.2186208442	300	8.610302480239628	0.0	153938	1520.133012747824	0.75	-0.15000000000000002
228240.6503595707	300	11.178563753772154	0.0	181901	1431.7387264674746	0.75	0.3
228241.34663327425	300	14.482290050184393	0.0	111155	696.2737035877617	0.75	0.3
228242.2782613813	300	17.550661943130297	0.0	153605	931.6281070540967	0.75	0.3
228244.6050581992	750	19.223865125223593	0.0	400508	2326.796817906702	0.75	0.3
228246.700036095	750	21.12888722942531	0.0	358218	2094.9778957982835	0.7	0.75
228248.60604740967	750	23.22287591473336	0.0	400322	1906.0113146919466	0.7	0.75
228250.3431772423	750	25.485746082140235	0.0	369834	1737.1298325931293	0.7	0.75
228255.06221684505	1850	24.76670647937572	0.0	1035329	4719.039602764516	0.7	0.75
228259.7397065499	1850	24.08921677450495	0.0	1026056	4677.489704870768	0.7	1.85
228264.04926480696	1850	23.77965851745551	0.0	943942	4309.558257049443	0.7	1.85
228267.39555367446	1850	24.433369649945348	0.0	728962	3346.28886751016	0.7	1.85
228271.6811175712	1850	24.147805753213063	0.0	938587	4285.563896732284	0.7	1.85
228275.832608779	1850	23.99631454544624	0.0	908665	4151.491207766824	0.7	1.85
228280.08228195188	1850	23.746641372549703	0.0	930577	4249.673172896533	0.7	1.85
228284.00877282288	1850	23.82015050153846	0.0	858450	3926.490871011242	0.7	1.85
228288.6815532705	1850	23.147370053940023	0.0	1025005	4672.780447598437	0.7	1.85
228292.73263110482	1850	23.09629221960131	0.0	886255	4051.0778343387133	0.7	1.85
228297.17674597073	1850	22.652177353714464	0.0	973972	4444.114865886845	0.7	1.85
228303.8206754404	2850	20.008247884027636	0.0	1464921	6643.929469686831	0.7	1.85
228310.54797355027	2850	17.28094977418001	0.0	1483527	6727.2981098476275	0.7	2.85
228316.14580715972	2850	15.683116164707096	0.0	1231456	5597.833609472911	0.7	2.85
228322.33635150487	2850	13.49257181956952	0.0	1364537	6190.544345137577	0.7	2.85
228324.3625266404	750	15.466396684027659	0.0	450283	2026.1751355418594	0.7	0.75
228327.9133070575	1850	15.915616266945358	0.0	957685	3550.7804170823	0.7	0.75
228331.17446829265	1850	16.654455031797323	0.0	877771	3261.161235148037	0.7	1.85
228334.63678718093	1850	17.19213614350639	0.0	933276	3462.318888290932	0.7	1.85
228338.3291408358	1850	17.499782488654986	0.0	996749	3692.353654851403	0.7	1.85
228341.31228374742	1850	18.516639577001246	0.0	801058	2983.1429116537415	0.7	1.85
228344.673993004	1850	19.154930320435383	0.0	905515	3361.709256565864	0.7	1.85
228348.59734182138	1850	19.231581503057686	0.0	1060487	3923.348817377695	0.7	1.85
228351.76812435992	1850	20.06079896449694	0.0	852833	3170.7825385607475	0.7	1.85
228355.16017850488	1850	20.668744819546866	0.0	913888	3392.054144950072	0.7	1.85
228358.6462101132	1850	21.18271321123947	0.0	939819	3486.0316083073976	0.7	1.85
228362.0510936986	1850	21.777829625840326	0.0	917428	3404.8835853991454	0.7	1.85
228367.28794527327	2850	20.54097805116355	0.0	1422919	5236.851574676777	0.7	1.85
228373.0880745181	2850	18.740848806329463	0.0	1578343	5800.129244834084	0.7	2.85
228377.63099832993	2850	18.197924994518782	0.0	1231445	4542.923811810681	0.7	2.85
228383.04233754298	2850	16.78658578146316	0.0	1471065	5411.339213055623	0.7	2.85
228388.5281926106	2850	15.300730713867026	0.0	1491626	5485.855067596134	0.7	2.85
228393.53267185116	2850	14.29625147329017	0.0	1358801	5004.479240576856	0.7	2.85
228399.18353381808	2850	12.645389506358914	0.0	1537156	5650.861966931256	0.7	2.85
228404.1055603469	2850	11.72336297754954	0.0	1336050	4922.026528809375	0.7	2.85
228409.31413279058	2850	10.514790533896525	0.0	1415116	5208.572443653014	0.7	2.85
228412.85601957858	1850	10.972903745871294	0.0	955231	3541.8867880252305	0.7	0.8500000000000001
228416.44427718315	1850	11.384646141307671	0.0	968026	3588.2576045636206	0.7	1.85
228419.69240602624	1850	12.136517298209034	0.0	874175	3248.128843098639	0.7	1.85
228423.02679292363	1850	12.802130400836834	0.0	897976	3334.3868973722006	0.7	1.85
228426.3900243172	1850	13.438899007268537	0.0	905935	3363.2313935682964	0.7	1.85
228430.3717652093	1850	13.457158115168957	0.0	1076599	3981.7408920995813	0.7	1.85
228433.19957403987	1850	14.629349284613452	0.0	758197	2827.8088305555048	0.7	1.85
228436.8051260201	1850	15.023797304393621	0.0	972798	3605.55198021983	0.7	1.85
228440.42159752126	1850	15.407325803249197	0.0	975811	3616.4715011444237	0.7	1.85
228443.66702275912	1850	16.161900565397737	0.0	873429	3245.425237851461	0.7	1.85
228447.20608996955	1850	16.62283335496273	0.0	954453	3539.06721043501	0.7	1.85
228450.49367477823	1850	17.335248546279608	0.0	885062	3287.5848086831215	0.7	1.85
228454.32584758918	1850	17.50307573534762	0.0	1035329	3832.172810931988	0.7	1.85
228458.12441378957	1850	17.70450953494791	0.0	1026056	3798.5662003997104	0.7	1.85
228461.62538770944	1850	18.203535615066635	0.0	943942	3500.9739198812767	0.7	1.85
228464.3472449322	1850	19.48167839228759	0.0	728962	2721.8572227790432	0.7	1.85
228467.82881160532	1850	20.000111719187327	0.0	938587	3481.5666731002625	0.7	1.85
228471.20193688938	1850	20.62698643510322	0.0	908665	3373.1252840841075	0.7	1.85
228474.65447423534	1850	21.174449089120774	0.0	930577	3452.537345982443	0.7	1.85
228477.84561354425	1850	21.983309780220353	0.0	858450	3191.1393089004223	0.7	1.85
228483.4607524054	2850	20.368170919081898	0.0	1527299	5615.138861138455	0.7	1.85
228488.40797392573	2850	19.420949398746544	0.0	1343002	4947.221520335354	0.7	2.85
228494.2403833474	2850	17.58853997705373	0.0	1587250	5832.409421692812	0.7	2.85
228499.6294558706	2850	16.199467453862262	0.0	1464921	5389.072523191468	0.7	2.85
228505.085959063	2850	14.742964261463035	0.0	1483527	5456.5031923992265	0.7	2.85
228512.27339658907	4300	11.555526735390492	0.0	1961140	7187.437526072543	0.7	2.8499999999999996
228518.78478707548	4300	9.044136248963856	0.0	2155012	6511.390486426636	0.7	4.3
228520.10835560985	750	11.720567714631194	0.0	450283	1323.568534332663	0.7	0.75
228522.83324100813	1850	12.995682316331955	0.0	957685	2724.885398299239	0.7	0.75
228525.33742401292	1850	14.491499311533381	0.0	877771	2504.183004798573	0.7	1.85
228527.99489788478	1850	15.834025439662025	0.0	933276	2657.4738718713575	0.7	1.85
228530.82766823817	1850	17.001255086289703	0.0	996749	2832.770353372318	0.7	1.85
228534.2887668225	2850	17.540156501972493	0.0	1224260	3461.0985843172093	0.7	1.85
228538.20318713988	2850	17.625736184587492	0.0	1388403	3914.420317385005	0.7	2.85
228542.809055457	2850	17.01986786746292	0.0	1638769	4605.868317124572	0.7	2.85
228546.6119232169	2850	17.217000107555688	0.0	1348011	3802.8677599072303	0.7	2.85
228550.6405749881	2850	17.18834833635815	0.0	1429765	4028.651771197536	0.7	2.85
228554.4614962999	2850	17.36742702455371	0.0	1354548	3820.9213118044427	0.7	2.85
228558.73921914824	2850	17.089704176195085	0.0	1519951	4277.722848358622	0.7	2.85
228562.74896398716	2850	17.079959337273568	0.0	1422919	4009.744838921519	0.7	2.85
228567.1879508714	2850	16.640972453060265	0.0	1578343	4438.986884213303	0.7	2.85
228570.6688926208	2850	17.160030703624273	0.0	1231445	3480.941749435991	0.7	2.85
228574.8116046174	2850	17.017318707039728	0.0	1471065	4142.711996584546	0.7	2.85
228579.011100931	2850	16.817822393404764	0.0	1491626	4199.496313634965	0.7	2.85
228582.84376796047	2850	16.985155363959375	0.0	1358801	3832.667029445386	0.7	2.85
228587.1690066969	2850	16.65991662751883	0.0	1537156	4325.238736440548	0.7	2.85
228590.93884117942	2850	16.890082144993052	0.0	1336050	3769.834482525777	0.7	2.85
228594.9270360925	2850	16.90188723194792	0.0	1415116	3988.194913045131	0.7	2.85
228599.06163130936	2850	16.767292015082802	0.0	1468126	4134.5952168651165	0.7	2.85
228603.3001621805	2850	16.528761143926772	0.0	1505760	4238.53087115603	0.7	2.85
228607.03668997253	2850	16.79223335191352	0.0	1323990	3736.5277920132503	0.7	2.85
228610.93821844654	2850	16.890704877920925	0.0	1383735	3901.5284739925946	0.7	2.85
228615.10688812006	2850	16.72203520437724	0.0	1480464	4168.669673543686	0.7	2.85
228619.460893232	2850	16.368030092449256	0.0	1547572	4354.005111927983	0.7	2.85
228622.6947302694	2850	17.134193055029666	0.0	1141971	3233.83703741959	0.7	2.85
228626.91312799184	2850	16.915795332616284	0.0	1498470	4218.397722413383	0.7	2.85
228631.30494420655	2850	16.523979117885066	0.0	1561263	4391.816214731216	0.7	2.85
228635.08900445714	2850	16.739918867297096	0.0	1341201	3784.0602505879683	0.7	2.85
228639.30522868325	2850	16.523694641188303	0.0	1497683	4216.224226108793	0.7	2.85
228643.13590725357	2850	16.693016070877995	0.0	1358081	3830.6785703103096	0.7	2.85
228647.5996117895	2850	16.229311534916175	0.0	1587293	4463.704535961819	0.7	2.85
228651.8019968924	2850	16.026926432037754	0.0	1492672	4202.385102878423	0.7	2.85
228655.85862794067	2850	15.970295383760416	0.0	1439896	4056.631048277337	0.7	2.85
228659.0850634913	2850	16.743859833121387	0.0	1139291	3226.435550639029	0.7	2.85
228663.30494979632	2850	16.523973528105497	0.0	1499009	4219.886305015892	0.7	2.85
228667.327285448	2850	16.501637876410626	0.0	1427478	4022.3356516948697	0.7	2.85
228671.2800498857	2850	16.548873438704234	0.0	1402287	3952.764437706391	0.7	2.85
228675.05941240158	2850	16.76951092282288	0.0	1339500	3779.36251588135	0.7	2.85
228679.35742858012	2850	16.471494744291288	0.0	1527299	4298.016178531594	0.7	2.85
228683.14646274026	2850	16.682460584116832	0.0	1343002	3789.0341601744567	0.7	2.85
228687.61004852105	2850	16.218874803353355	0.0	1587250	4463.585780763474	0.7	2.85
228691.735792333	2850	16.093130991388126	0.0	1464921	4125.743811965229	0.7	2.85
228698.02007757983	4300	13.808845744577713	0.0	2246506	6284.285246810413	0.7	2.8499999999999996
228703.51625361896	4300	12.312669705461962	0.0	1961140	5496.176039115752	0.7	4.3
228709.54785542117	4300	10.281067903241357	0.0	2155012	6031.601802220604	0.7	4.3
228710.87142395554	750	12.957499368908696	0.0	450283	1323.568534332663	0.7	0.75
228714.90572074128	2850	12.923202583166582	0.0	1431809	4034.296785742113	0.7	0.75
228718.57839137758	2850	13.250531946877265	0.0	1300868	3672.6706362893174	0.7	2.85
228722.85702560304	2850	12.971897721415065	0.0	1520281	4278.634225462199	0.7	2.85
228727.00386089057	2850	12.825062433874036	0.0	1472558	4146.835287541029	0.7	2.85
228730.4649594749	2850	13.363963849556827	0.0	1224260	3461.0985843172093	0.7	2.85
228734.37937979228	2850	13.449543532171822	0.0	1388403	3914.420317385005	0.7	2.85
228738.9852481094	2850	12.843675215047249	0.0	1638769	4605.868317124572	0.7	2.85
228742.7881158693	2850	13.040807455140019	0.0	1348011	3802.8677599072303	0.7	2.85
228746.8167676405	2850	13.012155683942483	0.0	1429765	4028.6517711975357	0.7	2.85
228750.6376889523	2850	13.191234372138041	0.0	1354548	3820.9213118044427	0.7	2.85
228754.91541180064	2850	12.913511523779418	0.0	1519951	4277.722848358622	0.7	2.85
228758.92515663957	2850	12.9037666848579	0.0	1422919	4009.744838921519	0.7	2.85
228763.3641435238	2850	12.464779800644598	0.0	1578343	4438.986884213302	0.7	2.85
228766.8450852732	2850	12.983838051208608	0.0	1231445	3480.94174943599	0.7	2.85
228770.9877972698	2850	12.841126054624063	0.0	1471065	4142.711996584546	0.7	2.85
228775.1872935834	2850	12.641629740989098	0.0	1491626	4199.496313634965	0.7	2.85
228779.01996061287	2850	12.80896271154371	0.0	1358801	3832.667029445386	0.7	2.85
228783.3451993493	2850	12.483723975103162	0.0	1537156	4325.238736440548	0.7	2.85
228787.11503383183	2850	12.713889492577385	0.0	1336050	3769.834482525777	0.7	2.85
228791.1032287449	2850	12.725694579532254	0.0	1415116	3988.194913045131	0.7	2.85
228795.23782396177	2850	12.591099362667137	0.0	1468126	4134.5952168651165	0.7	2.85
228799.4763548329	2850	12.352568491511107	0.0	1505760	4238.53087115603	0.7	2.85
228803.2128826249	2850	12.616040699497857	0.0	1323990	3736.5277920132507	0.7	2.85
228807.11441109894	2850	12.714512225505263	0.0	1383735	3901.5284739925946	0.7	2.85
228811.28308077247	2850	12.545842551961577	0.0	1480464	4168.669673543686	0.7	2.85
228815.6370858844	2850	12.191837440033597	0.0	1547572	4354.005111927982	0.7	2.85
228818.8709229218	2850	12.958000402614005	0.0	1141971	3233.83703741959	0.7	2.85
228823.08932064424	2850	12.739602680200623	0.0	1498470	4218.397722413383	0.7	2.85
228827.48113685896	2850	12.347786465469406	0.0	1561263	4391.816214731216	0.7	2.85
228831.26519710955	2850	12.563726214881438	0.0	1341201	3784.060250587968	0.7	2.85
228835.48142133566	2850	12.347501988772645	0.0	1497683	4216.224226108793	0.7	2.85
228839.31209990598	2850	12.516823418462335	0.0	1358081	3830.678570310309	0.7	2.85
228845.24283494503	2850	10.586088379409105	0.0	1587293	5930.735039053229	0.7	2.85
228858.80517576291	2850	4.0	2.976252438489679	1492672	13562.340817898785	0.7	-9.94788548550562
228867.41119337184	1850	4.0	4.60601760891141	943942	8606.01760891141	0.7	-18.95587571831906
228871.8972836844	1200	4.0	0.4860903125809555	487812	4486.0903125809555	0.7	-1.5401883440981088
228875.2430664939	750	4.654217190498936	0.0	361565	3345.782809501065	0.7	0.3
228886.78849688478	750	4.0	6.891213200405279	378327	11545.430390904214	0.7	-28.882216761742697
228894.59680869107	750	4.0	3.8083118062799994	390680	7808.3118062799995	0.7	-15.625740767003997
228897.57426064607	300	5.022548045014699	0.0	147968	2977.4519549853007	0.75	-0.15000000000000002
228900.5069353282	300	6.08987336290886	0.0	161857	2932.6746821058387	0.75	0.3
228902.57983927222	300	8.016969418863994	0.0	145210	2072.903944044866	0.75	0.3
228904.57157627476	300	10.02523241633058	0.0	172312	1991.7370025334144	0.75	0.3
228906.3393416933	300	12.257466997787619	0.0	167025	1767.7654185429617	0.75	0.3
228908.03676713232	300	14.560041558759565	0.0	160064	1697.4254390280532	0.75	0.3
228911.46201368287	750	15.13479500821382	0.0	331053	3425.246550545745	0.75	0.3
228920.09447000554	1850	10.5023386855543	0.0	846370	8632.45632265952	0.75	0.75
228924.72451985412	750	9.872288836982047	0.0	450283	4630.049848572252	0.75	0.75
228928.83499764887	750	9.761811042237916	0.0	398865	4110.477794744131	0.75	0.75
228932.4599062674	750	10.136902423708394	0.0	350812	3624.9086185295223	0.75	0.75
228936.37954875294	750	10.217259938173294	0.0	382355	3919.6424855351006	0.75	0.75
228940.58414780098	750	10.012660890122948	0.0	411561	4204.599048050345	0.75	0.75
228943.85674566895	750	10.740063022144422	0.0	318564	3272.597867978526	0.75	0.75
228947.47086784645	750	11.125940844623788	0.0	352642	3614.122177520634	0.75	0.75
228951.9320360549	750	10.664772636159467	0.0	437162	4461.168208464322	0.75	0.75
228955.76780127574	750	10.829007415331326	0.0	374758	3835.7652208281424	0.75	0.75
228959.48367520847	750	11.113133482579135	0.0	362795	3715.8739327521916	0.75	0.75
228963.10359001032	750	11.493218680757915	0.0	353220	3619.9148018212195	0.75	0.75
228967.24377868403	750	11.353030007067192	0.0	405134	4140.1886736907245	0.75	0.75
228971.19572711163	750	11.401081579462781	0.0	386351	3951.9484276044104	0.75	0.75
228975.62930519087	750	10.967503500236367	0.0	434409	4433.578079226414	0.75	0.75
228979.08725701462	750	11.509551676480468	0.0	337059	3457.9518237558987	0.75	0.75
228982.83739562295	750	11.759413068150941	0.0	366214	3750.1386083295283	0.75	0.75
228986.5335866593	750	12.063222031811117	0.0	360831	3696.1910363398233	0.75	0.75
228990.3513626749	750	12.24544601620711	0.0	372963	3817.776015604007	0.75	0.75
228994.4961814393	750	12.100627251812456	0.0	405596	4144.818764394652	0.75	0.75
228998.09097148484	750	12.505837206256926	0.0	350713	3594.7900455555327	0.75	0.75
229002.04413255525	750	12.552676135849106	0.0	386472	3953.1610704078203	0.75	0.75
229006.13180678023	750	12.465001910834966	0.0	399894	4087.6742250141406	0.75	0.75
229010.1897436377	750	12.407065053399046	0.0	401853	4057.936857435919	0.75	0.75
229013.67089009014	750	12.925918600928101	0.0	343800	3481.146452470945	0.75	0.75
229017.3113403859	750	13.285468305164141	0.0	359903	3640.4502957639625	0.75	0.75
229021.14763854767	750	13.44917014343285	0.0	379700	3836.2981617312907	0.75	0.75
229025.4398070691	750	13.157001621968243	0.0	425781	4292.168521464605	0.75	0.75
229028.267197378	750	14.329611313083948	0.0	277716	2827.390308884296	0.75	0.75
229032.30823703765	750	14.288571653445914	0.0	400396	4041.0396596380347	0.75	0.75
229036.35038469147	750	14.246423999617429	0.0	400508	4042.1476538284846	0.75	0.75
229039.97648717012	750	14.620321520969274	0.0	358218	3626.102478648156	0.75	0.75
229044.02661245392	750	14.570196237201928	0.0	400322	4050.125283767346	0.75	0.75
229047.77437818798	750	14.822430503125828	0.0	369834	3747.7657340761	0.75	0.75
229051.9486188537	750	14.648189837425067	0.0	412837	4174.2406657007605	0.75	0.75
229056.00634081205	750	14.590467879062356	0.0	401088	4057.721958362711	0.75	0.75
229059.7077628642	750	14.889045826949886	0.0	365161	3701.422052112469	0.75	0.75
229062.9718604259	750	15.62494826521838	0.0	321064	3264.0975617315044	0.75	0.75
229068.7601861792	1200	13.836622511927454	0.0	575591	5788.3257532909265	0.75	0.75
229074.8489376029	1200	11.74787108824828	0.0	605884	6088.751423679174	0.75	1.2
229078.80343999312	750	11.793368698016847	0.0	390680	3954.502390231431	0.75	0.3
229082.3100361021	750	12.286772589019193	0.0	345516	3506.5961089976527	0.75	0.75
229086.2032989811	750	12.393509710049356	0.0	384505	3893.2628789698374	0.75	0.75
229089.9734679631	750	12.62334072804776	0.0	372093	3770.1689820015963	0.75	0.75
229094.30296899792	750	12.293839693234613	0.0	438281	4329.501034813147	0.75	0.75
229098.17388261115	750	12.422926080008645	0.0	398987	3870.9136132259687	0.75	0.75
229104.3220218717	1200	10.274786819490105	0.0	638661	6148.13926051854	0.75	0.75
229109.519560947	1200	9.07724774416468	0.0	538612	5197.539075325426	0.75	1.2
229117.64121532376	1850	4.955593367390342	0.0	846370	8121.654376774339	0.75	1.2000000000000002
229121.9995099913	750	4.59729869988431	0.0	450283	4358.294667506032	0.75	0.75
229125.86926444026	750	4.727544250893802	0.0	398865	3869.754448990509	0.75	0.75
229127.27809421468	300	7.318714476477731	0.0	139857	1408.8297744160695	0.75	-0.15000000000000002
229128.83490745604	300	9.761901235116639	0.0	155432	1556.813241361094	0.75	0.3
229132.8252909963	750	9.771517694868729	0.0	411561	3990.38354024791	0.75	0.3
229135.93207784469	750	10.664730846465856	0.0	318564	3106.786848402874	0.75	0.75
229139.36265156863	750	11.234157122521887	0.0	352642	3430.5737239439686	0.75	0.75
229143.59627907272	750	11.000529618404984	0.0	437162	4233.627504116903	0.75	0.75
229147.23698456908	750	11.359824122072176	0.0	374758	3640.705496332808	0.75	0.75
229150.7640254609	750	11.832783230237817	0.0	362795	3527.0408918343587	0.75	0.75
229154.20009096296	750	12.3967177281947	0.0	353220	3436.0655020431163	0.75	0.75
229158.12940935124	750	12.467399339924683	0.0	405134	3929.3183882700187	0.75	0.75
229161.880263954	750	12.716544737184577	0.0	386351	3750.8546027401057	0.75	0.75
229166.08773425204	750	12.509074439135066	0.0	434409	4207.470298049511	0.75	0.75
229169.37024849825	750	13.226560192905659	0.0	337059	3282.5142462294057	0.75	0.75
229172.92977449275	750	13.667034198439836	0.0	366214	3559.5259944658224	0.75	0.75
229176.43815474067	750	14.158653950527148	0.0	360831	3508.3802479126884	0.75	0.75
229180.06180532058	750	14.535003370609514	0.0	372963	3623.6505799176343	0.75	0.75
229183.9955133308	750	14.601295360398655	0.0	405596	3933.708010210859	0.75	0.75
229187.4077589579	750	15.189049733259628	0.0	350713	3412.245627139028	0.75	0.75
229191.15976322355	750	15.437045467630254	0.0	386472	3752.004265629373	0.75	0.75
229195.0392945578	750	15.557514133407873	0.0	399894	3879.5313342223826	0.75	0.75
229198.9374390292	750	15.65936966199478	0.0	401853	3898.144471413092	0.75	0.75
229202.2840018501	750	16.3128068410831	0.0	343800	3346.5628209116794	0.75	0.75
229205.78356484874	750	16.81324384243686	0.0	359903	3499.5629986462363	0.75	0.75
229209.47122599796	750	17.125582693221723	0.0	379700	3687.6611492151387	0.75	0.75
229213.59671868107	750	17.00009001011935	0.0	425781	4125.492683102372	0.75	0.75
229216.31539454023	750	18.281414150979423	0.0	277716	2718.67585913993	0.75	0.75
229220.19969555023	750	18.397113140968504	0.0	400396	3884.3010100109154	0.75	0.75
229224.08506071102	750	18.51174798018405	0.0	400508	3885.365160784453	0.75	0.75
229227.56861394134	750	19.028194749871837	0.0	358218	3483.553230312216	0.75	0.75
229231.45221185175	750	19.14459683947915	0.0	400322	3883.5979103926857	0.75	0.75
229235.04613271944	750	19.550675971797208	0.0	369834	3593.9208676819376	0.75	0.75
229238.90370699894	750	19.693101692290487	0.0	412837	3857.574279506723	0.75	0.75
229242.5998623928	750	19.996946298441987	0.0	401088	3696.1553938484976	0.75	0.75
229245.9721047929	750	20.624703898337494	0.0	365161	3372.242400104494	0.75	0.75
229248.9467745795	750	21.65003411173063	0.0	321064	2974.6697866068644	0.75	0.75
229252.28659592787	750	22.31021276335613	0.0	361565	3339.8213483745017	0.75	0.75
229257.82916447803	1200	20.767644213196306	0.0	605884	5542.568550159825	0.75	0.75
229263.20603945514	1200	19.390769236088147	0.0	587506	5376.874977108155	0.75	1.2
229268.39716957472	1200	18.199639116527628	0.0	566904	5191.130119560517	0.75	1.2
229274.26041442296	1200	16.3363942682776	0.0	641452	5863.244848250028	0.75	1.2
229279.74521832395	1200	14.851590367292989	0.0	599477	5484.803900984612	0.75	1.2
229285.5490396038	1200	13.047769087439065	0.0	634861	5803.821279853925	0.75	1.2
229291.31086498292	1200	11.285943708296571	0.0	630203	5761.825379142494	0.75	1.2
229297.14894655105	1200	9.447862140185146	0.0	638661	5838.081568111425	0.75	1.2
229302.08499980866	1200	8.511808882567049	0.0	538612	4936.053257618097	0.75	1.2
229309.79575774883	1850	4.801050942435325	0.0	846370	7710.757940131724	0.75	1.2000000000000002
229313.9354486376	750	4.661360053632162	0.0	450283	4139.690888803163	0.75	0.75
229317.6115617628	750	4.985246928414302	0.0	398865	3676.11312521786	0.75	0.75
229320.85443551128	750	5.742373179943195	0.0	350812	3242.873748471107	0.75	0.75
229324.3816966999	750	6.215111991338843	0.0	382355	3527.261188604352	0.75	0.75
229327.98372150937	750	6.613087181856025	0.0	411561	3602.024809482819	0.75	0.75
229330.808744461	750	7.788064230234301	0.0	318564	2825.022951621723	0.75	0.75
229333.2699167053	750	9.32689198594518	0.0	352642	2461.1722442891214	0.75	0.75
229335.9130834524	750	10.683725238818562	0.0	437162	2643.1667471266182	0.75	0.75
229338.160222562	750	12.436586129193842	0.0	374758	2247.139109624721	0.75	0.75
229340.33747159524	750	14.259337095974418	0.0	362795	2177.2490332194225	0.75	0.75
229342.28041875613	750	16.316389935089408	0.0	353220	1942.9471608850113	0.7	0.75
229345.30958286484	1200	17.28722582637132	0.0	594078	3029.1641087180883	0.7	0.75
229348.47653772152	1200	18.1202709696933	0.0	624282	3166.9548566780154	0.7	1.2
229351.74682420897	1200	18.84998448222889	0.0	687371	3270.28648746441	0.7	1.2
229354.08265021435	1200	20.514158476856295	0.0	526950	2335.826005372597	0.7	1.2
229358.1146587415	1850	20.48214994970985	0.0	923170	4032.008527146447	0.7	1.2000000000000002
229362.33301103977	1850	20.263797651450652	0.0	966699	4218.352298259198	0.7	1.85
229366.2046737678	1850	20.39213492344499	0.0	885714	3871.662728005663	0.7	1.85
229370.5129637234	1850	20.083844967823854	0.0	987708	4308.289955621134	0.7	1.85
229374.54747658342	1850	20.04933210779356	0.0	923755	4034.5128600302933	0.7	1.85
229378.44435387672	1850	20.15245481451293	0.0	891604	3896.8772932806314	0.7	1.85
229382.61361268864	1850	19.983196002598955	0.0	955231	4169.258811913978	0.7	1.85
229386.83764575567	1850	19.759162935558795	0.0	968026	4224.033067040162	0.7	1.85
229390.65991105267	1850	19.93689763857314	0.0	874175	3822.265296985653	0.7	1.85
229396.66355731428	2850	17.93325137698428	0.0	1383735	6003.64626158886	0.7	1.85
229402.93750839162	2850	15.659300299639476	0.0	1480464	6273.951077344806	0.7	2.85
229409.26817880542	2850	13.328629885841625	0.0	1547572	6330.67041379785	0.7	2.85
229412.41054976828	1850	14.186258922984784	0.0	758197	3142.3709628568417	0.7	0.8500000000000001
229416.41969792888	1850	14.177110762381128	0.0	972798	4009.148160603656	0.7	1.85
229420.44101564927	1850	14.155793042004632	0.0	975811	4021.3177203764953	0.7	1.85
229424.04881067842	1850	14.54799801285378	0.0	873429	3607.795029150852	0.7	1.85
229427.98386306272	1850	14.612945628563681	0.0	954453	3935.0523842901007	0.7	1.85
229431.63864398262	1850	14.958164708660275	0.0	885062	3654.7809199034054	0.7	1.85
229435.90035594747	1850	14.696452743823153	0.0	1035329	4261.711964837122	0.7	1.85
229440.12461410288	1850	14.472194588403072	0.0	1026056	4224.2581554200815	0.7	1.85
229444.01721237405	1850	14.57959631721364	0.0	943942	3892.598271189431	0.7	1.85
229447.04150265985	1850	15.555306031409225	0.0	728962	3024.2902858044145	0.7	1.85
229450.91247199225	1850	15.684336699012876	0.0	938587	3870.9693323963493	0.7	1.85
229454.66258584257	1850	15.934222848701793	0.0	908665	3750.1138503110833	0.7	1.85
229458.50120264466	1850	16.095606046600977	0.0	930577	3838.616802100815	0.7	1.85
229462.04849723048	1850	16.54831146080803	0.0	858450	3547.294585792948	0.7	1.85
229466.2685103785	1850	16.32829831279626	0.0	1025005	4220.013148011766	0.7	1.85
229469.92810984625	1850	16.668698844997405	0.0	886255	3659.5994677988574	0.7	1.85
229473.94199981343	1850	16.654808877831083	0.0	973972	4013.8899671663225	0.7	1.85
229477.89539337627	1850	16.70141531500515	0.0	958994	3953.3935628259337	0.7	1.85
229483.9673849133	2850	14.629423777958548	0.0	1483527	6071.9915370466015	0.7	1.85
229489.02125726631	2850	13.575551424947609	0.0	1231456	5053.87235301094	0.7	2.85
229494.61264610925	2850	11.984162582016568	0.0	1364537	5591.388842931041	0.7	2.85
229496.511347033	750	14.085461658288214	0.0	450283	1898.7009237283546	0.7	0.75
229499.05953812922	1200	15.537270562070082	0.0	611087	2548.1910962181323	0.7	0.75
229502.6848705724	1850	15.91193811886889	0.0	877771	3625.3324432011905	0.7	1.2000000000000002
229506.5698567	1850	16.02695199126899	0.0	933276	3884.986127599902	0.7	1.85
229510.7643391147	1850	15.832469576545257	0.0	996749	4194.482414723732	0.7	1.85
229514.15102821516	1850	16.445780476105966	0.0	801058	3386.689100439291	0.7	1.85
229517.9689055983	1850	16.627903092964814	0.0	905515	3817.8773831411518	0.7	1.85
229522.42649224505	1850	16.170316446233162	0.0	1060487	4457.586646731651	0.7	1.85
229526.02690348317	1850	16.56990520810191	0.0	852833	3600.4112381312493	0.7	1.85
229529.87934379166	1850	16.71746489963203	0.0	913888	3852.4403084698774	0.7	1.85
229533.83882473272	1850	16.75798395856939	0.0	939819	3959.480941062638	0.7	1.85
229537.70587781508	1850	16.890930876223525	0.0	917428	3867.0530823458703	0.7	1.85
229541.69438616457	1850	16.902422526715693	0.0	946851	3988.5083495078306	0.7	1.85
229546.05276693712	1850	16.544041754154026	0.0	1036454	4358.380772561669	0.7	1.85
229549.52437937004	1850	17.07242932124276	0.0	821631	3471.6124329112695	0.7	1.85
229553.41513486695	1850	17.181673824321763	0.0	923170	3890.755496920998	0.7	1.85
229557.4855738198	1850	17.111234871454972	0.0	966699	4070.4389528667866	0.7	1.85
229561.221714611	1850	17.37509408026821	0.0	885714	3736.1407911867636	0.7	1.85
229565.37887666168	1850	17.217932029559407	0.0	987708	4157.162050708802	0.7	1.85
229569.02773646795	1850	17.56907222328997	0.0	923755	3648.8598062694386	0.7	1.85
229571.73892887798	1850	18.857879813265654	0.0	891604	2711.1924100243164	0.7	1.85
229574.47409258306	1850	20.122716108174036	0.0	955231	2735.163705091623	0.7	1.85
229577.1188277625	1850	21.47798092876339	0.0	968026	2644.7351794106444	0.7	1.85
229580.70667128134	2850	21.890137409903467	0.0	1323990	3587.843518859927	0.7	1.85
229584.45280610982	2850	22.144002581415606	0.0	1383735	3746.134828487859	0.7	2.85
229588.4552194568	2850	22.141589234407366	0.0	1480464	4002.4133470082415	0.8	2.85
229592.63543200388	2850	21.961376687357088	0.0	1547572	4180.212547050275	0.8	2.85
229595.7410255288	2850	22.855783162424128	0.0	1141971	3105.59352493296	0.8	2.85
229601.4765757106	4300	21.120232980649597	0.0	2134614	5735.5501817745335	0.8	2.8499999999999996
229607.2903535132	4300	19.30645517801852	0.0	2164140	5813.777802631078	0.8	4.3
229612.96914985543	4300	17.627658835787717	0.0	2113193	5678.796342230806	0.8	4.3
229618.73977343846	4300	15.857035252777019	0.0	2147852	5770.623583010695	0.8	4.3
229624.62491149103	4300	13.971897200191657	0.0	2191074	5885.138052585362	0.8	4.3
229630.76356733666	4300	11.8332413545798	0.0	2286761	6138.655845611858	0.8	4.3
229636.9579304896	4300	9.638878201641186	0.0	2307787	6194.363152938612	0.8	4.3
229642.71821062508	4300	7.878598066162292	0.0	2143948	5760.280135478894	0.8	4.3
229645.81670362764	2850	8.780105063612842	0.0	1139291	3098.4930025494486	0.8	1.4000000000000001
229649.86825099986	2850	8.728557691379894	0.0	1499009	4051.547372232947	0.8	2.85
229653.73028066067	2850	8.866528030570423	0.0	1427478	3862.0296608094704	0.8	2.85
229657.52556806055	2850	9.071240630717305	0.0	1402287	3795.287399853118	0.8	2.85
229661.15450452798	2850	9.442304163287135	0.0	1339500	3628.9364674301705	0.8	2.85
229665.28100480256	2850	9.31580388872974	0.0	1527299	4126.500274557397	0.8	2.85
229668.91921963915	2850	9.677589052125295	0.0	1343002	3638.214836604445	0.8	2.85
229673.20455700977	2850	9.392251681517951	0.0	1587250	4285.337370607344	0.8	2.85
229677.1657899764	2850	9.431018714885422	0.0	1464921	3961.2329666325295	0.8	2.85
229681.17631858462	2850	9.420490106660504	0.0	1483527	4010.5286082249186	0.8	2.85
229686.45225831118	4300	8.14455038009387	0.0	1961140	5275.939726566633	0.8	2.8499999999999996
229692.24185194654	4300	6.354956744745138	0.0	2155012	5789.593635348732	0.8	4.3
229693.51485363324	750	9.081955058023333	0.0	450283	1273.0016867218062	0.8	0.75
229697.38835805617	2850	9.20845063510827	0.0	1431809	3873.5044229150617	0.8	0.75
229700.9149410233	2850	9.681867667946682	0.0	1300868	3526.582967161591	0.8	2.85
229705.02284746725	2850	9.573961224018941	0.0	1520281	4107.906443927739	0.8	2.85
229709.00431427322	2850	9.592494418042056	0.0	1472558	3981.4668059768846	0.8	2.85
229712.32792827816	2850	10.268880413102856	0.0	1224260	3323.6140049392015	0.8	2.85
229716.08643073295	2850	10.510377958314164	0.0	1388403	3758.502454788691	0.8	2.85
229720.50826504856	2850	10.088543642678426	0.0	1638769	4421.83431563574	0.8	2.85
229724.15975097346	2850	10.437057717783308	0.0	1348011	3651.485924895119	0.8	2.85
229728.02783992334	2850	10.568968767909999	0.0	1429765	3868.088949873309	0.8	2.85
229731.69664529405	2850	10.900163397186144	0.0	1354548	3668.805370723854	0.8	2.85
229735.8036774199	2850	10.79313127131309	0.0	1519951	4107.032125873054	0.8	2.85
229739.6536282443	2850	10.94318044690154	0.0	1422919	3849.9508244115495	0.8	2.85
229743.9153669758	2850	10.681441715424768	0.0	1578343	4261.738731476774	0.8	2.85
229747.25801726928	2850	11.338791421931266	0.0	1231445	3342.6502934935024	0.8	2.85
229751.23552844842	2850	11.361280242789674	0.0	1471065	3977.511179141593	0.8	2.85
229755.26751494128	2850	11.329293749943838	0.0	1491626	4031.986492845835	0.8	2.85
229758.94758841713	2850	11.649220274109135	0.0	1358801	3680.073475834702	0.8	2.85
229763.10020430703	2850	11.496604384203133	0.0	1537156	4152.615889906003	0.8	2.85
229766.7200001766	2850	11.876808514617407	0.0	1336050	3619.7958695857255	0.8	2.85
229770.5492773532	2850	12.047531338026207	0.0	1415116	3829.2771765912003	0.8	2.85
229774.51900180275	2850	12.077806888468622	0.0	1468126	3969.724449557586	0.8	2.85
229778.5884356028	2850	12.008373088395718	0.0	1505760	4069.433800072903	0.8	2.85
229782.17627912166	2850	12.420529569535791	0.0	1323990	3587.843518859927	0.8	2.85
229785.92241395015	2850	12.674394741047932	0.0	1383735	3746.1348284878586	0.8	2.85
229789.92482729716	2850	12.671981394039689	0.0	1480464	4002.4133470082425	0.8	2.85
229794.1050398442	2850	12.491768846989412	0.0	1547572	4180.212547050275	0.8	2.85
229797.21063336913	2850	13.386175322056454	0.0	1141971	3105.593524932959	0.8	2.85
229801.26075268857	2850	13.336056002646162	0.0	1498470	4050.1193194102934	0.8	2.85
229805.4772388371	2850	13.119569854121016	0.0	1561263	4216.486148525144	0.8	2.85
229809.11068201668	2850	13.486126674536237	0.0	1341201	3633.4431795847795	0.8	2.85
229813.15871622	2850	13.438092471213938	0.0	1497683	4048.0342033222996	0.8	2.85
229816.83688209282	2850	13.759926598407644	0.0	1358081	3678.165872806296	0.8	2.85
229821.1223333897	2850	13.474475301508322	0.0	1587293	4285.4512968993195	0.8	2.85
229825.15709120582	2850	13.439717485373999	0.0	1492672	4034.7578161343245	0.8	2.85
229829.05202171998	2850	13.544786971221827	0.0	1439896	3894.930514152171	0.8	2.85
229832.15051472257	2850	14.446293968672379	0.0	1139291	3098.493002549449	0.8	2.85
229836.2020620948	2850	14.394746596439433	0.0	1499009	4051.547372232947	0.8	2.85
229840.0640917556	2850	14.532716935629962	0.0	1427478	3862.0296608094704	0.8	2.85
229843.85937915544	2850	14.737429535776844	0.0	1402287	3795.287399853118	0.8	2.85
229847.4883156229	2850	15.108493068346673	0.0	1339500	3628.9364674301705	0.8	2.85
229851.61481589745	2850	14.981992793789278	0.0	1527299	4126.500274557397	0.8	2.85
229855.25303073405	2850	15.343777957184834	0.0	1343002	3638.214836604445	0.8	2.85
229859.53836810467	2850	15.058440586577488	0.0	1587250	4285.337370607345	0.8	2.85
229865.24831401467	4300	13.348494676562005	0.0	2124950	5709.9459100154845	0.8	2.8499999999999996
229871.28031630485	4300	11.316492386378592	0.0	2246506	6032.002290183414	0.8	4.3
229876.5562560314	4300	10.040552659811958	0.0	1961140	5275.939726566633	0.8	4.3
229882.34584966677	4300	8.250959024463228	0.0	2155012	5789.593635348731	0.8	4.3
229883.6188513535	750	10.97795733774142	0.0	450283	1273.0016867218062	0.8	0.75
229886.23618858441	1850	12.360620106826257	0.0	957685	2617.337230915164	0.8	0.75
229888.64179777587	1850	13.955010915372243	0.0	877771	2405.609191454011	0.8	1.85
229891.19446461467	1850	15.40234407656869	0.0	933276	2552.666838803553	0.8	1.85
229895.1759314206	2850	15.420877270591806	0.0	1472558	3981.4668059768846	0.8	1.85
229898.49954542555	2850	16.097263265652604	0.0	1224260	3323.614004939202	0.8	2.85
229902.25804788034	2850	16.338760810863914	0.0	1388403	3758.5024547886906	0.8	2.85
229906.67988219598	2850	15.916926495228173	0.0	1638769	4421.83431563574	0.8	2.85
229910.33136812088	2850	16.265440570333055	0.0	1348011	3651.485924895119	0.8	2.85
229914.19945707073	2850	16.397351620459748	0.0	1429765	3868.088949873309	0.8	2.85
229917.86826244145	2850	16.728546249735892	0.0	1354548	3668.805370723854	0.8	2.85
229921.97529456732	2850	16.621514123862838	0.0	1519951	4107.032125873054	0.8	2.85
229925.82524539172	2850	16.771563299451287	0.0	1422919	3849.95082441155	0.8	2.85
229930.0869841232	2850	16.509824567974515	0.0	1578343	4261.738731476774	0.8	2.85
229933.4296344167	2850	17.167174274481013	0.0	1231445	3342.6502934935024	0.8	2.85
229937.40714559585	2850	17.18966309533942	0.0	1471065	3977.511179141593	0.8	2.85
229941.43913208868	2850	17.157676602493584	0.0	1491626	4031.9864928458346	0.8	2.85
229945.11920556452	2850	17.477603126658884	0.0	1358801	3680.073475834702	0.8	2.85
229949.27182145443	2850	17.324987236752882	0.0	1537156	4152.615889906003	0.8	2.85
229952.89161732403	2850	17.705191367167153	0.0	1336050	3619.795869585726	0.8	2.85
229956.7208945006	2850	17.875914190575955	0.0	1415116	3829.2771765912007	0.8	2.85
229960.69061895015	2850	17.906189741018366	0.0	1468126	3969.724449557586	0.8	2.85
229964.76005275024	2850	17.836755940945462	0.0	1505760	4069.433800072903	0.8	2.85
229968.3478962691	2850	18.24891242208554	0.0	1323990	3587.843518859927	0.8	2.85
229972.09403109757	2850	18.502777593597678	0.0	1383735	3746.1348284878586	0.8	2.85
229976.09644444456	2850	18.500364246589438	0.0	1480464	4002.4133470082425	0.8	2.85
229980.27665699163	2850	18.32015169953916	0.0	1547572	4180.212547050275	0.8	2.85
229983.38225051656	2850	19.2145581746062	0.0	1141971	3105.5935249329596	0.8	2.85
229987.43236983597	2850	19.164438855195908	0.0	1498470	4050.119319410293	0.8	2.85
229991.6488559845	2850	18.947952706670765	0.0	1561263	4216.486148525144	0.8	2.85
229995.2822991641	2850	19.31450952708599	0.0	1341201	3633.4431795847795	0.8	2.85
229999.3303333674	2850	19.26647532376369	0.0	1497683	4048.0342033222996	0.8	2.85
230003.0084992402	2850	19.588309450957393	0.0	1358081	3678.1658728062957	0.8	2.85
230007.2939505371	2850	19.302858154058075	0.0	1587293	4285.4512968993195	0.8	2.85
230013.48831369006	4300	17.108495001119465	0.0	2307787	6194.363152938612	0.8	2.8499999999999996
230019.24859382556	4300	15.34821486564057	0.0	2143948	5760.280135478894	0.8	4.3
230024.41495500537	4300	14.181853685812603	0.0	1919781	5166.361179827966	0.8	4.3
230030.18455855065	4300	12.412250140532375	0.0	2147467	5769.603545280228	0.8	4.3
230035.91813754264	4300	10.678671148553862	0.0	2133870	5733.578991978513	0.8	4.3
230039.71342494249	2850	10.883383748700744	0.0	1402287	3795.2873998531177	0.8	1.4000000000000001
230043.34236140994	2850	11.254447281270574	0.0	1339500	3628.9364674301705	0.8	2.85
230064.6344468879	2850	4.0	10.03763819670184	1527299	21292.085477972414	0.8	-40.31184424581791
230067.95378980364	1200	4.6806570842892175	0.0	599477	3319.3429157107817	0.8	-0.44999999999999996
230071.1805990732	1200	5.453847814712586	0.0	634861	3226.8092695766322	0.8	1.2
230074.04328277416	1200	6.591164113769383	0.0	630203	2862.683700943203	0.8	1.2
230078.31259726838	1850	6.321849619533888	0.0	982064	4269.314494235496	0.8	1.2000000000000002
230081.93634719687	1850	6.698099691019807	0.0	830730	3623.7499285140816	0.7	1.85
230085.6268146496	1850	7.00763223830176	0.0	846370	3690.4674527180473	0.7	1.85
230087.62764373852	750	9.00680314935456	0.0	450283	2000.8290889471987	0.7	0.75
230089.4091325679	750	11.225314319967433	0.0	398865	1781.4888293871284	0.7	0.75
230091.9251369742	1200	12.709309913688744	0.0	571051	2516.0044062786887	0.7	0.75
230094.64005686343	1200	13.994390024441326	0.0	617681	2714.919889247417	0.7	1.2
230098.9720150177	1850	13.662431870171611	0.0	996749	4331.958154269717	0.7	1.2000000000000002
230102.4691893466	1850	14.16525754128541	0.0	801058	3497.174328886201	0.7	1.85
230106.41195909912	1850	14.222487788756395	0.0	905515	3942.769752529015	0.7	1.85
230111.01581249366	1850	13.618634394223738	0.0	1060487	4603.853394532656	0.7	1.85
230114.73384998212	1850	13.900596905768463	0.0	852833	3718.0374884552743	0.7	1.85
230118.71233749873	1850	13.922109389162735	0.0	913888	3978.487516605729	0.7	1.85
230122.80144215855	1850	13.833004729325994	0.0	939819	4089.1046598367416	0.7	1.85
230126.79503070045	1850	13.839416187420902	0.0	917428	3993.5885419050924	0.7	1.85
230130.9141326512	1850	13.72031423665051	0.0	946851	4119.101950770391	0.7	1.85
230139.04900414983	1850	9.585442738038488	0.0	1036454	8134.871498612023	0.7	1.85
230146.12232001225	1850	6.512126875631852	0.0	821631	7073.315862406636	0.7	1.85
230151.20602916626	1200	5.428417721609955	0.0	587876	5083.709154021896	0.7	0.5499999999999999
230156.53968715813	1200	4.09475972970897	0.0	617242	5333.657991900985	0.7	1.2
230159.7941633695	750	4.840283518379594	0.0	372963	3254.4762113293764	0.7	0.3
230163.3263955035	750	5.308051384333188	0.0	405596	3532.2321340464064	0.7	0.75
230166.39149074221	750	6.2429561456527844	0.0	350713	3065.0952386804042	0.7	0.75
230169.76094886634	750	6.87349802153622	0.0	386472	3369.4581241165656	0.7	0.75
230173.24464840235	750	7.389798485514282	0.0	399894	3483.6995360219366	0.7	0.75
230176.74502197548	750	7.889424912394847	0.0	401853	3500.3735731194356	0.7	0.75
230179.75127718435	750	8.88316970355365	0.0	343800	3006.2552088411976	0.7	0.75
230182.89459314835	750	9.739853739540928	0.0	359903	3143.3159640127215	0.7	0.75
230187.58027850953	750	9.054168378369337	0.0	379700	4685.6853611715915	0.7	0.75

