723803.2692540826	750	4.0	1.6643098851032043	450283	1664.3098851032044	1	-6.406532505943778
723805.815681236	1200	5.45357284649778	0.0	611087	2546.4271535022203	0.642005543935495	0.75
723808.0219999579	1200	7.24725412475361	0.0	571051	2206.3187217441705	0.642005543935495	1.2
723810.2591938514	1200	9.010060231197711	0.0	617681	2237.193893555899	0.642005543935495	1.2
723812.5635055377	1200	10.705748544794186	0.0	652874	2304.3116864035246	0.642005543935495	1.2
723814.4207432182	1200	12.848510864402495	0.0	520315	1857.2376803916932	0.642005543935495	1.2
723817.7032511708	1850	13.566002911806445	0.0	905515	3282.50795259605	0.642005543935495	1.2000000000000002
723821.4055457909	1850	13.8637082916003	0.0	1060487	3702.2946202061444	0.642005543935495	1.85
723824.880567957	1850	14.388686125602373	0.0	852833	3475.022165997926	0.642005543935495	1.85
723828.3842699606	1850	14.88498412206239	0.0	913888	3503.7020035399833	0.642005543935495	1.85
723834.2176697261	1850	13.051584356490414	0.0	939819	5833.399765571975	0.642005543935495	1.85
723839.2387897479	1850	12.030464334667052	0.0	917428	5021.120021823363	0.642005543935495	1.85
723843.7045470797	1850	11.56470700285301	0.0	946851	4465.757331814041	0.642005543935495	1.85
723847.5159741844	1850	11.753279898287566	0.0	1036454	3811.4271045654446	0.642005543935495	1.85
723852.6009070864	1850	10.668346996347681	0.0	821631	5084.932901939884	0.642005543935495	1.85
723856.6110737554	1200	10.658180327390204	0.0	587876	4010.1666689574768	0.642005543935495	0.5499999999999999
723858.7810306796	1200	12.48822340315424	0.0	617242	2169.9569242359635	0.642005543935495	1.2
723861.7287388295	1200	13.540515253243324	0.0	581493	2947.7081499109163	0.642005543935495	1.2
723863.973328021	1200	15.295926061644769	0.0	639204	2244.589191598555	0.642005543935495	1.2
723866.0417549401	1200	17.227499142651098	0.0	586839	2068.426918993673	0.642005543935495	1.2
723868.3544629281	1200	18.91479115453538	0.0	601738	2312.707988115717	0.8306068164487974	1.2
723871.7330795376	1850	19.53617454503301	0.0	955231	3378.616609502368	0.8306068164487974	1.2000000000000002
723880.8068666433	1850	14.462387439344681	0.0	968026	9073.787105688329	0.8306068164487974	1.85
723883.8822501287	1850	15.387003954032876	0.0	874175	3075.3834853118046	0.8306068164487974	1.85
723891.6254482442	1850	11.64380583847858	0.0	897976	7743.198115554295	0.8306068164487974	1.85
723894.2611611634	1200	13.008092919226023	0.0	590335	2635.712919252558	0.8306068164487974	0.5499999999999999
723899.1844471581	1200	12.084806924518592	0.0	696376	4923.28599470743	0.8306068164487974	1.2
723900.9182619295	1200	14.350992153063022	0.0	487160	1733.81477145557	0.8306068164487974	1.2
723903.1128743893	1200	16.156379693336056	0.0	622896	2194.6124597269654	0.8306068164487974	1.2
723905.3704639362	1200	17.898790146357936	0.0	641447	2257.58954697812	0.8306068164487974	1.2
723911.543955023	1850	15.725299059505433	0.0	873429	6173.491086852504	0.8306068164487974	1.2000000000000002
723916.9760994058	1850	14.293154676817478	0.0	954453	5432.144382687955	0.8306068164487974	1.85
723920.3428624119	1850	14.926391670684776	0.0	885062	3366.763006132702	0.8306068164487974	1.85
723924.2449884028	1850	15.024265679648916	0.0	1035329	3902.1259910358576	0.8306068164487974	1.85
723930.4728691254	1850	12.79638495694888	0.0	1026056	6227.880722700035	0.8306068164487974	1.85
723933.4597385923	1200	13.809515490141461	0.0	598727	2986.869466807421	0.8306068164487974	0.5499999999999999
723935.4948947887	1200	15.774359293715428	0.0	487812	2035.1561964260318	0.8306068164487974	1.2
723940.0871625838	1200	15.182091498668765	0.0	575591	4592.267795046664	0.8306068164487974	1.2
723942.4257282077	1200	16.84352587482232	0.0	605884	2338.5656238464458	0.8306068164487974	1.2
723944.6523256548	1200	18.616928427782156	0.0	587506	2226.597447040163	0.8306068164487974	1.2
723946.7736641794	1200	20.49558990321332	0.0	566904	2121.338524568837	0.8306068164487974	1.2
723949.154490609	1200	22.114763473623313	0.0	641452	2380.8264295900094	0.8306068164487974	1.2
723951.3173482256	1200	23.951905856950457	0.0	599477	2162.857616672855	0.8306068164487974	1.2
723953.6535791742	1200	25.615674908340125	0.0	634861	2336.230948610331	0.8306068164487974	1.2
723962.2749540997	2850	20.994299982790235	0.0	1464921	8621.374925549891	0.8306068164487974	1.2000000000000002
723970.5788732076	2850	16.690380874890725	0.0	1483527	8303.919107899512	0.8306068164487974	2.85
723975.2763573033	2850	15.992896779170742	0.0	1231456	4697.484095719983	0.8306068164487974	2.85
723980.302837295	2850	14.966416787446084	0.0	1364537	5026.479991724658	0.8306068164487974	2.85
723981.9236342487	750	17.345619833712757	0.0	450283	1620.7969537333265	0.8306068164487974	0.75
723983.3639323997	750	19.905321682645578	0.0	398865	1440.2981510671777	0.8306068164487974	0.75
723989.6677600178	1850	17.601494064512405	0.0	877771	6303.827618133175	0.8306068164487974	0.75
723993.3562959292	1850	17.912958153109916	0.0	933276	3688.53591140249	0.8306068164487974	1.85
723998.4237433689	1850	16.845510713326053	0.0	996749	5067.447439783861	0.8306068164487974	1.85
724003.087327363	1850	16.181926719268837	0.0	801058	4663.583994057215	0.8306068164487974	1.85
724009.9719435545	1850	13.297310527811431	0.0	905515	6884.616191457409	0.8306068164487974	1.85
724014.1822128858	1850	13.087041196431345	0.0	1060487	4210.269331380086	0.8306068164487974	1.85
724017.8088912631	1850	13.460362819170047	0.0	852833	3626.6783772612966	0.8306068164487974	1.85
724024.2149079667	1850	11.0543461156651	0.0	913888	6406.016703504948	0.8306068164487974	1.85
724028.1434589899	1850	11.125795092394284	0.0	939819	3928.5510232708157	0.8306068164487974	1.85
724031.6117933565	1200	11.657460725657605	0.0	594078	3468.33436673668	0.8306068164487974	0.5499999999999999
724036.4961104585	1200	10.773143623684483	0.0	624282	4884.3171019731235	0.8306068164487974	1.2
724039.4687071299	1200	11.800546952173622	0.0	687371	2972.596671510858	0.8306068164487974	1.2
724042.1878761732	1200	13.081377909038707	0.0	526950	2719.169043134917	0.8306068164487974	1.2
724044.668853535	1200	14.600400547258921	0.0	587876	2480.977361779785	0.8306068164487974	1.2
724049.8471712925	1200	13.422082789646822	0.0	617242	5178.317757612099	0.8306068164487974	1.2
724052.5375946615	1200	14.731659420762838	0.0	581493	2690.4233688839827	0.8306068164487974	1.2
724056.9103250531	1200	14.358929029184266	0.0	639204	4372.7303915785715	0.8306068164487974	1.2
724059.0967002662	1200	16.172553816052165	0.0	586839	2186.3752131321016	0.8306068164487974	1.2
724061.3274944822	1200	17.94175960019056	0.0	601738	2230.794215861603	0.8306068164487974	1.2
724064.217454357	1200	19.05179972547099	0.0	616206	2889.9598747195732	0.8306068164487974	1.2
724068.3999886115	1200	18.869265470877682	0.0	656471	4182.534254593305	0.8306068164487974	1.2
724072.037698811	1200	19.231555271240097	0.0	536667	3637.710199637584	0.8306068164487974	1.2
724097.5618301595	1200	4.0	6.292576077236529	587236	25524.131348476625	0.8306068164487974	-25.858077132117074
724098.6340159089	300	6.927814250616277	0.0	153938	1072.1857493837229	0.8306068164487974	-0.6000000000000001
724099.3387839949	300	10.223046164632175	0.0	181901	704.7680859841028	0.8306068164487974	0.3
724099.8184456544	300	13.743384505175566	0.0	111155	479.66165945660987	0.8306068164487974	0.3
724100.4431620495	300	17.118668110033656	0.0	153605	624.7163951419054	0.8306068164487974	0.3
724101.0332554065	300	20.528574753029485	0.0	149029	590.0933570041714	0.8306068164487974	0.3
724102.4220243981	750	23.139805761449423	0.0	358218	1388.7689915800604	0.8306068164487974	0.3
724105.3774152384	1200	24.184414921180796	0.0	620283	2955.3908402686293	0.8306068164487974	0.75
724111.0303876606	1850	22.531442498920132	0.0	885062	5652.972422260664	0.8306068164487974	1.2000000000000002
724116.38977125	1850	21.172058909493597	0.0	1035329	5359.383589426535	0.8306068164487974	1.85
724120.2151037185	1850	21.346726441071564	0.0	1026056	3825.332468422033	0.8306068164487974	1.85
724123.7796123632	1850	21.782217796279173	0.0	943942	3564.5086447923927	0.8306068164487974	1.85
724126.4447303012	1850	23.11709985836097	0.0	728962	2665.117937918204	0.8306068164487974	1.85
724130.1704584904	1850	23.391371669189056	0.0	938587	3725.728189171914	0.8306068164487974	1.85
724134.4028129088	1850	23.159017250772003	0.0	908665	4232.354418417054	0.8306068164487974	1.85
724140.2778665177	1850	21.283963641829832	0.0	930577	5875.05360894217	0.8306068164487974	1.85
724145.1718104508	1850	20.390019708723006	0.0	858450	4893.943933106827	0.8306068164487974	1.85
724150.7749895956	1850	18.786840563904043	0.0	1025005	5603.179144818963	0.8306068164487974	1.85
724154.0914356308	1850	19.470394528764295	0.0	886255	3316.446035139746	0.8306068164487974	1.85
724159.7719314541	1850	17.789898705495112	0.0	973972	5680.495823269187	0.8306068164487974	1.85
724163.1465844396	1850	18.415245719988373	0.0	958994	3374.6529855067383	0.8306068164487974	1.85
724166.6140356314	1850	18.947794528079704	0.0	982064	3467.451191908668	0.8306068164487974	1.85
724174.1642713832	2850	15.397558776381597	0.0	1231456	7550.235751698107	0.8306068164487974	1.85
724180.9302273055	2850	12.631602854035107	0.0	1364537	6765.95592234649	0.8306068164487974	2.85
724182.5343615517	750	15.027468607790633	0.0	450283	1604.1342462444743	0.8306068164487974	0.75
724188.8692327096	1200	12.692597449911618	0.0	611087	6334.871157879015	0.8306068164487974	0.75
724191.8310804811	1200	13.7307496784967	0.0	571051	2961.8477714149185	0.8306068164487974	1.2
724196.9959125984	1200	12.565917561066025	0.0	617681	5164.8321174306775	0.8306068164487974	1.2
724200.0187993506	1200	13.54303080899278	0.0	652874	3022.8867520732438	0.8306068164487974	1.2
724201.9944062732	1200	15.567423886325246	0.0	520315	1975.6069226675334	0.8306068164487974	1.2
724211.4782872243	1200	10.08354293526108	0.0	561791	9483.880951064166	0.8306068164487974	1.2
724213.0555131813	750	12.506316978377283	0.0	437162	1577.225956883799	0.8306068164487974	0.3
724214.4190131313	750	15.142817028359078	0.0	374758	1363.4999500182055	0.8306068164487974	0.75
724216.0294124872	750	17.532417672496443	0.0	362795	1610.399355862636	0.8306068164487974	0.75
724220.5975700396	750	16.96426012016524	0.0	353220	4568.157552331201	0.8306068164487974	0.75
724222.1742813884	750	19.38754877127683	0.0	405134	1576.7113488884106	0.8306068164487974	0.75
724226.6324603506	1200	18.929369808989264	0.0	624282	4458.178962287564	0.8306068164487974	0.75
724231.506941382	1200	18.054888777674545	0.0	687371	4874.481031314716	0.8306068164487974	1.2
724233.4527970913	1200	20.109033068273458	0.0	526950	1945.8557094010896	0.8306068164487974	1.2
724235.5997154212	1200	21.96211473840959	0.0	587876	2146.918329863869	0.8306068164487974	1.2
724237.7835444802	1200	23.778285679420257	0.0	617242	2183.829058989332	0.8306068164487974	1.2
724241.1846080486	1200	24.377222110927836	0.0	581493	3401.063568492419	0.8306068164487974	1.2
724244.6076385049	1850	24.954191654605562	0.0	987708	3423.030456322273	0.8306068164487974	1.2000000000000002
724247.822112282	1850	25.739717877562843	0.0	923755	3214.473777042719	0.8306068164487974	1.85
724253.4817096462	1850	24.080120513353286	0.0	891604	5659.597364209558	0.8306068164487974	1.85
724257.8684340788	1850	23.693396080812818	0.0	955231	4386.724432540467	0.8306068164487974	1.85
724267.867419627	1850	17.694410532525254	0.0	968026	9998.985548287563	0.8306068164487974	1.85
724273.1489676912	1200	16.412862468404512	0.0	536667	5281.548064120739	0.8306068164487974	0.5499999999999999
724276.8348744473	1200	16.726955712276904	0.0	587236	3685.906756127611	0.8306068164487974	1.2
724279.4415264871	1200	18.120303672530365	0.0	590335	2606.6520397465397	0.8306068164487974	1.2
724281.9351544288	1200	19.62667573075484	0.0	696376	2493.627941775523	0.8306068164487974	1.2
724286.4184685259	1200	19.143361633730695	0.0	487160	4483.314097024145	0.8306068164487974	1.2
724288.6574944236	1200	20.904335736093895	0.0	622896	2239.025897636803	0.8306068164487974	1.2
724290.9751652047	1200	22.586664954881897	0.0	641447	2317.6707812119985	0.8306068164487974	1.2
724293.0027230275	1200	24.559107132203653	0.0	570392	2027.5578226782422	0.8306068164487974	1.2
724296.3218521931	1850	25.239977966601604	0.0	954453	3319.129165602052	0.8306068164487974	1.2000000000000002
724299.4768326383	1850	26.084997521424402	0.0	885062	3154.9804451772025	0.8306068164487974	1.85
724304.2601549611	1850	25.301675198550317	0.0	1035329	4783.322322874083	0.8306068164487974	1.85
724308.0477959611	1850	25.51403419851578	0.0	1026056	3787.64100003454	0.8306068164487974	1.85
724311.549947793	1850	26.011882366620615	0.0	943942	3502.1518318951657	0.8306068164487974	1.85
724314.1074672014	1850	27.454362958167135	0.0	728962	2557.51940845348	0.8306068164487974	1.85
724317.716865281	1850	27.844964878615812	0.0	938587	3609.3980795513235	0.8306068164487974	1.85
724324.4017496846	2850	25.160080475051316	0.0	1427478	6684.884403564493	0.8306068164487974	1.85
724329.275271296	2850	24.286558863548656	0.0	1402287	4873.521611502659	0.8306068164487974	2.85
724334.252482013	2850	23.309348146560797	0.0	1339500	4977.210716987856	0.8306068164487974	2.85
724341.8734265607	2850	19.688403598944785	0.0	1527299	7620.9445476160145	0.8306068164487974	2.85
724345.0981875913	1850	20.463642568328765	0.0	886255	3224.7610306160173	0.8306068164487974	0.8500000000000001
724348.7383024513	1850	20.823527708255025	0.0	973972	3640.1148600737433	0.8306068164487974	1.85
724352.3420507469	1850	21.21977941268138	0.0	958994	3603.748295573644	0.8306068164487974	1.85
724357.508700562	2850	20.05312959764478	0.0	1483527	5166.649815036599	0.8306068164487974	1.85
724364.4010846822	2850	17.160745477437057	0.0	1231456	6892.384120207722	0.8306068164487974	2.85
724370.3817551259	2850	15.180075033620913	0.0	1364537	5980.670443816144	0.8306068164487974	2.85
724373.4800234586	750	16.081806701072534	0.0	450283	3098.268332548377	0.8306068164487974	0.75
724375.6960288436	1200	17.865801316072837	0.0	611087	2216.005384999697	0.8306068164487974	0.75
724377.8252616151	1200	19.7365685445812	0.0	571051	2129.2327714916355	0.8306068164487974	1.2
724380.0614551174	1200	21.50037504225007	0.0	617681	2236.1935023311294	0.8306068164487974	1.2
724386.695204047	1850	18.86662611280559	0.0	996749	6633.748929444478	0.8306068164487974	1.2000000000000002
724395.0957765951	1850	14.466053564613736	0.0	801058	8400.572548191856	0.8306068164487974	1.85
724397.448924839	1200	16.112905320694914	0.0	561791	2353.148243918824	0.8306068164487974	0.5499999999999999
724401.0027455335	1200	16.559084626215487	0.0	709534	3553.8206944794233	0.8306068164487974	1.2
724403.1944474676	1200	18.36738269217476	0.0	584846	2191.701934040728	0.8306068164487974	1.2
724405.410054636	1200	20.151775523708846	0.0	560821	2215.6071684659137	0.8306068164487974	1.2
724407.6090928251	1200	21.952737334604482	0.0	607410	2199.038189104366	0.8306068164487974	1.2
724410.8101812578	1850	22.751648901964774	0.0	917428	3201.088432639705	0.8306068164487974	1.2000000000000002
724416.2988393435	1850	21.262990816319842	0.0	946851	5488.658085644934	0.8306068164487974	1.85
724422.467827163	1850	19.09400299662781	0.0	1036454	6168.987819692029	0.8306068164487974	1.85
724428.9265011463	1850	16.635329013423274	0.0	821631	6458.6739832045405	0.8306068164487974	1.85
724431.4858326105	1200	18.075997549265328	0.0	587876	2559.331464157946	0.8306068164487974	0.5499999999999999
724433.7568860744	1200	19.80494408527051	0.0	617242	2271.053463994819	0.8306068164487974	1.2
724436.9467803095	1200	20.615049850082933	0.0	581493	3189.8942351875753	0.8306068164487974	1.2
724439.4133133346	1200	22.14851682510782	0.0	639204	2466.5330249751155	0.8306068164487974	1.2
724442.2468876265	1200	23.31494253318458	0.0	586839	2833.574291923237	0.8306068164487974	1.2
724447.7586730507	1850	21.803157109113172	0.0	891604	5511.785424071409	0.8306068164487974	1.2000000000000002
724451.3924897903	1850	22.169340369480143	0.0	955231	3633.8167396330314	0.8306068164487974	1.85
724456.2768186812	1850	21.285011478649583	0.0	968026	4884.328890830558	0.8306068164487974	1.85
724459.509341296	1850	22.05248886370879	0.0	874175	3232.522614940794	0.8306068164487974	1.85
724462.7734573153	1850	22.788372844460337	0.0	897976	3264.116019248454	0.8306068164487974	1.85
724466.021709487	1850	23.540120672867573	0.0	905935	3248.2521715927664	0.8306068164487974	1.85
724473.9130457941	2850	19.648784365678242	0.0	1547572	7891.336307189331	0.8306068164487974	1.85
724478.2867166133	2850	19.27511354657268	0.0	1141971	4373.670819105563	0.8306068164487974	2.85
724481.8754209712	1850	19.686409188753853	0.0	972798	3588.704357818826	0.8306068164487974	0.8500000000000001
724485.2500181318	1850	20.31181202808763	0.0	975811	3374.5971606662247	0.8306068164487974	1.85
724488.2833109153	1850	21.27851924461462	0.0	873429	3033.292783473006	0.8306068164487974	1.85
724491.6007032711	1850	21.96112688886981	0.0	954453	3317.39235574481	0.8306068164487974	1.85
724494.7021144654	1850	22.85971569467263	0.0	885062	3101.4111941971805	0.8306068164487974	1.85
724500.2662452103	1850	21.295584949733776	0.0	1035329	5564.130744938856	0.8306068164487974	1.85
724503.8400785335	1850	21.72175162645161	0.0	1026056	3573.8333232821674	0.8306068164487974	1.85
724507.1560529429	1850	22.405777217061768	0.0	943942	3315.974409389839	0.8306068164487974	1.85
724509.7937290905	1850	23.768101069424585	0.0	728962	2637.676147637184	0.8306068164487974	1.85
724513.1516965391	1850	24.410133620748518	0.0	938587	3357.9674486760678	0.8306068164487974	1.85
724518.581733763	2850	22.98009639693534	0.0	1427478	5430.037223813179	0.8306068164487974	1.85
724523.9962107154	2850	21.565619444467995	0.0	1402287	5414.476952467345	0.8306068164487974	2.85
724528.7190041589	2850	20.842826000982328	0.0	1339500	4722.793443485665	0.8306068164487974	2.85
724537.6622966306	2850	15.899533529373322	0.0	1527299	8943.292471609006	0.8306068164487974	2.85
724541.3461218295	1850	16.215708330423382	0.0	886255	3683.825198949939	0.8306068164487974	0.8500000000000001
724544.7992963184	1850	16.76253384153993	0.0	973972	3453.1744888834533	0.8306068164487974	1.85
724548.8627180031	1850	16.69911215679231	0.0	958994	4063.4216847476214	0.8306068164487974	1.85
724552.721701605	1850	16.84012855500335	0.0	982064	3858.983601788963	0.8306068164487974	1.85
724558.4551259513	2850	15.106704208729946	0.0	1231456	5733.424346273405	0.8306068164487974	1.85
724563.1850311005	2850	14.376799059524437	0.0	1364537	4729.905149205508	0.8306068164487974	2.85
724564.8037622551	750	16.758067905022042	0.0	450283	1618.731154502397	0.8306068164487974	0.75
724572.4617723472	1850	13.100057812931041	0.0	957685	7658.010092091001	0.8306068164487974	0.75
724576.2628093804	1850	13.299020779713903	0.0	877771	3801.037033217139	0.8306068164487974	1.85
724578.4624233531	1200	15.099406807023517	0.0	617681	2199.6139726903857	0.8306068164487974	0.5499999999999999
724580.7621432293	1200	16.799686930887773	0.0	652874	2299.719876135744	0.8306068164487974	1.2
724583.4137366957	1200	18.148093464514595	0.0	520315	2651.5934663731787	0.8306068164487974	1.2
724585.9489559034	1200	19.61287425675308	0.0	561791	2535.219207761516	0.8306068164487974	1.2
724590.4906883371	1850	19.071141823079305	0.0	1060487	4541.732433673774	0.8306068164487974	1.2000000000000002
724593.6129239568	1850	19.94890620333817	0.0	852833	3122.235619741139	0.8306068164487974	1.85
724597.2254517487	1850	20.33637841151085	0.0	913888	3612.5277918273155	0.8306068164487974	1.85
724600.7576348084	1850	20.80419535185408	0.0	939819	3532.183059656772	0.8306068164487974	1.85
724604.0710609198	1850	21.49076924052674	0.0	917428	3313.4261113273424	0.8306068164487974	1.85
724608.3091921958	1850	21.252637964519458	0.0	946851	4238.131276007279	0.8306068164487974	1.85
724613.3156581512	1850	20.246172009091218	0.0	1036454	5006.46595542824	0.8306068164487974	1.85
724618.3579260784	1850	19.203904081900433	0.0	821631	5042.267927190783	0.8306068164487974	1.85
724621.736470825	1850	19.82535933519918	0.0	923170	3378.5447467012546	0.8306068164487974	1.85
724627.337233324	1850	18.22459683635522	0.0	966699	5600.762498843959	0.8306068164487974	1.85
724631.3379424034	1850	18.22388775689369	0.0	885714	4000.709079461531	0.8306068164487974	1.85
724634.8015586408	1850	18.760271519495127	0.0	987708	3463.6162373985617	0.8306068164487974	1.85
724644.9564122059	1850	12.605417954354568	0.0	923755	10154.853565140558	0.8306068164487974	1.85
724647.053773002	1200	14.508057158273205	0.0	601738	2097.3607960813642	0.8306068164487974	0.5499999999999999
724649.1928559917	1200	16.368974168734816	0.0	616206	2139.082989538388	0.8306068164487974	1.2
724651.4664080921	1200	18.09542206833887	0.0	656471	2273.552100395947	0.8306068164487974	1.2
724653.3524007703	1200	20.209429390016844	0.0	536667	1885.992678322025	0.8306068164487974	1.2
724655.4142314885	1200	22.147598671798484	0.0	587236	2061.8307182183585	0.8306068164487974	1.2
724657.4865208525	1200	24.075309307659648	0.0	590335	2072.2893641388378	0.8306068164487974	1.2
724663.3675342418	1850	22.194295918471923	0.0	1076599	5881.013389187728	0.8306068164487974	1.2000000000000002
724667.9880202455	1850	21.5738099148626	0.0	758197	4620.486003609322	0.8306068164487974	1.85
724671.3729763965	1850	22.188853763907495	0.0	972798	3384.956150955101	0.8306068164487974	1.85
724674.7307723504	1850	22.831057809947954	0.0	975811	3357.795953959545	0.8306068164487974	1.85
724680.8704822499	1850	20.691347910491814	0.0	873429	6139.709899456138	0.8306068164487974	1.85
724684.367607479	1850	21.19422268137082	0.0	954453	3497.1252291209917	0.8306068164487974	1.85
724691.3080391388	1850	18.253791021564687	0.0	885062	6940.431659806135	0.8306068164487974	1.85
724695.1007590202	1850	18.461071140104035	0.0	1035329	3792.7198814606527	0.8306068164487974	1.85
724698.6462448572	1850	18.91558530312163	0.0	1026056	3545.4858369824037	0.8306068164487974	1.85
724704.3268213483	1850	17.235008812011706	0.0	943942	5680.576491109923	0.8306068164487974	1.85
724706.883772281	1850	18.678057879248485	0.0	728962	2556.9509327632227	0.8306068164487974	1.85
724712.8682120271	1850	16.693618133188465	0.0	938587	5984.439746060018	0.8306068164487974	1.85
724719.2778962782	1850	14.2839338820589	0.0	908665	6409.6842511295645	0.8306068164487974	1.85
724721.343541528	1200	16.218288632238615	0.0	587506	2065.645249820286	0.8306068164487974	0.5499999999999999
724723.3431370241	1200	18.21869313613692	0.0	566904	1999.5954961016957	0.8306068164487974	1.2
724725.5753371047	1200	19.98649305550162	0.0	641452	2232.2000806353026	0.8306068164487974	1.2
724727.9397369522	1200	21.622093207974338	0.0	599477	2364.39984752728	0.8306068164487974	1.2
724732.1496807783	1200	21.41214938193246	0.0	634861	4209.94382604188	0.8306068164487974	1.2
724736.0009166751	1200	21.56091348513218	0.0	630203	3851.235896800277	0.8306068164487974	1.2
724739.5672776632	1850	21.99455249717039	0.0	982064	3566.360987961792	0.8306068164487974	1.2000000000000002
724747.2671005735	2850	18.294729586737652	0.0	1231456	7699.822910432735	0.8306068164487974	1.85
724757.6415514074	2850	11.920278752821162	0.0	1364537	10374.450833916491	0.8306068164487974	2.85
724761.3909897055	750	12.170840454891202	0.0	450283	3749.4382979299585	0.8306068164487974	0.75
724764.0082917332	750	13.553538427011805	0.0	398865	2617.302027879398	0.8306068164487974	0.75
724765.9879391693	750	15.573890990977691	0.0	350812	1979.6474360341126	0.8306068164487974	0.75
724767.4628582579	750	18.098971902326035	0.0	382355	1474.9190886516594	0.8306068164487974	0.75
724768.9669604094	750	20.594869750833606	0.0	411561	1504.1021514924287	0.8306068164487974	0.75
724770.1684390557	750	23.393391104592993	0.0	318564	1201.478646240611	0.8306068164487974	0.75
724772.2204630512	1200	25.341367109119016	0.0	561791	2052.023995473978	0.8306068164487974	0.75
724774.7195458186	1200	26.84228434162831	0.0	709534	2499.082767490705	0.8306068164487974	1.2
724777.0412772199	1200	28.52055294041708	0.0	584846	2321.731401211228	0.8306068164487974	1.2
724781.4745314805	1200	28.08729867992003	0.0	560821	4433.254260497053	0.8306068164487974	1.2
724783.6985265493	1200	29.863303611074304	0.0	607410	2223.9950688457243	0.8306068164487974	1.2
724786.3817900254	1200	31.180040134943656	0.0	594078	2683.263476130649	0.8306068164487974	1.2
724792.4810947531	1200	29.080735407145543	0.0	624282	6099.304727798119	0.8306068164487974	1.2
724795.0026645679	1200	30.559165592355217	0.0	687371	2521.5698147903236	0.8306068164487974	1.2
724797.3404183472	1200	32.221411813206814	0.0	526950	2337.7537791484083	0.8306068164487974	1.2
724801.5250762793	1850	32.0367538810024	0.0	923170	4184.657932204412	0.8306068164487974	1.2000000000000002
724805.3635184604	1850	32.198311699874246	0.0	966699	3838.4421811281522	0.8306068164487974	1.85
724808.47854351	1850	33.08328665034393	0.0	885714	3115.0250495303167	0.8306068164487974	1.85
724812.1723627948	1850	33.38946736551709	0.0	987708	3693.81928482684	0.8306068164487974	1.85
724815.440957336	1850	34.12087282434701	0.0	923755	3268.5945411700864	0.8306068164487974	1.85
724822.4451153401	1850	31.11671482023334	0.0	891604	7004.158004113669	0.8306068164487974	1.85
724825.8351388067	1850	31.726691353677015	0.0	955231	3390.0234665563257	0.8306068164487974	1.85
724831.5967366854	1850	29.96509347493241	0.0	968026	5761.597878744609	0.8306068164487974	1.85
724835.6538878698	1850	29.907942290484023	0.0	874175	4057.151184448386	0.8306068164487974	1.85
724839.3352362673	1850	30.226593892933412	0.0	897976	3681.3483975506088	0.8306068164487974	1.85
724842.6928394795	1850	30.86899068063788	0.0	905935	3357.603212295534	0.8306068164487974	1.85
724849.6297160528	1850	27.932114107450616	0.0	1076599	6936.876573187261	0.8306068164487974	1.85
724853.3646625883	1850	28.19716757183075	0.0	758197	3734.946535619866	0.8306068164487974	1.85
724857.6143228955	1850	27.947507264695414	0.0	972798	4249.660307135335	0.8306068164487974	1.85
724861.1313769507	1850	28.430453209546535	0.0	975811	3517.054055148878	0.8306068164487974	1.85
724864.1945502438	1850	29.36727991646611	0.0	873429	3063.1732930804274	0.8306068164487974	1.85
724867.5091758226	1850	30.05265433757846	0.0	954453	3314.625578887647	0.8306068164487974	1.85
724870.5874052396	1850	30.974424920629946	0.0	885062	3078.2294169485144	0.8306068164487974	1.85
724876.1110195491	1850	29.450810611051153	0.0	1035329	5523.614309578791	0.8306068164487974	1.85
724879.7688122264	1850	29.79301793378337	0.0	1026056	3657.7926772677833	0.8306068164487974	1.85
724884.4058211863	1850	29.156008973892494	0.0	943942	4637.008959890876	0.8306068164487974	1.85
724888.328836163	1850	29.232993997094216	0.0	728962	3923.014976798279	0.8306068164487974	1.85
724893.433811145	1850	28.128019015018793	0.0	938587	5104.974982075424	0.8306068164487974	1.85
724897.8832400724	1850	27.678590087717364	0.0	908665	4449.42892730143	0.8306068164487974	1.85
724901.1132034312	1850	28.44862672882175	0.0	930577	3229.963358895614	0.8306068164487974	1.85
724904.0733739892	1850	29.488456170869686	0.0	858450	2960.1705579520653	0.8306068164487974	1.85
724907.6204515444	1850	29.941378615711816	0.0	1025005	3547.0775551578704	0.8306068164487974	1.85
724915.3272340383	1850	26.234596121927353	0.0	886255	7706.782493784463	0.8306068164487974	1.85
724918.9115781196	1850	26.650252040493502	0.0	973972	3584.344081433849	0.8306068164487974	1.85
724922.2294744919	1850	27.332355668205754	0.0	958994	3317.8963722877506	0.8306068164487974	1.85
724927.8655481805	2850	25.696281979545393	0.0	1483527	5636.07368866036	0.8306068164487974	1.85
724933.977464875	2850	23.58436528518029	0.0	1231456	6111.9166943651035	0.8306068164487974	2.85
724938.890327412	2850	22.671502748174607	0.0	1364537	4912.862537005682	0.8306068164487974	2.85
724940.4775984576	750	25.084231702582997	0.0	450283	1587.2710455916076	0.8306068164487974	0.75
724944.3585169776	1200	25.203313182531996	0.0	611087	3880.9185200509987	0.8306068164487974	0.75
724947.6669194497	1850	25.894910710457793	0.0	877771	3308.4024720742036	0.8306068164487974	1.2000000000000002
724953.2639239319	1850	24.297906228308836	0.0	933276	5597.004482148959	0.8306068164487974	1.85
724959.037500643	1850	22.524329517081263	0.0	996749	5773.57671122757	0.8306068164487974	1.85
724962.1001075439	1850	23.46172261630215	0.0	801058	3062.6069007791116	0.8306068164487974	1.85
724965.2706623339	1850	24.29116782617665	0.0	905515	3170.5547901255	0.8306068164487974	1.85
724971.965001664	1850	21.596828496147378	0.0	1060487	6694.339330029275	0.8306068164487974	1.85
724976.7565685328	1850	20.80526162732297	0.0	852833	4791.566868824407	0.8306068164487974	1.85
724983.1234366312	1850	18.43839352899358	0.0	913888	6366.868098329388	0.8306068164487974	1.85
724989.1796301636	1850	16.382199996684793	0.0	939819	6056.1935323087855	0.8306068164487974	1.85
724991.4500691264	1200	18.11176103374027	0.0	594078	2270.438962944526	0.8306068164487974	0.5499999999999999
724996.2587345305	1200	17.303095629678985	0.0	624282	4808.665404061285	0.8306068164487974	1.2
724999.0924189402	1200	18.46941122001585	0.0	687371	2833.684409663137	0.8306068164487974	1.2
725005.893397088	1200	15.668433072135777	0.0	526950	6800.978147880073	0.8306068164487974	1.2
725008.1706074813	1200	17.391222678969868	0.0	587876	2277.210393165907	0.8306068164487974	1.2
725012.0010588126	1200	17.56077134758545	0.0	617242	3830.4513313844172	0.8306068164487974	1.2
725017.0498725335	1200	16.511957626667638	0.0	581493	5048.813720917812	0.8306068164487974	1.2
725022.9267996533	1200	14.635030506950343	0.0	639204	5876.927119717295	0.8306068164487974	1.2
725024.3059705109	750	17.255859649232317	0.0	350713	1379.170857718027	0.8306068164487974	0.3
725025.8883629538	750	19.67346720642577	0.0	386472	1582.3924428065463	0.8306068164487974	0.75
725027.5793353755	750	21.982494784771884	0.0	399894	1690.972421653885	0.8306068164487974	0.75
725029.2170903182	750	24.3447398420342	0.0	401853	1637.7549427376846	0.8306068164487974	0.75
725031.2902837193	1200	26.27154644092821	0.0	536667	2073.193401105991	0.8306068164487974	0.75
725033.7057228673	1200	27.856107292959273	0.0	587236	2415.4391479689334	0.8306068164487974	1.2
725036.3534653168	1200	29.20836484340508	0.0	590335	2647.7424495541973	0.8306068164487974	1.2
725039.1057231469	1200	30.45610701328016	0.0	696376	2752.2578301249164	0.8306068164487974	1.2
725043.9535138906	1850	29.608316269630674	0.0	758197	4847.790743649488	0.8306068164487974	1.2000000000000002
725047.4587767686	1850	30.103053391628016	0.0	972798	3505.2628780026607	0.8306068164487974	1.85
725050.9901029667	1850	30.571727193678463	0.0	975811	3531.3261979495514	0.8306068164487974	1.85
725055.8630466902	1850	29.698783470143653	0.0	873429	4872.943723534812	0.8306068164487974	1.85
725062.1674495087	1850	27.39438065166672	0.0	954453	6304.402818476932	0.8306068164487974	1.85
725066.0622715437	1850	27.499558616672516	0.0	885062	3894.8220349942017	0.8306068164487974	1.85
725070.2163393233	1850	27.34549083703255	0.0	1035329	4154.067779639965	0.8306068164487974	1.85
725074.0309192379	1850	27.53091092250194	0.0	1026056	3814.5799145306128	0.8306068164487974	1.85
725077.323899114	1850	28.237931046371575	0.0	943942	3292.9798761303646	0.8306068164487974	1.85
725080.44857577	1850	29.113254390377417	0.0	728962	3124.676655994157	0.8306068164487974	1.85
725083.7971519621	1850	29.76467819838407	0.0	938587	3348.5761919933498	0.8306068164487974	1.85
725086.9863804466	1850	30.57544971385862	0.0	908665	3189.2284845254485	0.8306068164487974	1.85
725093.2563767658	1850	28.30545339466535	0.0	930577	6269.99631919327	0.8306068164487974	1.85
725096.2427679742	1850	29.319062186282753	0.0	858450	2986.3912083825976	0.8306068164487974	1.85
725099.8058588648	1850	29.755971295659414	0.0	1025005	3563.090890623337	0.8306068164487974	1.85
725102.9266057803	1850	30.63522438020181	0.0	886255	3120.746915457606	0.8306068164487974	1.85
725106.5694331743	1850	30.99239698609528	0.0	973972	3642.8273941065327	0.8306068164487974	1.85
725111.9894742585	2850	29.572355901955024	0.0	1464921	5420.041084140256	0.8306068164487974	1.85
725120.0075228798	4300	25.55430728078209	0.0	2246506	8018.048621172932	0.8306068164487974	2.8499999999999996
725127.0244138228	4300	22.537416337745853	0.0	1961140	7016.890943036236	0.8306068164487974	4.3
725136.4246876431	4300	17.137142517439045	0.0	2155012	9400.273820306806	0.8306068164487974	4.3
725138.1244533072	750	19.437376853194603	0.0	450283	1699.765664244443	0.8306068164487974	0.75
725139.6392572676	750	21.922572892865524	0.0	398865	1514.8039603290815	0.8306068164487974	0.75
725140.9374519871	750	24.62437817347731	0.0	350812	1298.194719388213	0.8306068164487974	0.75
725144.2174182023	1850	25.344411958269387	0.0	933276	3279.966215207924	0.8306068164487974	0.75
725148.0989913704	1850	25.462838790103913	0.0	996749	3881.573168165471	0.8306068164487974	1.85

