223769.0631763335	750	4.0	4.243278456893022	450283	4243.278456893022	0.7	-17.496097364639994
223773.24335065405	1200	4.0	0.180174320583983	611087	4180.174320583983	0.7	-0.02474957851112697
223775.00469755175	1200	6.238653102314034	0.0	571051	1761.346897685966	0.7	1.2
223777.10814904503	1200	8.13520160904947	0.0	617681	2103.4514932645634	0.7	1.2
223783.92129434657	1200	5.322056307486387	0.0	652874	6813.145301563083	0.7	1.2
223785.220939949	1200	8.022410705055336	0.0	520315	1299.645602431052	0.7	1.2
223789.05606222828	1200	8.18728842577785	0.0	561791	3835.122279277485	0.6499999999999999	1.2
223791.33120514272	1200	9.91214551136137	0.0	709534	2275.142914416481	0.6499999999999999	1.2
223793.1888852502	1200	12.054465403892609	0.0	584846	1857.680107468761	0.6499999999999999	1.2
223796.52571557008	1200	12.717635083976957	0.0	560821	3336.8303199156526	0.6499999999999999	1.2
223804.10382772042	1200	9.139522933644425	0.0	607410	7578.112150332532	0.6499999999999999	1.2
223807.18317481488	1200	10.060175839199808	0.0	594078	3079.347094444616	0.6499999999999999	1.2
223810.33147574877	1200	10.911874905290784	0.0	624282	3148.300933909024	0.6499999999999999	1.2
223811.9102425773	1200	13.333108076772348	0.0	687371	1578.7668285184363	0.6499999999999999	1.2
223814.85210695383	1200	14.391243700215373	0.0	526950	2941.8643765569745	0.6499999999999999	1.2
223816.225722004	1200	17.017628650047218	0.0	587876	1373.6150501681532	0.6499999999999999	1.2
223817.99002858275	1200	19.25332207130536	0.0	617242	1764.3065787418586	0.6499999999999999	1.2
223821.22344225165	1200	20.019908402393686	0.0	581493	3233.413668911674	0.6499999999999999	1.2
223822.68244677476	1200	22.560903879292777	0.0	639204	1459.004523100906	0.6499999999999999	1.2
223824.7264302865	1850	24.516920367558395	0.0	923755	2043.9835117343841	0.6499999999999999	1.2000000000000002
223829.56472220155	2850	23.678628452490127	0.0	1415116	4838.29191506827	0.6499999999999999	1.85
223833.24399212352	2850	23.999358530536327	0.0	1468126	3679.269921953802	0.6499999999999999	2.85
223836.78286718583	2850	24.460483468218786	0.0	1505760	3538.8750623175415	0.6499999999999999	2.85
223839.75236180075	2850	25.490988853291796	0.0	1323990	2969.494614926991	0.6499999999999999	2.85
223843.65681829257	2850	25.58653236148196	0.0	1383735	3904.456491809837	0.6499999999999999	2.85
223847.68083066063	2850	25.562519993441644	0.0	1480464	4024.0123680403144	0.6499999999999999	2.85
223858.4665273721	2850	18.776823281965882	0.0	1547572	10785.696711475763	0.6499999999999999	2.85
223862.95012337866	2850	18.293227275407762	0.0	1141971	4483.596006558117	0.6499999999999999	2.85
223866.5360330776	2850	18.70731757646847	0.0	1498470	3585.9096989392974	0.6499999999999999	2.85
223873.95465314318	2850	15.288697510873538	0.0	1561263	7418.620065594929	0.6499999999999999	2.85
223877.39079854457	2850	15.852552109511231	0.0	1341201	3436.1454013623074	0.6499999999999999	2.85
223884.73809863557	2850	12.505252018478652	0.0	1497683	7347.30009103258	0.6499999999999999	2.85
223891.3143198457	1850	9.929030808343816	0.0	885062	6576.221210134836	0.6499999999999999	0.8500000000000001
223897.7376313735	1850	7.505719280542014	0.0	1035329	6423.311527801802	0.6499999999999999	1.85

