585458.2760082578	750	4.0	3.9901588380951383	450283	3990.1588380951384	0.7	-16.407683003809094
585459.5115519033	750	6.764456354404291	0.0	398865	1235.5436455957088	0.7	0.75
585460.4664445679	750	9.809563689843417	0.0	350812	954.8926645608735	0.7	0.75
585461.5018236637	750	12.774184593991246	0.0	382355	1035.379095852171	0.7	0.75
585462.6433846393	750	15.632623618423953	0.0	411561	1141.5609755672913	0.6499999999999999	0.75
585464.0148142388	1200	18.261194018857314	0.0	520315	1371.4295995666405	0.6499999999999999	0.75
585465.3820820982	1200	20.893926159483957	0.0	561791	1367.2678593733574	0.7	1.2
585467.1632783923	1200	23.11272986532862	0.0	709534	1781.196294155337	0.8	1.2
585469.2055625148	1850	25.070445742886225	0.0	852833	2042.2841224423923	0.8	1.2000000000000002
585474.1741353116	4300	24.101872946091675	0.0	2169201	4968.572796794552	0.8	1.8499999999999996
585483.8784939207	4300	18.39751433701095	0.0	2173522	9704.358609080724	0.8	4.3
585487.9501171716	4300	18.32589108604157	0.0	2102452	4071.623250969384	0.8	4.3
585496.8496003916	4300	13.42640786608869	0.0	2209463	8899.483219952877	0.8	4.3
585500.3561476253	4300	13.91986063255626	0.0	2275376	3506.5472335324307	0.8	4.3
585503.119364725	4300	15.156643532717379	0.0	2005399	2763.21709983888	0.8	4.3
585505.8933918593	4300	16.382616398424553	0.0	2152483	2774.027134292826	0.8	4.3
585508.8181247517	4300	17.45788350597443	0.0	2289689	2924.732892450121	0.8	4.3
585511.4467364011	4300	18.82927185663329	0.0	2059512	2628.61164934114	0.8	4.3
585514.2748476786	4300	20.00116057901279	0.0	2220726	2828.1112776205014	0.8	4.3
585528.9502854036	4300	9.325722854113318	0.0	2156729	14675.437724899473	0.8	4.3
585536.1354379932	4300	6.140570264577746	0.0	2039773	7185.152589535572	0.8	4.3
585539.5681876425	2850	6.707820615320428	0.0	1468126	3432.7496492573173	0.8	1.4000000000000001
585542.9932378385	2850	7.282770419244964	0.0	1505760	3425.0501960754636	0.8	2.85
585545.2057681535	2850	9.070240104191072	0.0	1323990	2212.530315053892	0.8	2.85
585549.03528048	2850	9.24072777768939	0.0	1383735	3829.5123265016823	0.8	2.85
585553.0256429691	2850	9.250365288725432	0.0	1480464	3990.362488963957	0.8	2.85
585555.4487293415	2850	10.827278916252956	0.0	1547572	2423.0863724724773	0.8	2.85
585557.2591558481	2850	13.016852409773172	0.0	1141971	1810.426506479784	0.8	2.85
585559.7283863223	2850	14.547621935485477	0.0	1498470	2469.230474287694	0.8	2.85
585567.5475863403	4300	10.728421917440182	0.0	2164140	7819.200018045294	0.8	2.8499999999999996

