586243.5362060091	750	4.0	1.9863003758137205	450283	1986.3003758137206	0.8500000000000001	-7.791091615998997
586248.0925551513	2850	4.0	0.5563491421844019	1431809	4556.349142184402	0.8500000000000001	-1.6423013113929281
586257.8078234058	2850	4.0	5.715268254511664	1300868	9715.268254511664	0.8500000000000001	-21.725653494400152
586263.6009958384	1850	4.0	1.7931724325756833	933276	5793.172432575683	0.8500000000000001	-6.860641460075438
586267.9787928796	1850	4.0	0.37779704121854957	996749	4377.79704121855	0.8500000000000001	0.2254727227602371
586274.2773642478	1850	4.0	2.2985713682508604	801058	6298.57136825086	0.8500000000000001	-8.0338568834787
586276.3073003171	1200	5.970063930794367	0.0	561791	2029.9360692056334	0.8500000000000001	0.5499999999999999
586278.4014169839	1200	7.875947263938225	0.0	709534	2094.116666856142	0.8500000000000001	1.2
586280.3178508613	1200	9.959513386580795	0.0	584846	1916.4338773574298	0.8500000000000001	1.2
586282.7741155348	1200	11.503248713023002	0.0	560821	2456.264673557793	0.8500000000000001	1.2
586285.330807416	1200	12.946556831937853	0.0	607410	2556.691881085149	0.8500000000000001	1.2
586288.457016672	1850	13.820347575940017	0.0	917428	3126.2092559978355	0.8500000000000001	1.2000000000000002
586291.7245285251	1850	14.552835722838742	0.0	946851	3267.511853101276	0.8500000000000001	1.85
586295.5129561526	1850	14.764408095402436	0.0	1036454	3788.427627436306	0.8500000000000001	1.85
586299.5944625459	2850	14.68290170199523	0.0	1231445	4081.5063934072064	0.8500000000000001	1.85
586304.9260657477	2850	13.351298500282212	0.0	1471065	5331.603201713018	0.8500000000000001	2.85
586310.3417427525	2850	11.935621495549794	0.0	1491626	5415.677004732417	0.8500000000000001	2.85
586316.8177079948	2850	9.45965625322288	0.0	1358801	6475.965242326914	0.8500000000000001	2.85
586322.3242378302	2850	7.9531264178023635	0.0	1537156	5506.529835420516	0.8500000000000001	2.85
586326.5712411735	2850	7.706123074561371	0.0	1336050	4247.003343240993	0.8500000000000001	2.85
586331.6856186606	2850	6.591745587393939	0.0	1415116	5114.377487167432	0.8500000000000001	2.85
586336.2024882772	2850	6.074875970937659	0.0	1468126	4516.86961645628	0.8500000000000001	2.85
586340.6326421956	2850	5.6447220526006125	0.0	1505760	4430.153918337047	0.8500000000000001	2.85
586343.0877304274	1850	7.189633820816411	0.0	874175	2455.088231784201	0.8500000000000001	0.8500000000000001
586346.0874948858	1850	8.18986936238003	0.0	897976	2999.76445843638	0.8500000000000001	1.85
586348.6701776314	1850	9.607186616817838	0.0	905935	2582.6827455621915	0.8500000000000001	1.85
586352.2876359043	1850	9.98972834386586	0.0	1076599	3617.4582729519784	0.8500000000000001	1.85
586354.7902183732	1850	11.487145874985673	0.0	758197	2502.5824688801863	0.8500000000000001	1.85
586360.0904674198	2850	10.186896828351689	0.0	1498470	5300.249046633987	0.8500000000000001	1.85
586364.956940348	2850	9.320423900180442	0.0	1561263	4866.472928171245	0.8500000000000001	2.85
586372.7407248907	2850	5.536639357473081	0.0	1341201	7783.784542707361	0.8500000000000001	2.85
586376.5379986899	1850	5.739365558328561	0.0	954453	3797.273799144519	0.8500000000000001	0.8500000000000001
586379.6717221959	1850	6.605642052272417	0.0	885062	3133.7235060561443	0.8500000000000001	1.85
586383.3449270771	1850	6.932437171251743	0.0	1035329	3673.2048810206743	0.8500000000000001	1.85
586386.749664194	1850	7.527700054362119	0.0	1026056	3404.7371168896243	0.8500000000000001	1.85
586389.8102484166	1850	8.467115831711006	0.0	943942	3060.5842226511127	0.8500000000000001	1.85
586392.333938748	1850	9.943425500408834	0.0	728962	2523.6903313021717	0.8500000000000001	1.85
586395.9796467285	1850	10.297717519891451	0.0	938587	3645.7079805173817	0.8500000000000001	1.85
586400.3727483384	2850	9.90461591009054	0.0	1427478	4393.101609800912	0.8500000000000001	1.85
586404.7884855705	2850	9.488878677953325	0.0	1402287	4415.737232137214	0.8500000000000001	2.85
586409.2543259886	2850	9.02303825986972	0.0	1339500	4465.840418083606	0.8500000000000001	2.85
586414.5586926821	2850	7.718671566395124	0.0	1527299	5304.366693474595	0.8500000000000001	2.85
586417.6150558081	1850	8.662308440364228	0.0	886255	3056.363126030896	0.8500000000000001	0.8500000000000001
586421.1937302528	1850	9.083633995709217	0.0	973972	3578.6744446550115	0.8500000000000001	1.85
586426.0032522621	2850	8.274111986393342	0.0	1464921	4809.522009315874	0.8500000000000001	1.85
586431.171625613	2850	7.1057386355093115	0.0	1483527	5168.3733508840305	0.8500000000000001	2.85

