355531.7865368898	750	4.0	2.6832901325174214	450283	2683.2901325174216	1	-10.788147569824911
355533.8116536703	750	5.974883219523029	0.0	398865	2025.1167804769714	0.5750090679841312	0.75
355536.71648930333	750	7.070047586401646	0.0	350812	2904.835633121383	0.5750090679841312	0.75
355538.3302046202	750	9.456332269563035	0.0	382355	1613.715316838611	0.5750090679841312	0.75
355540.2256354343	750	11.560901455427775	0.0	411561	1895.4308141352606	0.5750090679841312	0.75
355544.8141750246	1200	10.972361865124586	0.0	520315	4588.539590303188	0.5750090679841312	0.75
355547.71170785977	1200	12.074829030007402	0.0	561791	2897.5328351171843	0.5750090679841312	1.2
355551.0053404803	1200	12.781196409426059	0.0	709534	3293.6326205813434	0.5750090679841312	1.2
355553.6274180809	1200	14.159118808833476	0.0	584846	2622.0776005925823	0.5750090679841312	1.2
355556.1299161895	1200	15.65662070028844	0.0	560821	2502.4981085450354	0.5750090679841312	1.2
355558.89462689223	1200	16.89190999759557	0.0	607410	2764.7107026928725	0.5750090679841312	1.2
355561.2430000018	1200	18.543536887971953	0.0	594078	2348.3731096236133	0.5750090679841312	1.2
355566.3523510255	1850	17.4341858642759	0.0	946851	5109.351023696053	0.5750090679841312	1.2000000000000002
355573.15770004154	1850	14.62883684829202	0.0	1036454	6805.349015983881	0.5750090679841312	1.85
355576.8760764387	1850	14.910460451105765	0.0	821631	3718.376397186256	0.5750090679841312	1.85
355581.61473283236	1850	14.17180405746086	0.0	923170	4738.656393644904	0.5750090679841312	1.85
355586.5421523385	1850	13.244384551325995	0.0	966699	4927.4195061348655	0.5750090679841312	1.85
355591.0397282867	1850	12.74680860317275	0.0	885714	4497.575948153243	0.5750090679841312	1.85
355596.87813301856	1850	10.908403871302976	0.0	987708	5838.404731869775	0.5750090679841312	1.85
355600.09050520626	1850	11.69603168358258	0.0	923755	3212.372187720396	0.5750090679841312	1.85
355603.2527763678	1200	12.533760522023647	0.0	601738	3162.271161558932	1	0.5499999999999999
355606.26659974497	1200	13.519937144910124	0.0	616206	3013.8233771135247	1	1.2
355610.1190021944	1200	13.667534695490716	0.0	656471	3852.4024494194077	1	1.2
355613.20922452916	1200	14.577312360763408	0.0	536667	3090.2223347273093	1	1.2
355616.9763265582	1200	14.810210331679432	0.0	587236	3767.102029083975	1	1.2
355619.63408173184	1200	16.152455158032346	0.0	590335	2657.7551736470864	1	1.2
355623.58098358475	1200	16.205553305111007	0.0	696376	3946.901852921338	1	1.2
355626.1709115601	1200	17.61562532977064	0.0	487160	2589.927975340369	1	1.2
355630.0266706518	1200	17.75986623808573	0.0	622896	3855.7590916849085	1	1.2
355633.5290330701	1200	18.257503819782713	0.0	641447	3502.362418303018	1	1.2
355635.97056336416	1200	19.815973525728865	0.0	570392	2441.53029405385	1	1.2
355639.65326435777	1200	20.133272532112493	0.0	620283	3682.7009936163704	1	1.2
355643.11486334854	1200	20.671673541296208	0.0	584349	3461.5989908162846	1	1.2

