264616.3981962983	750	4.0	7.852146616966983	450283	7852.146616966983	0.7	-33.014230452958024
264619.2471974743	300	5.150998824002103	0.0	155580	2849.0011759978966	0.7	-0.15000000000000002
264621.81636187504	300	6.581834423233767	0.0	139857	2569.1644007683362	0.7	0.3
264624.6627289581	300	7.73546734014015	0.0	155432	2846.367083093617	0.7	0.3
264627.6516574207	300	8.746538877564959	0.0	163442	2988.928462575191	0.7	0.3
264629.97933957464	300	10.418856723588881	0.0	126289	2327.6821539760786	0.75	0.3
264632.787672492	300	11.610523806282044	0.0	153295	2808.332917306836	0.75	0.3
264635.9618239603	300	12.436372337930981	0.0	173849	3174.1514683510622	0.75	0.3
264638.7241492414	300	13.674047056823879	0.0	150710	2762.3252811071025	0.75	0.3
264641.2799296026	300	15.118266695677283	0.0	139105	2555.7803611465956	0.75	0.3
264643.88438728865	300	16.513809009576615	0.0	141840	2604.457686100666	0.75	0.3
264646.7434976861	300	17.6546986121623	0.0	156148	2859.1103974143175	0.75	0.3
264649.6844429428	300	18.71375335546505	0.0	160746	2940.945256697248	0.75	0.3
264654.8137692296	300	17.584427068694517	0.0	179801	5129.326286770533	0.75	0.3
264659.5966140663	300	16.801582231966076	0.0	140051	4782.844836728439	0.75	0.3
264663.81365594675	300	16.58454035151798	0.0	138313	4217.041880448098	0.75	0.3
264668.1705405368	300	16.227655761452375	0.0	143509	4356.884590065605	0.75	0.3
264672.58520163794	300	15.812994660309638	0.0	150616	4414.661101142736	0.75	0.3
264677.2016603445	300	15.196535953761167	0.0	165384	4616.45870654847	0.75	0.3
264680.6862784971	300	15.711917801144402	0.0	140881	3484.6181526167666	0.75	0.3
264684.62420581805	300	15.773990480252683	0.0	157671	3937.9273208917175	0.75	0.3
264688.62327074015	300	15.774925558136779	0.0	157812	3999.0649221159047	0.75	0.3
264692.7741940887	300	15.624002209546724	0.0	163927	4150.923348590056	0.75	0.3
264696.26453814475	300	16.133658153507962	0.0	137654	3490.3440560387603	0.75	0.3
264699.9681110353	300	16.430085262958645	0.0	146754	3703.572890549322	0.75	0.3
264703.68067207653	300	16.71752422174293	0.0	153938	3712.5610412157143	0.75	0.3
264708.0605933111	300	16.337602987181423	0.0	181901	4379.921234561506	0.75	0.3
264710.78434462077	300	17.61385167749541	0.0	111155	2723.751309686011	0.75	0.3
264714.51335498365	300	17.884841314619557	0.0	153605	3729.0103628758543	0.75	0.3
264718.1317251841	300	18.2664711141702	0.0	149029	3618.3702004493543	0.75	0.3
264721.997790625	300	18.400405673240392	0.0	157421	3866.065440929809	0.75	0.3
264725.9032594903	300	18.49493680790472	0.0	157488	3905.468865335671	0.75	0.3
264729.59325055307	300	18.804945745199614	0.0	143881	3689.991062705106	0.75	0.3
264732.8337321996	300	19.56446409860532	0.0	163444	3240.4816465942936	0.75	0.3

