1.9130207883368422	750	4.0	1.9130207883368422	450283	1913.020788336842	1	-7.47598938984842
3.6524833402854897	750	6.260537448051353	0.0	398865	1739.4625519486476	0.8382719277315567	0.75
5.096611733007376	750	8.816409055329466	0.0	350812	1444.1283927218865	0.8382719277315567	0.75
8.986737336797022	1200	8.92628345153982	0.0	617681	3890.1256037896464	0.8382719277315567	0.75
11.709429833835989	1200	10.203590954500852	0.0	652874	2722.6924970389678	0.8382719277315567	1.2
13.878941145074773	1200	12.03407964326207	0.0	520315	2169.511311238783	0.8382719277315567	1.2
20.239525266396303	1200	9.673495521940538	0.0	561791	6360.584121321532	0.8382719277315567	1.2
23.185599204807506	1200	10.727421583529337	0.0	709534	2946.073938411202	0.8382719277315567	1.2
25.284847427973627	1200	12.628173360363217	0.0	584846	2099.2482231661197	0.8382719277315567	1.2
26.979042283722507	1200	14.933978504614338	0.0	560821	1694.1948557488797	0.8382719277315567	1.2
28.78810083686462	1200	17.124919951472226	0.0	607410	1809.0585531421123	0.8382719277315567	1.2
30.40792205313904	1200	19.505098735197805	0.0	594078	1619.8212162744214	0.8382719277315567	1.2
32.1867830893356	1200	21.726237699001242	0.0	624282	1778.8610361965607	0.8382719277315567	1.2
34.655665912086974	1850	23.257354876249874	0.0	1036454	2468.8828227513704	0.8382719277315567	1.2000000000000002
37.94920206904737	2850	23.96381871928948	0.0	1231445	3293.5361569603933	0.8382719277315567	1.85
41.74173930835908	2850	24.171281479977765	0.0	1471065	3792.5372393117145	0.8382719277315567	2.85
46.61434651268742	2850	23.298674275649425	0.0	1491626	4872.607204328343	0.8382719277315567	2.85
51.78628170577697	2850	22.126739082559872	0.0	1358801	5171.935193089551	0.8382719277315567	2.85
56.75949677407404	2850	21.153524014262807	0.0	1537156	4973.215068297069	0.8382719277315567	2.85
59.88576236807137	2850	22.027258420265483	0.0	1336050	3126.2655939973233	0.8382719277315567	2.85
69.53184696044296	2850	16.3811738278939	0.0	1415116	9646.084592371584	0.6216519671806365	2.85
74.24662429485159	2850	15.666396493485276	0.0	1468126	4714.777334408624	0.6216519671806365	2.85
78.37414626528614	2850	15.53887452305073	0.0	1505760	4127.521970434545	0.6216519671806365	2.85
81.77215990282934	2850	16.14086088550753	0.0	1323990	3398.013637543203	0.6216519671806365	2.85
84.68287903103818	2850	17.230141757298686	0.0	1383735	2910.71912820884	0.6216519671806365	2.85
88.07430698985273	2850	17.838713798484143	0.0	1480464	3391.4279588145428	0.6216519671806365	2.85
91.6773571321998	2850	18.235663656137078	0.0	1547572	3603.050142347067	0.6216519671806365	2.85
94.32701094117193	2850	19.58600984716495	0.0	1141971	2649.6538089721307	0.6216519671806365	2.85
97.8626369338165	2850	20.050383854520366	0.0	1498470	3535.625992644581	0.6216519671806365	2.85
101.25881364335706	2850	20.654207144979818	0.0	1561263	3396.1767095405476	0.6216519671806365	2.85
104.01015516786073	2850	21.902865620476135	0.0	1341201	2751.3415245036813	0.6216519671806365	2.85
114.13411131385396	2850	15.77890947448291	0.0	1497683	10123.956145993225	0.6216519671806365	2.85
122.740735862403	2850	11.172284925933873	0.0	1358081	8606.624548549038	0.6216519671806365	2.85
126.6915130197434	1850	11.221507768593481	0.0	1035329	3950.7771573403907	0.6216519671806365	0.8500000000000001
130.77904353128173	1850	11.133977257055134	0.0	1026056	4087.5305115383467	0.6216519671806365	1.85
135.7012493270531	1850	10.211771461283789	0.0	943942	4922.205795771347	0.6216519671806365	1.85
137.7389682251137	1200	12.174052563223176	0.0	487812	2037.7188980606124	0.6216519671806365	0.5499999999999999
141.74670546217658	1200	12.166315326160285	0.0	575591	4007.737237062891	0.6216519671806365	1.2
143.55941057355412	1200	14.353610214782762	0.0	605884	1812.7051113775242	0.6216519671806365	1.2
145.18123892990045	1200	16.731781858436413	0.0	587506	1621.8283563463503	0.6216519671806365	1.2
147.02537558222105	1200	18.88764520611582	0.0	566904	1844.1366523205959	0.6216519671806365	1.2
149.06193164023117	1200	20.851089148105693	0.0	641452	2036.5560580101278	0.6216519671806365	1.2
150.78290452627598	1200	23.130116262060866	0.0	599477	1720.972886044826	0.6216519671806365	1.2
153.48233747341868	1850	24.430683314918163	0.0	973972	2699.432947142703	0.6216519671806365	1.2000000000000002
158.49572853816684	2850	23.417292250169993	0.0	1464921	5013.39106474817	0.6216519671806365	1.85
165.76160627356722	4300	20.151414514769616	0.0	2246506	7265.87773540038	0.6216519671806365	2.8499999999999996
170.85069469945944	4300	19.06232608887738	0.0	1961140	5089.088425892236	0.6216519671806365	4.3
179.85634317405967	4300	14.056677614277154	0.0	2155012	9005.648474600226	0.6216519671806365	4.3
181.19591466511554	750	16.717106123221292	0.0	450283	1339.5714910558622	0.6216519671806365	0.75
183.6209139973313	1850	18.292106791005544	0.0	957685	2424.9993322157497	0.6216519671806365	0.75
185.7884304201141	1850	20.124590368222712	0.0	877771	2167.5164227828327	0.6216519671806365	1.85
191.73094846540855	2850	18.182072322928274	0.0	1520281	5942.518045294438	0.6216519671806365	1.85
197.18435969293776	2850	16.72866109539908	0.0	1472558	5453.411227529195	0.6216519671806365	2.85
200.55956566254494	2850	17.353455125791896	0.0	1224260	3375.205969607182	0.6216519671806365	2.85
203.9142939322113	2850	17.99872685612554	0.0	1388403	3354.728269666356	0.6216519671806365	2.85
208.965575804785	2850	16.947444983551826	0.0	1638769	5051.281872573716	0.6216519671806365	2.85
212.12652012822713	2850	17.786500660109706	0.0	1348011	3160.9443234421183	0.6216519671806365	2.85
215.5240397091753	2850	18.38898107916154	0.0	1429765	3397.519580948166	0.6216519671806365	2.85
225.8880510273932	2850	12.024969760943621	0.0	1354548	10364.011318217918	0.6216519671806365	2.85
229.5024709046622	1850	12.410549883674607	0.0	917428	3614.419877269014	0.6216519671806365	0.8500000000000001
232.79954140236492	1850	13.113479385971898	0.0	946851	3297.0704977027085	0.6216519671806365	1.85
236.04884488849484	1850	13.864175899842001	0.0	1036454	3249.3034861298956	0.6216519671806365	1.85
238.5573619278258	1850	15.355658860511026	0.0	821631	2508.517039330975	0.6216519671806365	1.85
240.9098425348186	1850	17.003178253518247	0.0	923170	2352.4806069927804	0.6216519671806365	1.85
243.40848879162326	1850	18.504531996713563	0.0	966699	2498.6462568046845	0.6216519671806365	1.85
245.7363770432234	1850	20.17664374511344	0.0	885714	2327.888251600122	0.6216519671806365	1.85
249.65213986774302	2850	20.26088092059382	0.0	1537156	3915.7628245196215	0.6216519671806365	1.85
252.89668966231943	2850	21.016331126017402	0.0	1336050	3244.549794576418	0.6216519671806365	2.85
256.4845596735557	2850	21.42846111478118	0.0	1415116	3587.870011236225	0.6216519671806365	2.85
259.78646580294566	2850	22.1265549853912	0.0	1468126	3301.906129389978	0.6216519671806365	2.85
263.19689973651714	2850	22.716121051819666	0.0	1505760	3410.4339335715313	0.6216519671806365	2.85
266.51163952663353	2850	23.40138126170331	0.0	1323990	3314.7397901163586	0.6216519671806365	2.85
269.63317571174514	2850	24.279845076591716	0.0	1383735	3121.536185111595	0.6216519671806365	2.85
273.0962773403508	2850	24.816743447986067	0.0	1480464	3463.1016286056465	0.6216519671806365	2.85
278.89444892378657	4300	23.018571864550285	0.0	2395588	5798.171583435781	0.6216519671806365	2.8499999999999996
286.0925604130694	4300	19.820460375267498	0.0	1972048	7198.111489282786	0.6216519671806365	4.3
291.56523830142135	4300	18.34778248691556	0.0	2134614	5472.677888351941	0.6216519671806365	4.3
297.14401683564233	4300	16.76900395269455	0.0	2164140	5578.778534221009	0.6216519671806365	4.3
300.2226958360539	2850	17.690324952282946	0.0	1341201	3078.679000411605	0.6216519671806365	1.4000000000000001
304.7791105114244	2850	17.133910276912516	0.0	1497683	4556.414675370429	0.6216519671806365	2.85
309.63089822166086	2850	16.282122566676023	0.0	1358081	4851.7877102364955	0.6216519671806365	2.85
316.6137463936798	2850	13.299274394657107	0.0	1587293	6982.848172018914	0.6216519671806365	2.85
320.8075189999182	2850	13.10550178841868	0.0	1492672	4193.772606238428	0.6216519671806365	2.85
324.4880821224032	2850	13.4249386659336	0.0	1439896	3680.563122485079	0.6216519671806365	2.85
327.9239808128542	2850	13.989039975482651	0.0	1139291	3435.898690450952	0.6216519671806365	2.85
331.8324454480996	2850	14.080575340237237	0.0	1499009	3908.464635245413	0.6216519671806365	2.85
334.90367918465296	2850	15.009341603683827	0.0	1427478	3071.2337365534104	0.6216519671806365	2.85
340.7252790286437	2850	13.187741759693155	0.0	1402287	5821.599843990673	0.6216519671806365	2.85
344.10842141643366	2850	13.804599371903185	0.0	1339500	3383.1423877899706	0.6216519671806365	2.85
348.50538966618456	2850	13.407631122152303	0.0	1527299	4396.968249750882	0.6216519671806365	2.85
353.2297453735004	2850	12.683275414836462	0.0	1343002	4724.355707315842	0.6216519671806365	2.85
361.1559693665508	2850	8.757051421786043	0.0	1587250	7926.223993050417	0.6216519671806365	2.85
363.3471437469226	1850	10.565877041414256	0.0	958994	2191.1743803717873	0.6216519671806365	0.8500000000000001
369.3711969611304	2850	8.541823827206429	0.0	1483527	6024.053214207828	0.6216519671806365	1.85
372.29126299113454	2850	9.621757797202296	0.0	1231456	2920.0660300041336	0.6216519671806365	2.85
377.49933588224957	2850	8.413684906087283	0.0	1364537	5208.072891115013	0.6216519671806365	2.85
379.2994154471711	750	10.61360534116581	0.0	450283	1800.0795649214735	0.6216519671806365	0.75
383.36262843407246	1850	10.55039235426443	0.0	957685	4063.2129869013797	0.6216519671806365	0.75
385.2948485526651	1850	12.618172235671834	0.0	877771	1932.2201185925967	0.6216519671806365	1.85
391.65871007435834	1850	10.254310713978592	0.0	933276	6363.861521693241	0.6216519671806365	1.85
395.509179741362	1850	10.4038410469749	0.0	996749	3850.4696670036915	0.6216519671806365	1.85
398.04507852487615	1850	11.867942263460758	0.0	801058	2535.898783514142	0.6216519671806365	1.85
402.34344089991316	1850	11.569579888423778	0.0	905515	4298.362375036982	0.6216519671806365	1.85
404.64122587126093	1850	13.271794917076008	0.0	1060487	2297.7849713477704	0.6216519671806365	1.85
406.5047462826091	1850	15.408274505727796	0.0	852833	1863.520411348213	0.6216519671806365	1.85
408.4959503538472	1850	17.417070434489702	0.0	913888	1991.2040712380922	0.6216519671806365	1.85
410.54138364438927	1850	19.37163714394763	0.0	939819	2045.4332905420713	0.6216519671806365	1.85
416.1517675884153	2850	17.761253199921594	0.0	1519951	5610.383944026039	0.6216519671806365	1.85
421.86184713651807	2850	16.05117365181885	0.0	1422919	5710.079548102746	0.6216519671806365	2.85
428.972732621584	2850	12.940288166752913	0.0	1578343	7110.885485065935	0.6216519671806365	2.85
433.11302313598463	2850	12.799997652352298	0.0	1231445	4140.2905144006145	0.6216519671806365	2.85
435.8130112382475	1850	14.100009550089379	0.0	923170	2699.98810226292	0.6216519671806365	0.8500000000000001
439.1553153382756	1850	14.757705450061282	0.0	966699	3342.3041000280978	0.6216519671806365	1.85
444.80198576163616	1850	13.11103502670076	0.0	885714	5646.670423360522	0.6216519671806365	1.85
449.7327010825253	1850	12.180319705811613	0.0	987708	4930.715320889148	0.6216519671806365	1.85
455.1028412910031	1850	10.810179497333888	0.0	923755	5370.1402084777255	0.6216519671806365	1.85
459.385789162783	1850	10.5272316255539	0.0	891604	4282.947871779986	0.6216519671806365	1.85
461.4123759700268	1200	12.500644818310079	0.0	616206	2026.586807243822	0.6216519671806365	0.5499999999999999
463.34099436329353	1200	14.572026425043386	0.0	656471	1928.6183932666909	0.6216519671806365	1.2
464.9117579944073	1200	17.001262793929573	0.0	536667	1570.763631113813	0.6216519671806365	1.2
467.45272738533913	1850	18.460293402997735	0.0	897976	2540.9693909318435	0.6216519671806365	1.2000000000000002
470.05954859750904	1850	19.853472190827816	0.0	905935	2606.8212121699157	0.6216519671806365	1.85
476.46059148446017	2850	17.45242930387669	0.0	1547572	6401.042886951125	0.6216519671806365	1.85
482.5453888206145	2850	15.367631967722359	0.0	1141971	6084.797336154334	0.6216519671806365	2.85
487.1720584161607	2850	14.740962372176142	0.0	1498470	4626.669595546216	0.6216519671806365	2.85
496.85661230661333	2850	9.056408481723532	0.0	1561263	9684.553890452611	0.6216519671806365	2.85
501.8187861065212	1850	8.094234681815621	0.0	873429	4962.17379990791	0.6216519671806365	0.8500000000000001
504.2882591712502	1200	9.62476161708659	0.0	620283	2469.473064729031	0.6216519671806365	0.5499999999999999
506.7485971752013	1200	11.16442361313546	0.0	584349	2460.3380039511294	0.6216519671806365	1.2
509.7813924326806	1200	12.131628355656241	0.0	670129	3032.7952574792184	0.6216519671806365	1.2
512.9579356897934	1200	12.955085098543417	0.0	690253	3176.5432571128244	0.6216519671806365	1.2
516.1865669264906	1200	13.72645386184627	0.0	598727	3228.6312366971465	0.6216519671806365	1.2
518.8366569272606	1200	15.076363861076233	0.0	487812	2650.0900007700366	0.6216519671806365	1.2
525.3316384697965	1200	12.581382318540298	0.0	575591	6494.981542535936	0.6216519671806365	1.2
527.7948802477308	1200	14.118140540606023	0.0	605884	2463.2417779342754	0.6216519671806365	1.2
530.1242398470741	1200	15.788780941262674	0.0	587506	2329.3595993433473	0.6216519671806365	1.2
532.4024556083984	1200	17.510565179938457	0.0	566904	2278.215761324218	0.6216519671806365	1.2
534.8018576580469	1200	19.111163130289963	0.0	641452	2399.402049648496	0.6216519671806365	1.2
537.0909301147489	1200	20.822090673587926	0.0	599477	2289.072456702039	0.6216519671806365	1.2
541.3493270497477	1200	20.563693738589123	0.0	634861	4258.396934998803	0.6216519671806365	1.2
547.5088957248184	1850	18.404125063518332	0.0	958994	6159.568675070792	0.6216519671806365	1.2000000000000002
551.7734179704447	1850	18.139602817892076	0.0	982064	4264.522245626255	0.6216519671806365	1.85
556.2122034027885	2850	17.700817385548202	0.0	1231456	4438.785432343871	0.6216519671806365	1.85
562.5872384270086	2850	15.32578236132809	0.0	1364537	6375.035024220114	0.6216519671806365	2.85
565.5484105877791	750	16.364610200557554	0.0	450283	2961.1721607705376	0.6216519671806365	0.75
567.6580412208656	1200	18.254979567471096	0.0	611087	2109.630633086458	0.6216519671806365	0.75
569.4266099968339	1200	20.486410791502745	0.0	571051	1768.5687759683512	0.6216519671806365	1.2
573.8204978535584	1850	20.092522934778305	0.0	933276	4393.887856724438	0.6216519671806365	1.2000000000000002
576.7316870892822	1850	21.181333699054484	0.0	996749	2911.189235723822	0.6216519671806365	1.85
581.4664639244982	1850	20.446556863838545	0.0	801058	4734.776835215939	0.6216519671806365	1.85
585.8961868465155	1850	20.01683394182126	0.0	905515	4429.722922017286	0.6216519671806365	1.85
590.8507743467699	1850	19.062246441566888	0.0	1060487	4954.587500254374	0.6216519671806365	1.85
593.7475553361173	1850	20.16546545221951	0.0	852833	2896.780989347377	0.6216519671806365	1.85
596.747205513606	1850	21.165815274730843	0.0	913888	2999.65017748867	0.6216519671806365	1.85
599.4945272440982	1850	22.41849354423852	0.0	939819	2747.3217304923237	0.6216519671806365	1.85
602.1501299399335	1850	23.762890848403195	0.0	917428	2655.602695835322	0.6216519671806365	1.85
607.5763845208655	2850	22.336636267471192	0.0	1422919	5426.254580932002	0.6216519671806365	1.85
611.3286082801943	2850	22.584412508142325	0.0	1578343	3752.223759328867	0.6216519671806365	2.85
618.6789942996472	2850	19.23402648868935	0.0	1231445	7350.386019452976	0.6216519671806365	2.85
628.0830664440979	2850	13.829954344238685	0.0	1471065	9404.072144450665	0.6216519671806365	2.85
634.301625606828	2850	11.611395181508573	0.0	1491626	6218.559162730111	0.6216519671806365	2.85
638.4522117486063	1850	11.460809039730268	0.0	885714	4150.586141778305	0.6216519671806365	0.8500000000000001
642.1447975641777	1850	11.768223224158861	0.0	987708	3692.5858155714063	0.6216519671806365	1.85
647.8625086813931	1850	10.050512106943403	0.0	923755	5717.711117215457	0.6216519671806365	1.85
650.885910257711	1200	11.02711053062553	0.0	601738	3023.4015763178713	0.6216519671806365	0.5499999999999999
655.1122342467146	1200	10.800786541621827	0.0	616206	4226.323989003703	0.6216519671806365	1.2
657.7278026870792	1200	12.185218101257169	0.0	656471	2615.5684403646574	0.6216519671806365	1.2
660.0840536371311	1200	13.828967151205317	0.0	536667	2356.250950051851	0.6216519671806365	1.2
667.4061966132319	1200	10.506824175104502	0.0	587236	7322.142976100817	0.6216519671806365	1.2
671.0270457901145	1200	10.88597499822194	0.0	590335	3620.8491768825616	0.6216519671806365	1.2
674.9735352870457	1200	10.939485501290566	0.0	696376	3946.489496931373	0.6216519671806365	1.2
677.5730346939131	1200	12.339986094423248	0.0	487160	2599.499406867318	0.6216519671806365	1.2
684.2998832237612	1200	9.61313756457506	0.0	622896	6726.848529848186	0.6216519671806365	1.2
686.3232833678981	750	11.589737420438217	0.0	400508	2023.4001441368425	0.6216519671806365	0.3
688.0319853194204	750	13.881035468915867	0.0	358218	1708.7019515223515	0.6216519671806365	0.75
689.9602678821318	750	15.952752906204477	0.0	400322	1928.282562711389	0.6216519671806365	0.75
692.2953387806207	1200	17.617682007715587	0.0	584349	2335.070898488892	0.6216519671806365	0.75
696.0858451021527	1200	17.82717568618368	0.0	670129	3790.5063215319065	0.6216519671806365	1.2
699.0851257626836	1200	18.827895025652786	0.0	690253	2999.2806605308942	0.6216519671806365	1.2
702.6709291376519	1850	19.242091650684433	0.0	943942	3585.803374968352	0.6216519671806365	1.2000000000000002
704.6518213844953	1850	21.2611994038411	0.0	728962	1980.8922468433343	0.6216519671806365	1.85
707.901144454672	1850	22.01187633366432	0.0	938587	3249.3230701767834	0.6216519671806365	1.85
711.713338275217	1850	22.199682513119377	0.0	908665	3812.193820544941	0.6216519671806365	1.85
717.9694341407981	1850	19.943586647538314	0.0	930577	6256.09586558106	0.6216519671806365	1.85
722.2884012318375	1850	19.624619556498875	0.0	858450	4318.96709103944	0.6216519671806365	1.85
731.161725612379	1850	14.751295175957319	0.0	1025005	8873.324380541555	0.6216519671806365	1.85
733.5763547453798	1850	16.33666604295647	0.0	886255	2414.6291330008485	0.6216519671806365	1.85
736.3166149330576	1850	17.596405855278796	0.0	973972	2740.2601876776725	0.6216519671806365	1.85
739.1194280072291	1850	18.793592781107233	0.0	958994	2802.8130741715654	0.6216519671806365	1.85
742.7856298396882	2850	19.127390948648188	0.0	1483527	3666.201832459044	0.6216519671806365	1.85
748.545874477795	4300	17.36714631054138	0.0	1961140	5760.244638106808	0.6216519671806365	2.8499999999999996
753.6394855901643	4300	16.273535198172073	0.0	2155012	5093.6111123693045	0.6216519671806365	4.3
754.9181221661148	750	18.994898622221495	0.0	450283	1278.6365759505807	0.6216519671806365	0.75
760.4350680851434	1850	17.477952703193065	0.0	957685	5516.945919028428	0.6216519671806365	0.75
763.499742772099	1850	18.413278016237445	0.0	877771	3064.674686955622	0.6216519671806365	1.85
768.7491368598047	2850	17.163883928531675	0.0	1520281	5249.3940877057685	0.6216519671806365	1.85
773.8362589767054	2850	16.07676181163103	0.0	1472558	5087.122116900646	0.6216519671806365	2.85
778.2258582246687	2850	15.68716256366765	0.0	1224260	4389.599247963379	0.6216519671806365	2.85
781.4965539506454	1850	16.41646683769102	0.0	905515	3270.695725976632	0.6216519671806365	0.8500000000000001
785.8337442258489	1850	16.07927656248743	0.0	1060487	4337.190275203589	0.6216519671806365	1.85
789.8519835024756	1850	16.061037285860756	0.0	852833	4018.239276626675	0.6216519671806365	1.85
794.3332598495424	1850	15.579760938793992	0.0	913888	4481.276347066764	0.6216519671806365	1.85
797.0821674535702	1850	16.830853334766164	0.0	939819	2748.9076040278264	0.6216519671806365	1.85
799.5501209342534	1850	18.362899854082873	0.0	917428	2467.953480683293	0.6216519671806365	1.85
801.9735997492486	1850	19.939421039087726	0.0	946851	2423.4788149951473	0.6216519671806365	1.85
804.8453148971319	1850	21.067705891204447	0.0	1036454	2871.715147883278	0.6216519671806365	1.85
808.3066157657511	2850	21.606405022585257	0.0	1231445	3461.300868619193	0.6216519671806365	1.85
813.9779791797947	2850	19.935041608541713	0.0	1471065	5671.363414043542	0.6216519671806365	2.85
818.0824185727715	2850	19.830602215564895	0.0	1491626	4104.43939297682	0.6216519671806365	2.85
821.7449487326772	2850	20.16807205565909	0.0	1358801	3662.5301599058057	0.6216519671806365	2.85
827.9691702508296	2850	17.943850537506677	0.0	1537156	6224.221518152412	0.6216519671806365	2.85
831.4071858935645	2850	18.505834894771798	0.0	1336050	3438.0156427348793	0.6216519671806365	2.85
835.2867567538242	2850	18.626264034512097	0.0	1415116	3879.5708602597024	0.6216519671806365	2.85
839.9283507092873	2850	17.98467007904899	0.0	1468126	4641.593955463108	0.6216519671806365	2.85
843.9115843549246	2850	18.001436433411747	0.0	1505760	3983.2336456372404	0.6216519671806365	2.85
846.7634901489969	2850	19.1495306393394	0.0	1323990	2851.9057940723505	0.6216519671806365	2.85
849.6541001535952	2850	20.258920634741106	0.0	1383735	2890.610004598292	0.6216519671806365	2.85
854.6611262285949	2850	19.251894559741373	0.0	1480464	5007.026074999732	0.6216519671806365	2.85
858.5547199094043	2850	19.358300878932006	0.0	1547572	3893.5936808093675	0.6216519671806365	2.85
861.2558384487617	2850	20.657182339574664	0.0	1141971	2701.118539357341	0.6216519671806365	2.85
865.7425314955287	2850	20.17048929280746	0.0	1498470	4486.6930467672055	0.6216519671806365	2.85
872.7290792065877	2850	17.183941581748492	0.0	1561263	6986.547711058967	0.6216519671806365	2.85
876.5504328870602	2850	17.362587901275973	0.0	1341201	3821.3536804725195	0.6216519671806365	2.85
880.7809977114833	2850	17.132023076852775	0.0	1497683	4230.564824423198	0.6216519671806365	2.85
884.5227768732922	2850	17.39024391504401	0.0	1358081	3741.7791618087635	0.6216519671806365	2.85
888.2023370001435	2850	17.71068378819273	0.0	1587293	3679.5601268512846	0.6216519671806365	2.85
892.933875044491	2850	16.97914574384535	0.0	1492672	4731.538044347378	0.6216519671806365	2.85
895.9495007241806	2850	17.963520064155613	0.0	1439896	3015.625679689734	0.6216519671806365	2.85
898.3469585929518	2850	19.566062195384436	0.0	1139291	2397.4578687711796	0.6216519671806365	2.85
901.6329385846282	2850	20.280082203708073	0.0	1499009	3285.9799916763627	0.6216519671806365	2.85
905.8196093602508	2850	20.093411428085503	0.0	1427478	4186.670775622569	0.6216519671806365	2.85
909.5846226938756	2850	20.32839809446063	0.0	1402287	3765.0133336248714	0.6216519671806365	2.85
915.6608388478431	2850	18.252181940493255	0.0	1339500	6076.216153967376	0.6216519671806365	2.85
921.9605479577683	2850	15.952472830568018	0.0	1527299	6299.709109925237	0.6216519671806365	2.85
926.4434719906684	2850	15.469548797667928	0.0	1343002	4482.924032900091	0.6216519671806365	2.85
934.4926763864318	2850	11.420344401904593	0.0	1587250	8049.204395763333	0.6216519671806365	2.85
937.65191227682	1850	12.261108511516452	0.0	958994	3159.235890388139	0.6216519671806365	0.8500000000000001
940.4942501986642	1850	13.418770589672203	0.0	982064	2842.3379218442487	0.6216519671806365	1.85
944.040275379054	2850	13.872745409282343	0.0	1231456	3546.02518038986	0.6216519671806365	1.85
947.7591748046236	2850	14.153845983712763	0.0	1364537	3718.8994255695807	0.6216519671806365	2.85
948.9713718101914	750	16.941648978144944	0.0	450283	1212.1970055678196	0.6216519671806365	0.75
952.9368721012069	2850	16.976148687129474	0.0	1431809	3965.50029101547	0.6216519671806365	0.75
959.3740584183627	2850	14.538962369973714	0.0	1300868	6437.18631715576	0.6216519671806365	2.85
965.0446247950708	2850	12.868395993265466	0.0	1520281	5670.566376708248	0.6216519671806365	2.85
968.5479516860337	2850	13.365069102302659	0.0	1472558	3503.3268909628055	0.6216519671806365	2.85
971.2713697890372	2850	14.641650999299078	0.0	1224260	2723.418103003582	0.6216519671806365	2.85
976.364443055157	2850	13.5485777331791	0.0	1388403	5093.073266119979	0.6216519671806365	2.85
980.1723448108296	2850	13.740675977506557	0.0	1638769	3807.9017556725435	0.6216519671806365	2.85
988.8094109383849	2850	9.10360984995129	0.0	1348011	8637.066127555267	0.6216519671806365	2.85
994.1994930988174	2850	7.713527689518787	0.0	1429765	5390.082160432503	0.6216519671806365	2.85
997.9973425242545	1850	7.915678264081587	0.0	939819	3797.849425437201	0.6216519671806365	0.8500000000000001
1004.3186600117184	1850	5.5943607766176795	0.0	917428	6321.317487463907	0.6216519671806365	1.85
1006.6928312086756	1200	7.22018957966059	0.0	624282	2374.171196957089	0.6216519671806365	0.5499999999999999
1010.1686714154799	1200	7.7443493728561625	0.0	687371	3475.8402068044275	0.6216519671806365	1.2
1014.7244763291708	1200	7.188544459165356	0.0	526950	4555.804913690807	0.6216519671806365	1.2
1016.3992072389814	1200	9.513813549354673	0.0	587876	1674.7309098106825	0.6216519671806365	1.2
1018.0593112622976	1200	11.85370952603848	0.0	617242	1660.1040233161903	0.6216519671806365	1.2
1019.6452878432352	1200	14.267732945100907	0.0	581493	1585.976580937575	0.6216519671806365	1.2
1021.3781744918819	1200	16.534846296454244	0.0	639204	1732.886648646661	0.6216519671806365	1.2
1023.5071172442908	1850	18.40590354404522	0.0	923755	2128.9427524090233	0.6216519671806365	1.2000000000000002
1026.8149768687567	2850	19.09804391957926	0.0	1415116	3307.8596244659593	0.6216519671806365	1.85
1032.7548165897942	2850	17.158204198541696	0.0	1468126	5939.839721037563	0.6216519671806365	2.85
1037.4082158042236	2850	16.504804984112337	0.0	1505760	4653.399214429362	0.6216519671806365	2.85
1043.0574103466101	2850	14.855610441725911	0.0	1323990	5649.194542386424	0.6216519671806365	2.85
1047.9008377874159	2850	14.012183000920173	0.0	1383735	4843.427440805739	0.6216519671806365	2.85
1051.2296646828963	2850	14.683356105439705	0.0	1480464	3328.8268954804685	0.6216519671806365	2.85
1055.1479775241999	2850	14.765043264136388	0.0	1547572	3918.3128413033182	0.6216519671806365	2.85
1058.287035003663	2850	15.625985784673036	0.0	1141971	3139.0574794633517	0.6216519671806365	2.85
1066.4357687775205	2850	11.477252010815576	0.0	1498470	8148.73377385746	0.6216519671806365	2.85
1070.4601546625017	1850	11.452866125834255	0.0	975811	4024.385884981323	0.6216519671806365	0.8500000000000001
1075.104647012392	1850	10.80837377594395	0.0	873429	4644.4923498903045	0.6216519671806365	1.85
1078.3014548760698	1850	11.611565912266427	0.0	954453	3196.807863677523	0.6216519671806365	1.85
1082.6651872075133	1850	11.2478335808228	0.0	885062	4363.732331443628	0.6216519671806365	1.85
1087.3671654202285	1850	10.545855368107365	0.0	1035329	4701.978212715435	0.6216519671806365	1.85
1094.8114924739177	1850	7.101528314418123	0.0	1026056	7444.327053689241	0.6216519671806365	1.85
1096.2182578907173	1200	9.694762897618492	0.0	598727	1406.765416799631	0.6216519671806365	0.5499999999999999
1097.400823396961	1200	12.512197391374846	0.0	487812	1182.5655062436447	0.6216519671806365	1.2
1098.8090389092972	1200	15.103981879038665	0.0	575591	1408.2155123361806	0.6216519671806365	1.2
1101.5427712341093	1850	16.370249554226508	0.0	908665	2733.7323248121597	0.6216519671806365	1.2000000000000002
1105.2976368713835	2850	16.615383916952297	0.0	1402287	3754.8656372742103	0.6216519671806365	1.85
1109.4893396279374	2850	16.42368116039839	0.0	1339500	4191.702756553907	0.6216519671806365	2.85
1117.7034500457821	2850	12.20957074255359	0.0	1527299	8214.110417844802	0.6216519671806365	2.85
1120.9621563007277	2850	12.950864487607877	0.0	1343002	3258.7062549457128	0.6216519671806365	2.85
1124.9554075144545	2850	12.957613273881147	0.0	1587250	3993.2512137267295	0.6216519671806365	2.85
1128.687746757614	2850	13.225274030721856	0.0	1464921	3732.3392431592915	0.6216519671806365	2.85
1133.8833147342277	2850	12.02970605410801	0.0	1483527	5195.567976613845	0.6216519671806365	2.85
1136.7262514195372	2850	13.186769368798604	0.0	1231456	2842.9366853094057	0.6216519671806365	2.85
1140.2911677716297	2850	13.621853016705979	0.0	1364537	3564.916352092627	0.6216519671806365	2.85
1141.3594254721875	750	16.55359531614809	0.0	450283	1068.2577005578873	0.6216519671806365	0.75
1146.4098137620144	2850	15.503207026321073	0.0	1431809	5050.388289827017	0.6216519671806365	0.75
1149.427754186377	2850	16.485266601958745	0.0	1300868	3017.940424362328	0.6216519671806365	2.85
1157.0966197160028	2850	12.816401072332798	0.0	1520281	7668.865529625947	0.6216519671806365	2.85
1160.804610427492	2850	13.108410360843552	0.0	1472558	3707.990711489249	0.6216519671806365	2.85
1163.8846438486178	2850	14.028376939717882	0.0	1224260	3080.033421125669	0.6216519671806365	2.85
1167.240000396513	2850	14.673020391822426	0.0	1388403	3355.3565478954556	0.6216519671806365	2.85
1170.9808375447894	2850	14.932183243545989	0.0	1638769	3740.8371482764373	0.6216519671806365	2.85
1174.1868171755739	2850	15.726203612761598	0.0	1348011	3205.9796307843912	0.6216519671806365	2.85
1181.341303550885	2850	12.57171723745045	0.0	1429765	7154.486375311148	0.6216519671806365	2.85
1185.5454120814227	2850	12.367608706912849	0.0	1354548	4204.108530537602	0.6216519671806365	2.85
1192.2968845351593	2850	9.616136253176467	0.0	1519951	6751.47245373638	0.6216519671806365	2.85
1194.9416974551732	1850	10.971323333162596	0.0	946851	2644.8129200138724	0.6216519671806365	0.8500000000000001
1198.5332926524593	1850	11.37972813587632	0.0	1036454	3591.595197286277	0.6216519671806365	1.85
1201.896757495275	1850	12.016263293060645	0.0	821631	3363.464842815674	0.6216519671806365	1.85
1204.6258824469257	1850	13.287138341409747	0.0	923170	2729.124951650898	0.6216519671806365	1.85
1207.2319022201696	1850	14.681118568166086	0.0	966699	2606.019773243662	0.6216519671806365	1.85
1209.6910006351336	1850	16.222020153202013	0.0	885714	2459.098414964072	0.6216519671806365	1.85
1212.4305077376414	1850	17.482513050694067	0.0	987708	2739.5071025079496	0.6216519671806365	1.85
1215.0870661940376	1850	18.825954594297837	0.0	923755	2656.5584563962298	0.6216519671806365	1.85
1221.7172355623775	2850	16.195785225958033	0.0	1415116	6630.169368339805	0.6216519671806365	1.85
1226.5033864894183	2850	15.409634298917032	0.0	1468126	4786.150927041001	0.6216519671806365	2.85
1230.268029579795	2850	15.644991208540349	0.0	1505760	3764.6430903766823	0.6216519671806365	2.85
1233.6214728748853	2850	16.29154791345014	0.0	1323990	3353.443295090208	0.6216519671806365	2.85
1237.1082040346137	2850	16.804816753721656	0.0	1383735	3486.731159728481	0.6216519671806365	2.85
1242.3586054165562	2850	15.554415371779289	0.0	1480464	5250.401381942369	0.6216519671806365	2.85
1246.4707472827743	2850	15.442273505561328	0.0	1547572	4112.14186621796	0.6216519671806365	2.85
1250.676910579605	2850	15.236110208730585	0.0	1141971	4206.163296830743	0.6216519671806365	2.85
1254.1241115957287	2850	15.788909192606864	0.0	1498470	3447.201016123719	0.6216519671806365	2.85
1257.7406427277726	2850	16.17237806056279	0.0	1561263	3616.531132044076	0.6216519671806365	2.85
1261.3960976470262	2850	16.516923141309352	0.0	1341201	3655.4549192534378	0.6216519671806365	2.85
1266.465166778204	2850	15.44785401013152	0.0	1497683	5069.069131177833	0.6216519671806365	2.85
1270.3932852788957	2850	15.519735509439972	0.0	1358081	3928.1185006915466	0.6216519671806365	2.85
1274.3794420921402	2850	15.533578696195418	0.0	1587293	3986.1568132445545	0.6216519671806365	2.85
1277.6460065811627	2850	16.267014207172835	0.0	1492672	3266.564489022585	0.6216519671806365	2.85
1280.738157087974	2850	17.174863700361698	0.0	1439896	3092.1505068111346	0.6216519671806365	2.85
1283.315419604934	2850	18.597601183401718	0.0	1139291	2577.2625169599796	0.6216519671806365	2.85
1286.8770174884144	2850	19.03600329992128	0.0	1499009	3561.597883480442	0.6216519671806365	2.85
1289.8693426655343	2850	20.043678122801488	0.0	1427478	2992.3251771197893	0.6216519671806365	2.85
1294.9465763247601	2850	18.96644446357561	0.0	1402287	5077.233659225878	0.6216519671806365	2.85
1299.0706402747116	2850	18.842380513624196	0.0	1339500	4124.063949951411	0.6216519671806365	2.85
1306.0296220529551	2850	15.883398735380538	0.0	1527299	6958.981778243658	0.6216519671806365	2.85
1309.8048668746258	2850	16.108153913710083	0.0	1343002	3775.244821670454	0.6216519671806365	2.85
1316.7826686318513	2850	13.130352156484545	0.0	1587250	6977.801757225539	0.6216519671806365	2.85
1328.020202987343	2850	5.892817800992734	0.0	1464921	11237.53435549181	0.6216519671806365	2.85
1331.3023685667174	1200	6.610652221618407	0.0	638661	3282.165579374327	0.6216519671806365	-0.44999999999999996
1333.4894491002365	1200	8.423571688099415	0.0	538612	2187.0805335189934	0.6216519671806365	1.2
1337.802023452528	2850	8.110997335807971	0.0	1364537	4312.574352291444	0.6216519671806365	1.2000000000000002
1339.226803276276	750	10.686217512059773	0.0	450283	1424.7798237481986	0.6216519671806365	0.75
1341.1504470953473	1200	12.762573692988486	0.0	611087	1923.6438190712875	0.6216519671806365	0.75
1343.8694708712687	1850	14.04354991706704	0.0	877771	2719.023775921447	0.6216519671806365	1.2000000000000002
1349.995094309892	2850	11.917926478443672	0.0	1520281	6125.623438623369	0.6216519671806365	1.85
1354.5341826507656	2850	11.378838137570089	0.0	1472558	4539.088340873584	0.6216519671806365	2.85
1356.4737294788197	1850	13.439291309516038	0.0	801058	1939.5468280540497	0.6216519671806365	0.8500000000000001
1358.6918168521427	1850	15.221203936193323	0.0	905515	2218.087373322716	0.6216519671806365	1.85
1361.3591271363728	1850	16.553893651963115	0.0	1060487	2667.310284230208	0.6216519671806365	1.85
1363.4758421677159	1850	18.437178620620003	0.0	852833	2116.715031343112	0.6216519671806365	1.85
1365.8159308445145	1850	20.097089943821434	0.0	913888	2340.088676798568	0.6216519671806365	1.85
1368.0144383374322	1850	21.89858245090356	0.0	939819	2198.5074929178727	0.6216519671806365	1.85
1372.5751596249763	2850	21.33786116335946	0.0	1519951	4560.721287544101	0.6216519671806365	1.85
1375.9363661764335	2850	21.976654611902436	0.0	1422919	3361.2065514570245	0.6216519671806365	2.85
1380.0131560246737	2850	21.899864763662183	0.0	1578343	4076.7898482402506	0.6216519671806365	2.85
1384.040418629843	2850	21.872602158492967	0.0	1231445	4027.262605169217	0.6216519671806365	2.85
1390.0535313994333	2850	19.85948938890277	0.0	1471065	6013.112769590197	0.6216519671806365	2.85
1395.119582374787	2850	18.79343841354898	0.0	1491626	5066.050975353787	0.6216519671806365	2.85
1398.749652016834	2850	19.16336877150175	0.0	1358801	3630.0696420472327	0.6216519671806365	2.85
1402.8345113962127	2850	19.07850939212322	0.0	1537156	4084.8593793785317	0.6216519671806365	2.85
1406.6580671452186	2850	19.25495364311726	0.0	1336050	3823.5557490059573	0.6216519671806365	2.85
1413.4731432566523	2850	16.439877531683386	0.0	1415116	6815.076111433874	0.6216519671806365	2.85
1424.2154329073103	2850	9.697587881025402	0.0	1468126	10742.289650657984	0.6216519671806365	2.85
1429.8020245085243	2850	8.110996279811417	0.0	1505760	5586.591601213984	0.6216519671806365	2.85
1435.1890921410786	1850	6.723928647257006	0.0	874175	5387.067632554411	0.6216519671806365	0.8500000000000001
1437.7679505310168	1200	8.145070257318823	0.0	587236	2578.858389938184	0.6216519671806365	0.5499999999999999
1439.7609670167055	1200	10.1520537716301	0.0	590335	1993.0164856887225	0.6216519671806365	1.2
1442.4593006228	1200	11.453720165535717	0.0	696376	2698.3336060943834	0.6216519671806365	1.2
1444.9695951210647	1200	12.943425667271027	0.0	487160	2510.29449826469	0.6216519671806365	1.2
1448.0443822169261	1200	13.868638571409631	0.0	622896	3074.7870958613953	0.6216519671806365	1.2
1450.2467802161493	1200	15.666240572186434	0.0	641447	2202.3979992231975	0.6216519671806365	1.2
1451.9288225679293	1200	17.984198220406398	0.0	570392	1682.0423517800398	0.6216519671806365	1.2
1454.6636169219669	1850	19.249403866368855	0.0	954453	2734.7943540375427	0.6216519671806365	1.2000000000000002
1457.0485534849322	1850	20.86446730340352	0.0	885062	2384.9365629653375	0.6216519671806365	1.85
1461.2042626816335	1850	20.708758106702284	0.0	1035329	4155.709196701236	0.6216519671806365	1.85
1464.967169988947	2850	20.945850799388726	0.0	1492672	3762.9073073135596	0.6216519671806365	1.85
1471.3307395589864	2850	18.582281229349437	0.0	1439896	6363.569570039285	0.6216519671806365	2.85
1475.9713498229223	2850	17.94167096541347	0.0	1139291	4640.610263935971	0.6216519671806365	2.85
1485.1957920981683	2850	12.717228690167532	0.0	1499009	9224.442275245936	0.6216519671806365	2.85
1490.8830369016944	2850	11.029983886641629	0.0	1427478	5687.244803525903	0.6216519671806365	2.85
1496.6016485036273	2850	9.311372284708574	0.0	1402287	5718.611601933056	0.6216519671806365	2.85
1498.0626147706564	1200	11.850406017679502	0.0	566904	1460.9662670290722	0.6216519671806365	-0.44999999999999996
1500.4630342948396	1200	13.44998649349617	0.0	641452	2400.4195241833318	0.6216519671806365	1.2
1506.3523052500186	1200	11.560715538317298	0.0	599477	5889.270955178872	0.6216519671806365	1.2
1508.7964195063437	1200	13.11660128199213	0.0	634861	2444.114256325166	0.6216519671806365	1.2
1511.6661579494933	1200	14.24686283884267	0.0	630203	2869.738443149461	0.6216519671806365	1.2
1514.312230937687	1200	15.600789850648848	0.0	638661	2646.0729881938228	0.6216519671806365	1.2
1518.881387268859	2850	15.031633519476934	0.0	1231456	4569.156331171913	0.6216519671806365	1.2000000000000002
1525.038650133782	2850	12.874370654553768	0.0	1364537	6157.262864923167	0.6216519671806365	2.85
1527.1841225757355	750	14.728898212600336	0.0	450283	2145.472441953432	0.6216519671806365	0.75
1529.505749655018	1200	16.40727113331776	0.0	611087	2321.6270792825744	0.6216519671806365	0.75
1532.3062561441352	1850	17.60676464420057	0.0	877771	2800.5064891171914	0.6216519671806365	1.2000000000000002
1535.2303602717845	1850	18.682660516551355	0.0	933276	2924.1041276492156	0.6216519671806365	1.85
1538.3385008175471	1850	19.57451997078883	0.0	996749	3108.1405457625247	0.6216519671806365	1.85
1541.0255660430864	1850	20.887454745249638	0.0	801058	2687.065225539193	0.6216519671806365	1.85
1543.7544256750305	1850	22.15859511330546	0.0	905515	2728.8596319441795	0.6216519671806365	1.85
1548.0137281781974	2850	21.899292610138566	0.0	1638769	4259.302503166889	0.6216519671806365	1.85
1557.0642816132859	2850	16.848739175050127	0.0	1348011	9050.55343508844	0.6216519671806365	2.85
1560.3144655415738	2850	17.598555246762345	0.0	1429765	3250.183928287781	0.6216519671806365	2.85
1563.7769918201047	2850	18.136028968231468	0.0	1354548	3462.526278530877	0.6216519671806365	2.85
1567.8363426534543	2850	18.076678134881767	0.0	1519951	4059.3508333497007	0.6216519671806365	2.85
1575.3369808728676	2850	14.576039915468519	0.0	1422919	7500.638219413248	0.6216519671806365	2.85
1579.4731431690323	1850	14.439877619304069	0.0	1036454	4136.16229616445	0.6216519671806365	0.8500000000000001
1581.618342924837	1850	16.294677863499228	0.0	821631	2145.1997558048433	0.6216519671806365	1.85
1583.6096912006656	1850	18.303329587670667	0.0	923170	1991.3482758285586	0.6216519671806365	1.85
1585.6911627247569	1850	20.22185806357956	0.0	966699	2081.4715240911114	0.6216519671806365	1.85
1587.6049614040653	1850	22.308059384271072	0.0	885714	1913.7986793084867	0.6216519671806365	1.85
1590.491695808347	1850	23.421324979989386	0.0	987708	2886.7344042816876	0.6216519671806365	1.85
1600.2917482969822	2850	17.62127249135435	0.0	1336050	9800.052488635038	0.6216519671806365	1.85
1607.0331238019749	2850	14.879896986361732	0.0	1415116	6741.375504992617	0.6216519671806365	2.85
1611.036090054666	1850	14.876930733670577	0.0	955231	4002.9662526911566	0.6216519671806365	0.8500000000000001
1614.6682184893098	1850	15.244802299026787	0.0	968026	3632.128434643789	0.6216519671806365	1.85
1617.6661072264124	1850	16.24691356192431	0.0	874175	2997.8887371024775	0.6216519671806365	1.85
1620.1081379366392	1850	17.804882851697467	0.0	897976	2442.0307102268407	0.6216519671806365	1.85
1624.1337467021012	2850	17.779274086235308	0.0	1480464	4025.608765462161	0.6216519671806365	1.85
1630.1215382853254	2850	15.791482503011121	0.0	1547572	5987.791583224188	0.6216519671806365	2.85
1633.0731417844088	2850	16.83987900392791	0.0	1141971	2951.6034990832113	0.6216519671806365	2.85
1636.9038082310649	2850	17.009212557271894	0.0	1498470	3830.666446656015	0.6216519671806365	2.85
1643.6910573839011	2850	14.221963404435607	0.0	1561263	6787.249152836286	0.6216519671806365	2.85
1648.7968737125955	2850	13.116147075741248	0.0	1341201	5105.81632869436	0.6216519671806365	2.85
1653.2360262746222	2850	12.676994513714613	0.0	1497683	4439.152562026634	0.6216519671806365	2.85
1656.6924128317987	2850	13.22060795653813	0.0	1358081	3456.3865571764836	0.6216519671806365	2.85
1661.82013787045	2850	12.092882917886724	0.0	1587293	5127.725038651405	0.6216519671806365	2.85
1666.4900489517256	2850	11.422971836611158	0.0	1492672	4669.911081275566	0.6216519671806365	2.85
1670.5447561607461	2850	11.368264627590882	0.0	1439896	4054.7072090202746	0.6216519671806365	2.85
1674.7887696277887	2850	11.124251160548196	0.0	1139291	4244.013467042688	0.6216519671806365	2.85
1682.629093745455	2850	7.283927042881965	0.0	1499009	7840.324117666231	0.6216519671806365	2.85
1689.138339274608	1850	4.774681513729337	0.0	908665	6509.245529152628	0.6216519671806365	0.8500000000000001
1690.6263772890889	1200	7.286643499248173	0.0	587506	1488.0380144811636	0.6216519671806365	0.5499999999999999
1694.294469460651	1200	7.618551327686004	0.0	566904	3668.0921715621703	0.6216519671806365	1.2
1698.9214522715445	1200	6.991568516792708	0.0	641452	4626.982810893295	0.6216519671806365	1.2
1701.0069390523036	1200	8.906081736033608	0.0	599477	2085.4867807591	0.6216519671806365	1.2
1704.94703600329	1200	8.965984785047118	0.0	634861	3940.0969509864904	0.6216519671806365	1.2
1707.0916306004624	1200	10.821390187874568	0.0	630203	2144.594597172548	0.6216519671806365	1.2
1709.0251231904651	1200	12.88789759787188	0.0	638661	1933.492590002689	0.6216519671806365	1.2
1715.7802048289423	2850	10.132815959394895	0.0	1231456	6755.081638476987	0.6216519671806365	1.2000000000000002
1720.6398553892143	2850	9.27316539912278	0.0	1364537	4859.650560272115	0.6216519671806365	2.85
1722.281438976303	750	11.631581812034057	0.0	450283	1641.5835870887222	0.6216519671806365	0.75
1724.484840119223	1200	13.428180669114008	0.0	611087	2203.4011429200486	0.6216519671806365	0.75
1727.9808944165447	1850	13.932126371792242	0.0	877771	3496.054297321768	0.6216519671806365	1.2000000000000002
1732.0443841275553	1850	13.868636660781672	0.0	933276	4063.4897110105708	0.6216519671806365	1.85
1737.4561841611396	1850	12.456836627197372	0.0	996749	5411.800033584298	0.6216519671806365	1.85
1740.0772556292336	1850	13.835765159103364	0.0	801058	2621.0714680940077	0.6216519671806365	1.85
1745.2523041090517	1850	12.660716679285297	0.0	905515	5175.048479818068	0.6216519671806365	1.85
1752.639421259972	1850	9.273599528364954	0.0	1060487	7387.117150920343	0.6216519671806365	1.85
1754.8435457955343	1200	11.069474992802618	0.0	584846	2204.1245355623355	0.6216519671806365	0.5499999999999999
1756.4700928648333	1200	13.442927923503674	0.0	560821	1626.5470692989431	0.6216519671806365	1.2
1758.143619688197	1200	15.76940110013983	0.0	607410	1673.526823363843	0.6216519671806365	1.2
1759.6744187008273	1200	18.238602087509562	0.0	594078	1530.7990126302689	0.6216519671806365	1.2
1761.4535333636502	1200	20.45948742468684	0.0	624282	1779.11466282272	0.6216519671806365	1.2
1766.07455437817	2850	19.83846641016687	0.0	1578343	4621.021014519972	0.6216519671806365	1.2000000000000002
1769.172921344253	2850	20.740099444083953	0.0	1231445	3098.3669660829196	0.6216519671806365	2.85
1772.6668498375113	2850	21.246170950825686	0.0	1471065	3493.9284932582664	0.6216519671806365	2.85
1782.3122479164606	2850	15.60077287187638	0.0	1491626	9645.398078949307	0.6216519671806365	2.85
1785.5429513154752	2850	16.370069472861672	0.0	1358801	3230.7033990147065	0.6216519671806365	2.85
1792.302810586801	2850	13.61021020153597	0.0	1537156	6759.859271325703	0.6216519671806365	2.85
1794.8181945461265	1850	15.094826242210194	0.0	923755	2515.3839593257767	0.6216519671806365	0.8500000000000001
1796.7762630397576	1850	17.136757748578972	0.0	891604	1958.0684936312207	0.6216519671806365	1.85
1798.8276589911466	1850	19.08536179719015	0.0	955231	2051.395951388826	0.6216519671806365	1.85
1802.015231052526	2850	19.897789735811028	0.0	1505760	3187.5720613791195	0.6216519671806365	1.85
1804.8276680501517	2850	21.08535273818502	0.0	1323990	2812.436997626009	0.6216519671806365	2.85
1809.09437085705	2850	20.818649931286586	0.0	1383735	4266.702806898433	0.6216519671806365	2.85
1816.5442734758233	2850	17.36874731251364	0.0	1480464	7449.902618772943	0.6216519671806365	2.85
1824.3425843541677	2850	13.570436434169386	0.0	1547572	7798.310878344257	0.6216519671806365	2.85
1828.925114521875	2850	12.98790626646184	0.0	1141971	4582.530167707546	0.6216519671806365	2.85
1832.4870997011171	1850	13.425921087219773	0.0	972798	3561.985179242067	0.6216519671806365	0.8500000000000001
1835.2787899084362	1850	14.634230879900604	0.0	975811	2791.690207319169	0.6216519671806365	1.85
1837.8069399508422	1850	16.10608083749464	0.0	873429	2528.150042405963	0.6216519671806365	1.85
1841.4580781733907	1850	16.454942614945967	0.0	954453	3651.138222548674	0.6216519671806365	1.85
1843.7423749848024	1850	18.170645803534345	0.0	885062	2284.2968114116225	0.6216519671806365	1.85
1850.0899156203736	1850	15.823105167963181	0.0	1035329	6347.540635571164	0.6216519671806365	1.85
1856.176080788066	2850	13.736940000270806	0.0	1492672	6086.165167692375	0.6216519671806365	1.85
1859.3954552887744	1850	14.517565499562298	0.0	943942	3219.3745007085076	0.6216519671806365	0.8500000000000001
1861.6383186378116	1850	16.27470215052501	0.0	728962	2242.8633490372904	0.6216519671806365	1.85
1866.870118583221	1850	15.042902205115503	0.0	938587	5231.799945409506	0.6216519671806365	1.85
1872.5471199890399	1850	13.365900799296709	0.0	908665	5677.001405818793	0.6216519671806365	1.85
1874.7872282781975	1850	15.125792510138984	0.0	930577	2240.1082891577253	0.6216519671806365	1.85
1876.9494635755746	1850	16.96355721276191	0.0	858450	2162.235297377077	0.6216519671806365	1.85
1879.606328515865	1850	18.30669227247155	0.0	1025005	2656.8649402903575	0.6216519671806365	1.85
1882.297616477147	1850	19.61540431118944	0.0	886255	2691.287961282113	0.6216519671806365	1.85
1888.4282693115795	2850	17.484751476757104	0.0	1587250	6130.652834432332	0.6216519671806365	1.85
1893.288933090207	2850	16.624087698129685	0.0	1464921	4860.663778627418	0.6216519671806365	2.85
1896.6775067818028	2850	17.2355140065339	0.0	1483527	3388.573691595786	0.6216519671806365	2.85
1903.5758268455459	4300	14.337193942790796	0.0	1961140	6898.320063743105	0.6216519671806365	2.8499999999999996
1911.5168251462828	4300	10.39619564205371	0.0	2155012	7940.998300737087	0.6216519671806365	4.3
1912.5234792702076	750	13.389541518128814	0.0	450283	1006.6541239248966	0.6216519671806365	0.75
1914.8772379236484	1850	15.035782864687963	0.0	957685	2353.7586534408506	0.6216519671806365	0.75
1918.2510096141966	1850	15.662011174139913	0.0	877771	3373.7716905480493	0.6216519671806365	1.85
1920.7754440048063	1850	17.13757678353041	0.0	933276	2524.434390609502	0.6216519671806365	1.85
1923.05798832372	1850	18.85503246461646	0.0	996749	2282.544318913953	0.6216519671806365	1.85
1926.1256744435768	2850	19.787346344759943	0.0	1224260	3067.6861198565143	0.6216519671806365	1.85
1937.7633996042778	2850	12.149621184059047	0.0	1388403	11637.725160700895	0.6216519671806365	2.85
1943.1639927567128	1850	10.749028031624093	0.0	1060487	5400.593152434954	0.6216519671806365	0.8500000000000001
1946.795365313727	1850	11.117655474609837	0.0	852833	3631.372557014256	0.6216519671806365	1.85
1951.9998308406596	1850	9.91318994767718	0.0	913888	5204.465526932658	0.6216519671806365	1.85
1955.0830481974767	1200	10.829972590859967	0.0	607410	3083.2173568172134	0.6216519671806365	0.5499999999999999
1957.8735879880912	1200	12.039432800245411	0.0	594078	2790.539790614555	0.6216519671806365	1.2
1960.4936013412243	1200	13.41941944711223	0.0	624282	2620.0133531331808	0.6216519671806365	1.2
1962.942881863527	1200	14.970138924809463	0.0	687371	2449.2805223027667	0.6216519671806365	1.2
1964.4093207344765	1200	17.50370005385995	0.0	526950	1466.4388709495129	0.6216519671806365	1.2
1966.8902057224702	1850	19.022815065866162	0.0	923170	2480.884987993791	0.6216519671806365	1.2000000000000002
1971.2894745819722	1850	18.623546206364214	0.0	966699	4399.268859501945	0.6216519671806365	1.85
1973.7546017699706	1850	20.158419018365873	0.0	885714	2465.127187998343	0.6216519671806365	1.85
1976.3214408075771	1850	21.591579980759178	0.0	987708	2566.8390376066936	0.6216519671806365	1.85
1979.8242128369218	2850	22.088807951414623	0.0	1336050	3502.772029344555	0.6216519671806365	1.85
1983.7416291191678	2850	22.171391669168592	0.0	1415116	3917.4162822460307	0.6216519671806365	2.85
1987.7826166259747	2850	22.13040416236181	0.0	1468126	4040.987506806781	0.6216519671806365	2.85
1992.297530492351	2850	21.61549029598558	0.0	1505760	4514.913866376232	0.6216519671806365	2.85
1995.349496053609	2850	22.563524734727377	0.0	1323990	3051.965561258201	0.6216519671806365	2.85
1998.5303362187199	2850	23.382684569616593	0.0	1383735	3180.84016511078	0.6216519671806365	2.85
2002.1837411203057	2850	23.729279668030575	0.0	1480464	3653.4049015860196	0.6216519671806365	2.85
2006.5957136042869	2850	23.317307184049707	0.0	1547572	4411.972483980869	0.6216519671806365	2.85
2015.2208990972604	4300	18.692121691076157	0.0	1972048	8625.185492973547	0.6216519671806365	2.8499999999999996
2021.222757605553	2850	16.690263182783582	0.0	1498470	6001.858508292575	0.6216519671806365	1.4000000000000001
2027.167183399307	2850	14.745837389029479	0.0	1561263	5944.425793754104	0.6216519671806365	2.85
2032.0977404475575	2850	13.815280340779015	0.0	1341201	4930.557048250463	0.6216519671806365	2.85
2035.163775805939	1850	14.749244982397627	0.0	954453	3066.035358381389	0.6216519671806365	0.8500000000000001
2037.7257041805742	1850	16.187316607762284	0.0	885062	2561.928374635344	0.6216519671806365	1.85
2040.53642347	1850	17.376597318336493	0.0	1035329	2810.719289425789	0.6216519671806365	1.85
2043.0115392221228	1850	18.901481566213747	0.0	1026056	2475.1157521227474	0.6216519671806365	1.85
2046.5575014212097	2850	19.355519367126956	0.0	1439896	3545.9621990867918	0.6216519671806365	1.85
2049.5503480878356	2850	20.36267270050113	0.0	1139291	2992.8466666258255	0.6216519671806365	2.85
2055.045575442505	2850	18.867445345831324	0.0	1499009	5495.227354669804	0.6216519671806365	2.85
2058.3809521016938	2850	19.532068686642617	0.0	1427478	3335.376659188708	0.6216519671806365	2.85
2063.9588909815693	2850	17.954129806767074	0.0	1402287	5577.938879875543	0.6216519671806365	2.85
2067.2341834579884	2850	18.678837330348287	0.0	1339500	3275.292476418786	0.6216519671806365	2.85
2071.469624048685	2850	18.44339673965176	0.0	1527299	4235.440590696527	0.6216519671806365	2.85
2077.8603828736555	2850	16.052637914681227	0.0	1343002	6390.758824970535	0.6216519671806365	2.85
2084.848201047965	2850	13.064819740371663	0.0	1587250	6987.818174309565	0.6216519671806365	2.85
2090.0615463644804	2850	11.851474423856507	0.0	1464921	5213.345316515155	0.6216519671806365	2.85
2094.7816720895958	2850	11.131348698740775	0.0	1483527	4720.125725115733	0.6216519671806365	2.85
2098.179430199376	2850	11.733590588960752	0.0	1231456	3397.758109780023	0.6216519671806365	2.85
2101.529926266873	2850	12.383094521463494	0.0	1364537	3350.496067497257	0.6216519671806365	2.85
2102.6636764324453	750	15.2493443558914	0.0	450283	1133.7501655720926	0.6216519671806365	0.75
2106.0829312895034	1850	15.830089498833214	0.0	957685	3419.2548570581866	0.6216519671806365	0.75
2111.841094983066	1850	14.071925805270647	0.0	877771	5758.163693562569	0.6216519671806365	1.85
2114.3176052984763	1850	15.595415489860429	0.0	933276	2476.510315410217	0.6216519671806365	1.85
2117.9529884756216	2850	15.960032312714931	0.0	1472558	3635.3831771454966	0.6216519671806365	1.85
2120.8777068108657	2850	17.035313977470913	0.0	1224260	2924.718335244018	0.6216519671806365	2.85
2124.3517280574683	2850	17.561292730867947	0.0	1388403	3474.021246602967	0.6216519671806365	2.85
2129.6689509559487	2850	16.24406983238763	0.0	1638769	5317.222898480314	0.6216519671806365	2.85
2132.5420686395987	2850	17.370952148737693	0.0	1348011	2873.117683649939	0.6216519671806365	2.85
2135.623418126152	2850	18.289602662184564	0.0	1429765	3081.3494865531293	0.6216519671806365	2.85
2141.0513472523708	2850	16.861673535965835	0.0	1354548	5427.929126218731	0.6216519671806365	2.85
2147.0762199268024	2850	14.83680086153426	0.0	1519951	6024.872674431576	0.6216519671806365	2.85
2150.425077276212	2850	15.487943512124613	0.0	1422919	3348.857349409645	0.6216519671806365	2.85
2154.5656818145058	2850	15.347338973831102	0.0	1578343	4140.604538293512	0.6216519671806365	2.85
2158.074373396881	2850	15.838647391455893	0.0	1231445	3508.6915823752083	0.6216519671806365	2.85
2163.3462599833283	2850	14.566760805008467	0.0	1471065	5271.8865864474255	0.6216519671806365	2.85
2170.862428582488	2850	11.05059220584866	0.0	1491626	7516.168599159807	0.6216519671806365	2.85
2176.2206359488705	1850	9.69238483946649	0.0	885714	5358.207366382171	0.6216519671806365	0.8500000000000001
2180.990570348165	1850	8.922450440171724	0.0	987708	4769.934399294766	0.6216519671806365	1.85
2184.011561943656	1850	9.901458844680873	0.0	923755	3020.991595490852	0.6216519671806365	1.85
2187.007700317413	1850	10.90532047092385	0.0	891604	2996.138373757021	0.6216519671806365	1.85
2192.316727385	1850	9.596293403337292	0.0	955231	5309.0270675865595	0.6216519671806365	1.85
2197.6775799948073	1850	8.235440793529527	0.0	968026	5360.852609807763	0.6216519671806365	1.85
2200.505835354304	1850	9.40718543403324	0.0	874175	2828.255359496288	0.6216519671806365	1.85
2203.5922895334497	1850	10.320731254887304	0.0	897976	3086.454179145934	0.6216519671806365	1.85
2206.2617898983094	1850	11.651230890027502	0.0	905935	2669.500364859804	0.6216519671806365	1.85
2209.8592457302375	1850	12.053775058099276	0.0	1076599	3597.4558319282255	0.6216519671806365	1.85
2212.0622476647804	1850	13.850773123556275	0.0	758197	2203.0019345430014	0.6216519671806365	1.85
2214.836942613989	1850	15.076078174347959	0.0	972798	2774.6949492083168	0.6216519671806365	1.85
2217.6985962282083	1850	16.21442456012834	0.0	975811	2861.6536142196182	0.6216519671806365	1.85
2220.2025971213607	1850	17.710423666975956	0.0	873429	2504.0008931523826	0.6216519671806365	1.85
2224.550604027185	2850	17.362416761152016	0.0	1497683	4348.006905823938	0.6216519671806365	1.85
2227.921347964166	2850	17.99167282417028	0.0	1358081	3370.743936981735	0.6216519671806365	2.85
2232.0717831092106	2850	17.841237679126017	0.0	1587293	4150.435145044263	0.6216519671806365	2.85
2236.8285545000144	2850	17.08446628832201	0.0	1492672	4756.771390804011	0.6216519671806365	2.85
2246.596111237161	2850	11.316909551175817	0.0	1439896	9767.556737146191	0.6216519671806365	2.85
2249.14487495136	1850	12.76814583697648	0.0	728962	2548.7637141993355	0.6216519671806365	0.8500000000000001
2251.978031851999	1850	13.934988936337966	0.0	938587	2833.156900638515	0.6216519671806365	1.85
2254.3041042644913	1850	15.608916523845906	0.0	908665	2326.07241249206	0.6216519671806365	1.85
2257.0194099212827	1850	16.893610867054644	0.0	930577	2715.305656791262	0.6216519671806365	1.85
2259.2830089891563	1850	18.630011799180952	0.0	858450	2263.5990678736916	0.6216519671806365	1.85
2263.6305930274107	2850	18.282427760926723	0.0	1527299	4347.584038254232	0.6216519671806365	1.85
2266.5583316716848	2850	19.354689116652118	0.0	1343002	2927.738644274604	0.6216519671806365	2.85
2272.4623931410965	2850	17.450627647240648	0.0	1587250	5904.06146941147	0.6216519671806365	2.85
2276.3892505943354	2850	17.523770194001425	0.0	1464921	3926.85745323922	0.6216519671806365	2.85
2281.564084331023	4300	16.34893645731393	0.0	2246506	5174.833736687499	0.6216519671806365	2.8499999999999996
2286.1898611563024	4300	15.723159632034678	0.0	1961140	4625.77682527925	0.6216519671806365	4.3
2290.9612532113138	4300	14.951767577023409	0.0	2155012	4771.39205501127	0.6216519671806365	4.3
2291.9887067858826	750	17.924314002454267	0.0	450283	1027.4535745691433	0.6216519671806365	0.75
2292.9394614978182	750	20.97355929051894	0.0	398865	950.7547119353311	0.6216519671806365	0.75
2295.0803788766107	1850	22.832641911726416	0.0	877771	2140.9173787925197	0.6216519671806365	0.75
2299.624132313971	2850	22.288888474366242	0.0	1520281	4543.753437360176	0.6216519671806365	1.85
2303.4454364806797	2850	22.46758430765781	0.0	1472558	3821.3041667084312	0.6216519671806365	2.85
2306.1064056564223	2850	23.80661513191501	0.0	1224260	2660.9691757427995	0.6216519671806365	2.85
2309.7530899821513	2850	24.159930806186093	0.0	1388403	3646.6843257289147	0.6216519671806365	2.85
2314.586558732216	2850	23.32646205612203	0.0	1638769	4833.468750064066	0.6216519671806365	2.85
2317.900583666731	2850	24.012437121606872	0.0	1348011	3314.0249345151574	0.6216519671806365	2.85
2322.0800893829323	2850	23.832931405405695	0.0	1429765	4179.505716201177	0.6216519671806365	2.85
2325.623688143866	2850	24.289332644472665	0.0	1354548	3543.59876093303	0.6216519671806365	2.85
2331.789505411245	2850	22.123515377093362	0.0	1519951	6165.817267379306	0.6216519671806365	2.85
2339.1337357858765	2850	18.779285002461723	0.0	1422919	7344.23037463164	0.6216519671806365	2.85
2342.758087491053	2850	19.154933297284842	0.0	1578343	3624.35170517688	0.6216519671806365	2.85
2346.8348519664946	2850	19.078168821843104	0.0	1231445	4076.7644754417374	0.6216519671806365	2.85
2352.500946515169	2850	17.41207427316859	0.0	1471065	5666.094548674517	0.6216519671806365	2.85
2357.919755505855	2850	15.993265282482975	0.0	1491626	5418.808990685616	0.6216519671806365	2.85
2361.9555825542297	2850	15.957438234108158	0.0	1358801	4035.8270483748156	0.6216519671806365	2.85
2369.357234502962	2850	12.555786285375769	0.0	1537156	7401.6519487323885	0.6216519671806365	2.85
2373.9172746982226	1850	11.995746090114972	0.0	923755	4560.040195260797	0.6216519671806365	0.8500000000000001
2377.9380313597	1850	11.974989428637272	0.0	891604	4020.7566614776997	0.6216519671806365	1.85
2380.140996680414	1850	13.77202410792348	0.0	955231	2202.9653207137926	0.6216519671806365	1.85
2382.425577864273	1850	15.48744292406422	0.0	968026	2284.5811838592595	0.6216519671806365	1.85
2386.364085363642	1850	15.548935424695262	0.0	874175	3938.5074993689573	0.6216519671806365	1.85
2389.834380188829	1850	16.078640599507647	0.0	897976	3470.294825187618	0.6216519671806365	1.85
2401.6680480080877	2850	8.244972780249231	0.0	1480464	11833.667819258415	0.6216519671806365	1.85
2406.4107079573646	1850	7.50231283097239	0.0	1076599	4742.65994927684	0.6216519671806365	0.8500000000000001
2407.5774136925293	1200	10.335607095807644	0.0	487160	1166.7057351647475	0.6216519671806365	0.5499999999999999
2410.7771298570074	1200	11.135890931329435	0.0	622896	3199.7161644782072	0.6216519671806365	1.2
2412.582249541185	1200	13.330771247152148	0.0	641447	1805.119684177288	0.6216519671806365	1.2
2414.784852491404	1200	15.128168296932863	0.0	570392	2202.6029502192846	0.6216519671806365	1.2
2419.9893819299036	1850	13.923638858432819	0.0	954453	5204.529438500045	0.6216519671806365	1.2000000000000002
2423.230945714049	1850	14.682075074287356	0.0	885062	3241.563784145463	0.6216519671806365	1.85
2425.539958913674	1850	16.373061874662362	0.0	1035329	2309.013199624994	0.6216519671806365	1.85
2430.7385495911394	1850	15.174471197196846	0.0	1026056	5198.590677465517	0.6216519671806365	1.85
2432.876109403034	1850	17.03691138530222	0.0	943942	2137.559811894628	0.6216519671806365	1.85
2434.6020340426253	1850	19.31098674571133	0.0	728962	1725.9246395908865	0.6216519671806365	1.85
2436.599239572143	1850	21.313781216193703	0.0	938587	1997.2055295176267	0.6216519671806365	1.85
2443.156730976025	1850	18.7562898123117	0.0	908665	6557.4914038820025	0.6216519671806365	1.85
2445.5284458899687	1850	20.3845748983674	0.0	930577	2371.7149139442995	0.6216519671806365	1.85
2449.117733258088	1850	20.79528753024861	0.0	858450	3589.287368118793	0.6216519671806365	1.85
2452.7684517176467	1850	21.1445690706895	0.0	1025005	3650.7184595591098	0.6216519671806365	1.85
2456.203839152278	1850	21.709181636058425	0.0	886255	3435.3874346310763	0.6216519671806365	1.85
2458.655502650472	1850	23.257518137864526	0.0	973972	2451.6634981938987	0.6216519671806365	1.85
2461.3943631597704	1850	24.51865762856605	0.0	958994	2738.860509298477	0.6216519671806365	1.85
2477.468639660265	4300	12.44438112807095	0.0	2246506	16074.2765004951	0.6216519671806365	1.8499999999999996
2480.967633469623	2850	12.945387318713827	0.0	1231456	3498.9938093571222	0.6216519671806365	1.4000000000000001
2484.6035836086053	2850	13.309437179731177	0.0	1364537	3635.9501389826514	0.6216519671806365	2.85
2485.829062103219	750	16.08395868511795	0.0	450283	1225.4784946132274	0.6216519671806365	0.75
2488.6535859394426	1850	17.259434848893925	0.0	957685	2824.5238362240243	0.6216519671806365	0.75
2491.417754856503	1850	18.495265931833448	0.0	877771	2764.1689170604755	0.6216519671806365	1.85
2495.8420817106753	2850	18.070939077661333	0.0	1520281	4424.3268541721145	0.6216519671806365	1.85
2499.707365548614	2850	18.205655239722685	0.0	1472558	3865.28383793865	0.6216519671806365	2.85
2502.9896089583904	2850	18.923411829946218	0.0	1224260	3282.243409776467	0.6216519671806365	2.85
2506.707665760825	2850	19.205355027511935	0.0	1388403	3718.056802434284	0.6216519671806365	2.85
2510.6768489759074	2850	19.236171812429188	0.0	1638769	3969.183215082746	0.6216519671806365	2.85
2513.8331844585964	2850	20.079836329740285	0.0	1348011	3156.335482688901	0.6216519671806365	2.85
2520.622705228203	2850	17.290315560134097	0.0	1429765	6789.520769606189	0.6216519671806365	2.85
2523.6083870740213	2850	18.304633714315937	0.0	1354548	2985.681845818162	0.6216519671806365	2.85
2527.722897967734	2850	18.190122820603126	0.0	1519951	4114.510893712809	0.6216519671806365	2.85
2531.5612373664576	2850	18.35178342187967	0.0	1422919	3838.3393987234563	0.6216519671806365	2.85
2536.792293949924	2850	17.12072683841312	0.0	1578343	5231.05658346655	0.6216519671806365	2.85
2542.6288129361315	2850	15.284207852205501	0.0	1231445	5836.518986207618	0.6216519671806365	2.85
2551.9539465899406	2850	9.959074198396229	0.0	1471065	9325.133653809273	0.6216519671806365	2.85
2554.6199627226606	1850	11.293058065676375	0.0	966699	2666.0161327198552	0.6216519671806365	0.8500000000000001
2558.5533924524993	1850	11.35962833583749	0.0	885714	3933.4297298388847	0.6216519671806365	1.85
2561.943518830526	1850	11.969501957810495	0.0	987708	3390.126378026994	0.6216519671806365	1.85
2564.5913638761413	1850	13.321656912195516	0.0	923755	2647.845045614978	0.6216519671806365	1.85
2567.12333183497	1850	14.789688953366623	0.0	891604	2531.9679588288927	0.6216519671806365	1.85
2571.911120135609	1850	14.001900652727377	0.0	955231	4787.788300639245	0.6216519671806365	1.85
2575.2371157139573	1850	14.675905074379076	0.0	968026	3325.995578348301	0.6216519671806365	1.85
2580.256042239312	1850	13.65697854902404	0.0	874175	5018.926525355037	0.6216519671806365	1.85
2583.892379522976	1850	14.020641265360087	0.0	897976	3636.3372836639514	0.6216519671806365	1.85
2586.1543773997864	1850	15.758643388549487	0.0	905935	2261.997876810601	0.6216519671806365	1.85
2592.5156941325995	1850	13.397326655736494	0.0	1076599	6361.316732812993	0.6216519671806365	1.85
2596.6316063765203	1850	13.281414411815724	0.0	758197	4115.9122439207695	0.6216519671806365	1.85
2599.440457974929	1850	14.472562813407126	0.0	972798	2808.8515984085975	0.6216519671806365	1.85
2603.4657071614947	1850	14.44731362684137	0.0	975811	4025.249186565757	0.6216519671806365	1.85
2605.5320747903374	1850	16.380945997998236	0.0	873429	2066.3676288431348	0.6216519671806365	1.85
2607.953989084161	1850	17.95903170417488	0.0	954453	2421.9142938233567	0.6216519671806365	1.85
2610.0122444844646	1850	19.900776303870963	0.0	885062	2058.255400303916	0.6216519671806365	1.85
2613.4374483054435	2850	20.475572482892115	0.0	1587293	3425.2038209788498	0.6216519671806365	1.85
2616.935851556259	2850	20.977169232076772	0.0	1492672	3498.4032508153446	0.6216519671806365	2.85
2623.8280709538762	2850	18.08494983445935	0.0	1439896	6892.219397617421	0.6216519671806365	2.85
2629.472007184893	2850	16.441013603442812	0.0	1139291	5643.936231016542	0.6216519671806365	2.85
2633.692623605899	2850	16.220397182436706	0.0	1499009	4220.616421006103	0.6216519671806365	2.85
2637.2065132499106	2850	16.706507538425395	0.0	1427478	3513.889644011311	0.6216519671806365	2.85
2641.029962157558	2850	16.883058630777505	0.0	1402287	3823.4489076478903	0.6216519671806365	2.85
2645.3056442444404	2850	16.607376543895153	0.0	1339500	4275.682086882351	0.6216519671806365	2.85
2652.745198349284	2850	13.167822439051308	0.0	1527299	7439.5541048438445	0.6216519671806365	2.85
2657.5398025162717	2850	12.373218272063518	0.0	1343002	4794.604166987791	0.6216519671806365	2.85
2667.0283582059596	2850	6.884662582375709	0.0	1587250	9488.555689687808	0.6216519671806365	2.85
2671.267891517858	1850	6.645129270477398	0.0	958994	4239.533311898312	0.6216519671806365	0.8500000000000001
2677.3268453888954	1850	4.586175399440166	0.0	982064	6058.953871037232	0.6216519671806365	1.85
2680.090355419601	1200	5.8226653687341585	0.0	538612	2763.5100307060075	0.6216519671806365	0.5499999999999999
2683.528335851998	1850	6.384684936337679	0.0	846370	3437.980432396479	0.6216519671806365	1.2000000000000002
2685.3322587402704	750	8.58076204806487	0.0	450283	1803.9228882728098	0.6216519671806365	0.75
2687.528430253027	1200	10.384590535308288	0.0	611087	2196.1715127565817	0.6216519671806365	0.75
2689.3545049957256	1200	12.558515792609716	0.0	571051	1826.07474269857	0.6216519671806365	1.2
2691.209469996587	1200	14.70355079174841	0.0	617681	1854.965000861307	0.6216519671806365	1.2
2693.1348363936477	1200	16.778184394687486	0.0	652874	1925.366397060921	0.6216519671806365	1.2
2694.664594640408	1200	19.24842614792746	0.0	520315	1529.7582467600264	0.6216519671806365	1.2
2697.111418859319	1850	20.801601929015945	0.0	905515	2446.8242189115135	0.6216519671806365	1.2000000000000002
2702.934838004626	2850	18.978182783709247	0.0	1638769	5823.4191453067	0.6216519671806365	1.85
2710.9149726343867	2850	14.998048153948469	0.0	1348011	7980.134629760778	0.6216519671806365	2.85
2715.2595544540427	2850	14.65346633429248	0.0	1429765	4344.581819655988	0.6216519671806365	2.85
2719.1701609573865	1850	14.742859830948284	0.0	939819	3910.606503344195	0.6216519671806365	0.8500000000000001
2721.5406319675812	1850	16.372388820753606	0.0	917428	2370.471010194676	0.6216519671806365	1.85
2724.899853361996	1850	17.013167426338903	0.0	946851	3359.2213944147043	0.6216519671806365	1.85
2727.547558063329	1850	18.365462725006246	0.0	1036454	2647.704701332655	0.6216519671806365	1.85
2731.1875460577285	1850	18.72547473060656	0.0	821631	3639.987994399685	0.6216519671806365	1.85
2734.2371054531995	1850	19.675915335135585	0.0	923170	3049.5593954709743	0.6216519671806365	1.85
2736.5385317228825	1850	21.37448906545305	0.0	966699	2301.4262696825367	0.6216519671806365	1.85
2738.6776940023524	1850	23.23532678598316	0.0	885714	2139.1622794698924	0.6216519671806365	1.85
2744.2065981565456	2850	21.706422631789337	0.0	1537156	5528.9041541938195	0.6216519671806365	1.85
2751.401467444946	2850	18.511553343389043	0.0	1336050	7194.869288400297	0.6216519671806365	2.85
2759.24644587056	2850	14.66657491777516	0.0	1415116	7844.978425613882	0.6216519671806365	2.85
2762.1373732267207	1850	15.77564756161459	0.0	955231	2890.92735616057	0.6216519671806365	0.8500000000000001
2764.680478058745	1850	17.232542729590378	0.0	968026	2543.1048320242107	0.6216519671806365	1.85
2766.747012565039	1850	19.16600822329686	0.0	874175	2066.5345062935203	0.6216519671806365	1.85
2768.8396123093166	1850	21.0734084790188	0.0	897976	2092.5997442780604	0.6216519671806365	1.85
2772.761371651447	2850	21.151649136888416	0.0	1480464	3921.759342130384	0.6216519671806365	1.85
2776.296404595518	2850	21.616616192817236	0.0	1547572	3535.0329440711803	0.6216519671806365	2.85
2779.6641020638676	2850	22.248918724467657	0.0	1141971	3367.6974683495782	0.6216519671806365	2.85
2785.620665356928	4300	20.29235543140749	0.0	2134614	5956.563293060169	0.6216519671806365	2.8499999999999996
2798.621924119891	4300	11.291096668444489	0.0	2164140	13001.258762963002	0.6216519671806365	4.3
2800.589771262778	1850	13.323249525557534	0.0	873429	1967.8471428869536	0.6216519671806365	-0.6000000000000001
2802.8654079188823	1850	15.04761286945338	0.0	954453	2275.636656104153	0.6216519671806365	1.85
2806.323900576676	1850	15.589120211659502	0.0	885062	3458.4926577938786	0.6216519671806365	1.85
2810.946743326447	1850	14.96627746188808	0.0	1035329	4622.842749771421	0.6216519671806365	1.85
2815.1612155262833	1850	14.75180526205159	0.0	1026056	4214.472199836489	0.6216519671806365	1.85
2817.319970514401	1850	16.59305027393338	0.0	943942	2158.754988118212	0.6216519671806365	1.85
2820.8214884367394	1850	17.09153235159525	0.0	728962	3501.5179223381283	0.6216519671806365	1.85
2826.1940559216355	1850	15.71896486669912	0.0	938587	5372.567484896132	0.6216519671806365	1.85
2834.0228175230895	1850	11.890203265245015	0.0	908665	7828.761601454105	0.6216519671806365	1.85
2837.937803460119	1850	11.975217328215654	0.0	930577	3914.9859370293602	0.6216519671806365	1.85
2840.310703423952	1200	13.602317364383053	0.0	566904	2372.899963832603	0.6216519671806365	0.5499999999999999
2843.156610881965	1200	14.756409906369516	0.0	641452	2845.9074580135366	0.6216519671806365	1.2
2846.756316626836	1200	15.156704161498627	0.0	599477	3599.705744870889	0.6216519671806365	1.2
2849.1043224328123	1200	16.808698355522353	0.0	634861	2348.005805976275	0.6216519671806365	1.2
2851.634868139796	1200	18.27815264853855	0.0	630203	2530.545706983801	0.6216519671806365	1.2
2857.6279284564544	2850	16.285092331880186	0.0	1483527	5993.060316658363	0.6216519671806365	1.2000000000000002
2861.4902470359816	2850	16.422773752353315	0.0	1231456	3862.3185795268714	0.6216519671806365	2.85
2866.5693192880603	2850	15.34370150027442	0.0	1364537	5079.072252078893	0.6216519671806365	2.85
2867.7747591795564	750	18.138261608778624	0.0	450283	1205.4398914958003	0.6216519671806365	0.75
2874.5780537720984	1850	15.334967016236734	0.0	957685	6803.294592541891	0.6216519671806365	0.75
2877.123192111866	1850	16.78982867646905	0.0	877771	2545.1383397676827	0.6216519671806365	1.85
2879.9824463777218	1850	17.93057441061363	0.0	933276	2859.254265855419	0.6216519671806365	1.85
2882.4019335564785	1850	19.51108723185691	0.0	996749	2419.487178756723	0.6216519671806365	1.85
2885.778019263008	1850	20.135001525327336	0.0	801058	3376.0857065295704	0.6216519671806365	1.85
2887.8905259962958	1850	22.022494792039947	0.0	905515	2112.506733287392	0.6216519671806365	1.85
2891.470765396448	2850	22.44225539188791	0.0	1638769	3580.239400152032	0.6216519671806365	1.85
2894.6272979004075	2850	23.28572288792837	0.0	1348011	3156.5325039595446	0.6216519671806365	2.85
2898.10139195006	2850	23.811628838275574	0.0	1429765	3474.094049652796	0.6216519671806365	2.85
2902.808168466102	2850	23.104852322233995	0.0	1354548	4706.77651604158	0.6216519671806365	2.85
2907.845952919816	2850	22.06706786851994	0.0	1519951	5037.784453714057	0.6216519671806365	2.85
2911.309690317155	2850	22.603330471181177	0.0	1422919	3463.737397338763	0.6216519671806365	2.85
2917.6013920678424	2850	20.31162872049356	0.0	1578343	6291.701750687618	0.6216519671806365	2.85
2920.229212214638	2850	21.683808573698414	0.0	1231445	2627.820146795143	0.6216519671806365	2.85
2924.8894110694146	2850	21.02360971892206	0.0	1471065	4660.198854776354	0.6216519671806365	2.85
2932.2071819393655	2850	17.705838848971318	0.0	1491626	7317.770869950742	0.6216519671806365	2.85
2936.7446599217105	2850	17.168360866626244	0.0	1358801	4537.477982345072	0.6216519671806365	2.85
2943.84616329995	2850	14.066857488386384	0.0	1537156	7101.5033782398605	0.6216519671806365	2.85
2952.3221335035873	2850	9.59088728474936	0.0	1336050	8475.970203637024	0.6216519671806365	2.85
2957.1106940872505	1850	8.802326701086255	0.0	891604	4788.560583663105	0.6216519671806365	0.8500000000000001
2960.6246448824077	1200	9.288375905929588	0.0	616206	3513.9507951566666	0.6216519671806365	0.5499999999999999
2964.5081751879798	1200	9.404845600357474	0.0	656471	3883.5303055721142	0.6216519671806365	1.2
2966.3635315039082	1200	11.549489284428823	0.0	536667	1855.3563159286512	0.6216519671806365	1.2
2968.0914657945636	1200	13.821554993773542	0.0	587236	1727.9342906552793	0.6216519671806365	1.2
2969.870537931467	1200	16.042482856870354	0.0	590335	1779.0721369031905	0.6216519671806365	1.2
2973.9167130044502	1850	15.99630778388721	0.0	1076599	4046.175072983143	0.6216519671806365	1.2000000000000002
2978.7832771584285	1850	15.129743629909234	0.0	758197	4866.564153977976	0.6216519671806365	1.85
2984.8169712740882	1850	13.096049514249602	0.0	972798	6033.694115659631	0.6216519671806365	1.85
2989.2733723483225	1850	12.63964844001538	0.0	975811	4456.401074234222	0.6216519671806365	1.85
2992.017095785137	1850	13.895925003201116	0.0	873429	2743.723436814265	0.6216519671806365	1.85
2994.3490126116426	1850	15.564008176695474	0.0	954453	2331.9168265056414	0.6216519671806365	1.85
2996.442843702472	1850	17.470177085865732	0.0	885062	2093.831090829741	0.6216519671806365	1.85
3001.750065249309	2850	16.162955539029007	0.0	1587293	5307.221546836726	0.6216519671806365	1.85
3005.0809214372002	2850	16.83209935113779	0.0	1492672	3330.8561878912187	0.6216519671806365	2.85
3008.383626638256	2850	17.52939415008205	0.0	1439896	3302.705201055737	0.6216519671806365	2.85
3010.9684972076066	2850	18.94452358073145	0.0	1139291	2584.870569350602	0.6216519671806365	2.85
3016.144370469985	2850	17.768650318353274	0.0	1499009	5175.873262378177	0.6216519671806365	2.85
3020.888303678795	2850	17.024717109543325	0.0	1427478	4743.933208809946	0.6216519671806365	2.85
3025.5640924789436	2850	16.34892830939499	0.0	1402287	4675.788800148337	0.6216519671806365	2.85
3029.462284928626	2850	16.450735859712726	0.0	1339500	3898.1924496822667	0.6216519671806365	2.85
3033.890049836767	2850	16.02297095157184	0.0	1527299	4427.764908140884	0.6216519671806365	2.85
3038.8751993456526	2850	15.037821442686054	0.0	1343002	4985.1495088857855	0.6216519671806365	2.85
3042.801319607869	2850	15.111701180469147	0.0	1587250	3926.1202622169076	0.6216519671806365	2.85
3049.8368804788547	2850	12.076140309483504	0.0	1464921	7035.560870985643	0.6216519671806365	2.85
3058.351965087337	2850	7.561055701001514	0.0	1483527	8515.08460848199	0.6216519671806365	2.85
3064.6973313108283	1850	5.215689477510029	0.0	830730	6345.3662234914855	0.6216519671806365	0.8500000000000001
3069.390703841133	1850	4.522316947205249	0.0	846370	4693.3725303047795	0.6216519671806365	1.85
3071.8739093855966	750	6.039111402741762	0.0	450283	2483.205544463488	0.6216519671806365	0.75
3072.789761240906	750	9.123259547432209	0.0	398865	915.851855309552	0.6216519671806365	0.75
3073.6049143906307	750	12.30810639770773	0.0	350812	815.1531497244797	0.6216519671806365	0.75
3075.269505315531	1200	14.64351547280715	0.0	617681	1664.5909249005808	0.6216519671806365	0.75
3079.5041464935803	1850	14.408874294757862	0.0	996749	4234.641178049288	0.6216519671806365	1.2000000000000002
3081.470467097365	1850	16.442553690972897	0.0	801058	1966.3206037849652	0.6216519671806365	1.85
3083.750351758748	1850	18.162669029590347	0.0	905515	2279.884661382553	0.6216519671806365	1.85
3087.43836835696	2850	18.474652431378228	0.0	1638769	3688.016598212117	0.6216519671806365	1.85
3092.210446483752	2850	17.702574304585987	0.0	1348011	4772.078126792244	0.6216519671806365	2.85
3095.60933306914	2850	18.30368771919803	0.0	1429765	3398.8865853879547	0.6216519671806365	2.85
3098.83546400628	2850	19.07755678205821	0.0	1354548	3226.1309371398193	0.6216519671806365	2.85
3102.2651222550326	2850	19.647898533306073	0.0	1519951	3429.6582487521378	0.6216519671806365	2.85
3105.6842054405956	2850	20.228815347742536	0.0	1422919	3419.0831855635356	0.6216519671806365	2.85
3109.4431926700977	2850	20.469828118240766	0.0	1578343	3758.9872295017703	0.6216519671806365	2.85
3113.737395534967	2850	20.175625253371162	0.0	1231445	4294.202864869604	0.6216519671806365	2.85
3120.072911462784	2850	17.840109325554355	0.0	1471065	6335.515927816807	0.6216519671806365	2.85
3124.6522598453694	2850	17.26076094296848	0.0	1491626	4579.348382585876	0.6216519671806365	2.85
3132.210445002769	2850	13.702575785568646	0.0	1358801	7558.1851573998365	0.6216519671806365	2.85
3136.2247442045696	1850	13.688276583768385	0.0	987708	4014.29920180026	0.6216519671806365	0.8500000000000001
3141.040912417541	1850	12.87210837079656	0.0	923755	4816.168212971825	0.6216519671806365	1.85
3144.7390521675115	1850	13.173968620826406	0.0	891604	3698.1397499701548	0.6216519671806365	1.85
3147.702605848136	1850	14.210414940201861	0.0	955231	2963.553680624546	0.6216519671806365	1.85
3150.3799033533314	1850	15.533117435006062	0.0	968026	2677.2975051957987	0.6216519671806365	1.85
3152.616984313626	1850	17.296036474711645	0.0	874175	2237.08096029442	0.6216519671806365	1.85
3155.123075648107	1850	18.78994514023108	0.0	897976	2506.0913344805654	0.6216519671806365	1.85
3157.1644906936244	1850	20.748530094713015	0.0	905935	2041.4150455180654	0.6216519671806365	1.85
3160.015805298473	1850	21.897215489864728	0.0	1076599	2851.3146048482877	0.6216519671806365	1.85
3163.732984325664	1850	22.180036462673176	0.0	758197	3717.1790271915534	0.6216519671806365	1.85
3167.651931348708	2850	22.26108943962926	0.0	1498470	3918.9470230439147	0.6216519671806365	1.85
3175.7791808333704	2850	18.133839954966913	0.0	1561263	8127.249484662349	0.6216519671806365	2.85
3180.8522295851953	2850	17.060791203141694	0.0	1341201	5073.048751825219	0.6216519671806365	2.85
3186.15951117187	2850	15.753509616467266	0.0	1497683	5307.281586674427	0.6216519671806365	2.85
3188.617425087799	1850	17.295595700538566	0.0	885062	2457.913915928698	0.6216519671806365	0.8500000000000001
3192.1924805270482	1850	17.72054026128894	0.0	1035329	3575.0554392496283	0.6216519671806365	1.85
3196.270749825666	1850	17.64227096267157	0.0	1026056	4078.269298617368	0.6216519671806365	1.85
3199.736155619735	1850	18.176865168601715	0.0	943942	3465.405794069856	0.6216519671806365	1.85
3202.5113248008806	1850	19.40169598745637	0.0	728962	2775.1691811453425	0.6216519671806365	1.85
3204.771165324746	1850	21.141855463590932	0.0	938587	2259.8405238654404	0.6216519671806365	1.85
3208.291431004358	2850	21.62158978397896	0.0	1427478	3520.265679611975	0.6216519671806365	1.85
3215.2413983056126	2850	18.67162248272446	0.0	1402287	6949.967301254497	0.6216519671806365	2.85
3224.62991992353	2850	13.283100864807052	0.0	1339500	9388.521617917408	0.6216519671806365	2.85
3234.2517536383366	2850	7.661267150000543	0.0	1527299	9621.833714806507	0.6216519671806365	2.85
3237.2925120976333	1200	8.620508690703511	0.0	599477	3040.758459297033	0.6216519671806365	-0.44999999999999996
3242.075478455586	1200	7.837542332751155	0.0	634861	4782.966357952357	0.6216519671806365	1.2
3245.399133941899	1200	8.513886846438208	0.0	630203	3323.655486312946	0.6216519671806365	1.2
3248.7182570521695	1200	9.194763736167472	0.0	638661	3319.1231102707366	0.6216519671806365	1.2
3251.032931768346	1200	10.880089019991352	0.0	538612	2314.6747161761195	0.6216519671806365	1.2
3256.1270999506824	2850	9.78592083765451	0.0	1364537	5094.168182336841	0.6216519671806365	1.2000000000000002
3257.9000617241563	750	12.012959064180963	0.0	450283	1772.9617734735482	0.6216519671806365	0.75
3259.373767862055	750	14.539252926282337	0.0	398865	1473.7061378986245	0.6216519671806365	0.75
3261.4845048819725	1200	16.428515906364876	0.0	571051	2110.7370199174643	0.6216519671806365	0.75
3265.4421893984986	1850	16.47083138983878	0.0	933276	3957.684516526096	0.6216519671806365	1.2000000000000002
3269.0891984423124	1850	16.823822346024908	0.0	996749	3647.0090438138714	0.6216519671806365	1.85
3271.4162855733116	1850	18.49673521502575	0.0	801058	2327.0871309991553	0.6216519671806365	1.85
3274.147984767942	1850	19.765036020395353	0.0	905515	2731.6991946303965	0.6216519671806365	1.85
3277.402258901592	1850	20.510761886745026	0.0	1060487	3254.2741336503277	0.6216519671806365	1.85
3279.950391505855	1850	21.962629282482617	0.0	852833	2548.132604262409	0.6216519671806365	1.85
3283.4689654481917	2850	22.44405534014552	0.0	1429765	3518.573942337094	0.6216519671806365	1.85
3286.6150327448286	2850	23.297988043508877	0.0	1354548	3146.0672966366456	0.6216519671806365	2.85
3290.3353711011987	2850	23.577649687138933	0.0	1519951	3720.3383563699467	0.6216519671806365	2.85
3293.508911343698	2850	24.40410944463983	0.0	1422919	3173.540242499106	0.6216519671806365	2.85
3298.7117796845496	2850	23.201241103788146	0.0	1578343	5202.868340851681	0.6216519671806365	2.85
3302.25910756201	2850	23.653913226328157	0.0	1231445	3547.327877459989	0.6216519671806365	2.85
3306.5919969128418	2850	23.32102387549607	0.0	1471065	4332.889350832086	0.6216519671806365	2.85
3310.4656221313257	2850	23.447398657011767	0.0	1491626	3873.625218484302	0.6216519671806365	2.85
3313.6986604450617	2850	24.214360343275963	0.0	1358801	3233.0383137358035	0.6216519671806365	2.85
3317.2542929055608	2850	24.65872788277679	0.0	1537156	3555.6324604991705	0.6216519671806365	2.85
3322.3354992943473	2850	23.577521493990403	0.0	1336050	5081.206388786388	0.6216519671806365	2.85
3325.3099767293293	2850	24.60304405900839	0.0	1415116	2974.477434982013	0.6216519671806365	2.85
3328.956685893522	2850	24.95633489481588	0.0	1468126	3646.70916419251	0.6216519671806365	2.85
3337.251074732583	2850	20.66194605575456	0.0	1505760	8294.388839061321	0.6216519671806365	2.85
3341.8059024173212	2850	20.10711837101653	0.0	1323990	4554.8276847380275	0.6216519671806365	2.85
3345.559063148755	2850	20.35395763958333	0.0	1383735	3753.1607314331955	0.6216519671806365	2.85
3349.8407830974556	2850	20.072237690882357	0.0	1480464	4281.719948700973	0.6216519671806365	2.85
3355.761929166304	2850	18.151091622034247	0.0	1547572	5921.14606884811	0.6216519671806365	2.85
3358.5823850115207	2850	19.33063577681766	0.0	1141971	2820.4558452165898	0.6216519671806365	2.85
3361.928644837253	2850	19.984375951085173	0.0	1498470	3346.259825732488	0.6216519671806365	2.85
3365.39337333747	2850	20.51964745086863	0.0	1561263	3464.728500216544	0.6216519671806365	2.85
3368.7872260375075	2850	21.1257947508313	0.0	1341201	3393.852700037329	0.6216519671806365	2.85
3372.817530311596	2850	21.095490476742853	0.0	1497683	4030.304274088448	0.6216519671806365	2.85
3376.2891084829894	2850	21.623912305349005	0.0	1358081	3471.5781713938495	0.6216519671806365	2.85
3380.79612725357	2850	21.11689353476844	0.0	1587293	4507.018770580561	0.6216519671806365	2.85
3386.3036279846265	2850	19.60939280371188	0.0	1492672	5507.500731056562	0.6216519671806365	2.85
3390.2454099731726	2850	19.66761081516611	0.0	1439896	3941.7819885457743	0.6216519671806365	2.85
3393.5569603398726	2850	20.356060448465946	0.0	1139291	3311.550366700164	0.6216519671806365	2.85
3400.763869308927	2850	17.149151479411678	0.0	1499009	7206.908969054268	0.6216519671806365	2.85
3408.904544010983	2850	13.008476777356103	0.0	1427478	8140.674702055573	0.6216519671806365	2.85
3414.304975793001	2850	11.608044995337604	0.0	1402287	5400.4317820185	0.6216519671806365	2.85
3416.3541572160157	1850	13.558863572322942	0.0	858450	2049.181423014664	0.6216519671806365	0.8500000000000001
3419.001066160789	1850	14.911954627549703	0.0	1025005	2646.908944773239	0.6216519671806365	1.85
3422.7815405536207	1850	15.131480234717987	0.0	886255	3780.4743928317157	0.6216519671806365	1.85
3428.2287237539717	1850	13.684297034366892	0.0	973972	5447.183200351094	0.6216519671806365	1.85
3430.9258548774883	1850	14.987165910850186	0.0	958994	2697.1311235167063	0.6216519671806365	1.85
3436.0482796944507	2850	13.864741093887734	0.0	1483527	5122.4248169624525	0.6216519671806365	1.85
3442.2418099422484	2850	11.671210846090169	0.0	1231456	6193.530247797563	0.6216519671806365	2.85
3447.1098539110585	2850	10.803166877279807	0.0	1364537	4868.043968810361	0.6216519671806365	2.85
3448.5693401090593	750	13.343680679278993	0.0	450283	1459.4861980008131	0.6216519671806365	0.75
3451.34124267019	1850	14.571778118148467	0.0	957685	2771.902561130525	0.6216519671806365	0.75
3453.4238015398846	1850	16.489219248453768	0.0	877771	2082.558869694701	0.6216519671806365	1.85
3455.6135332149374	1850	18.29948757340082	0.0	933276	2189.7316750529453	0.6216519671806365	1.85
3459.4112586632955	2850	18.501762125042944	0.0	1472558	3797.725448357874	0.6216519671806365	1.85
3463.660751712966	2850	18.252269075372286	0.0	1224260	4249.493049670657	0.6216519671806365	2.85
3467.4913560644713	2850	18.421664723866794	0.0	1388403	3830.604351505492	0.6216519671806365	2.85
3471.403090322587	2850	18.509930465751147	0.0	1638769	3911.7342581156486	0.6216519671806365	2.85
3478.169330833463	2850	15.743689954875459	0.0	1348011	6766.2405108756875	0.6216519671806365	2.85
3483.826318184168	2850	14.086702604170284	0.0	1429765	5656.987350705174	0.6216519671806365	2.85
3488.7437125404444	2850	13.169308247893973	0.0	1354548	4917.394356276313	0.6216519671806365	2.85
3491.008818949445	1850	14.904201838893128	0.0	917428	2265.1064090008445	0.6216519671806365	0.8500000000000001
3501.549333857596	1850	8.363686930742201	0.0	946851	10540.514908150928	0.6216519671806365	1.85
3509.9525152705796	1200	4.0	0.03949448224158914	687371	8403.18141298379	0.6216519671806365	0.38017372636116675
3512.339887314027	750	5.6126279565528785	0.0	337059	2387.3720434471215	0.6216519671806365	0.3
3514.6152714832697	750	7.3372437873098555	0.0	366214	2275.3841692430237	0.6216519671806365	0.75
3516.647312682994	750	9.305202587585413	0.0	360831	2032.0411997244432	0.6216519671806365	0.75
3518.4086446209367	750	11.543870649642809	0.0	372963	1761.3319379426025	0.6216519671806365	0.75
3520.241847024359	750	13.710668246220925	0.0	405596	1833.2024034218855	0.6216519671806365	0.75
3522.4557493865655	1200	15.496765884014383	0.0	586839	2213.902362206542	0.6216519671806365	0.75
3524.5670487867746	1200	17.3854664838051	0.0	601738	2111.299400209284	0.6216519671806365	1.2
3526.6619689905237	1200	19.290546280056144	0.0	616206	2094.920203748955	0.6216519671806365	1.2
3529.427335906528	1850	20.525179364052097	0.0	968026	2765.3669160040495	0.6216519671806365	1.2000000000000002
3531.883870959387	1850	22.068644311192912	0.0	874175	2456.535052859185	0.6216519671806365	1.85
3534.1843112167708	1850	23.76820405380938	0.0	897976	2300.4402573835273	0.6216519671806365	1.85
3536.506958576135	1850	25.44555669444539	0.0	905935	2322.647359363994	0.6216519671806365	1.85
3539.0615557272276	1850	26.890959543352533	0.0	1076599	2554.597151092859	0.6216519671806365	1.85
3541.064481068517	1850	28.88803420206312	0.0	758197	2002.925341289411	0.6216519671806365	1.85
3545.393242822272	2850	28.55927244830833	0.0	1498470	4328.761753754793	0.6216519671806365	1.85
3550.1955013085917	2850	27.757013961988466	0.0	1561263	4802.258486319863	0.6216519671806365	2.85
3553.3889162287323	2850	28.563599041847294	0.0	1341201	3193.4149201411715	0.6216519671806365	2.85
3557.048788286202	2850	28.90372698437772	0.0	1497683	3659.8720574695712	0.6216519671806365	2.85
3560.1558525410637	2850	29.796662729516072	0.0	1358081	3107.0642548616493	0.6216519671806365	2.85
3567.6100962671653	4300	26.34241900341478	0.0	2286761	7454.243726101293	0.6216519671806365	2.8499999999999996
3575.6976920624516	4300	22.25482320812853	0.0	2307787	8087.595795286246	0.6216519671806365	4.3
3583.728404277997	4300	18.224110992583082	0.0	2143948	8030.712215545448	0.6216519671806365	4.3
3589.985213506586	4300	15.967301763993913	0.0	1919781	6256.809228589171	0.6216519671806365	4.3
3595.2699727292247	2850	14.68254254135576	0.0	1499009	5284.75922263815	0.6216519671806365	1.4000000000000001
3600.7016132757517	2850	13.250901994829048	0.0	1427478	5431.640546526712	0.6216519671806365	2.85
3609.5568772644315	1850	8.395638006148905	0.0	930577	8855.263988680143	0.6216519671806365	0.8500000000000001
3610.8522890444415	1200	11.100226226139029	0.0	566904	1295.4117800098763	0.6216519671806365	0.5499999999999999
3612.8284986485824	1200	13.12401662199796	0.0	641452	1976.209604141068	0.6216519671806365	1.2
3614.676635042032	1200	15.27588022854801	0.0	599477	1848.1363934499495	0.6216519671806365	1.2
3618.9921812694197	1850	14.960334001160408	0.0	973972	4315.546227387601	0.6216519671806365	1.2000000000000002
3622.007327017709	1850	15.945188252871006	0.0	958994	3015.145748289402	0.6216519671806365	1.85
3624.371729986411	1850	17.580785284169128	0.0	982064	2364.4029687018806	0.6216519671806365	1.85
3629.8489120533454	4300	16.10360321723487	0.0	1961140	5477.182066934258	0.6216519671806365	1.8499999999999996
3640.557724269844	4300	9.394791000735934	0.0	2155012	10708.812216498936	0.6216519671806365	4.3
3641.678018779259	750	12.274496491321004	0.0	450283	1120.2945094149284	0.6216519671806365	0.75
3643.935057671062	1850	14.017457599518172	0.0	957685	2257.03889180283	0.6216519671806365	0.75
3647.8400332818655	1850	14.11248198871485	0.0	877771	3904.975610803324	0.6216519671806365	1.85
3650.015643133053	1850	15.93687213752735	0.0	933276	2175.609851187499	0.6216519671806365	1.85
3652.3457491345434	1850	17.606766136037034	0.0	996749	2330.1060014903173	0.6216519671806365	1.85
3658.814866251467	2850	15.137649019113807	0.0	1224260	6469.117116923227	0.6216519671806365	1.85
3663.3146341772413	2850	14.63788109333919	0.0	1388403	4499.767925774617	0.6216519671806365	2.85
3668.548615918336	2850	13.403899352244563	0.0	1638769	5233.981741094628	0.6216519671806365	2.85
3673.551313079714	2850	12.401202190866904	0.0	1348011	5002.697161377658	0.6216519671806365	2.85
3678.583147550027	1850	11.369367720553484	0.0	913888	5031.83447031342	0.6216519671806365	0.8500000000000001
3681.0794023424337	1850	12.873112928147105	0.0	939819	2496.254792406381	0.6216519671806365	1.85
3683.374723009547	1850	14.577792261033734	0.0	917428	2295.3206671133694	0.6216519671806365	1.85
3687.4272973941806	1850	14.525217876399626	0.0	946851	4052.5743846341074	0.6216519671806365	1.85
3693.569002825152	1850	12.383512445427959	0.0	1036454	6141.705430971668	0.6216519671806365	1.85
3696.9365941038536	1850	13.015921166726516	0.0	821631	3367.591278701445	0.6216519671806365	1.85
3700.713713241703	1850	13.238802028877421	0.0	923170	3777.119137849094	0.6216519671806365	1.85
3705.8055120466706	1850	12.147003223909635	0.0	966699	5091.798804967784	0.6216519671806365	1.85
3709.899667828141	1850	12.052847442439372	0.0	885714	4094.155781470264	0.6216519671806365	1.85
3713.7486243734775	1850	12.203890897102788	0.0	987708	3848.9565453365826	0.6216519671806365	1.85
3717.4966615526255	1850	12.455853717954719	0.0	923755	3748.0371791480707	0.6216519671806365	1.85
3721.3015032232947	1850	12.651012047285706	0.0	891604	3804.841670669014	0.6216519671806365	1.85
3725.1951726908237	1850	12.757342579757085	0.0	955231	3893.6694675286194	0.6216519671806365	1.85
3728.782801520046	1850	13.169713750534273	0.0	968026	3587.6288292228123	0.6216519671806365	1.85
3731.381355828156	1850	14.571159442424703	0.0	874175	2598.55430810957	0.6216519671806365	1.85
3734.267705866003	1850	15.684809404577539	0.0	897976	2886.3500378471645	0.6216519671806365	1.85
3736.6985182588824	1850	17.253997011698292	0.0	905935	2430.8123928792493	0.6216519671806365	1.85
3739.984830106727	1850	17.967685163853506	0.0	1076599	3286.311847844786	0.6216519671806365	1.85
3741.8743675106366	1850	20.07814775994357	0.0	758197	1889.5374039099365	0.6216519671806365	1.85
3747.303179747987	2850	18.649335522593198	0.0	1498470	5428.812237350369	0.6216519671806365	1.85
3751.4366524170377	2850	18.515862853542675	0.0	1561263	4133.472669050521	0.6216519671806365	2.85
3756.6233437092305	2850	17.32917156135003	0.0	1341201	5186.691292192645	0.6216519671806365	2.85

