951904.5154203501	750	4.0	0.7717439724797484	450283	771.7439724797483	0.8	-2.568499081662918
951905.7503536827	1200	6.765066667479157	0.0	611087	1234.9333325208431	0.8	0.75
951907.3069702991	1850	9.208450051014363	0.0	877771	1556.6166164647939	0.8	1.2000000000000002
951909.4410035445	1850	11.074416805710763	0.0	933276	2134.0332453036	0.8	1.85
951911.8898199201	1850	12.625600430085147	0.0	996749	2448.816375625616	0.8	1.85
951913.8735683144	1850	14.641852035829517	0.0	801058	1983.7483942556294	0.8	1.85
951916.1055632101	1850	16.409857140048704	0.0	905515	2231.994895780813	0.8	1.85
951920.0801674115	2850	16.43525293872258	0.0	1638769	3974.604201326126	0.8	1.85
951925.0450768789	4300	15.47034347125303	0.0	2055469	4964.9094674695525	0.8	2.8499999999999996
951930.2802752798	4300	14.235145070428487	0.0	2169201	5235.198400824542	0.8	4.3
951935.2719241958	4300	13.243496154477365	0.0	2173522	4991.648915951122	0.8	4.3
951939.2515311368	4300	13.26388921345905	0.0	2102452	3979.606941018316	0.8	4.3
951945.8989983804	4300	10.61642196979084	0.0	2209463	6647.467243668209	0.8	4.3
951951.9184434832	4300	8.596976866996094	0.0	2275376	6019.445102794748	0.8	4.3
951955.5789992716	4300	8.9364210785773	0.0	2005399	3660.555788418793	0.8	4.3
951959.4147275615	4300	9.100692788762599	0.0	2152483	3835.7282898147023	0.8	4.3
951966.0832368403	4300	6.432183509824377	0.0	2289689	6668.509278938222	0.8	4.3
951971.0904354639	2850	5.424984886332416	0.0	1358801	5007.1986234919605	0.8	1.4000000000000001
951974.3286977265	2850	6.186722623761101	0.0	1537156	3238.262262571315	0.8	2.85
951976.4777580715	2850	8.037662278729234	0.0	1336050	2149.060345031867	0.8	2.85
951979.4545836586	2850	9.060836691715618	0.0	1415116	2976.8255870136163	0.8	2.85
951981.6224324715	2850	10.892987878823245	0.0	1468126	2167.8488128923723	0.8	2.85
951984.3036470572	2850	12.21177329317614	0.0	1505760	2681.2145856471047	0.8	2.85
951986.4986853478	2850	14.016735002505461	0.0	1323990	2195.0382906706773	0.8	2.85
951995.2634044897	4300	9.252015860590609	0.0	2186790	8764.719141914853	0.8	2.8499999999999996
952000.6185099491	4300	7.896910401290516	0.0	2105231	5355.105459300094	0.8	4.3
952007.778288806	4300	4.737131544381758	0.0	2395588	7159.778856908757	0.8	4.3
952009.6947808763	2850	6.820639474028616	0.0	1141971	1916.4920703531423	0.8	1.4000000000000001
952013.7548109038	2850	6.76060944647291	0.0	1498470	4060.0300275557065	0.8	2.85
952016.3799353848	2850	8.135484965406102	0.0	1561263	2625.124481066808	0.8	2.85
952018.6509905746	2850	9.864429775732921	0.0	1341201	2271.0551896731818	0.8	2.85
952021.1776828375	2850	11.337737512876494	0.0	1497683	2526.6922628564253	0.8	2.85
952024.4352998958	2850	12.080120454640987	0.0	1358081	3257.617058235508	0.8	2.85
952027.1606801543	2850	13.354740196113632	0.0	1587293	2725.3802585273547	0.8	2.85
952032.8572576003	4300	11.658162750136956	0.0	2307787	5696.577445976674	0.8	2.8499999999999996
952040.1559287441	4300	8.359491606365314	0.0	2143948	7298.671143771643	0.8	4.3
952043.620080345	4300	8.895340005584881	0.0	1919781	3464.151600780433	0.8	4.3
952047.2634069942	4300	9.252013356322642	0.0	2147467	3643.326649262239	0.8	4.3
952050.884171922	4300	9.631248428590942	0.0	2133870	3620.7649277317005	0.8	4.3
952054.5252634725	4300	9.990156878166802	0.0	2146120	3641.0915504241393	0.8	4.3
952058.1039166158	4300	10.41150373470542	0.0	2108491	3578.653143461383	0.8	4.3
952061.8088105312	4300	10.706609819452959	0.0	2184571	3704.8939152524617	0.8	4.3
952065.3583312688	4300	11.15708908178945	0.0	2121928	3549.5207376635085	0.8	4.3
952069.0467257012	4300	11.468694649396712	0.0	2219102	3688.394432392738	0.8	4.3
952072.5820232717	4300	11.93339707897726	0.0	2124950	3535.2975704194528	0.8	4.3
952076.3149782701	4300	12.200442080632486	0.0	2246506	3732.9549983447723	0.8	4.3
952079.6020175429	4300	12.91340280771825	0.0	1961140	3287.0392729142386	0.8	4.3
952083.2149177077	4300	13.300502642965933	0.0	2155012	3612.9001647523164	0.8	4.3
952084.1046788493	750	16.41074150130312	0.0	450283	889.7611416628109	0.8	0.75
952088.077347259	4300	16.43807309165265	0.0	2123065	3972.6684096504696	0.8	0.75
952092.1490400676	4300	16.36638028309381	0.0	2177073	4071.692808558841	0.8	4.3
952096.191037291	4300	16.32438305972087	0.0	2160877	4041.997223372943	0.8	4.3
952100.1688675003	4300	16.34655285037741	0.0	2233056	3977.8302093434586	0.8	4.3
952103.3720435419	4300	17.14337680875619	0.0	1941625	3203.176041621221	0.8	4.3
952108.9752247144	4300	15.540195636320016	0.0	2157535	5603.181172436176	0.8	4.3
952114.7617734073	4300	13.753646943431683	0.0	2290172	5786.548692888333	0.8	4.3
952117.9250066124	4300	14.590413738406772	0.0	2055469	3163.2332050249097	0.8	4.3
952130.0622864533	4300	6.45313389747632	0.0	2169201	12137.279840930452	0.8	4.3
952137.8611579582	2850	4.0	1.3457376072748766	1354548	7798.871504751197	0.8	-4.386671711281969
952141.7240869133	1850	4.137071044948351	0.0	917428	3862.9289550516487	0.8	0.8500000000000001
952145.777687245	1850	4.083470713199159	0.0	946851	4053.6003317491923	0.8	1.85
952150.4564563022	1850	4.0	0.5952983439999352	1036454	4678.769057199094	0.8	-0.7097828791997212
952152.1507025665	1200	6.305753735610864	0.0	526950	1694.2462643891363	0.8	0.5499999999999999
952154.8203585576	1200	7.6360977445453715	0.0	587876	2669.6559910654923	0.7	1.2
952156.8689728554	1200	9.587483446800862	0.0	617242	2048.6142977445106	0.7	1.2
952159.1284147644	1200	11.328041537755427	0.0	581493	2259.441909045435	0.7	1.2
952160.8896152421	1200	13.566841059986157	0.0	639204	1761.2004777692712	0.7	1.2
952164.2367893145	1200	14.219666987659268	0.0	586839	3347.174072326888	0.7	1.2
952168.5930592453	1850	13.863397056984516	0.0	891604	4356.269930674753	0.7	1.2000000000000002
952171.9092769497	1850	14.547179352398743	0.0	955231	3316.217704585771	0.7	1.85
952174.8359269529	1850	15.620529349312871	0.0	968026	2926.6500030858715	0.7	1.85
952177.747081691	1850	16.709374611136973	0.0	874175	2911.154738175899	0.7	1.85
952180.1448366529	1850	18.311619649234867	0.0	897976	2397.754961902107	0.7	1.85
952182.4264584366	1850	20.029997865507163	0.0	905935	2281.621783727707	0.7	1.85
952187.3488462705	2850	19.107610031732747	0.0	1547572	4922.387833774414	0.7	1.85
952195.0003552358	2850	15.456101066319597	0.0	1141971	7651.50896541315	0.7	2.85
952198.8920964502	2850	15.564359851867572	0.0	1498470	3891.7412144520263	0.7	2.85
952205.9031253625	2850	12.55333093951556	0.0	1561263	7011.028912352013	0.7	2.85
952209.7028976086	2850	12.753558693423825	0.0	1341201	3799.7722460917335	0.7	2.85
952218.0903551655	2850	8.366101136580792	0.0	1497683	8387.457556843034	0.7	2.85
952221.7092880057	1850	8.747168296395593	0.0	885062	3618.9328401851976	0.7	0.8500000000000001
952224.6788112007	1850	9.777645101524145	0.0	1035329	2969.5231948714486	0.7	1.85
952228.356567214	1850	10.099889088125165	0.0	1026056	3677.7560133989814	0.7	1.85
952232.9848920667	1850	9.471564235386014	0.0	943942	4628.324852739152	0.7	1.85
952235.6627139415	1850	10.793742360513436	0.0	728962	2677.8218748725785	0.7	1.85
952239.5781674122	1850	10.878288889921375	0.0	938587	3915.4534705920587	0.7	1.85
952241.9443591523	1850	12.51209714970844	0.0	908665	2366.191740212936	0.7	1.85
952244.3392633018	1850	14.117193000229221	0.0	930577	2394.9041494792186	0.7	1.85
952247.6629665996	1850	14.79348970253531	0.0	858450	3323.7032976939126	0.7	1.85
952250.382726716	1850	16.073729586065813	0.0	1025005	2719.760116469497	0.7	1.85
952252.7406955658	1850	17.715760736294794	0.0	886255	2357.968849771019	0.7	1.85
952257.0586517849	2850	17.397804517253967	0.0	1587250	4317.956219040825	0.7	1.85
952262.5690265867	2850	15.887429715320511	0.0	1464921	5510.374801933456	0.7	2.85
952271.2799165428	2850	11.176539759369218	0.0	1483527	8710.889955951294	0.7	2.85
952274.8962136086	2850	11.560242693625792	0.0	1231456	3616.2970657434257	0.7	2.85
952280.250263971	2850	10.206192331095263	0.0	1364537	5354.050362530529	0.7	2.85
952282.8003991926	750	11.656057109571853	0.0	450283	2550.135221523409	0.7	0.75
952285.8334907827	1200	12.622965519480267	0.0	611087	3033.091590091586	0.7	0.75
952289.1059723889	1850	13.350483913193031	0.0	877771	3272.4816062872364	0.7	1.2000000000000002
952293.0357346466	1850	13.420721655519458	0.0	933276	3929.7622576735744	0.7	1.85
952298.5979926067	1850	11.858463695473544	0.0	996749	5562.257960045914	0.7	1.85
952300.8372895381	1850	13.6191667639432	0.0	801058	2239.296931530343	0.7	1.85
952303.506463461	1850	14.949992841151616	0.0	905515	2669.173922791583	0.7	1.85
952308.8445604367	1850	13.611895865396013	0.0	1060487	5338.096975755603	0.7	1.85
952311.3310488008	1850	15.125407501344657	0.0	852833	2486.488364051355	0.7	1.85
952313.693895618	1850	16.762560684166598	0.0	913888	2362.846817178061	0.7	1.85
952317.2736704217	1850	17.182785880448026	0.0	939819	3579.7748037185693	0.7	1.85
952319.7721747031	1850	18.684281598998332	0.0	917428	2498.504281449696	0.7	1.85
952322.3029892007	1850	20.15346710146493	0.0	946851	2530.814497533405	0.7	1.85
952326.4132360859	2850	20.04322021626633	0.0	1578343	4110.246885198596	0.7	1.85
952330.592036527	2850	19.864419775090507	0.0	1231445	4178.800441175823	0.7	2.85
952336.1076857467	2850	18.348770555374255	0.0	1471065	5515.649219716253	0.7	2.85
952340.9957679664	2850	17.460688335822102	0.0	1491626	4888.082219552154	0.7	2.85
952346.4160369637	2850	16.040419338459774	0.0	1358801	5420.268997362326	0.7	2.85
952352.8724145385	2850	13.584041763605605	0.0	1537156	6456.377574854171	0.7	2.85
952359.2770551454	2850	11.179401156772386	0.0	1336050	6404.640606833217	0.7	2.85
952363.6343339429	2850	10.822122359249924	0.0	1415116	4357.278797522462	0.7	2.85
952366.1719088189	1850	12.284547483329854	0.0	955231	2537.5748759200696	0.7	0.8500000000000001
952368.7184190424	1850	13.738037259704498	0.0	968026	2546.5102236253542	0.7	1.85
952371.1117568172	1850	15.34469948499299	0.0	874175	2393.3377747115087	0.7	1.85
952373.2106358112	1850	17.245820490981984	0.0	897976	2098.878994011006	0.7	1.85
952376.6638949635	1850	17.792561338633256	0.0	905935	3453.2591523487276	0.7	1.85
952379.4617416662	1850	18.994714635949464	0.0	1076599	2797.8467026837916	0.7	1.85
952381.9848045358	2850	20.471651766353247	0.0	1141971	2523.0628695962187	0.7	1.85
952386.238881552	2850	20.21757475013157	0.0	1498470	4254.077016221679	0.7	2.85
952391.4114884731	2850	19.044967829009966	0.0	1561263	5172.606921121602	0.7	2.85
952397.3346462856	2850	17.121810016470626	0.0	1341201	5923.15781253934	0.7	2.85
952400.3342004803	2850	18.122255821901483	0.0	1497683	2999.554194569143	0.7	2.85
952405.1007179852	2850	17.355738316990433	0.0	1358081	4766.517504911052	0.7	2.85
952409.1445698823	2850	17.311886419925226	0.0	1587293	4043.8518970652035	0.7	2.85
952414.0267919272	2850	16.429664374988764	0.0	1492672	4882.222044936465	0.7	2.85
952418.363182688	2850	16.09327361423347	0.0	1439896	4336.39076075529	0.7	2.85
952422.0203245424	2850	16.436131759831387	0.0	1139291	3657.1418544020853	0.7	2.85
952426.9449911232	2850	15.511465179066672	0.0	1499009	4924.666580764714	0.7	2.85
952430.8381776629	2850	15.61827863935467	0.0	1427478	3893.1865397120014	0.7	2.85
952436.0742046805	2850	14.382251621798549	0.0	1402287	5236.027017556122	0.7	2.85
952440.8082841741	2850	13.648172128306745	0.0	1339500	4734.079493491803	0.7	2.85
952448.597027897	2850	9.859428405354699	0.0	1527299	7788.743722952048	0.7	2.85
952454.0256658898	2850	8.430790412500297	0.0	1343002	5428.637992854402	0.7	2.85
952456.4301288861	1850	10.026327416271881	0.0	973972	2404.462996228416	0.7	0.8500000000000001
952458.6179842476	1850	11.83847205465762	0.0	958994	2187.8553616142603	0.7	1.85
952464.718197043	2850	9.738259259290226	0.0	1483527	6100.212795367394	0.7	1.85
952468.8187291299	2850	9.637727172417254	0.0	1231456	4100.532086872971	0.7	2.85
952471.9474590688	2850	10.508997233459118	0.0	1364537	3128.729938958136	0.7	2.85
952473.0543812739	750	13.402075028432733	0.0	450283	1106.9222050263845	0.7	0.75
952475.3842598769	1850	15.072196425351557	0.0	957685	2329.8786030811766	0.7	0.75
952477.9986507782	1850	16.457805524091732	0.0	877771	2614.390901259824	0.7	1.85
952483.6107228055	2850	14.845733496756083	0.0	1520281	5612.072027335648	0.7	1.85
952487.2208401967	2850	15.235616105501261	0.0	1472558	3610.11739125482	0.7	2.85
952490.2512996756	2850	16.20515662663986	0.0	1224260	3030.4594788614017	0.7	2.85
952493.3288425561	2850	17.12761374604861	0.0	1388403	3077.5428805912516	0.7	2.85
952496.8751552735	2850	17.581301028725186	0.0	1638769	3546.3127173234234	0.7	2.85
952502.3367797845	2850	16.11967651762507	0.0	1348011	5461.624511100117	0.7	2.85
952504.8130040428	2850	17.64345225927477	0.0	1429765	2476.2242583502984	0.7	2.85
952507.350908207	2850	19.105548095085716	0.0	1354548	2537.9041641890544	0.7	2.85
952510.2186368359	2850	20.23781946616949	0.0	1519951	2867.7286289162253	0.7	2.85
952514.1419292997	4300	20.314527002363015	0.0	2209463	3923.2924638064737	0.7	2.8499999999999996
952518.8324509235	4300	19.624005378504474	0.0	2275376	4690.521623858542	0.7	4.3
952523.5042816432	4300	18.95217465896567	0.0	2005399	4671.830719538801	0.8	4.3
952528.2309794967	4300	18.225476805438642	0.0	2152483	4726.697853527026	0.8	4.3
952535.5467597337	4300	14.909696568501689	0.0	2289689	7315.780236936955	0.8	4.3
952539.0604483323	4300	15.396007969815269	0.0	2059512	3513.68859868642	0.8	4.3
952544.814551801	4300	13.641904501107293	0.0	2220726	5754.103468707976	0.8	4.3
952550.2388943343	4300	12.217561967706821	0.0	2156729	5424.342533400471	0.8	4.3
952555.1580937973	4300	11.298362504673975	0.0	2039773	4919.199463032846	0.8	4.3
952565.6849405818	4300	4.771515720184914	0.0	2176469	10526.84678448906	0.8	4.3
952570.3229714778	2850	4.133484824277642	0.0	1505760	4638.030895907273	0.8	1.4000000000000001
952572.758342169	1850	5.698114133001804	0.0	874175	2435.370691275838	0.8	0.8500000000000001
952575.1160652179	1850	7.3403910842228255	0.0	897976	2357.723048778978	0.8	1.85
952577.6142714049	1850	8.842184897180715	0.0	905935	2498.2061870421103	0.8	1.85
952580.2210483818	1850	10.23540792019925	0.0	1076599	2606.776976981465	0.8	1.85
952582.2372679609	1850	12.219188341078146	0.0	758197	2016.219579121104	0.8	1.85
952585.215694935	1850	13.240761367044936	0.0	972798	2978.426974033212	0.8	1.85
952588.1250500024	1850	14.331406299628172	0.0	975811	2909.3550674167645	0.8	1.85
952590.5082649376	1850	15.948191364418705	0.0	873429	2383.214935209468	0.8	1.85
952599.0612067147	2850	11.395249587203253	0.0	1497683	8552.941777215452	0.8	1.85
952603.1056357847	2850	11.350820517382909	0.0	1358081	4044.429069820344	0.8	2.85
952608.758906449	2850	9.697549853097183	0.0	1587293	5653.270664285727	0.8	2.85
952614.1617213376	2850	8.294734964487535	0.0	1492672	5402.814888609645	0.8	2.85
952620.447227047	2850	6.009229254999945	0.0	1439896	6285.505709487591	0.8	2.85
952623.4487121255	1850	7.00774417650386	0.0	728962	3001.485078496085	0.8	0.8500000000000001
952626.6495028633	1850	7.806953438765714	0.0	938587	3200.790737738147	0.8	1.85
952631.8150121368	1850	6.64144416524495	0.0	908665	5165.509273520763	0.8	1.85
952636.2651848288	1850	6.1912714733051395	0.0	930577	4450.172691939811	0.8	1.85
952640.119707163	1200	6.336749139039213	0.0	566904	3854.5223342659265	0.8	0.5499999999999999
952642.206564452	1200	8.249891849915988	0.0	641452	2086.857289123226	0.8	1.2
952644.5503533338	1200	9.906102968117418	0.0	599477	2343.788881798569	0.8	1.2
952651.3765287726	1850	7.079927529401149	0.0	973972	6826.175438716269	0.8	1.2000000000000002
952654.7864503866	1850	7.670005915393542	0.0	958994	3409.921614007608	0.8	1.85
952657.7859649754	1850	8.67049132664063	0.0	982064	2999.514588752913	0.8	1.85
952660.3462401989	1850	10.110216103053386	0.0	830730	2560.2752235872426	0.8	1.85
952664.5299086234	2850	9.926547678591149	0.0	1364537	4183.668424462237	0.8	1.85
952666.0138309775	750	12.442625324659367	0.0	450283	1483.922353931781	0.8	0.75
952669.3986590607	1850	13.057797241410956	0.0	957685	3384.8280832484124	0.8	0.75
952671.8234711471	1850	14.632985155126029	0.0	877771	2424.8120862849255	0.8	1.85
952674.4639821711	1850	15.992474130968665	0.0	933276	2640.511024157364	0.8	1.85
952677.4228718751	1850	17.03358442697808	0.0	996749	2958.889703990586	0.8	1.85
952679.9931992771	1850	18.463257025088403	0.0	801058	2570.327401889677	0.8	1.85
952683.5029762535	1850	18.953480048648437	0.0	905515	3509.7769764399645	0.8	1.85
952688.1159500701	1850	18.340506232049645	0.0	1060487	4612.973816598794	0.8	1.85
952691.0580333384	2850	19.398422963745638	0.0	1348011	2942.083268304008	0.8	1.85
952694.1483916449	2850	20.308064657206614	0.0	1429765	3090.3583065390226	0.8	2.85
952697.0600241546	2850	21.396432147468065	0.0	1354548	2911.632509738548	0.8	2.85
952702.2524761534	2850	20.203980148764394	0.0	1519951	5192.451998703673	0.8	2.85
952705.6175036994	2850	20.83895260272754	0.0	1422919	3365.0275460368493	0.8	2.85
952709.1342885381	2850	21.322167763992763	0.0	1578343	3516.7848387347817	0.8	2.85
952713.9595153797	4300	20.49694092228215	0.0	2005399	4825.2268417106125	0.8	2.8499999999999996
952718.3315568429	4300	20.124899459094173	0.0	2152483	4372.041463187974	0.8	4.3
952724.8169347864	4300	17.639521515609577	0.0	2289689	6485.377943484596	0.8	4.3
952730.2373308894	4300	16.219125412538336	0.0	2059512	5420.396103071243	0.8	4.3
952735.7826388477	4300	14.673817454286825	0.0	2220726	5545.307958251508	0.8	4.3
952740.215284082	4300	14.241172220106433	0.0	2156729	4432.645234180393	0.8	4.3
952744.1413770466	4300	14.315079255445166	0.0	2039773	3926.092964661267	0.8	4.3
952748.3329540711	4300	14.123502230816047	0.0	2176469	4191.577024629117	0.8	4.3
952753.6523326047	4300	12.80412369715592	0.0	2221506	5319.378533660128	0.8	4.3
952760.4820161419	4300	9.974440160068765	0.0	2044075	6829.683537087154	0.8	4.3
952765.7466091658	4300	8.709847136176332	0.0	2186790	5264.593023892433	0.8	4.3
952770.3161224874	4300	8.140333814509356	0.0	2105231	4569.513321666977	0.8	4.3
952778.3858787835	4300	4.070577518389856	0.0	2395588	8069.7562961195	0.8	4.3
952779.8314707065	1850	6.624985595460371	0.0	758197	1445.5919229294836	0.8	-0.6000000000000001
952783.7554754948	2850	6.700980807206769	0.0	1498470	3924.004788253603	0.8	1.85
952787.9015276197	2850	6.554928682252396	0.0	1561263	4146.052124954373	0.8	2.85
952792.0733772991	2850	6.383079002870686	0.0	1341201	4171.84967938171	0.8	2.85
952795.9772319373	2850	6.4792243646848835	0.0	1497683	3903.8546381858027	0.8	2.85
952801.6923892213	2850	4.764067080636577	0.0	1358081	5715.157284048307	0.8	2.85
952805.0104595146	1850	5.445996787317379	0.0	1035329	3318.0702933191983	0.8	0.8500000000000001
952807.1974754414	1850	7.258980860655879	0.0	1026056	2187.0159266615	0.8	1.85
952809.2137125988	1850	9.242743703164942	0.0	943942	2016.2371574909373	0.8	1.85
952810.7423969083	1850	11.714059393582902	0.0	728962	1528.6843095820395	0.8	1.85
952813.8014147697	2850	12.655041532264665	0.0	1499009	3059.017861318236	0.8	1.85
952816.6812477197	2850	13.775208582376607	0.0	1427478	2879.83294988806	0.8	2.85
952819.4928517994	2850	14.96360450262488	0.0	1402287	2811.6040797517257	0.8	2.85
952822.1821490865	2850	16.2743072155307	0.0	1339500	2689.29728709418	0.8	2.85
952826.5176139493	4300	15.938842352697838	0.0	2184571	4335.464862832863	0.8	2.8499999999999996
952832.249601189	4300	14.206855112961764	0.0	2121928	5731.987239736077	0.8	4.3
952837.8566186773	4300	12.599837624676187	0.0	2219102	5607.017488285576	0.8	4.3
952843.3504894158	4300	11.105966886212562	0.0	2124950	5493.8707384636255	0.8	4.3
952849.3729733872	4300	9.083482914707576	0.0	2246506	6022.483971504986	0.8	4.3
952853.474901016	4300	8.98155528601035	0.0	1961140	4101.927628697227	0.8	4.3
952859.5929501455	4300	6.863506156483355	0.0	2155012	6118.049129526994	0.8	4.3
952861.1524249129	750	9.304031389033316	0.0	450283	1559.474767450039	0.8	0.75
952864.1933748603	1850	10.263081441698587	0.0	957685	3040.94994733473	0.8	0.75
952866.9118996216	2850	11.544556680345055	0.0	1300868	2718.5247613535325	0.8	1.85
952871.4769626627	2850	10.97949363920377	0.0	1520281	4565.063041141285	0.8	2.85
952875.7698041521	2850	10.68665214971279	0.0	1472558	4292.84148949098	0.8	2.85
952880.1885820014	2850	10.267874300464008	0.0	1224260	4418.7778492487805	0.8	2.85
952882.7031068447	2850	11.75334945713337	0.0	1388403	2514.5248433306397	0.8	2.85
952887.096240576	2850	11.360215725790477	0.0	1638769	4393.133731342892	0.8	2.85
952889.896604659	2850	12.559851642766091	0.0	1348011	2800.3640830243858	0.8	2.85
952894.8696121606	2850	11.586844141275936	0.0	1429765	4973.007501490154	0.8	2.85
952899.8843792992	2850	10.57207700258545	0.0	1354548	5014.767138690487	0.8	2.85
952904.6736177645	2850	9.782838537360407	0.0	1519951	4789.238465225045	0.8	2.85
952908.1594192806	2850	10.297037021148475	0.0	1422919	3485.8015162119323	0.8	2.85
952913.0577425483	2850	9.3987137534727	0.0	1578343	4898.323267675774	0.8	2.85
952916.6959862481	2850	9.760470053707934	0.0	1231445	3638.243699764768	0.8	2.85
952919.7976079421	2850	10.65884835973112	0.0	1471065	3101.621693976812	0.8	2.85
952923.5652228318	2850	10.891233469962732	0.0	1491626	3767.614889768388	0.8	2.85
952929.0119388172	2850	9.444517484594053	0.0	1358801	5446.715985368678	0.8	2.85
952932.2484892723	2850	10.20796702954231	0.0	1537156	3236.550455051743	0.8	2.85
952935.6450492063	2850	10.811407095502753	0.0	1336050	3396.559934039557	0.8	2.85
952938.8484150087	2850	11.608041293117415	0.0	1415116	3203.365802385339	0.8	2.85
952941.6560388153	2850	12.800417486654917	0.0	1468126	2807.623806462497	0.8	2.85
952945.7411904646	2850	12.715265837325862	0.0	1505760	4085.151649329055	0.8	2.85
952948.3385277642	2850	14.117928537710457	0.0	1323990	2597.337299615405	0.8	2.85
952951.1674373872	2850	15.289018914747281	0.0	1383735	2828.9096229631764	0.8	2.85
952953.9154742173	2850	16.54098208456575	0.0	1480464	2748.0368301815306	0.8	2.85
952958.809377811	4300	15.647078490799554	0.0	2395588	4893.9035937661965	0.8	2.8499999999999996
952963.6403072943	4300	14.8161490074592	0.0	1972048	4830.929483340356	0.8	4.3
952968.985999968	4300	13.470456333730825	0.0	2134614	5345.692673728376	0.8	4.3
952973.1969933098	4300	13.2594629920547	0.0	2164140	4210.993341676123	0.8	4.3
952979.5195816939	4300	10.936874607857444	0.0	2113193	6322.588384197257	0.8	4.3
952985.0375545649	4300	9.418901736955734	0.0	2147852	5517.97287090171	0.8	4.3
952991.0896800361	4300	7.366776265686367	0.0	2191074	6052.125471269366	0.8	4.3
952996.8068025699	4300	5.649653731909349	0.0	2286761	5717.122533777018	0.8	4.3
953000.5437873926	2850	5.912668909317585	0.0	1492672	3736.9848225917644	0.8	1.4000000000000001
953003.1030553307	2850	7.353400971212588	0.0	1439896	2559.2679381049966	0.8	2.85
953005.1447300963	2850	9.311726205485357	0.0	1139291	2041.6747657272324	0.8	2.85
953008.0609354044	2850	10.395520897419665	0.0	1499009	2916.205308065692	0.8	2.85
953011.1520404486	2850	11.304415853221059	0.0	1427478	3091.1050441986063	0.8	2.85
953013.6300595392	2850	12.826396762685656	0.0	1402287	2478.019090535403	0.8	2.85
953016.4043323755	2850	14.05212392631603	0.0	1339500	2774.2728363696256	0.8	2.85
953023.9029110743	4300	10.553545227486834	0.0	2184571	7498.578698829195	0.8	2.8499999999999996
953033.495120538	4300	4.96133576388877	0.0	2121928	9592.209463598065	0.8	4.3
953036.436384162	2850	6.02007213978871	0.0	1587250	2941.26362410006	0.8	1.4000000000000001
953039.1768972523	2850	7.279559049532667	0.0	1464921	2740.5130902560436	0.8	2.85
953042.5949324288	2850	7.861523872968654	0.0	1483527	3418.035176564013	0.8	2.85
953046.5856340014	4300	7.870822300487641	0.0	1961140	3990.7015724810117	0.8	2.8499999999999996
953052.0289903177	4300	6.42746598414195	0.0	2155012	5443.356316345692	0.8	4.3
953052.9617800015	750	9.49467630029434	0.0	450283	932.7896838476083	0.8	0.75
953059.6428996216	2850	6.813556680247279	0.0	1431809	6681.119620047061	0.8	0.75
953062.2777150002	2850	8.178741301756904	0.0	1300868	2634.815378490374	0.8	2.85
953065.5553455222	2850	8.901110779642748	0.0	1520281	3277.630522114158	0.8	2.85
953068.9078034428	2850	9.548652859141175	0.0	1472558	3352.457920501572	0.8	2.85
953071.7084700202	2850	10.747986281829277	0.0	1224260	2800.6665773118984	0.8	2.85
953074.7927638007	2850	11.663692501234218	0.0	1388403	3084.2937805950587	0.8	2.85
953078.0696836737	2850	12.386772628321893	0.0	1638769	3276.919872912326	0.8	2.85
953080.8206934991	2850	13.635762802879592	0.0	1348011	2751.009825442301	0.8	2.85
953083.8754798098	2850	14.580976492141845	0.0	1429765	3054.7863107377475	0.8	2.85
953088.4059084931	4300	14.050547808958127	0.0	2173522	4530.428683183719	0.8	2.8499999999999996
953095.8091622101	4300	10.647294091906785	0.0	2102452	7403.253717051342	0.8	4.3
953103.1153130379	4300	7.341143264142611	0.0	2209463	7306.150827764173	0.8	4.3
953109.2831698785	2850	5.173286423535155	0.0	1578343	6167.8568406074555	0.8	1.4000000000000001
953111.4410350395	2850	7.0154212624456616	0.0	1231445	2157.8651610894935	0.8	2.85
953113.7910657115	2850	8.665390590484963	0.0	1471065	2350.030671960698	0.8	2.85
953118.2155493876	2850	8.240906914367955	0.0	1491626	4424.483676117008	0.8	2.85
953122.5282525424	2850	7.928203759531496	0.0	1358801	4312.703154836459	0.8	2.85
953127.3022537434	2850	7.154202558522682	0.0	1537156	4774.001201008814	0.8	2.85
953134.2445187034	2850	4.211937598470876	0.0	1336050	6942.264960051806	0.8	2.85
953136.8782771882	1850	5.578179113716069	0.0	891604	2633.7584847548073	0.8	0.8500000000000001
953139.8805305422	1850	6.5759257596497225	0.0	955231	3002.2533540663467	0.8	1.85
953144.9352920842	1850	5.521164217634843	0.0	968026	5054.7615420148795	0.8	1.85
953146.7739135458	1850	7.682542756067254	0.0	874175	1838.621461567589	0.8	1.85
953148.4231380807	1850	10.033318221088324	0.0	897976	1649.2245349789312	0.8	1.85
953150.1760688049	1850	12.280387496766934	0.0	905935	1752.9307243213896	0.8	1.85
953152.4177983138	1850	14.038657988066278	0.0	1076599	2241.7295087006573	0.8	1.85
953154.7907898629	2850	15.665666438956166	0.0	1141971	2372.991549110113	0.8	1.85
953159.6133890392	2850	14.843067262633864	0.0	1498470	4822.599176322302	0.8	2.85
953162.4714215728	2850	15.985034728963177	0.0	1561263	2858.0325336706865	0.8	2.85
953166.6346362458	2850	15.821820056053364	0.0	1341201	4163.214672909813	0.8	2.85
953170.0332333354	4300	16.423222966373768	0.0	2147852	3398.5970896795966	0.8	2.8499999999999996
953173.6170969302	4300	16.839359371606292	0.0	2191074	3583.8635947674743	0.8	4.3
953179.775701629	4300	14.680754672699521	0.0	2286761	6158.604698906774	0.8	4.3
953185.302461894	4300	13.153994407691098	0.0	2307787	5526.760265008423	0.8	4.3
953190.8793725051	4300	11.577083796701197	0.0	2143948	5576.9106109899	0.8	4.3
953194.1014012749	4300	12.355055026879523	0.0	1919781	3222.028769821675	0.8	4.3
953199.7326372768	4300	10.72381902506009	0.0	2147467	5631.236001819433	0.8	4.3
953203.6811998184	4300	10.775256483466922	0.0	2133870	3948.5625415931668	0.8	4.3
953210.8252669668	4300	7.631189335064986	0.0	2146120	7144.067148401937	0.8	4.3
953219.5114365087	4300	4.0	1.0549802068991376	2108491	8686.169541964124	0.8	-0.23641488966629165
953223.1369633579	1850	4.374473150883933	0.0	1025005	3625.526849116067	0.8	-0.6000000000000001
953228.2795233908	1850	4.0	0.7680868819258976	886255	5142.560032809831	0.8	-1.4527735922813592
953231.8175300031	1850	4.461993387629002	0.0	973972	3538.0066123709976	0.8	1.85
953239.5432596977	1850	4.0	3.2637363068338474	958994	7725.72969446285	0.8	-12.184066119385543
953243.6846187233	1850	4.0	0.1413590257714568	982064	4141.359025771457	0.8	1.242156189182736
953249.0055566105	1850	4.0	1.3209378871541857	830730	5320.937887154186	0.8	-3.8300329147629983
953252.0948293505	1850	4.91072726008118	0.0	846370	3089.2727399188198	0.8	1.85
953253.1853810713	750	7.820175539278683	0.0	450283	1090.5517208024976	0.7	0.75
953254.3597767131	750	10.645779897539484	0.0	398865	1174.3956417392	0.7	0.75
953256.1170186984	1200	12.888537912173799	0.0	571051	1757.2419853656854	0.7	0.75
953257.4966729194	1200	15.50888369116532	0.0	617681	1379.65422100848	0.7	1.2
953259.7100976262	1850	17.295458984322437	0.0	996749	2213.4247068428836	0.7	1.2000000000000002
953261.5112063966	1850	19.49435021396105	0.0	801058	1801.1087703613873	0.7	1.85
953266.6991960892	2850	18.30636052142402	0.0	1388403	5187.98969253703	0.7	1.85
953270.1142853117	2850	18.891271298888565	0.0	1638769	3415.089222535454	0.7	2.85
953275.0978373436	2850	17.907719266986284	0.0	1348011	4983.552031902278	0.7	2.85
953278.2277750702	2850	18.777781540339035	0.0	1429765	3129.9377266472525	0.7	2.85
953285.5373373477	2850	15.468219262759755	0.0	1354548	7309.562277579279	0.7	2.85
953291.8374955495	2850	13.168061061080705	0.0	1519951	6300.158201679048	0.7	2.85
953295.8661732759	2850	13.139383334642591	0.0	1422919	4028.677726438114	0.7	2.85
953300.3261610677	2850	12.679395542800952	0.0	1578343	4459.987791841639	0.7	2.85
953303.8234880153	2850	13.182068595284205	0.0	1231445	3497.3269475167476	0.7	2.85
953307.8264119023	2850	13.179144708311247	0.0	1471065	4002.9238869729575	0.7	2.85
953313.5626768644	2850	11.44287974624392	0.0	1491626	5736.264962067327	0.7	2.85
953319.9921879426	2850	9.013368667962114	0.0	1358801	6429.511078281807	0.7	2.85
953323.0402335001	1850	9.965323110469534	0.0	987708	3048.04555749258	0.7	0.8500000000000001
953326.4887187431	1850	10.51683786752309	0.0	923755	3448.485242946443	0.7	1.85
953329.5743086572	1850	11.431247953383442	0.0	891604	3085.5899141396476	0.7	1.85
953332.2438232362	1850	12.761733374360807	0.0	955231	2669.5145790226366	0.7	1.85
953334.8145283035	1850	14.191028307133823	0.0	968026	2570.7050672269843	0.7	1.85
953336.4664246825	1850	16.53913192813269	0.0	874175	1651.896379001133	0.7	1.85
953338.2092419796	1850	18.796314631033418	0.0	897976	1742.817297099271	0.7	1.85
953341.2259594499	2850	19.779597160737556	0.0	1480464	3016.7174702958646	0.7	1.85
953345.9751662596	2850	19.030390351146767	0.0	1547572	4749.206809590786	0.7	2.85
953348.4116611617	2850	20.593895449017094	0.0	1141971	2436.494902129676	0.7	2.85
953351.943532649	2850	21.06202396170944	0.0	1498470	3531.871487307658	0.7	2.85
953358.8108221211	2850	18.19473448951643	0.0	1561263	6867.289472193007	0.7	2.85
953362.6416125328	2850	18.363944077939554	0.0	1341201	3830.7904115768793	0.7	2.85
953367.3984087276	2850	17.60714788297147	0.0	1497683	4756.79619496808	0.7	2.85
953372.4685237529	2850	16.537032857666247	0.0	1358081	5070.115025305225	0.7	2.85
953378.1718392462	2850	14.833717364487187	0.0	1587293	5703.31549317906	0.7	2.85
953383.3824715507	2850	13.623085059912102	0.0	1492672	5210.632304575085	0.7	2.85
953388.5365619848	2850	12.468994625855633	0.0	1439896	5154.09043405647	0.7	2.85
953393.2313076361	2850	11.774248974535764	0.0	1139291	4694.745651319868	0.7	2.85
953398.6771262743	2850	10.328430336329445	0.0	1499009	5445.818638206317	0.7	2.85
953403.2292259629	2850	9.776330647783857	0.0	1427478	4552.099688545591	0.7	2.85
953406.4659567268	1850	10.539599883889085	0.0	930577	3236.730763894771	0.7	0.8500000000000001
953408.455317693	1850	12.550238917624398	0.0	858450	1989.3609662646866	0.7	1.85
953412.2320243501	1850	12.773532260547448	0.0	1025005	3776.7066570769493	0.7	1.85
953414.8562398803	1850	14.149316730291556	0.0	886255	2624.2155302558936	0.7	1.85
953417.0133438167	1850	15.992212793836067	0.0	973972	2157.1039364554877	0.7	1.85
953421.4432934899	1850	15.562263120736496	0.0	958994	4429.9496730995725	0.7	1.85
953424.7149945323	2850	16.29056207825681	0.0	1483527	3271.701042479689	0.7	1.85
953428.7538184786	4300	16.25173813201332	0.0	1961140	4038.823946243491	0.7	2.8499999999999996
953437.6535093648	4300	11.352047245786073	0.0	2155012	8899.690886227245	0.7	4.3
953438.8150880565	750	14.190468554193897	0.0	450283	1161.5786915921747	0.7	0.75
953441.8860254392	2850	15.119531171378716	0.0	1431809	3070.937382815183	0.7	0.75
953444.4455331686	2850	16.560023441936195	0.0	1300868	2559.5077294425228	0.7	2.85
953450.9753461902	2850	14.03021042045014	0.0	1520281	6529.813021486054	0.7	2.85
953457.3820823005	2850	11.623474310157256	0.0	1472558	6406.736110292884	0.7	2.85
953461.1610249905	2850	11.844531620243329	0.0	1224260	3778.9426899139294	0.7	2.85
953465.0828629154	2850	11.922693695256145	0.0	1388403	3921.8379249871828	0.7	2.85
953468.9253661338	2850	12.080190476846173	0.0	1638769	3842.5032184099705	0.7	2.85
953471.9360870313	2850	13.069469579464887	0.0	1348011	3010.7208973812876	0.7	2.85
953475.191552635	2850	13.814003975635352	0.0	1429765	3255.465603829537	0.7	2.85
953478.16357739	2850	14.841979220591536	0.0	1354548	2972.0247550438135	0.7	2.85
953481.3008845901	2850	15.704672020526468	0.0	1519951	3137.307200065069	0.7	2.85
953483.7051075697	2850	17.30044904102396	0.0	1422919	2404.22297950251	0.7	2.85
953487.1145315025	2850	17.891025108247835	0.0	1578343	3409.4239327761247	0.7	2.85
953490.9712521994	2850	18.034304411286467	0.0	1231445	3856.7206969613676	0.7	2.85
953496.3059751798	2850	16.699581430896	0.0	1471065	5334.722980390466	0.7	2.85
953499.064840245	2850	17.940716365835502	0.0	1491626	2758.865065060497	0.7	2.85
953501.248337847	2850	19.75721876376179	0.0	1358801	2183.4976020737117	0.7	2.85
953504.76614207	4300	20.239414540875035	0.0	2220726	3517.8042228867553	0.7	2.8499999999999996
953510.449573298	4300	18.555983312850053	0.0	2156729	5683.431228024981	0.7	4.3
953514.6541473895	4300	18.35140922138934	0.0	2039773	4204.574091460714	0.7	4.3
953520.5103546217	4300	16.49520198919953	0.0	2176469	5856.2072321898095	0.7	4.3

