79335.13540705637	750	4.0	5.423668042622055	450283	5423.6680426220555	0.7	-22.571772583274836
79340.16102196886	750	4.0	1.0256149125022984	398865	5025.6149125022985	0.7	-3.660144123759883
79344.8944225663	750	4.0	0.7334005974315614	350812	4733.400597431561	0.7	-2.403622568955714
79346.91598592128	300	5.978436645022192	0.0	155432	2021.5633549778076	0.7	-0.15000000000000002
79352.2317685642	750	4.66265400209519	0.0	411561	5315.782642927003	0.7	0.3
79356.70335748426	750	4.191065082042084	0.0	318564	4471.5889200531055	0.7	0.75
79358.89079542963	300	6.003627136672201	0.0	153295	2187.4379453698825	0.75	-0.15000000000000002
79361.24758845948	300	7.646834106828983	0.0	173849	2356.7930298432184	0.75	0.3
79363.30134429086	300	9.593078275459971	0.0	150710	2053.7558313690124	0.75	0.3
79365.20311660139	300	11.691305964912651	0.0	139105	1901.7723105473192	0.75	0.3
79366.95425977536	300	13.940162790948992	0.0	141840	1751.1431739636585	0.75	0.3
79368.74093940142	300	16.1534831648816	0.0	156148	1786.679626067395	0.75	0.3
79370.81335817547	300	18.08106439082371	0.0	160746	2072.418774057888	0.75	0.3
79376.13694881488	750	16.757473751408572	0.0	434409	5323.590639415137	0.75	0.3
79380.47339934313	750	16.421023223153547	0.0	337059	4336.450528255024	0.75	0.75
79385.40890789121	750	15.48551467506918	0.0	366214	4935.508548084368	0.75	0.75
79390.27292312238	750	14.621499443903627	0.0	360831	4864.015231165553	0.75	0.75
79395.1802167143	750	13.71420585197287	0.0	372963	4907.293591930757	0.75	0.75
79399.7991863089	750	13.095236257383355	0.0	405596	4618.969594589514	0.75	0.75
79404.16272236941	750	12.731700196872037	0.0	350713	4363.53606051132	0.75	0.75
79409.46965257899	750	11.424769987278419	0.0	386472	5306.930209593617	0.75	0.75
79413.7964673359	750	11.09795523037951	0.0	399894	4326.814756898909	0.75	0.75
79417.67680858148	750	11.217613984791146	0.0	401853	3880.3412455883636	0.75	0.75
79421.63916754954	750	11.255255016748562	0.0	343800	3962.3589680425844	0.75	0.75
79425.78677885319	750	11.107643713093813	0.0	359903	4147.61130365475	0.75	0.75
79429.29888137693	750	11.59554118935141	0.0	379700	3512.102523742402	0.75	0.75
79432.14318344934	750	12.751239116946893	0.0	425781	2844.302072404516	0.75	0.75
79434.00648512694	750	14.887937439354495	0.0	277716	1863.3016775923988	0.75	0.75
79436.65755362318	750	16.236868943116303	0.0	400396	2651.0684962381933	0.75	0.75
79439.30934130661	750	17.585081259694473	0.0	400508	2651.7876834218287	0.75	0.75
79441.68957161508	750	19.204850951236214	0.0	358218	2380.2303084582595	0.7	0.75
79445.75260361352	1200	19.141818952784394	0.0	620283	4063.031998451821	0.7	0.75
79449.58489210969	1200	19.30953045662486	0.0	584349	3832.2884961595328	0.7	1.2
79453.96800093276	1200	18.926421633570673	0.0	670129	4383.108823054187	0.7	1.2
79458.27661325457	1200	18.617809311762944	0.0	690253	4308.612321807731	0.7	1.2
79461.87736846277	1200	19.017054103546375	0.0	598727	3600.7552082165676	0.7	1.2
79464.86397222635	1200	20.030450339967405	0.0	487812	2986.603763578967	0.7	1.2
79470.71564431133	1850	18.178778254974755	0.0	938587	5851.67208499265	0.7	1.2000000000000002
79475.48774918636	1850	17.406673379959948	0.0	908665	4772.104875014809	0.7	1.85
79480.58866394304	1850	16.305758623269874	0.0	930577	5100.914756690074	0.7	1.85
79485.32584099335	1850	15.56858157295661	0.0	858450	4737.177050313262	0.7	1.85
79491.07554146671	1850	13.818881099593778	0.0	1025005	5749.700473362831	0.7	1.85
79495.24143843858	1850	13.652984127734504	0.0	886255	4165.896971859274	0.7	1.85
79499.33349952282	1850	13.560923043490808	0.0	973972	4092.061084243696	0.7	1.85
79502.84195562273	1850	14.052466943572705	0.0	958994	3508.4560999181035	0.7	1.85
79506.2588714179	1850	14.635551148411787	0.0	982064	3416.9157951609177	0.7	1.85
79510.5549951549	2850	14.339427411402262	0.0	1231456	4296.123737009523	0.7	1.85
79515.52064851331	2850	13.373774053006393	0.0	1364537	4965.653358395871	0.7	2.85
79517.65421420123	750	15.240208365085248	0.0	450283	2133.565687921146	0.7	0.75
79520.8717473967	1200	16.022675169612953	0.0	611087	3217.5331954722956	0.7	0.75
79523.47240331162	1200	17.422019254682684	0.0	571051	2600.6559149302684	0.7	1.2
79525.97320653636	1200	18.92121602994192	0.0	617681	2500.8032247407664	0.7	1.2
79530.19285413832	1850	18.70156842798162	0.0	996749	4219.647601960298	0.7	1.2000000000000002
79535.89170351313	1850	17.00271905318723	0.0	801058	5698.849374794385	0.7	1.85
79540.45906415793	1850	16.435358408387536	0.0	905515	4567.360644799696	0.7	1.85
79544.95757744959	1850	15.936845116730904	0.0	1060487	4498.513291656632	0.7	1.85
79548.5798192597	1850	16.314603306619723	0.0	852833	3622.2418101111784	0.7	1.85
79552.29957988525	1850	16.594842681075693	0.0	913888	3719.76062554403	0.7	1.85
79556.12261644042	1850	16.771806125898074	0.0	939819	3823.0365551776204	0.7	1.85
79559.85647589712	1850	17.03794666919046	0.0	917428	3733.8594567076148	0.7	1.85
79563.70751894402	1850	17.186903622277722	0.0	946851	3851.043046912741	0.7	1.85
79567.80112292174	1850	17.09329964457495	0.0	1036454	4093.60397770277	0.7	1.85
79572.01627405664	1850	16.878148509668247	0.0	821631	4215.151134906705	0.7	1.85
79577.8404877277	1850	15.053934838604969	0.0	923170	5824.213671063281	0.7	1.85
79582.0940319223	1850	14.800390644004146	0.0	966699	4253.54419460082	0.7	1.85
79585.61242146401	1850	15.282001102290094	0.0	885714	3518.389541714052	0.7	1.85
79589.89442881853	1850	14.999993747775536	0.0	987708	4282.007354514559	0.7	1.85
79593.56231509973	1850	15.332107466575566	0.0	923755	3667.8862811999697	0.7	1.85
79597.00382267761	1850	15.890599888693288	0.0	891604	3441.5075778822775	0.7	1.85
79601.66470056344	1850	15.229722002856846	0.0	955231	4660.877885836442	0.7	1.85
79607.26344111578	1850	13.630981450524429	0.0	968026	5598.740552332418	0.7	1.85
79612.32713475866	1850	12.567287807652036	0.0	874175	5063.693642872393	0.7	1.85
79617.52651850064	1850	11.367904065664469	0.0	897976	5199.383741987566	0.7	1.85
79622.77127670165	1850	10.123145864668556	0.0	905935	5244.758200995912	0.7	1.85
79628.32520122806	1850	8.569221338263162	0.0	1076599	5553.924526405395	0.7	1.85
79630.5184305393	1200	10.375992027001095	0.0	487160	2193.229311262067	0.7	0.5499999999999999
79633.10687273921	1200	11.787549827100248	0.0	622896	2588.4421999008464	0.7	1.2
79637.16103124253	1200	11.733391323773045	0.0	641447	4054.158503327205	0.7	1.2
79641.16777651866	1200	11.726646047648714	0.0	570392	4006.7452761243317	0.7	1.2
79646.63078167094	1200	10.263640895360815	0.0	620283	5463.005152287898	0.7	1.2
79651.30649552197	1200	9.58792704432868	0.0	584349	4675.713851032134	0.7	1.2
79655.83317446208	1200	9.061248104232561	0.0	670129	4526.678940096119	0.7	1.2
79660.36627004964	1200	8.528152516677094	0.0	690253	4533.095587555466	0.7	1.2
79664.30889514774	1200	8.585527418560432	0.0	598727	3942.625098116664	0.7	1.2
79667.53596363532	1200	9.35845893098181	0.0	487812	3227.068487578623	0.7	1.2
79671.33222280485	1200	9.562199761457164	0.0	575591	3796.2591695246474	0.7	1.2
79675.50925186012	1200	9.38517070619365	0.0	605884	4177.029055263512	0.7	1.2
79679.63164390656	1200	9.262778659750996	0.0	587506	4122.392046442654	0.7	1.2
79683.6122818927	1200	9.28214067359166	0.0	566904	3980.637986159335	0.7	1.2
79688.10585462724	1200	8.788567939058339	0.0	641452	4493.572734533322	0.7	1.2
79692.31061430088	1200	8.583808265411937	0.0	599477	4204.759673646402	0.7	1.2
79696.75883702029	1200	8.135585545990127	0.0	634861	4448.22271942181	0.7	1.2
79701.17500991869	1200	7.719412647595386	0.0	630203	4416.1728983947405	0.7	1.2
79705.64937890688	1200	7.245043659409544	0.0	638661	4474.368988185843	0.7	1.2
79709.4353510415	1200	7.459071524795479	0.0	538612	3785.972134614065	0.7	1.2
79715.33888196091	1850	5.555540605370538	0.0	846370	5903.53091942494	0.7	1.2000000000000002
79718.5170978393	750	6.377324726982339	0.0	450283	3178.2158783881996	0.7	0.75
79721.34152717891	750	7.552895387359681	0.0	398865	2824.4293396226576	0.7	0.75
79723.83532318883	750	9.05909937745231	0.0	350812	2493.796009907372	0.7	0.75
79726.54615387127	750	10.348268695012331	0.0	382355	2710.830682439977	0.7	0.75
79729.45793927094	750	11.43648329532963	0.0	411561	2911.785399682701	0.7	0.75
79731.7298497874	750	13.164572778870296	0.0	318564	2271.9105164593343	0.7	0.75
79735.81028938714	750	13.084133179130411	0.0	352642	4080.4395997398838	0.7	0.75
79742.18103867219	750	10.71338389407028	0.0	437162	6370.749285060132	0.7	0.75
79746.91162282089	750	9.982799745374459	0.0	374758	4730.58414869582	0.7	0.75
79750.67959658451	750	10.214825981747792	0.0	362795	3767.9737636266664	0.7	0.75
79754.61535732583	750	10.279065240423702	0.0	353220	3935.7607413240917	0.7	0.75
79759.23234827151	750	9.662074294741254	0.0	405134	4616.990945682445	0.7	0.75
79763.6861461619	750	9.208276404363556	0.0	386351	4453.797890377698	0.7	0.75
79769.08227348726	750	7.812149078985937	0.0	434409	5396.12732537762	0.7	0.75
79773.16309480144	750	7.731327764814355	0.0	337059	4080.8213141715814	0.7	0.75
79777.60868653221	750	7.285736034047319	0.0	366214	4445.591730767036	0.7	0.75
79781.76040542028	750	7.134017145979124	0.0	360831	4151.718888068195	0.7	0.75
79785.4584705723	750	7.4359519939737835	0.0	372963	3698.0651520053398	0.7	0.75
79789.63624587013	750	7.258176696144835	0.0	405596	4177.775297828949	0.7	0.75
79793.92596196264	750	6.968460603632641	0.0	350713	4289.716092512193	0.7	0.75
79798.64958720109	750	6.244835365185931	0.0	386472	4723.62523844671	0.7	0.75
79800.69029640192	300	8.204126164356211	0.0	157812	2040.7092008297213	0.7	-0.15000000000000002
79802.8192902565	300	10.07513230977847	0.0	163927	2128.99385457774	0.7	0.3
79804.77795440204	300	12.116468164236828	0.0	137654	1958.664145541641	0.7	0.3

