60568.616584818956	750	4.0	1.7627610916561363	450283	1762.7610916561362	0.7	-6.829872694121385
60570.002606602546	750	6.613978216416355	0.0	398865	1386.021783583645	0.7	0.75
60570.86298654649	750	9.753598272473658	0.0	350812	860.379943942697	0.7	0.75
60572.93643858854	1850	11.680146230413982	0.0	933276	2073.4520420596755	0.7	0.75
60575.09426364217	1850	13.522321176789413	0.0	996749	2157.8250536245696	0.7	1.85
60577.868430134746	1850	14.74815468421641	0.0	801058	2774.166492573003	0.7	1.85
60580.83753318026	2850	15.779051638697682	0.0	1388403	2969.1030455187283	0.8	1.85
60584.62584380462	2850	15.990741014337985	0.0	1638769	3788.310624359696	0.8	2.85
60586.92244593005	2850	17.694138888898753	0.0	1348011	2296.602125439233	0.8	2.85
60592.56259109671	4300	16.053993722249608	0.0	2169201	5640.145166649147	0.8	2.8499999999999996
60597.72099018664	4300	14.895594632316667	0.0	2173522	5158.399089932939	0.8	4.3
60601.685880486606	4300	14.930704332345078	0.0	2102452	3964.890299971591	0.8	4.3
60605.63746110937	4300	14.979123709579053	0.0	2209463	3951.580622766024	0.8	4.3
60610.09255058316	4300	14.524034235790264	0.0	2275376	4455.089473788788	0.8	4.3
60614.116293754596	4300	14.500291064357054	0.0	2005399	4023.74317143321	0.8	4.3
60618.691726278426	4300	13.924858540526905	0.0	2152483	4575.432523830148	0.8	4.3
60623.460708310944	4300	13.155876508007863	0.0	2289689	4768.982032519042	0.8	4.3
60628.09946315114	4300	12.51712166781229	0.0	2059512	4638.754840195572	0.8	4.3
60632.39425870461	4300	12.222326114345433	0.0	2220726	4294.795553466857	0.8	4.3
60636.70692254754	4300	11.90966227141204	0.0	2156729	4312.6638429333925	0.8	4.3
60641.6466299787	4300	10.969954840248851	0.0	2039773	4939.7074311631895	0.8	4.3
60645.70734787417	4300	10.90923694477587	0.0	2176469	4060.71789547298	0.8	4.3
60649.75573408893	4300	10.860850730013475	0.0	2221506	4048.3862147623945	0.8	4.3
60658.6884495404	4300	5.928135278548872	0.0	2044075	8932.715451464603	0.8	4.3
60662.12947782932	2850	6.487106989626611	0.0	1383735	3441.0282889222617	0.8	1.4000000000000001
60667.415346455535	2850	5.201238363412496	0.0	1480464	5285.8686262141155	0.8	2.85
60671.01573827757	2850	5.600846541379655	0.0	1547572	3600.39182203284	0.8	2.85
60673.1808319045	2850	7.43575291444963	0.0	1141971	2165.093626930026	0.8	2.85
60675.9525174094	2850	8.66406740955243	0.0	1498470	2771.6855048971997	0.8	2.85
60679.16805903249	2850	9.448525786458552	0.0	1561263	3215.541623093878	0.8	2.85
60682.445374170034	2850	10.171210648915606	0.0	1341201	3277.315137542945	0.8	2.85
60687.22029785381	2850	9.396286965138897	0.0	1497683	4774.9236837767085	0.8	2.85
60693.12285229881	2850	7.493732520136833	0.0	1358081	5902.554445002064	0.8	2.85
60696.842003052785	2850	7.774581766163293	0.0	1587293	3719.150753973539	0.8	2.85
60700.273331855875	2850	8.343252963069608	0.0	1492672	3431.328803093686	0.8	2.85
60703.248890233284	2850	9.36769458566095	0.0	1439896	2975.558377408658	0.8	2.85
60706.18119753352	2850	10.435387285424579	0.0	1139291	2932.3073002363712	0.8	2.85
60711.8382525611	2850	8.77833225784783	0.0	1499009	5657.055027576748	0.8	2.85
60715.295011556955	2850	9.321573261991832	0.0	1427478	3456.758995855999	0.8	2.85
60718.35193535863	2850	10.264649460313585	0.0	1402287	3056.923801678246	0.8	2.85
60721.41034566275	2850	11.206239156194718	0.0	1339500	3058.410304118868	0.8	2.85
60724.27275926195	2850	12.343825556994986	0.0	1527299	2862.413599199732	0.8	2.85
60727.06187424873	2850	13.554710570215764	0.0	1343002	2789.114986779221	0.8	2.85
60732.13587247894	4300	12.480712340004263	0.0	2219102	5073.9982302115	0.8	2.8499999999999996
60737.45832945637	4300	11.158255362571996	0.0	2124950	5322.456977432269	0.8	4.3
60742.68041899132	4300	9.936165827624711	0.0	2246506	5222.089534947286	0.8	4.3
60747.09302116751	4300	9.523563651431617	0.0	1961140	4412.602176193094	0.8	4.3
60751.13682831531	4300	9.479756503628202	0.0	2155012	4043.807147803415	0.8	4.3
60751.99027981989	750	12.62630499904736	0.0	450283	853.4515045808434	0.8	0.75
60754.79373102542	2850	13.822853793520272	0.0	1431809	2803.4512055270875	0.8	0.75
60759.70088903881	4300	12.915695780135122	0.0	2177073	4907.158013385149	0.8	2.8499999999999996
60764.015029241535	4300	12.60155557741329	0.0	2160877	4314.140202721832	0.8	4.3
60767.888288747476	4300	12.728296071468016	0.0	2233056	3873.259505945274	0.8	4.3
60772.54705229478	4300	12.069532524160465	0.0	1941625	4658.763547307552	0.8	4.3

