260159.5799428058	750	4.0	4.117170229623307	450283	4117.170229623307	0.75	-16.95383198738022
260164.35715524844	1200	4.0	0.7772124426478259	611087	4777.212442647826	0.75	-2.592013503385651
260167.9923564916	1200	4.3647987568490665	0.0	571051	3635.2012431509343	0.75	1.2
260173.84974298865	1850	4.0	1.4925877401895933	933276	5857.386497038659	0.75	-5.218127282815251
260179.7049907473	1850	4.0	1.8552477586671166	996749	5855.247758667117	0.75	-6.1275653622686015
260182.7997397338	1200	4.905251013493988	0.0	520315	3094.7489865060124	0.7	0.5499999999999999
260186.13480416185	1200	5.570186585449055	0.0	561791	3335.064428044933	0.7	1.2
260190.3259039906	1200	5.379086756707703	0.0	709534	4191.099828741352	0.7	1.2
260193.79455103277	1200	5.910439714508083	0.0	584846	3468.64704219962	0.7	1.2
260197.123995199	1200	6.58099554826016	0.0	560821	3329.4441662479235	0.7	1.2
260200.72337995996	1200	6.981610787310317	0.0	607410	3599.384760949842	0.7	1.2
260204.2455179887	1200	7.459472758605554	0.0	594078	3522.1380287047627	0.7	1.2
260207.9426605404	1200	7.762330206893714	0.0	624282	3697.142551711841	0.7	1.2
260212.00534607822	1200	7.699644669087531	0.0	687371	4062.685537806183	0.7	1.2
260215.1385388142	1200	8.566451933073111	0.0	526950	3133.1927360144205	0.7	1.2
260218.6247419319	1200	9.080248815363246	0.0	587876	3486.2031177098656	0.7	1.2
260222.28109412998	1200	9.423896617312174	0.0	617242	3656.3521980510723	0.7	1.2
260225.73031360743	1200	9.97467713986036	0.0	581493	3449.2194774518143	0.7	1.2
260229.51391548547	1200	10.191075261823807	0.0	639204	3783.601878036553	0.7	1.2
260232.99411013772	1200	10.71088060956085	0.0	586839	3480.194652262959	0.7	1.2
260236.5606308524	1200	11.144359894912693	0.0	601738	3566.520714648155	0.7	1.2
260240.21098037908	1200	11.494010368224199	0.0	616206	3650.3495266884947	0.7	1.2
260244.0946287112	1200	11.610362036116555	0.0	656471	3883.6483321076435	0.7	1.2
260247.28412256463	1200	12.420868182698486	0.0	536667	3189.4938534180683	0.7	1.2
260250.76661746835	1200	12.938373278957782	0.0	587236	3482.4949037407046	0.7	1.2
260254.26706823942	1200	13.437922507888283	0.0	590335	3500.4507710694998	0.7	1.2
260258.29579012617	1200	13.409200621141398	0.0	696376	4028.7218867468846	0.7	1.2
260260.98424471347	1200	14.720746033837266	0.0	487160	2688.4545873041307	0.7	1.2
260264.10580081507	1200	15.59918993224284	0.0	622896	3121.5561015944263	0.7	1.2
260267.2833256478	1200	16.421665099518926	0.0	641447	3177.524832723913	0.7	1.2
260270.11772840342	1200	17.587262343894444	0.0	570392	2834.4027556244837	0.7	1.2
260273.19305303012	1200	18.51193771720434	0.0	620283	3075.3246266901033	0.7	1.2
260276.09485364417	1200	19.610137103159243	0.0	584349	2901.800614045098	0.7	1.2
260282.46230097098	1850	17.242689776353885	0.0	1035329	6367.44732680536	0.7	1.2000000000000002

