618153.9438835077	750	4.0	5.856825524311645	450283	5856.8255243116455	1	-24.434349754540076
618154.8938468329	300	7.05003667484226	0.0	155580	949.9633251577396	0.3590251805190314	-0.15000000000000002
618155.755891188	300	10.187992319741438	0.0	139857	862.0443551008227	0.3590251805190314	0.3
618157.973921958	750	11.96996154977944	0.0	382355	2218.0307699619975	0.3590251805190314	0.3
618160.3552651645	750	13.58861834329246	0.0	411561	2381.3432064869808	0.3590251805190314	0.75
618162.2165930775	750	15.72729043022169	0.0	318564	1861.3279130707685	0.3590251805190314	0.75
618164.2684763974	750	17.67540711032019	0.0	352642	2051.8833199015016	0.3590251805190314	0.75
618166.792973808	750	19.15090969964653	0.0	437162	2524.497410673658	0.3590251805190314	0.75
618170.1432821437	1200	19.800601363965832	0.0	584846	3350.3083356807	0.3590251805190314	0.75
618173.3592488617	1200	20.584634646018223	0.0	560821	3215.966717947607	0.3590251805190314	1.2
618178.6944748694	1850	19.249408638263873	0.0	939819	5335.22600775435	0.3590251805190314	1.2000000000000002
618183.8636507626	1850	18.08023274507039	0.0	917428	5169.175893193487	0.3590251805190314	1.85
618189.0639983736	1850	16.879885133942086	0.0	946851	5200.347611128302	0.3590251805190314	1.85
618194.7488979439	1850	15.194985563741103	0.0	1036454	5684.899570200985	0.3590251805190314	1.85
618199.2720852332	1850	14.67179827442213	0.0	821631	4523.187289318971	0.3590251805190314	1.85
618204.3443715635	1850	13.599511944085767	0.0	923170	5072.286330336362	0.3590251805190314	1.85
618209.6520524926	1850	12.291831015058793	0.0	966699	5307.680929026973	0.3590251805190314	1.85
618214.5217855806	1850	11.422097927125323	0.0	885714	4869.733087933469	0.3590251805190314	1.85
618219.9430782426	1850	10.000805265141219	0.0	987708	5421.2926619841055	0.3590251805190314	1.85
618225.0185281154	1850	8.925355392333538	0.0	923755	5075.44987280768	0.3590251805190314	1.85
618229.9201129386	1850	8.02377056909056	0.0	891604	4901.584823242979	0.23521989590571987	1.85
618235.1657776197	1850	6.77810588803124	0.0	955231	5245.66468105932	0.23521989590571987	1.85
618240.4806346528	1850	5.463248854971037	0.0	968026	5314.857033060202	0.23521989590571987	1.85
618243.4628036227	1200	6.48107988496267	0.0	536667	2982.1689700083666	0.23521989590571987	0.5499999999999999
618246.7184378563	1200	7.225445651309709	0.0	587236	3255.6342336529606	0.23521989590571987	1.2
618249.9908307535	1200	7.953052754206125	0.0	590335	3272.3928971035843	0.23521989590571987	1.2
618253.8366684492	1200	8.107215058468272	0.0	696376	3845.837695737853	0.23521989590571987	1.2
618256.6878941959	1200	9.255989311660342	0.0	487160	2851.225746807929	0.23521989590571987	1.2
618260.1752670449	1200	9.7686164626459	0.0	622896	3487.372849014442	0.23521989590571987	1.2
618263.0272907529	1200	10.916592754635857	0.0	641447	2852.0237080100405	0.23521989590571987	1.2
618265.4724527426	1200	12.471430764916464	0.0	570392	2445.161989719394	0.23521989590571987	1.2
618268.1244905244	1200	13.819392983059224	0.0	620283	2652.03778185724	0.23521989590571987	1.2
618271.8440652036	1850	14.099818303904277	0.0	885062	3719.5746791549477	0.23521989590571987	1.2000000000000002
618276.1449462391	1850	13.79893726839669	0.0	1035329	4300.881035507585	0.23521989590571987	1.85
618280.344337012	1850	13.59954649544885	0.0	1026056	4199.39077294784	0.23521989590571987	1.85
618284.2140580068	1850	13.72982550069035	0.0	943942	3869.720994758502	0.23521989590571987	1.85
618287.2206812482	1850	14.723202259239978	0.0	728962	3006.623241450372	0.23521989590571987	1.85
618291.0689030874	1850	14.87498042007253	0.0	938587	3848.221839167447	0.23521989590571987	1.85
618294.7969946308	1850	15.146888876627877	0.0	908665	3728.0915434446547	0.23521989590571987	1.85
618300.6220783176	2850	13.321805189933407	0.0	1402287	5825.083686694468	0.23521989590571987	1.85
618306.5378600407	2850	11.406023466794688	0.0	1339500	5915.78172313872	0.23521989590571987	2.85
618313.2111225418	2850	8.732760965696215	0.0	1527299	6673.262501098473	0.23521989590571987	2.85
618316.9170415075	1850	9.026841999874069	0.0	886255	3705.918965822148	0.23521989590571987	0.8500000000000001
618321.0632356507	1850	8.880647856801588	0.0	973972	4146.19414307248	0.23521989590571987	1.85
618325.0727103289	1850	8.871173178632851	0.0	958994	4009.4746781687372	0.23521989590571987	1.85
618328.6975884831	1850	9.246295024381729	0.0	982064	3624.878154251123	0.23521989590571987	1.85
618333.1744256018	2850	8.769457905681339	0.0	1231456	4476.8371187003895	0.23521989590571987	1.85
618338.1264201606	2850	7.817463346850106	0.0	1364537	4951.994558831232	0.23521989590571987	2.85
618339.8141276292	750	10.129755878357713	0.0	450283	1687.7074684923923	0.23521989590571987	0.75
618342.0759757864	1200	11.867907721090814	0.0	611087	2261.848157266898	0.23521989590571987	0.75
618344.1948778938	1200	13.749005613771532	0.0	571051	2118.902107319284	0.23521989590571987	1.2
618346.4802695182	1200	15.463613989291261	0.0	617681	2285.39162448027	0.23521989590571987	1.2
618350.1190998794	1850	15.824783628135446	0.0	996749	3638.830361155814	0.23521989590571987	1.2000000000000002
618352.7577382657	1850	17.186145241877544	0.0	801058	2638.6383862579	0.23521989590571987	1.85
618357.1008659722	2850	16.843017535175274	0.0	1388403	4343.12770670227	0.23521989590571987	1.85
618361.943395489	2850	16.000488018513806	0.0	1638769	4842.529516661466	0.23521989590571987	2.85
618366.179278424	2850	15.764605083412999	0.0	1348011	4235.882935100808	0.23521989590571987	2.85
618371.9509620384	2850	13.992921469098473	0.0	1429765	5771.683614314524	0.23521989590571987	2.85
618375.987077692	2850	13.956805815462543	0.0	1354548	4036.1156536359294	0.23521989590571987	2.85
618382.2963764821	2850	11.647507025384567	0.0	1519951	6309.298790077978	0.23521989590571987	2.85
618386.9595272677	2850	10.98435623975968	0.0	1422919	4663.150785624887	0.23521989590571987	2.85
618391.7204475992	2850	10.22343590827112	0.0	1578343	4760.920331488558	0.23521989590571987	2.85
618395.698275791	2850	10.245607716348925	0.0	1231445	3977.8281919221968	0.23521989590571987	2.85
618400.1831572787	2850	9.760726228728405	0.0	1471065	4484.88148762052	0.23521989590571987	2.85
618404.8023492092	2850	9.141534298248688	0.0	1491626	4619.191930479718	0.23521989590571987	2.85
618409.1359736493	2850	8.807909858098272	0.0	1358801	4333.6244401504155	0.23521989590571987	2.85
618413.978174898	2850	7.965708609577938	0.0	1537156	4842.201248520334	0.23521989590571987	2.85
618420.2762975484	2850	5.667585959070686	0.0	1336050	6298.122650507252	0.23521989590571987	2.85
618422.9319514423	1850	7.0119320652806785	0.0	891604	2655.6538937900073	0.23521989590571987	0.8500000000000001
618425.850537022	1850	8.093346485501366	0.0	955231	2918.5855797793115	0.23521989590571987	1.85
618428.8256230296	1850	9.118260477886718	0.0	968026	2975.0860076146496	0.23521989590571987	1.85
618431.5200278191	1850	10.42385568844249	0.0	874175	2694.404789444226	0.23521989590571987	1.85
618434.2642147981	1850	11.679668709396584	0.0	897976	2744.1869790459073	0.23521989590571987	1.85
618438.5783116358	2850	11.365571871738586	0.0	1480464	4314.096837657996	0.23521989590571987	1.85
618443.0063458148	2850	10.937537692632155	0.0	1547572	4428.034179106431	0.23521989590571987	2.85
618448.2854051419	2850	9.658478365587888	0.0	1141971	5279.059327044268	0.23521989590571987	2.85
618455.0063685093	2850	6.937514998082324	0.0	1498470	6720.963367505564	0.23521989590571987	2.85
618458.2262967922	1850	7.717586715228776	0.0	975811	3219.928282853548	0.23521989590571987	0.8500000000000001
618461.1415679681	1850	8.802315539393945	0.0	873429	2915.27117583483	0.23521989590571987	1.85
618464.2773148717	1850	9.666568635764158	0.0	954453	3135.746903629788	0.23521989590571987	1.85
618467.1242456054	1850	10.819637901920604	0.0	885062	2846.9307338435538	0.23521989590571987	1.85
618470.5101623967	1850	11.433721110675185	0.0	1035329	3385.916791245418	0.23521989590571987	1.85
618473.8288122757	1850	12.115071231693634	0.0	1026056	3318.649878981553	0.23521989590571987	1.85
618478.4221314049	2850	11.521752102516565	0.0	1439896	4593.319129177068	0.23521989590571987	1.85
618481.831001578	2850	12.112881929433437	0.0	1139291	3408.8701730831294	0.23521989590571987	2.85
618486.4606237472	2850	11.483259760165671	0.0	1499009	4629.622169267767	0.23521989590571987	2.85
618491.1975788801	2850	10.746304627293576	0.0	1427478	4736.9551328720945	0.23521989590571987	2.85
618496.1625161353	2850	9.781367372122517	0.0	1402287	4964.937255171059	0.23521989590571987	2.85
618500.651875932	2850	9.292007575390162	0.0	1339500	4489.359796732355	0.23521989590571987	2.85
618507.4971756567	2850	6.446707850693104	0.0	1527299	6845.299724697057	0.23521989590571987	2.85
618512.098134061	1850	5.845749446337512	0.0	886255	4600.958404355592	0.23521989590571987	0.8500000000000001
618514.914359475	1850	7.02952403226998	0.0	973972	2816.2254140675323	0.23521989590571987	1.85
618517.708937501	1850	8.234946006312256	0.0	958994	2794.578025957724	0.23521989590571987	1.85
618522.1803554974	2850	7.763528009859809	0.0	1483527	4471.417996452448	0.23521989590571987	1.85
618526.0105247865	2850	7.933358720627576	0.0	1231456	3830.1692892322326	0.23521989590571987	2.85
618530.4162932705	2850	7.527590236634127	0.0	1364537	4405.768483993449	0.23521989590571987	2.85
618532.2999637615	750	9.643919745807205	0.0	450283	1883.6704908269232	0.23521989590571987	0.75
618534.2693857703	1200	11.674497736906913	0.0	611087	1969.4220089002913	0.23521989590571987	0.75
618536.9622174847	1850	12.981666022517489	0.0	877771	2692.8317143894246	0.23521989590571987	1.2000000000000002
618539.7205523779	1850	14.223331129353559	0.0	933276	2758.33489316393	0.23521989590571987	1.85
618544.2291015352	2850	13.71478197200461	0.0	1472558	4508.54915734895	0.23521989590571987	1.85
618547.8102415408	2850	14.133641966370558	0.0	1224260	3581.1400056340517	0.23521989590571987	2.85
618552.2080657292	2850	13.735817777899353	0.0	1388403	4397.824188471206	0.23521989590571987	2.85
618564.5145477288	2850	5.429335778348219	0.0	1638769	12306.481999551133	0.23521989590571987	2.85
618566.2462476307	1200	7.697635876353703	0.0	584846	1731.6999019945154	0.23521989590571987	-0.44999999999999996
618574.174504744	1850	4.0	0.23062123700004214	913888	7928.257113353746	0.23521989590571987	0.20832868089981893
618576.4122808088	1200	5.762223935293511	0.0	607410	2237.7760647064893	0.23521989590571987	0.5499999999999999
618578.1601486292	1200	8.014356114912808	0.0	594078	1747.867820380703	0.23521989590571987	1.2
618580.1510198432	1200	10.023484900896845	0.0	624282	1990.8712140159623	0.23521989590571987	1.2
618583.3967679552	1850	10.777736788905834	0.0	1036454	3245.7481119910117	0.23521989590571987	1.2000000000000002
618585.9335607572	1850	12.240943986982288	0.0	821631	2536.792801923546	0.23521989590571987	1.85
618590.616815524	2850	11.557689220125019	0.0	1471065	4683.254766857269	0.23521989590571987	1.85
618596.354892749	2850	9.819611995137299	0.0	1491626	5738.077224987721	0.23521989590571987	2.85
618602.9274422772	2850	7.247062466947354	0.0	1358801	6572.549528189944	0.23521989590571987	2.85
618609.406494756	2850	4.76800998818536	0.0	1537156	6479.052478761994	0.23521989590571987	2.85
618612.5154973376	1850	5.659007406635175	0.0	923755	3109.0025815501845	0.23521989590571987	0.8500000000000001
618615.2376337387	1850	6.9368710055441305	0.0	891604	2722.1364010910447	0.23521989590571987	1.85
618618.0994882595	1850	8.075016484660853	0.0	955231	2861.8545208832775	0.23521989590571987	1.85
618620.9256635881	1850	9.248841156161001	0.0	968026	2826.175328499852	0.23521989590571987	1.85
618623.5147407291	1850	10.659764015086486	0.0	874175	2589.077141074514	0.23521989590571987	1.85
618626.3936364417	1850	11.780868302514467	0.0	897976	2878.895712572019	0.23521989590571987	1.85
618631.1298791685	2850	11.044625575741552	0.0	1480464	4736.2427267729145	0.23521989590571987	1.85
618636.1232154027	2850	10.051289341518578	0.0	1547572	4993.336234222976	0.23521989590571987	2.85
618639.3579399539	2850	10.816564790370279	0.0	1141971	3234.7245511482984	0.23521989590571987	2.85
618643.7717123234	2850	10.402792420869803	0.0	1498470	4413.772369500478	0.23521989590571987	2.85
618648.4743291106	2850	9.700175633634847	0.0	1561263	4702.616787234954	0.23521989590571987	2.85
618652.5886716174	2850	9.585833126826069	0.0	1341201	4114.34250680878	0.23521989590571987	2.85
618658.6087499725	2850	7.5657547716743165	0.0	1497683	6020.078355151752	0.23521989590571987	2.85
618663.7383324575	2850	6.436172286712644	0.0	1358081	5129.582484961673	0.23521989590571987	2.85
618669.4224776633	2850	4.7520270810011285	0.0	1587293	5684.145205711515	0.23521989590571987	2.85
618672.8105009773	1850	5.364003766969423	0.0	1026056	3388.023314031706	0.23521989590571987	0.8500000000000001
618675.7117950482	1850	6.462709695984689	0.0	943942	2901.2940709847344	0.23521989590571987	1.85
618678.9682610434	1850	7.206243700755085	0.0	728962	3256.4659952296033	0.23521989590571987	1.85
618681.9809218714	1850	8.193582872759821	0.0	938587	3012.660827995264	0.23521989590571987	1.85
618684.6840645423	1850	9.490440201905185	0.0	908665	2703.1426708546373	0.23521989590571987	1.85
618687.5725164362	1850	10.601988307931695	0.0	930577	2888.45189397349	0.23521989590571987	1.85
618690.2082883308	1850	11.966216413342604	0.0	858450	2635.7718945890915	0.23521989590571987	1.85
618693.6317940267	1850	12.542710717423013	0.0	1025005	3423.5056959195895	0.23521989590571987	1.85
618698.0925871318	2850	12.081917612383135	0.0	1343002	4460.793105039878	0.23521989590571987	1.85
618703.4280694801	2850	10.746435264070577	0.0	1587250	5335.482348312557	0.23521989590571987	2.85
618708.1032717916	2850	10.071232952511643	0.0	1464921	4675.202311558933	0.23521989590571987	2.85
618712.7272018243	2850	9.447302919816345	0.0	1483527	4623.9300326953	0.23521989590571987	2.85
618717.1561698996	2850	9.018334844580982	0.0	1231456	4428.968075235361	0.23521989590571987	2.85
618721.0469678261	2850	9.127536918085925	0.0	1364537	3890.7979264950577	0.23521989590571987	2.85
618722.439362423	750	11.735142321107146	0.0	450283	1392.3945969787792	0.23521989590571987	0.75
618728.6962588379	2850	9.478245906273045	0.0	1431809	6256.896414834101	0.23521989590571987	0.75
618734.2327081448	2850	7.941796599368688	0.0	1300868	5536.4493069043565	0.23521989590571987	2.85
618738.859138702	2850	7.315366042145808	0.0	1520281	4626.43055722288	0.23521989590571987	2.85
618744.2756954356	2850	5.898809308568847	0.0	1472558	5416.556733576961	0.23521989590571987	2.85
618746.7630941275	1850	7.41141061672977	0.0	801058	2487.398691839077	0.23521989590571987	0.8500000000000001
618749.4068080924	1850	8.767696651865622	0.0	905515	2643.7139648641482	0.23521989590571987	1.85
618752.799152922	1850	9.375351822146731	0.0	1060487	3392.3448297188925	0.23521989590571987	1.85
618756.7792313515	1850	9.395273392732669	0.0	852833	3980.0784294140612	0.23521989590571987	1.85
618759.6379192838	1850	10.536585460308244	0.0	913888	2858.6879324244264	0.23521989590571987	1.85
618766.0412132563	1850	8.133291487793468	0.0	939819	6403.293972514776	0.23521989590571987	1.85
618768.723355746	1850	9.451148998097434	0.0	917428	2682.142489696033	0.23521989590571987	1.85
618772.9906134392	1850	9.183891304948002	0.0	946851	4267.257693149433	0.23521989590571987	1.85
618775.9968257346	1850	10.177679009572934	0.0	1036454	3006.2122953750672	0.23521989590571987	1.85
618778.5509945288	1850	11.623510215415974	0.0	821631	2554.1687941569603	0.23521989590571987	1.85
618783.4263057443	1850	10.748198999930668	0.0	923170	4875.311215485305	0.23521989590571987	1.85
618786.8404991244	1850	11.33400561985576	0.0	966699	3414.193380074907	0.23521989590571987	1.85
618792.4954666332	2850	9.67903811109552	0.0	1358801	5654.967508760241	0.23521989590571987	1.85
618798.5514263202	2850	7.623078424100286	0.0	1537156	6055.959686995235	0.23521989590571987	2.85
618801.2044907212	1850	8.970014023104282	0.0	923755	2653.0644009960024	0.23521989590571987	0.8500000000000001
618804.9930504907	1850	9.18145425355497	0.0	891604	3788.559769549313	0.23521989590571987	1.85
618807.7326389321	1850	10.441865812131589	0.0	955231	2739.5884414233815	0.23521989590571987	1.85
618811.7303915424	1850	10.44411320182402	0.0	968026	3997.7526103075697	0.23521989590571987	1.85
618814.5932921157	1850	11.581212628622113	0.0	874175	2862.9005732019064	0.23521989590571987	1.85
618818.7159714482	1850	11.458533296100551	0.0	897976	4122.679332521562	0.23521989590571987	1.85
618821.2864006324	1850	12.88810411192354	0.0	905935	2570.429184177009	0.23521989590571987	1.85
618825.9909002475	1850	12.183604496869243	0.0	1076599	4704.499615054298	0.23521989590571987	1.85
618828.1136675575	1850	14.06083718681967	0.0	758197	2122.767310049574	0.23521989590571987	1.85
618831.0352427847	1850	15.139261959708858	0.0	972798	2921.5752271108117	0.23521989590571987	1.85
618834.0341382899	1850	16.140366454542466	0.0	975811	2998.8955051663906	0.23521989590571987	1.85
618838.1285162086	2850	16.0459885357464	0.0	1341201	4094.377918796068	0.23521989590571987	1.85
618842.671726213	2850	15.502778531433142	0.0	1497683	4543.210004313257	0.23521989590571987	2.85
618846.8702235703	2850	15.304281174209638	0.0	1358081	4198.497357223503	0.23521989590571987	2.85
618851.5838856389	2850	14.59061910563173	0.0	1587293	4713.662068577909	0.23521989590571987	2.85
618856.0001562953	2850	14.174348449220608	0.0	1492672	4416.270656411122	0.23521989590571987	2.85
618860.3284955113	2850	13.846009233285484	0.0	1439896	4328.339215935123	0.23521989590571987	2.85
618863.887720535	2850	14.28678420951897	0.0	1139291	3559.225023766515	0.23521989590571987	2.85
618873.0229754605	2850	9.151529284066013	0.0	1499009	9135.254925452957	0.23521989590571987	2.85
618877.0275428077	2850	9.14696193691115	0.0	1427478	4004.5673471548625	0.23521989590571987	2.85
618881.2160252818	2850	8.958479462772265	0.0	1402287	4188.482474138883	0.23521989590571987	2.85
618885.4677330235	2850	8.706771721097466	0.0	1339500	4251.7077416748	0.23521989590571987	2.85
618890.0667093529	2850	8.107795391623021	0.0	1527299	4598.976329474444	0.23521989590571987	2.85
618894.4253758312	2850	7.749128913222373	0.0	1343002	4358.666478400649	0.23521989590571987	2.85
618899.1726409259	2850	7.001863818636496	0.0	1587250	4747.265094585877	0.23521989590571987	2.85
618903.5501195717	2850	6.624385172776846	0.0	1464921	4377.47864585965	0.23521989590571987	2.85
618908.0543627943	2850	6.120141950223598	0.0	1483527	4504.243222553248	0.23521989590571987	2.85
618913.2054856652	2850	4.969019079360757	0.0	1231456	5151.1228708628405	0.23521989590571987	2.85
618920.9738037118	2850	4.0	2.7992989671659534	1364537	7768.3180465267105	0.23521989590571987	-9.1869855588136
618922.6053807274	750	6.3684229844065205	0.0	450283	1631.5770155934795	0.23521989590571987	0.75
618925.6429944077	1850	7.330809304193408	0.0	957685	3037.6136802131123	0.23521989590571987	0.75
618928.1830238028	1850	8.790779908957113	0.0	877771	2540.029395236295	0.23521989590571987	1.85
618931.3110068269	1850	9.66279688492495	0.0	933276	3127.9830240321626	0.23521989590571987	1.85
618934.6459482057	1850	10.32785550614876	0.0	996749	3334.94137877619	0.23521989590571987	1.85
618937.5407010071	1850	11.433102704787439	0.0	801058	2894.752801361321	0.23521989590571987	1.85
618940.4780851682	1850	12.49571854383319	0.0	905515	2937.384160954248	0.23521989590571987	1.85
618943.9822101039	1850	12.991593608056448	0.0	1060487	3504.1249357767433	0.23521989590571987	1.85
618946.8072382406	1850	14.166565471334872	0.0	852833	2825.0281367215757	0.23521989590571987	1.85
618951.0656164805	2850	13.908187231330345	0.0	1429765	4258.3782400045275	0.23521989590571987	1.85
618954.8329755787	2850	14.140828133153736	0.0	1354548	3767.3590981766088	0.23521989590571987	2.85
618961.4113852915	2850	11.562418420463931	0.0	1519951	6578.409712689804	0.23521989590571987	2.85
618965.6342352558	2850	11.339568456223759	0.0	1422919	4222.849964240174	0.23521989590571987	2.85
618970.3844726173	2850	10.589331094637961	0.0	1578343	4750.237361585799	0.23521989590571987	2.85
618974.2335328739	2850	10.740270838018601	0.0	1231445	3849.0602566193597	0.23521989590571987	2.85
618982.1950995905	2850	6.7787041214714785	0.0	1471065	7961.566716547123	0.23521989590571987	2.85
618985.4945912652	1850	7.479212446681342	0.0	966699	3299.4916747901357	0.23521989590571987	0.8500000000000001
618990.4391571906	1850	6.534646521290337	0.0	885714	4944.565925391005	0.23521989590571987	1.85
618993.6054892311	1850	7.368314480725517	0.0	987708	3166.33204056482	0.23521989590571987	1.85
618996.4210093035	1850	8.552794408286555	0.0	923755	2815.5200724389606	0.23521989590571987	1.85
618999.0968563224	1850	9.87694738942928	0.0	891604	2675.8470188572765	0.23521989590571987	1.85
619001.7923985827	1850	11.181405129107791	0.0	955231	2695.542260321488	0.23521989590571987	1.85
619004.5229751575	1850	12.450828554342136	0.0	968026	2730.5765747656524	0.23521989590571987	1.85
619008.2282258008	2850	12.745577911049525	0.0	1323990	3705.250643292614	0.23521989590571987	1.85
619012.9784448798	2850	11.995358832072371	0.0	1383735	4750.219078977153	0.23521989590571987	2.85
619017.6669002343	2850	11.306903477547262	0.0	1480464	4688.455354525109	0.23521989590571987	2.85
619022.1886871348	2850	10.78511657711843	0.0	1547572	4521.786900428833	0.23521989590571987	2.85
619025.8831316874	2850	11.09067202449228	0.0	1141971	3694.444552626149	0.23521989590571987	2.85
619030.6820241634	2850	10.291779548373299	0.0	1498470	4798.89247611898	0.23521989590571987	2.85
619035.3063721448	2850	9.667431567064115	0.0	1561263	4624.3479813091835	0.23521989590571987	2.85
619039.3744536042	2850	9.599350107649325	0.0	1341201	4068.08145941479	0.23521989590571987	2.85
619044.1584029944	2850	8.815400717463556	0.0	1497683	4783.9493901857695	0.23521989590571987	2.85
619048.4059409535	2850	8.567862758365901	0.0	1358081	4247.537959097654	0.23521989590571987	2.85
619053.6580755737	2850	7.3157281381666035	0.0	1587293	5252.134620199298	0.23521989590571987	2.85
619058.9665525563	2850	6.007251155535182	0.0	1492672	5308.476982631421	0.23521989590571987	2.85
619063.4463169087	2850	5.527486803036961	0.0	1439896	4479.764352498221	0.23521989590571987	2.85
619065.6266883088	1850	7.347115402935527	0.0	728962	2180.371400101433	0.23521989590571987	0.8500000000000001
619068.4110560142	1850	8.562747697476253	0.0	938587	2784.367705459275	0.23521989590571987	1.85
619071.1966031641	1850	9.777200547667718	0.0	908665	2785.547149808534	0.23521989590571987	1.85
619073.9509039449	1850	11.022899766867926	0.0	930577	2754.3007807997924	0.23521989590571987	1.85
619076.4562835193	1850	12.517520192475935	0.0	858450	2505.3795743919904	0.23521989590571987	1.85
619080.7904602292	2850	12.183343482611505	0.0	1527299	4334.1767098644295	0.23521989590571987	1.85
619084.7175251149	2850	12.256278596899692	0.0	1343002	3927.0648857118117	0.23521989590571987	2.85
619089.5221099504	2850	11.451693761391285	0.0	1587250	4804.584835508408	0.23521989590571987	2.85
619093.889304024	2850	11.084499687763206	0.0	1464921	4367.194073628079	0.23521989590571987	2.85
619098.5456255805	2850	10.428178131474324	0.0	1483527	4656.321556288883	0.23521989590571987	2.85
619104.0639500144	4300	8.909853697467767	0.0	1961140	5518.324434006557	0.23521989590571987	2.8499999999999996
619110.1048420197	4300	6.868961692311626	0.0	2155012	6040.89200515614	0.23521989590571987	4.3
619111.4114411803	750	9.562362531787992	0.0	450283	1306.5991605236334	0.23521989590571987	0.75
619115.712375676	2850	9.261428036036586	0.0	1431809	4300.934495751406	0.23521989590571987	0.75
619119.6903821126	2850	9.283421599489783	0.0	1300868	3978.0064365468047	0.23521989590571987	2.85
619124.1447388228	2850	8.829064889236586	0.0	1520281	4454.356710253197	0.23521989590571987	2.85
619128.2997195052	2850	8.674084206905468	0.0	1472558	4154.980682331119	0.23521989590571987	2.85
619131.7931449233	2850	9.180658788743491	0.0	1224260	3493.425418161977	0.23521989590571987	2.85
619136.2448103641	2850	8.728993347941994	0.0	1388403	4451.6654408014965	0.23521989590571987	2.85
619142.4770719557	2850	6.496731756398098	0.0	1638769	6232.2615915438955	0.23521989590571987	2.85
619146.5998500583	2850	6.373953653712555	0.0	1348011	4122.778102685544	0.23521989590571987	2.85
619150.7682940564	2850	6.205509655667826	0.0	1429765	4168.443998044729	0.23521989590571987	2.85
619158.3074087135	2850	4.0	1.3336050014222764	1354548	7539.114657090103	0.23521989590571987	-2.884501506115788
619161.6132371109	1200	4.69417160265955	0.0	594078	3305.8283973404505	0.23521989590571987	-0.44999999999999996
619163.4708697515	1200	6.836538961977138	0.0	624282	1857.6326406824116	0.23521989590571987	1.2
619166.6387865463	1850	7.668622167217236	0.0	1036454	3167.916794759901	0.23521989590571987	1.2000000000000002
619169.3683008828	1850	8.939107830823477	0.0	821631	2729.5143363937586	0.23521989590571987	1.85
619172.3795815386	1850	9.927827175011195	0.0	923170	3011.2806558122807	0.23521989590571987	1.85
619175.3265733123	1850	10.98083540130143	0.0	966699	2946.991773709766	0.23521989590571987	1.85
619177.9290739927	1850	12.37833472098405	0.0	885714	2602.5006803173796	0.23521989590571987	1.85
619182.4698230592	2850	11.837585654362826	0.0	1537156	4540.749066621226	0.23521989590571987	1.85
619186.7375056817	2850	11.569903031856914	0.0	1336050	4267.682622505913	0.23521989590571987	2.85
619191.4967774457	2850	10.81063126797342	0.0	1415116	4759.271763883493	0.23521989590571987	2.85
619196.241410001	2850	10.065998712680344	0.0	1468126	4744.632555293076	0.23521989590571987	2.85
619201.9833364006	2850	8.324072312930777	0.0	1505760	5741.926399749568	0.23521989590571987	2.85
619206.0178298734	2850	8.289578840288923	0.0	1323990	4034.493472641855	0.23521989590571987	2.85
619210.2506970335	2850	8.056711680122913	0.0	1383735	4232.86716016601	0.23521989590571987	2.85
619214.8548461737	2850	7.4525625399741315	0.0	1480464	4604.149140148782	0.23521989590571987	2.85
619219.5779917346	2850	6.729416978974465	0.0	1547572	4723.1455609996665	0.23521989590571987	2.85
619223.0992901255	2850	7.208118588138184	0.0	1141971	3521.2983908362808	0.23521989590571987	2.85
619227.7751916269	2850	6.532217086735829	0.0	1498470	4675.901501402355	0.23521989590571987	2.85
619234.0804100601	2850	4.2269986535230295	0.0	1561263	6305.2184332128	0.23521989590571987	2.85
619236.9458699386	1850	5.361538775089929	0.0	873429	2865.4598784331	0.23521989590571987	0.8500000000000001
619239.7776828111	1850	6.529725902547993	0.0	954453	2831.812872541936	0.23521989590571987	1.85
619242.3427851552	1850	7.964623558504878	0.0	885062	2565.1023440431145	0.23521989590571987	1.85
619245.546786972	1850	8.76062174175613	0.0	1035329	3204.0018167487465	0.23521989590571987	1.85
619248.8337187036	1850	9.473690010094689	0.0	1026056	3286.931731661442	0.23521989590571987	1.85
619251.7273146065	1850	10.580094107147215	0.0	943942	2893.595902947475	0.23521989590571987	1.85
619253.9748745742	1850	12.33253413955452	0.0	728962	2247.5599675926946	0.23521989590571987	1.85
619259.9694550175	2850	10.337953696277411	0.0	1499009	5994.580443277108	0.23521989590571987	1.85
619264.2486287497	2850	10.058779964023739	0.0	1427478	4279.173732253671	0.23521989590571987	2.85
619268.42384825	2850	9.883560463799096	0.0	1402287	4175.219500224643	0.23521989590571987	2.85
619272.239627364	2850	10.067781349817611	0.0	1339500	3815.7791139814844	0.23521989590571987	2.85
619276.4762936137	2850	9.831115100119662	0.0	1527299	4236.666249697947	0.23521989590571987	2.85
619280.51706725	2850	9.790341463747408	0.0	1343002	4040.773636372255	0.23521989590571987	2.85
619285.3867703656	2850	8.920638348112984	0.0	1587250	4869.703115634426	0.23521989590571987	2.85
619289.8016152715	2850	8.505793442245173	0.0	1464921	4414.84490586781	0.23521989590571987	2.85
619294.3574841429	2850	7.949924570816278	0.0	1483527	4555.868871428895	0.23521989590571987	2.85
619298.0089066883	2850	8.298502025437571	0.0	1231456	3651.4225453787085	0.23521989590571987	2.85
619302.0937581505	2850	8.21365056332762	0.0	1364537	4084.85146210995	0.23521989590571987	2.85
619303.6087467186	750	10.698661995189482	0.0	450283	1514.9885681381393	0.23521989590571987	0.75
619308.0188786141	2850	10.288530099747652	0.0	1431809	4410.131895441831	0.23521989590571987	0.75
619311.797476032	2850	10.509932681839844	0.0	1300868	3778.5974179078084	0.23521989590571987	2.85
619316.4321805933	2850	9.875228120580708	0.0	1520281	4634.704561259136	0.23521989590571987	2.85
619320.7663397295	2850	9.541068984314265	0.0	1472558	4334.159136266445	0.23521989590571987	2.85
619324.4647874271	2850	9.842621286811143	0.0	1224260	3698.447697503122	0.23521989590571987	2.85
619328.6744275682	2850	9.632981145676982	0.0	1388403	4209.64014113416	0.23521989590571987	2.85
619334.6903734042	2850	7.617035309766043	0.0	1638769	6015.945835910939	0.23521989590571987	2.85
619339.0259046365	2850	7.281504077422933	0.0	1348011	4335.53123234311	0.23521989590571987	2.85
619343.4526669488	2850	6.854741765152102	0.0	1429765	4426.76231227083	0.23521989590571987	2.85
619347.5861930905	2850	6.72121562339802	0.0	1354548	4133.526141754082	0.23521989590571987	2.85
619351.9846122832	2850	6.32279643071601	0.0	1519951	4398.41919268201	0.23521989590571987	2.85
619356.0942088366	2850	6.213199877427001	0.0	1422919	4109.5965532890095	0.23521989590571987	2.85
619361.1967039297	2850	5.110704784378841	0.0	1578343	5102.495093048159	0.23521989590571987	2.85
619363.6794593306	1850	6.627949383412251	0.0	821631	2482.7554009665905	0.23521989590571987	0.8500000000000001
619366.6954611179	1850	7.611947596282745	0.0	923170	3016.0017871295067	0.23521989590571987	1.85
619369.8506551927	1850	8.456753521433605	0.0	966699	3155.194074849141	0.23521989590571987	1.85
619373.9512584829	1850	8.35615023125939	0.0	885714	4100.603290174215	0.23521989590571987	1.85
619377.0231438895	1850	9.284264824653242	0.0	987708	3071.885406606147	0.23521989590571987	1.85
619379.8000310868	1850	10.507377627346113	0.0	923755	2776.8871973071286	0.23521989590571987	1.85
619382.3555163596	1850	11.951892354631022	0.0	891604	2555.485272715091	0.23521989590571987	1.85
619385.2163232109	1850	13.091085503373773	0.0	955231	2860.806851257249	0.23521989590571987	1.85
619391.731379094	2850	10.576029620246	0.0	1505760	6515.05588312777	0.23521989590571987	1.85
619395.8720416023	2850	10.435367111943327	0.0	1323990	4140.662508302674	0.23521989590571987	2.85
619400.1959413568	2850	10.111467357469198	0.0	1383735	4323.899754474129	0.23521989590571987	2.85
619404.8165078714	2850	9.49090084284914	0.0	1480464	4620.566514620058	0.23521989590571987	2.85
619409.7625833019	2850	8.54482541230019	0.0	1547572	4946.07543054895	0.23521989590571987	2.85
619413.3784613098	2850	8.928947404463349	0.0	1141971	3615.8780078368404	0.23521989590571987	2.85
619418.0183716982	2850	8.28903701602789	0.0	1498470	4639.910388435458	0.23521989590571987	2.85
619422.6796428185	2850	7.627765895719384	0.0	1561263	4661.271120308506	0.23521989590571987	2.85
619426.6306743171	2850	7.676734397176383	0.0	1341201	3951.0314985430014	0.23521989590571987	2.85
619431.2379921613	2850	7.069416553053357	0.0	1497683	4607.317844123026	0.23521989590571987	2.85
619434.0139142164	1850	8.293494497973395	0.0	885062	2775.9220550799614	0.23521989590571987	0.8500000000000001
619437.0798185982	1850	9.227590116060528	0.0	1035329	3065.9043819128683	0.23521989590571987	1.85
619440.2633499193	1850	10.044058794956326	0.0	1026056	3183.5313211042003	0.23521989590571987	1.85
619444.6501234923	2850	9.657285221864123	0.0	1439896	4386.773573092203	0.23521989590571987	1.85
619449.7556816498	2850	8.551727064436133	0.0	1139291	5105.558157427991	0.23521989590571987	2.85
619454.3770240578	2850	7.9303846565336515	0.0	1499009	4621.342407902481	0.23521989590571987	2.85
619458.9456569043	2850	7.361751810000151	0.0	1427478	4568.6328465335	0.23521989590571987	2.85
619463.7030399271	2850	6.604368787156627	0.0	1402287	4757.3830228435245	0.23521989590571987	2.85
619468.2532142708	2850	6.054194443381444	0.0	1339500	4550.174343775183	0.23521989590571987	2.85
619471.3916800122	1850	6.915728702030903	0.0	1025005	3138.465741350541	0.23521989590571987	0.8500000000000001
619474.070861567	1850	8.236547147198348	0.0	886255	2679.1815548325567	0.23521989590571987	1.85
619477.1178451447	1850	9.189563569456643	0.0	973972	3046.9835777417047	0.23521989590571987	1.85
619481.9252041945	2850	8.382204519686937	0.0	1464921	4807.359049769705	0.23521989590571987	1.85
619486.3138053472	2850	7.993603367077877	0.0	1483527	4388.60115260906	0.23521989590571987	2.85
619490.1366480946	2850	8.170760619645842	0.0	1231456	3822.8427474320356	0.23521989590571987	2.85
619496.0688141783	2850	6.238594535999983	0.0	1364537	5932.166083645859	0.23521989590571987	2.85
619497.6949864405	750	8.612422273956897	0.0	450283	1626.1722620430876	0.23521989590571987	0.75
619502.7526035233	1200	7.5548051909877145	0.0	611087	5057.617082969181	0.23521989590571987	0.75
619505.3617611398	1200	8.945647574435267	0.0	571051	2609.157616552448	0.23521989590571987	1.2
619510.6794899103	1200	7.627918804116147	0.0	617681	5317.72877031912	0.23521989590571987	1.2
619512.7280309782	1200	9.579377736115198	0.0	652874	2048.541068000948	0.23521989590571987	1.2
619514.5440867842	1200	11.76332193001967	0.0	520315	1816.0558060955307	0.23521989590571987	1.2
619516.3824960432	1200	13.924912671074603	0.0	561791	1838.4092589450663	0.23521989590571987	1.2
619519.4518518146	1850	14.855556899699003	0.0	1060487	3069.3557713755977	0.23521989590571987	1.2000000000000002
619522.2101844503	1850	16.097224264025996	0.0	852833	2758.3326356730076	0.23521989590571987	1.85
619527.6145613423	2850	14.692847372013377	0.0	1429765	5404.3768920126195	0.23521989590571987	1.85
619531.7972700268	2850	14.510138687453502	0.0	1354548	4182.708684559875	0.23521989590571987	2.85
619536.664909437	2850	13.64249927726245	0.0	1519951	4867.639410191052	0.23521989590571987	2.85
619551.654595554	2850	4.0	1.3471868398241804	1422919	14989.68611708663	0.23521989590571987	-2.9429034112439756
619554.1706372871	1200	5.483958266895941	0.0	687371	2516.041733104059	0.23521989590571987	-0.44999999999999996
619556.1799408593	1200	7.474654694671699	0.0	526950	2009.3035722242425	0.23521989590571987	1.2
619558.5081880911	1200	9.14640746285426	0.0	587876	2328.247231817439	0.23521989590571987	1.2
619560.9487413674	1200	10.705854186548612	0.0	617242	2440.553276305649	0.23521989590571987	1.2
619563.2525777336	1200	12.402017820425113	0.0	581493	2303.836366123499	0.23521989590571987	1.2
619565.777121521	1200	13.877474033016487	0.0	639204	2524.543787408627	0.23521989590571987	1.2
619569.3898896925	1850	14.264705861450512	0.0	923755	3612.7681715659737	0.23521989590571987	1.2000000000000002
619572.8797009876	1850	14.774894566420002	0.0	891604	3489.81129503051	0.23521989590571987	1.85
619576.6128445952	1850	15.041750958760897	0.0	955231	3733.1436076591053	0.23521989590571987	1.85
619580.0415424159	1850	15.613053138077337	0.0	968026	3428.697820683559	0.23521989590571987	1.85
619582.5593174789	1850	17.095278075096804	0.0	874175	2517.7750629805328	0.23521989590571987	1.85
619586.7986868689	2850	16.85590868502692	0.0	1383735	4239.369390069883	0.23521989590571987	1.85
619592.9445378095	2850	14.710057744488942	0.0	1480464	6145.850940537982	0.23521989590571987	2.85
619597.9130903772	2850	13.74150517682787	0.0	1547572	4968.552567661072	0.23521989590571987	2.85
619601.514874231	2850	14.139721323048423	0.0	1141971	3601.783853779446	0.23521989590571987	2.85
619605.7183773415	2850	13.936218212506814	0.0	1498470	4203.503110541609	0.23521989590571987	2.85
619610.3344875139	2850	13.320108040166048	0.0	1561263	4616.110172340767	0.23521989590571987	2.85
619614.6260741961	2850	13.028521358010742	0.0	1341201	4291.5866821553045	0.23521989590571987	2.85
619622.0071291877	2850	9.647466366401952	0.0	1497683	7381.054991608791	0.23521989590571987	2.85
619627.9919554087	2850	7.662640145428569	0.0	1358081	5984.826220973382	0.23521989590571987	2.85
619633.075201024	2850	6.579394530200454	0.0	1587293	5083.245615228116	0.23521989590571987	2.85
619636.4510006489	1850	7.203594905266536	0.0	1026056	3375.7996249339176	0.23521989590571987	0.8500000000000001
619639.4438393189	1850	8.210756235142409	0.0	943942	2992.8386701241266	0.23521989590571987	1.85
619641.7170651252	1850	9.937530428857029	0.0	728962	2273.2258062853807	0.23521989590571987	1.85
619644.5711940628	1850	11.083401491290315	0.0	938587	2854.128937566714	0.23521989590571987	1.85
619647.3453688689	1850	12.309226685135716	0.0	908665	2774.1748061545986	0.23521989590571987	1.85
619651.2384509123	2850	12.416144641900832	0.0	1402287	3893.0820432348837	0.23521989590571987	1.85
619655.2503198293	2850	12.404275724770294	0.0	1339500	4011.8689171305373	0.23521989590571987	2.85
619661.1286881429	2850	10.525907411187479	0.0	1527299	5878.368313582813	0.23521989590571987	2.85
619665.589473446	2850	10.065122108045685	0.0	1343002	4460.7853031417935	0.23521989590571987	2.85
619670.6490528017	2850	9.005542752431923	0.0	1587250	5059.5793556137605	0.23521989590571987	2.85
619675.0795124004	2850	8.575083153596472	0.0	1464921	4430.459598835451	0.23521989590571987	2.85
619681.1858955986	2850	6.468699955368915	0.0	1483527	6106.383198227557	0.23521989590571987	2.85
619684.7852943749	2850	6.869301179122631	0.0	1231456	3599.3987762462843	0.23521989590571987	2.85
619689.006534897	2850	6.6480606571203875	0.0	1364537	4221.240522002244	0.23521989590571987	2.85
619690.5053964967	750	9.149199057263997	0.0	450283	1498.8615998563898	0.23521989590571987	0.75
619692.6284736535	1200	11.02612190063496	0.0	611087	2123.077156629036	0.23521989590571987	0.75
619694.6672945152	1200	12.987301038930807	0.0	571051	2038.8208617041525	0.23521989590571987	1.2
619699.8645176371	2850	11.790077917087405	0.0	1520281	5197.2231218434035	0.23521989590571987	1.2000000000000002
619704.330715548	2850	11.323880006069885	0.0	1472558	4466.19791101752	0.23521989590571987	2.85
619707.8060359831	2850	11.848559570993395	0.0	1224260	3475.3204350764904	0.23521989590571987	2.85
619715.754725851	2850	7.89986970304477	0.0	1388403	7948.689867948625	0.23521989590571987	2.85
619720.6822615041	2850	6.972334049956142	0.0	1638769	4927.535653088627	0.23521989590571987	2.85
619724.5223695878	1850	7.132225966390608	0.0	852833	3840.108083565535	0.23521989590571987	0.8500000000000001
619727.3979277478	1850	8.256667806274217	0.0	913888	2875.55816011639	0.23521989590571987	1.85
619730.2893813609	1850	9.365214193191008	0.0	939819	2891.453613083209	0.23521989590571987	1.85
619733.2242955397	1850	10.43030001452003	0.0	917428	2934.9141786709774	0.23521989590571987	1.85
619736.5372690229	1850	11.117326531248487	0.0	946851	3312.973483271544	0.23521989590571987	1.85
619740.0904864833	1850	11.564109070804223	0.0	1036454	3553.2174604442644	0.23521989590571987	1.85
619742.8033859965	1850	12.851209557634768	0.0	821631	2712.8995131694546	0.23521989590571987	1.85
619745.8771563844	1850	13.777439169747963	0.0	923170	3073.770387886804	0.23521989590571987	1.85
619750.4066287295	2850	13.247966824466664	0.0	1491626	4529.472345281299	0.23521989590571987	1.85
619754.4064297574	2850	13.248165796689237	0.0	1358801	3999.8010277774274	0.23521989590571987	2.85
619763.3540896664	2850	8.300505887635671	0.0	1537156	8947.659909053567	0.23521989590571987	2.85
619767.1786148738	2850	8.475980680211032	0.0	1336050	3824.5252074246387	0.23521989590571987	2.85
619771.2737099995	2850	8.380885554389563	0.0	1415116	4095.095125821471	0.23521989590571987	2.85
619775.8351120057	2850	7.81948354820043	0.0	1468126	4561.402006189132	0.23521989590571987	2.85
619780.7059222348	2850	6.948673319116948	0.0	1505760	4870.810229083481	0.23521989590571987	2.85
619784.6585313888	2850	6.996064165049945	0.0	1323990	3952.609154067004	0.23521989590571987	2.85
619787.5309788915	1850	8.123616662444784	0.0	897976	2872.447502605162	0.23521989590571987	0.8500000000000001
619790.40242663	1850	9.252168923943454	0.0	905935	2871.4477385013292	0.23521989590571987	1.85
619793.4676889721	1850	10.186906581798095	0.0	1076599	3065.262342145358	0.23521989590571987	1.85
619796.8905854798	1850	10.76401007414352	0.0	758197	3422.896507654575	0.23521989590571987	1.85
619799.8967891427	1850	11.757806411191266	0.0	972798	3006.203662952253	0.23521989590571987	1.85
619803.1476176792	1850	12.506977874688154	0.0	975811	3250.828536503112	0.23521989590571987	1.85
619805.8573664166	1850	13.797229137346777	0.0	873429	2709.7487373413765	0.23521989590571987	1.85
619810.3379137109	2850	13.316681843043867	0.0	1497683	4480.547294302911	0.23521989590571987	1.85
619814.868178548	2850	12.786417005880208	0.0	1358081	4530.26483716366	0.23521989590571987	2.85
619819.5239052392	2850	12.130690314615189	0.0	1587293	4655.726691265018	0.23521989590571987	2.85
619823.7712593907	2850	11.883336163186417	0.0	1492672	4247.354151428772	0.23521989590571987	2.85
619827.9047196043	2850	11.74987594961218	0.0	1439896	4133.460213574237	0.23521989590571987	2.85
619831.182519914	2850	12.472075639849104	0.0	1139291	3277.800309763077	0.23521989590571987	2.85
619835.6466426247	2850	12.007952929181378	0.0	1499009	4464.122710667724	0.23521989590571987	2.85
619839.9871529206	2850	11.667442633352952	0.0	1427478	4340.510295828426	0.23521989590571987	2.85
619844.1148497374	2850	11.539745816522638	0.0	1402287	4127.696816830314	0.23521989590571987	2.85
619847.9892543907	2850	11.665341163199836	0.0	1339500	3874.404653322803	0.23521989590571987	2.85
619856.2231780355	2850	7.431417518406348	0.0	1527299	8233.923644793487	0.23521989590571987	2.85
619860.264143618	2850	7.390451935832881	0.0	1343002	4040.965582573467	0.23521989590571987	2.85
619863.0802698463	1850	8.574325707785412	0.0	973972	2816.126228047468	0.23521989590571987	0.8500000000000001
619865.9431054901	1850	9.711490063950123	0.0	958994	2862.8356438352894	0.23521989590571987	1.85
619869.8578128304	2850	9.79678272372824	0.0	1483527	3914.7073402218825	0.23521989590571987	1.85
619875.1015262175	2850	8.553069336440096	0.0	1231456	5243.713387288144	0.23521989590571987	2.85
619880.9310286202	2850	6.723566933802461	0.0	1364537	5829.502402637635	0.23521989590571987	2.85
619882.2553556326	750	9.399239921384764	0.0	450283	1324.3270124176981	0.23521989590571987	0.75
619885.3070841888	1850	10.347511365244852	0.0	957685	3051.7285561399103	0.23521989590571987	0.75
619887.9445347185	1850	11.710060835496144	0.0	877771	2637.4505297487076	0.23521989590571987	1.85
619890.6717786507	1850	12.982816903286633	0.0	933276	2727.2439322095106	0.23521989590571987	1.85
619895.159017634	2850	12.495577920017562	0.0	1472558	4487.2389832690715	0.23521989590571987	1.85
619898.9571742231	2850	12.69742133087134	0.0	1224260	3798.1565891462237	0.23521989590571987	2.85
619904.0005370262	2850	11.654058527926598	0.0	1388403	5043.36280294474	0.23521989590571987	2.85
619910.212723462	2850	9.441872092085804	0.0	1638769	6212.186435840794	0.23521989590571987	2.85
619923.4129846628	2850	4.0	3.758389108713032	1348011	13200.261200798835	0.23521989590571987	-13.311073167466036
619935.8412393125	1200	4.0	8.428254649817536	560821	12428.254649817536	0.23521989590571987	-36.6914949942154
619937.0042582621	300	6.836981050318023	0.0	141840	1163.018949681977	0.23521989590571987	-0.6000000000000001
619940.1776578615	750	7.663581451048015	0.0	405134	3173.3995992700084	0.23521989590571987	0.3
619944.1772775246	750	7.66396178798075	0.0	386351	3999.6196630672657	0.23521989590571987	0.75
619947.5642649583	750	8.276974354260856	0.0	434409	3386.9874337198935	0.23521989590571987	0.75
619949.5313781805	750	10.309861132033712	0.0	337059	1967.1132222271442	0.23521989590571987	0.75
619950.810928129	750	13.030311183544706	0.0	366214	1279.5499484890051	0.23521989590571987	0.75
619952.9737432444	1200	14.86749606808414	0.0	617242	2162.8151154605666	0.23521989590571987	0.75
619955.048487168	1200	16.792752144381183	0.0	581493	2074.7439237029566	0.23521989590571987	1.2
619957.321201947	1200	18.520037365344077	0.0	639204	2272.7147790371073	0.23521989590571987	1.2
619960.5700357477	1850	19.271203564696048	0.0	923755	3248.8338006480294	0.23521989590571987	1.2000000000000002
619963.7085792923	1850	20.132660020149075	0.0	891604	3138.5435445469693	0.23521989590571987	1.85
619967.0653878403	1850	20.775851472182552	0.0	955231	3356.8085479665256	0.23521989590571987	1.85
619970.4660881436	1850	21.37515116884876	0.0	968026	3400.7003033337946	0.23521989590571987	1.85
619975.0701070606	2850	20.771132251828025	0.0	1323990	4604.018917020734	0.23521989590571987	1.85
619979.74232689	2850	20.098912422375395	0.0	1383735	4672.21982945263	0.23521989590571987	2.85
619985.2799963503	2850	18.56124296205688	0.0	1480464	5537.669460318515	0.23521989590571987	2.85
619989.8140199286	2850	18.02721938378107	0.0	1547572	4534.023578275809	0.23521989590571987	2.85
619993.2908419225	2850	18.5503973898522	0.0	1141971	3476.8219939288683	0.23521989590571987	2.85
619997.8329136578	2850	18.008325654620695	0.0	1498470	4542.071735231509	0.23521989590571987	2.85
620002.4850963849	2850	17.356142927572925	0.0	1561263	4652.182727047771	0.23521989590571987	2.85
620006.9616430242	2850	16.879596288204652	0.0	1341201	4476.546639368273	0.23521989590571987	2.85
620011.5572207344	2850	16.28401857788673	0.0	1497683	4595.577710317922	0.23521989590571987	2.85
620015.6271639713	2850	16.21407534109747	0.0	1358081	4069.94323678926	0.23521989590571987	2.85
620020.3103376753	2850	15.530901637179264	0.0	1587293	4683.173703918205	0.23521989590571987	2.85
620024.8114941806	2850	15.029745131808415	0.0	1492672	4501.156505370849	0.23521989590571987	2.85
620029.3289700011	2850	14.512269311287252	0.0	1439896	4517.475820521164	0.23521989590571987	2.85
620032.6873498181	2850	15.153889494272422	0.0	1139291	3358.3798170148284	0.23521989590571987	2.85
620039.1990534927	2850	12.642185819601549	0.0	1499009	6511.703674670873	0.23521989590571987	2.85
620043.3543418444	2850	12.486897467985	0.0	1427478	4155.2883516165475	0.23521989590571987	2.85
620047.2179121232	2850	12.623327189208254	0.0	1402287	3863.570278776748	0.23521989590571987	2.85
620053.0091296731	2850	10.832109639236933	0.0	1339500	5791.217549971322	0.23521989590571987	2.85
620057.8644664368	2850	9.976772875584482	0.0	1527299	4855.336763652451	0.23521989590571987	2.85
620061.7483022104	2850	10.09293710199214	0.0	1343002	3883.8357735923414	0.23521989590571987	2.85
620067.4002496627	2850	8.440989649643004	0.0	1587250	5651.947452349136	0.23521989590571987	2.85
620072.0669003132	2850	7.77433899896615	0.0	1464921	4666.650650676855	0.23521989590571987	2.85
620078.2231795362	2850	5.618059775965032	0.0	1483527	6156.279223001117	0.23521989590571987	2.85
620081.9954042229	2850	5.845835089319227	0.0	1231456	3772.2246866458063	0.23521989590571987	2.85
620086.593432218	2850	5.24780709415049	0.0	1364537	4598.027995168736	0.23521989590571987	2.85
620087.9356388669	750	7.905600445244173	0.0	450283	1342.206648906317	0.23521989590571987	0.75
620089.7523724028	1200	10.088866909312475	0.0	611087	1816.733535931698	0.23521989590571987	0.75
620093.1547422626	1200	10.686497049548949	0.0	571051	3402.369859763526	0.23521989590571987	1.2
620094.9928989772	1200	12.848340334890294	0.0	617681	1838.1567146586542	0.23521989590571987	1.2
620096.8944083798	1200	14.946830932321985	0.0	652874	1901.5094025683088	0.23521989590571987	1.2
620099.1962467232	1850	16.644992588989506	0.0	801058	2301.8383433324807	0.23521989590571987	1.2000000000000002
620103.4249146829	2850	16.416324629251644	0.0	1388403	4228.667959737861	0.23521989590571987	1.85
620113.4057982471	2850	10.435441064990371	0.0	1638769	9980.883564261274	0.23521989590571987	2.85

