122506.24836863825	750	4.0	1.6225933355171986	450283	1622.5933355171987	1	-6.227151342723954
122508.20525465604	1200	6.043113982202546	0.0	611087	1956.8860177974539	0.4218134179068377	0.75
122509.88849995211	1200	8.359868686134295	0.0	571051	1683.2452960682517	0.4218134179068377	1.2
122512.54932540414	1850	9.699043234101246	0.0	933276	2660.8254520330493	0.4218134179068377	1.2000000000000002
122516.39292989566	1850	9.85543874257102	0.0	996749	3843.604491530227	0.4218134179068377	1.85
122518.51133674088	1850	11.73703189735453	0.0	801058	2118.4068452164884	0.4218134179068377	1.85
122522.06464696616	1850	12.183721672082426	0.0	905515	3553.310225272105	0.4218134179068377	1.85
122525.84181987621	1850	12.40654876203918	0.0	1060487	3777.172910043245	0.4218134179068377	1.85
122528.12074627801	1850	14.127622360227033	0.0	852833	2278.926401812147	0.4218134179068377	1.85
122530.47007444974	1850	15.778294188510388	0.0	913888	2349.328171716644	0.4218134179068377	1.85
122534.4282415188	2850	15.820127119438377	0.0	1354548	3958.1670690720116	0.4218134179068377	1.85
122539.28605836212	2850	14.96231027612233	0.0	1519951	4857.816843316047	0.4218134179068377	2.85
122542.90200890327	2850	15.346359734987065	0.0	1422919	3615.950541135265	0.4218134179068377	2.85
122546.97282779304	2850	15.27554084519801	0.0	1578343	4070.8188897890545	0.4218134179068377	2.85
122550.58068980092	2850	15.667678837329017	0.0	1231445	3607.862007868994	0.4218134179068377	2.85
122554.65207404914	2850	15.596294589106572	0.0	1471065	4071.3842482224436	0.4218134179068377	2.85
122559.58310191757	2850	14.665266720689162	0.0	1491626	4931.02786841741	0.4218134179068377	2.85
122563.12676687622	2850	15.12160176202796	0.0	1358801	3543.664958661202	0.4218134179068377	2.85
122567.4512019878	2850	14.797166650445517	0.0	1537156	4324.435111582444	0.4218134179068377	2.85
122572.43983775044	2850	13.808530887819062	0.0	1336050	4988.635762626454	0.4218134179068377	2.85
122576.13490309827	2850	14.113465539981782	0.0	1415116	3695.0653478372797	0.27384268303967546	2.85
122580.88968224423	2850	13.358686394031974	0.0	1468126	4754.779145949807	0.27384268303967546	2.85
122584.98368310135	2850	13.2646855369035	0.0	1505760	4094.0008571284734	0.27384268303967546	2.85
122589.80378741075	2850	12.444581227512723	0.0	1323990	4820.104309390777	0.27384268303967546	2.85
122593.77090485144	2850	12.477463786822225	0.0	1383735	3967.117440690498	0.27384268303967546	2.85
122597.867354468	2850	12.381014170253037	0.0	1480464	4096.449616569189	0.27384268303967546	2.85
122601.85960652179	2850	12.388762116467	0.0	1547572	3992.2520537860364	0.27384268303967546	2.85
122605.23945413866	2850	13.008914499580179	0.0	1141971	3379.8476168868224	0.27384268303967546	2.85
122609.61538721866	2850	12.632981419585972	0.0	1498470	4375.933079994206	0.27384268303967546	2.85
122613.64978709887	2850	12.59858153936977	0.0	1561263	4034.3998802162014	0.27384268303967546	2.85
122618.23810650536	2850	12.010262132882719	0.0	1341201	4588.319406487052	0.27384268303967546	2.85
122622.86203100554	2850	11.386337632698007	0.0	1497683	4623.924500184711	0.27384268303967546	2.85
122626.63480659788	2850	11.613562040361844	0.0	1358081	3772.775592336164	0.27384268303967546	2.85
122630.62081236279	2850	11.627556275467589	0.0	1587293	3986.0057648942557	0.27384268303967546	2.85
122635.05107319147	2850	11.197295446788004	0.0	1492672	4430.260828679584	0.27384268303967546	2.85
122639.6223229284	2850	10.626045709856237	0.0	1439896	4571.249736931767	0.27384268303967546	2.85
122643.01289371519	2850	11.235474923061597	0.0	1139291	3390.5707867946394	0.27384268303967546	2.85
122647.2945123452	2850	10.953856293047552	0.0	1499009	4281.6186300140425	0.27384268303967546	2.85
122651.81784201306	2850	10.43052662518239	0.0	1427478	4523.329667865162	0.27384268303967546	2.85
122655.54812909896	2850	10.700239539284457	0.0	1402287	3730.2870858979336	0.27384268303967546	2.85
122659.148366651	2850	11.100001987232131	0.0	1339500	3600.2375520523246	0.27384268303967546	2.85
122663.61952138462	2850	10.62884725359959	0.0	1527299	4471.154733632542	0.27384268303967546	2.85
122667.22667379434	2850	11.021694843877373	0.0	1343002	3607.1524097222155	0.27384268303967546	2.85
122671.64042025626	2850	10.607948381958268	0.0	1587250	4413.746461919108	0.27384268303967546	2.85
122675.80688621427	2850	10.441482423939577	0.0	1464921	4166.465958018691	0.27384268303967546	2.85
122680.97780789722	2850	9.270560740997148	0.0	1483527	5170.9216829424295	0.27384268303967546	2.85
122685.74053905965	4300	8.507829578549693	0.0	1961140	4762.731162447454	0.27384268303967546	2.8499999999999996
122692.04993539155	4300	6.198433246658354	0.0	2155012	6309.396331891338	0.27384268303967546	4.3
122693.19574032449	750	9.052628313721922	0.0	450283	1145.8049329364326	0.27384268303967546	0.75
122697.03255484502	2850	9.215813793181008	0.0	1431809	3836.8145205409146	0.27384268303967546	0.75
122700.27291804619	2850	9.975450592010699	0.0	1300868	3240.363201170308	0.27384268303967546	2.85
122705.35762422765	2850	8.89074441056352	0.0	1520281	5084.706181447178	0.27384268303967546	2.85
122708.9442493554	2850	9.30411928281191	0.0	1472558	3586.6251277516094	0.27384268303967546	2.85
122711.85182164072	2850	10.396546997475056	0.0	1224260	2907.572285336855	0.27384268303967546	2.85
122715.138576112	2850	11.109792526197895	0.0	1388403	3286.754471277162	0.27384268303967546	2.85
122720.1480221294	2850	10.10034650879653	0.0	1638769	5009.446017401365	0.27384268303967546	2.85
122723.74179360198	2850	10.506575036227632	0.0	1348011	3593.771472568899	0.27384268303967546	2.85
122727.22991102752	2850	11.018457610676673	0.0	1429765	3488.1174255509604	0.27384268303967546	2.85
122730.6173073854	2850	11.631061252798053	0.0	1354548	3387.3963578786183	0.27384268303967546	2.85
122734.86445729258	2850	11.383911345608151	0.0	1519951	4247.1499071899025	0.27384268303967546	2.85
122738.7480951382	2850	11.500273499982073	0.0	1422919	3883.6378456260777	0.27384268303967546	2.85
122743.57066476608	2850	10.677703872106106	0.0	1578343	4822.569627875968	0.27384268303967546	2.85
122748.1528309194	2850	10.095537718787654	0.0	1231445	4582.166153318452	0.27384268303967546	2.85
122752.14845013699	2850	10.09991850119866	0.0	1471065	3995.6192175889937	0.27384268303967546	2.85
122757.00055272345	2850	9.247815914733666	0.0	1491626	4852.102586464993	0.27384268303967546	2.85
122761.13364923625	2850	9.114719401935366	0.0	1358801	4133.096512798301	0.27384268303967546	2.85
122765.03267112814	2850	9.21569751004169	0.0	1537156	3899.0218918936775	0.27384268303967546	2.85
122768.86973073137	2850	9.378637906808061	0.0	1336050	3837.0596032336293	0.27384268303967546	2.85
122773.59931513072	2850	8.649053507446988	0.0	1415116	4729.5843993610715	0.27384268303967546	2.85
122778.05426093363	2850	8.194107704548369	0.0	1468126	4454.945802898619	0.27384268303967546	2.85
122782.07284803218	2850	8.175520605974357	0.0	1505760	4018.5870985740116	0.27384268303967546	2.85
122787.56252589471	2850	6.685842743446525	0.0	1323990	5489.677862527833	0.27384268303967546	2.85
122793.35602892406	2850	4.8923397140949	0.0	1383735	5793.503029351625	0.27384268303967546	2.85
122795.80262579874	1850	6.44574283942602	0.0	905935	2446.59687466888	0.27384268303967546	0.8500000000000001
122798.56691332428	1850	7.681455313880133	0.0	1076599	2764.287525545888	0.27384268303967546	1.85
122800.5514037214	1850	9.696964916748257	0.0	758197	1984.490397131876	0.27384268303967546	1.85
122803.33174625327	1850	10.916622384887459	0.0	972798	2780.3425318607965	0.27384268303967546	1.85
122806.308746614	1850	11.939622024158426	0.0	975811	2977.0003607290337	0.27384268303967546	1.85
122809.87078319248	2850	12.377585445671139	0.0	1341201	3562.0365784872893	0.27384268303967546	1.85
122814.43183798152	2850	11.816530656639637	0.0	1497683	4561.054789031501	0.27384268303967546	2.85
122817.77615705892	2850	12.47221157924331	0.0	1358081	3344.319077396326	0.27384268303967546	2.85
122823.27879397635	2850	10.969574661812224	0.0	1587293	5502.636917431087	0.27384268303967546	2.85
122826.8451287913	2850	11.403239846868727	0.0	1492672	3566.334814943498	0.27384268303967546	2.85
122830.65790130613	2850	11.590467332046654	0.0	1439896	3812.7725148220734	0.27384268303967546	2.85
122835.20579849399	2850	11.04257014417662	0.0	1139291	4547.897187870034	0.27384268303967546	2.85
122838.9179150828	2850	11.330453555370674	0.0	1499009	3712.116588805945	0.27384268303967546	2.85
122843.09250014441	2850	11.155868493760968	0.0	1427478	4174.585061609705	0.27384268303967546	2.85
122846.90236867941	2850	11.345999958760677	0.0	1402287	3809.8685350002925	0.27384268303967546	2.85
122850.11770656676	2850	12.13066207141948	0.0	1339500	3215.3378873411975	0.27384268303967546	2.85
122853.75760527923	2850	12.49076335894646	0.0	1527299	3639.898712473019	0.27384268303967546	2.85
122857.15314429833	2850	13.095224339835331	0.0	1343002	3395.53901911113	0.27384268303967546	2.85
122862.19344867278	2850	12.05491996537677	0.0	1587250	5040.304374458561	0.27384268303967546	2.85
122866.21659712066	2850	12.031771517498644	0.0	1464921	4023.148447878125	0.27384268303967546	2.85
122872.31646267732	4300	9.931905960843833	0.0	2246506	6099.8655566548105	0.27384268303967546	2.8499999999999996
122877.59273932278	4300	8.655629315375812	0.0	1961140	5276.27664546802	0.27384268303967546	4.3
122882.92481074497	4300	7.323557893185155	0.0	2155012	5332.071422190657	0.27384268303967546	4.3
122884.36216385021	750	9.886204787959734	0.0	450283	1437.353105225421	0.27384268303967546	0.75
122888.8329407461	2850	9.415427892066848	0.0	1431809	4470.776895892886	0.27384268303967546	0.75
122892.25088891787	2850	9.997479720287899	0.0	1300868	3417.9481717789495	0.27384268303967546	2.85
122896.96036467222	2850	9.288003965941064	0.0	1520281	4709.475754346835	0.27384268303967546	2.85
122901.92002340965	2850	8.328345228518362	0.0	1472558	4959.658737422699	0.27384268303967546	2.85
122905.45423403342	2850	8.794134604753681	0.0	1224260	3534.2106237646817	0.27384268303967546	2.85
122910.67956092127	2850	7.568807716914093	0.0	1388403	5225.3268878395875	0.27384268303967546	2.85
122915.34563887396	2850	6.902729764221757	0.0	1638769	4666.077952692336	0.27384268303967546	2.85
122919.32538318067	2850	6.922985457517992	0.0	1348011	3979.7443067037652	0.27384268303967546	2.85
122922.95565949116	2850	7.29270914702899	0.0	1429765	3630.2763104890014	0.27384268303967546	2.85
122926.51117014389	2850	7.737198494288472	0.0	1354548	3555.5106527405183	0.27384268303967546	2.85
122930.20343852023	2850	8.04493011794837	0.0	1519951	3692.268376340102	0.27384268303967546	2.85
122935.24773837459	2850	7.000630263579283	0.0	1422919	5044.299854369087	0.27384268303967546	2.85
122940.16568618552	2850	6.082682452663041	0.0	1578343	4917.947810916241	0.27384268303967546	2.85
122942.16675662187	1850	8.081612016311306	0.0	821631	2001.0704363517355	0.27384268303967546	0.8500000000000001
122944.4219762638	1850	9.826392374384488	0.0	923170	2255.2196419268184	0.27384268303967546	1.85
122948.00945635563	2850	10.238912282542362	0.0	1491626	3587.480091842127	0.27384268303967546	1.85
122952.50333917308	2850	9.745029465089086	0.0	1358801	4493.882817453275	0.27384268303967546	2.85
122956.43108689117	2850	9.817281746990423	0.0	1537156	3927.7477180986643	0.27384268303967546	2.85
122959.9639660311	2850	10.284402607075355	0.0	1336050	3532.8791399150673	0.27384268303967546	2.85
122964.31068633845	2850	9.937682299729925	0.0	1415116	4346.720307345432	0.27384268303967546	2.85
122967.86924157629	2850	10.37912706186866	0.0	1468126	3558.555237861265	0.27384268303967546	2.85
122971.80989645483	2850	10.438472183344938	0.0	1505760	3940.6548785237205	0.27384268303967546	2.85
122976.76483718118	2850	9.483531456987883	0.0	1323990	4954.9407263570565	0.27384268303967546	2.85
122981.3474282988	2850	8.900940339372148	0.0	1383735	4582.591117615734	0.27384268303967546	2.85
122985.71490925046	2850	8.533459387720002	0.0	1480464	4367.4809516521445	0.27384268303967546	2.85
122991.23380292003	2850	7.014565718143166	0.0	1547572	5518.893669576836	0.27384268303967546	2.85
122994.2451504879	2850	8.003218150276545	0.0	1141971	3011.347567866621	0.27384268303967546	2.85
122998.06711983807	2850	8.181248800096316	0.0	1498470	3821.969350180228	0.27384268303967546	2.85
123002.35110174234	2850	7.897266895822166	0.0	1561263	4283.981904274151	0.27384268303967546	2.85
123005.89608518554	2850	8.35228345261682	0.0	1341201	3544.9834432053444	0.27384268303967546	2.85
123010.37828830018	2850	7.87008033796579	0.0	1497683	4482.203114651031	0.27384268303967546	2.85
123014.52304680568	2850	7.7253218324660775	0.0	1358081	4144.758505499713	0.27384268303967546	2.85
123018.84976490632	2850	7.398603731830358	0.0	1587293	4326.71810063572	0.27384268303967546	2.85
123023.12938214283	2850	7.118986495320207	0.0	1492672	4279.617236510151	0.27384268303967546	2.85
123026.98738833064	2850	7.260980307509024	0.0	1439896	3858.0061878111833	0.27384268303967546	2.85
123030.3740554934	2850	7.874313144742141	0.0	1139291	3386.667162766883	0.27384268303967546	2.85
123034.57551985505	2850	7.672848783088077	0.0	1499009	4201.464361654064	0.27384268303967546	2.85
123040.18785959351	2850	6.060509044627426	0.0	1427478	5612.339738460651	0.27384268303967546	2.85
123044.06219326131	2850	6.186175376829913	0.0	1402287	3874.333667797514	0.27384268303967546	2.85
123048.03058333433	2850	6.217785303808654	0.0	1339500	3968.3900730212586	0.27384268303967546	2.85
123052.3034562606	2850	5.9449123775241555	0.0	1527299	4272.872926284499	0.27384268303967546	2.85
123055.04396446384	1850	7.204404174292117	0.0	886255	2740.508203232038	0.27384268303967546	0.8500000000000001
123059.24174441506	1850	7.00662422308252	0.0	973972	4197.779951209597	0.27384268303967546	1.85
123061.85850579006	1850	8.389862848069122	0.0	958994	2616.7613750133974	0.27384268303967546	1.85
123065.49735639179	2850	8.751012246348953	0.0	1483527	3638.850601720169	0.27384268303967546	1.85
123069.13457186685	2850	9.113796771302523	0.0	1231456	3637.21547504643	0.27384268303967546	2.85
123072.83704817311	2850	9.411320465032524	0.0	1364537	3702.4763062699994	0.27384268303967546	2.85
123074.30655531418	750	11.941813323966752	0.0	450283	1469.5071410657729	0.27384268303967546	0.75
123079.47639921517	2850	10.7719694229759	0.0	1431809	5169.843900990851	0.27384268303967546	0.75
123083.49123604692	2850	10.757132591249757	0.0	1300868	4014.836831726143	0.27384268303967546	2.85
123087.81736440936	2850	10.431004228807074	0.0	1520281	4326.128362442683	0.27384268303967546	2.85
123091.6604829381	2850	10.587885700071059	0.0	1472558	3843.118528736016	0.27384268303967546	2.85
123095.04004431765	2850	11.20832432052391	0.0	1224260	3379.561379547149	0.27384268303967546	2.85
123098.82435238682	2850	11.424016251360655	0.0	1388403	3784.308069163256	0.27384268303967546	2.85
123103.53274012054	2850	10.715628517631204	0.0	1638769	4708.38773372945	0.27384268303967546	2.85
123107.29243285645	2850	10.955935781723692	0.0	1348011	3759.6927359075135	0.27384268303967546	2.85
123110.98573149912	2850	11.262637139054991	0.0	1429765	3693.2986426687	0.27384268303967546	2.85
123115.70163647248	2850	10.546732165694088	0.0	1354548	4715.9049733609045	0.27384268303967546	2.85
123120.51986078707	2850	9.728507851113795	0.0	1519951	4818.224314580292	0.27384268303967546	2.85
123124.95844538476	2850	9.289923253401561	0.0	1422919	4438.584597712233	0.27384268303967546	2.85
123129.17288027485	2850	9.075488363306935	0.0	1578343	4214.434890094626	0.27384268303967546	2.85
123132.18620790778	2850	10.062160730385292	0.0	1231445	3013.3276329216424	0.27384268303967546	2.85
123135.95535560993	2850	10.293013028235622	0.0	1471065	3769.1477021496703	0.27384268303967546	2.85
123141.34894555478	2850	8.89942308337921	0.0	1491626	5393.589944856411	0.27384268303967546	2.85
123145.18906572934	2850	9.05930290881544	0.0	1358801	3840.1201745637704	0.27384268303967546	2.85
123149.68970222934	2850	8.558666408819965	0.0	1537156	4500.636499995476	0.27384268303967546	2.85
123153.22679269704	2850	9.02157594111427	0.0	1336050	3537.0904677056947	0.27384268303967546	2.85
123156.96643723294	2850	9.281931405215678	0.0	1415116	3739.6445358985916	0.27384268303967546	2.85
123162.68236396571	2850	7.566004672451833	0.0	1468126	5715.926732763845	0.27384268303967546	2.85
123166.81152938516	2850	7.43683925299797	0.0	1505760	4129.165419453863	0.27384268303967546	2.85
123171.0371874447	2850	7.211181193463956	0.0	1323990	4225.658059534015	0.27384268303967546	2.85
123175.53874355691	2850	6.709625081254966	0.0	1383735	4501.556112208989	0.27384268303967546	2.85
123179.93531851124	2850	6.313050126918507	0.0	1480464	4396.574954336459	0.27384268303967546	2.85
123185.1984384524	2850	5.049930185778052	0.0	1547572	5263.119941140455	0.27384268303967546	2.85
123187.1991344989	1850	7.049234139278722	0.0	758197	2000.6960464993297	0.27384268303967546	0.8500000000000001
123189.59187636178	1850	8.656492276388668	0.0	972798	2392.741862890053	0.27384268303967546	1.85
123193.12007152659	1850	9.12829711159206	0.0	975811	3528.19516479661	0.27384268303967546	1.85
123195.98490217992	1850	10.26346645826274	0.0	873429	2864.8306533293185	0.27384268303967546	1.85
123198.44383076698	1850	11.804537871196258	0.0	954453	2458.9285870664835	0.27384268303967546	1.85
123201.93202285712	2850	12.316345781051892	0.0	1358081	3488.1920901443664	0.27384268303967546	1.85
123206.70978228228	2850	11.538586355886833	0.0	1587293	4777.759425165058	0.27384268303967546	2.85
123210.63732391012	2850	11.611044728044718	0.0	1492672	3927.5416278421167	0.27384268303967546	2.85
123215.2038842837	2850	11.04448435445316	0.0	1439896	4566.5603735915565	0.27384268303967546	2.85
123218.1369410738	2850	12.11142756437321	0.0	1139291	2933.0567900799497	0.27384268303967546	2.85
123222.85864904741	2850	11.389719590761208	0.0	1499009	4721.707973612004	0.27384268303967546	2.85
123226.87655997847	2850	11.371808659701525	0.0	1427478	4017.910931059684	0.27384268303967546	2.85
123230.67437207073	2850	11.573996567443164	0.0	1402287	3797.8120922583607	0.27384268303967546	2.85
123233.9769235478	2850	12.271445090366706	0.0	1339500	3302.5514770764585	0.27384268303967546	2.85
123238.16606676255	2850	12.082301875620612	0.0	1527299	4189.143214746095	0.27384268303967546	2.85
123242.55176814548	2850	11.696600492689146	0.0	1343002	4385.701382931465	0.27384268303967546	2.85
123247.32714715163	2850	10.921221486538197	0.0	1587250	4775.37900615095	0.27384268303967546	2.85
123250.99605588181	2850	11.252312756363958	0.0	1464921	3668.9087301742397	0.27384268303967546	2.85
123255.2185398295	2850	11.029828808680719	0.0	1483527	4222.483947683239	0.27384268303967546	2.85
123260.04520243772	4300	10.203166200460428	0.0	1961140	4826.662608220291	0.27384268303967546	2.8499999999999996
123265.85002025704	4300	8.398348381128608	0.0	2155012	5804.81781933182	0.27384268303967546	4.3
123267.0118698452	750	11.236498792970155	0.0	450283	1161.8495881584533	0.27384268303967546	0.75
123269.61561431413	1850	12.632754324035822	0.0	957685	2603.744468934332	0.27384268303967546	0.75
123271.74360852661	1850	14.504760111558646	0.0	877771	2127.9942124771765	0.27384268303967546	1.85
123275.58151432624	2850	14.666854311911761	0.0	1520281	3837.905799646886	0.27384268303967546	1.85
123279.32497272603	2850	14.92339591212466	0.0	1472558	3743.458399787102	0.27384268303967546	2.85
123284.87367636773	2850	13.374692270431806	0.0	1224260	5548.703641692853	0.27384268303967546	2.85
123289.11186756458	2850	13.13650107357208	0.0	1388403	4238.191196859725	0.27384268303967546	2.85
123296.21432348703	2850	10.034045151137962	0.0	1638769	7102.455922434118	0.27384268303967546	2.85
123299.99976464215	2850	10.248603996013863	0.0	1348011	3785.4411551240996	0.27384268303967546	2.85
123304.01101723849	2850	10.237351399672857	0.0	1429765	4011.2525963410067	0.27384268303967546	2.85
123307.32273788477	2850	10.925630753395046	0.0	1354548	3311.720646277811	0.27384268303967546	2.85
123311.12294832172	2850	11.125420316446116	0.0	1519951	3800.21043694893	0.27384268303967546	2.85
123314.73560415526	2850	11.512764482908254	0.0	1422919	3612.655833537862	0.27384268303967546	2.85
123318.59550138227	2850	11.652867255897341	0.0	1578343	3859.897227010914	0.27384268303967546	2.85
123321.83487753272	2850	12.413491105435245	0.0	1231445	3239.376150462095	0.27384268303967546	2.85
123325.66158349492	2850	12.586785143233756	0.0	1471065	3826.7059622014895	0.27384268303967546	2.85
123329.67655076672	2850	12.571817871422697	0.0	1491626	4014.96727181106	0.27384268303967546	2.85
123333.10583083618	2850	13.14253780196698	0.0	1358801	3429.2800694557154	0.27384268303967546	2.85
123337.21631361054	2850	13.032055027601803	0.0	1537156	4110.482774365176	0.27384268303967546	2.85
123340.23896831127	2850	14.009400326872678	0.0	1336050	3022.654700729127	0.27384268303967546	2.85
123343.64339893116	2850	14.604969706979862	0.0	1415116	3404.4306198928157	0.27384268303967546	2.85
123347.22130034139	2850	15.02706829674283	0.0	1468126	3577.9014102370334	0.27384268303967546	2.85
123351.20928051288	2850	15.039088125255503	0.0	1505760	3987.980171487326	0.27384268303967546	2.85
123355.33921104422	2850	14.9091575939227	0.0	1323990	4129.930531332801	0.27384268303967546	2.85
123359.04639150754	2850	15.201977130605396	0.0	1383735	3707.180463317306	0.27384268303967546	2.85
123365.6852886123	2850	12.563080025854346	0.0	1480464	6638.89710475105	0.27384268303967546	2.85
123369.54647393817	2850	12.701894699980237	0.0	1547572	3861.185325874108	0.27384268303967546	2.85
123372.4427874185	2850	13.805581219653037	0.0	1141971	2896.3134803272005	0.27384268303967546	2.85
123376.25142413485	2850	13.996944503307802	0.0	1498470	3808.636716345235	0.27384268303967546	2.85
123380.21630841392	2850	14.032060224228934	0.0	1561263	3964.884279078867	0.27384268303967546	2.85
123383.42455603016	2850	14.82381260798593	0.0	1341201	3208.2476162430025	0.27384268303967546	2.85
123386.93453324221	2850	15.31383539593956	0.0	1497683	3509.9772120463717	0.27384268303967546	2.85
123390.12479548203	2850	16.12357315612436	0.0	1358081	3190.2622398152	0.27384268303967546	2.85
123393.83999653516	2850	16.408372103003824	0.0	1587293	3715.2010531205347	0.27384268303967546	2.85
123399.20526506011	4300	15.04310357805104	0.0	2307787	5365.268524952784	0.27384268303967546	2.8499999999999996
123404.19531130073	4300	14.053057337416412	0.0	2143948	4990.04624063463	0.27384268303967546	4.3
123409.54776694757	4300	12.700601690584614	0.0	1919781	5352.455646831799	0.27384268303967546	4.3
123415.37587489959	4300	10.872493738561257	0.0	2147467	5828.107952023355	0.27384268303967546	4.3
123421.94947159712	4300	8.29889704103562	0.0	2133870	6573.596697525638	0.27384268303967546	4.3
123425.64210903225	2850	8.6062596059034	0.0	1402287	3692.63743513222	0.27384268303967546	1.4000000000000001
123429.30664883065	2850	8.941719807516936	0.0	1339500	3664.539798386465	0.27384268303967546	2.85
123433.36399455965	2850	8.884374078520537	0.0	1527299	4057.345728996399	0.27384268303967546	2.85
123436.84483636121	2850	9.40353227695392	0.0	1343002	3480.8418015666184	0.27384268303967546	2.85
123441.51319711884	2850	8.735171519334937	0.0	1587250	4668.360757618983	0.27384268303967546	2.85
123445.26313701246	2850	8.985231625722268	0.0	1464921	3749.9398936126695	0.27384268303967546	2.85
123448.93218372953	2850	9.316184908645857	0.0	1483527	3669.046717076412	0.27384268303967546	2.85
123454.27558229167	4300	7.9727863465191655	0.0	1961140	5343.398562126691	0.27384268303967546	2.8499999999999996
123461.36562594734	4300	4.8827426908338465	0.0	2155012	7090.043655685319	0.27384268303967546	4.3
123462.96474223441	750	7.283626403771303	0.0	450283	1599.1162870625433	0.27384268303967546	0.75
123464.59874825904	1200	9.6496203791492	0.0	611087	1634.0060246221046	0.27384268303967546	0.75
123466.78909632172	1850	11.45927231646737	0.0	877771	2190.3480626818287	0.27384268303967546	1.2000000000000002
123470.52362493599	2850	11.724743702199936	0.0	1520281	3734.528614267435	0.27384268303967546	1.85
123474.03363043739	2850	12.214738200794113	0.0	1472558	3510.005501405824	0.27384268303967546	2.85
123477.09899768062	2850	13.149370957559977	0.0	1224260	3065.367243234136	0.27384268303967546	2.85
123481.15596788419	2850	13.092400754000092	0.0	1388403	4056.9702035598843	0.27384268303967546	2.85
123487.37916415313	2850	10.86920448505248	0.0	1638769	6223.196268947612	0.27384268303967546	2.85
123492.49099168558	2850	9.75737695259709	0.0	1348011	5111.827532455391	0.27384268303967546	2.85
123497.07381035546	2850	9.17455828272007	0.0	1429765	4582.818669877018	0.27384268303967546	2.85
123500.90273954546	2850	9.345629092714892	0.0	1354548	3828.929190005177	0.27384268303967546	2.85
123505.1906097307	2850	9.057758907482471	0.0	1519951	4287.87018523242	0.27384268303967546	2.85
123509.57210368817	2850	8.676264949994932	0.0	1422919	4381.493957487538	0.27384268303967546	2.85
123514.2142316219	2850	8.034137016279004	0.0	1578343	4642.1279337159285	0.27384268303967546	2.85
123517.47796533453	2850	8.770403303629633	0.0	1231445	3263.7337126493712	0.27384268303967546	2.85
123520.9768304307	2850	9.271538207456514	0.0	1471065	3498.8650961731205	0.27384268303967546	2.85
123524.62224832879	2850	9.626120309363923	0.0	1491626	3645.417898092591	0.27384268303967546	2.85
123528.86683096219	2850	9.38153767597444	0.0	1358801	4244.582633389482	0.27384268303967546	2.85
123534.04277175375	2850	8.205596884396076	0.0	1537156	5175.940791578366	0.27384268303967546	2.85
123537.69839875719	2850	8.549969880963102	0.0	1336050	3655.627003432974	0.27384268303967546	2.85
123541.66346178734	2850	8.58490685081988	0.0	1415116	3965.063030143223	0.27384268303967546	2.85
123546.47784443268	2850	7.770524205472127	0.0	1468126	4814.382645347752	0.27384268303967546	2.85
123550.57035676426	2850	7.6780118738990515	0.0	1505760	4092.5123315730757	0.27384268303967546	2.85
123554.19485553927	2850	8.053513098884824	0.0	1323990	3624.498775014227	0.27384268303967546	2.85
123557.70392483567	2850	8.544443802495618	0.0	1383735	3509.069296389207	0.27384268303967546	2.85
123561.78545190343	2850	8.46291673473706	0.0	1480464	4081.527067758558	0.27384268303967546	2.85
123566.27848706832	2850	7.969881569838636	0.0	1547572	4493.035164898424	0.27384268303967546	2.85
123569.36560210695	2850	8.882766531220701	0.0	1141971	3087.1150386179347	0.27384268303967546	2.85
123573.46543661368	2850	8.782932024481779	0.0	1498470	4099.834506738922	0.27384268303967546	2.85
123579.0194627244	2850	7.228905913755498	0.0	1561263	5554.026110726281	0.27384268303967546	2.85
123583.23611307766	2850	7.012255560501838	0.0	1341201	4216.650353253659	0.27384268303967546	2.85
123587.54449396742	2850	6.703874670740619	0.0	1497683	4308.38088976122	0.27384268303967546	2.85
123594.77398652141	2850	4.0	0.5256178832579917	1358081	7229.492553998611	0.27384268303967546	0.5898431019906356
123596.44797140242	1200	6.326015118985613	0.0	670129	1673.9848810143872	0.27384268303967546	-0.44999999999999996
123599.48411786319	1850	7.2898686582097145	0.0	1026056	3036.1464607758985	0.27384268303967546	1.2000000000000002
123602.44149723678	1850	8.33248928461393	0.0	943942	2957.3793735957843	0.27384268303967546	1.85
123604.64145755113	1850	10.132528970271482	0.0	728962	2199.960314342448	0.27384268303967546	1.85
123607.63927987912	1850	11.134706642281804	0.0	938587	2997.8223279896774	0.27384268303967546	1.85
123613.0199694206	2850	9.754017100806395	0.0	1427478	5380.68954147541	0.27384268303967546	1.85
123616.75547808374	2850	10.018508437662076	0.0	1402287	3735.5086631443182	0.27384268303967546	2.85
123621.42494363664	2850	9.349042884763051	0.0	1339500	4669.465552899024	0.27384268303967546	2.85
123625.38277602855	2850	9.39121049285839	0.0	1527299	3957.832391904661	0.27384268303967546	2.85
123630.28350060967	2850	8.490485911739604	0.0	1343002	4900.724581118785	0.27384268303967546	2.85
123635.05984219832	2850	7.714144323094518	0.0	1587250	4776.341588645086	0.27384268303967546	2.85
123638.90954097874	2850	7.86444554265678	0.0	1464921	3849.698780437739	0.27384268303967546	2.85
123642.48436949408	2850	8.289617027318826	0.0	1483527	3574.828515337954	0.27384268303967546	2.85
123646.17418813313	2850	8.599798388282471	0.0	1231456	3689.8186390363544	0.27384268303967546	2.85
123649.73139846201	2850	9.042588059393095	0.0	1364537	3557.210328889373	0.27384268303967546	2.85
123651.01915672373	750	11.75482979766426	0.0	450283	1287.7582617288365	0.27384268303967546	0.75
123653.5359469832	1850	13.238039538203653	0.0	957685	2516.790259460607	0.27384268303967546	0.75
123656.35284619834	1850	14.421140323069782	0.0	877771	2816.899215133872	0.27384268303967546	1.85
123659.03764716416	1850	15.736339357232836	0.0	933276	2684.8009658369447	0.27384268303967546	1.85
123661.83996422152	1850	16.934022299870527	0.0	996749	2802.3170573623083	0.27384268303967546	1.85
123665.61851982192	1850	17.155466699486663	0.0	801058	3778.5556003838647	0.27384268303967546	1.85
123669.67008716906	2850	17.103899352341905	0.0	1388403	4051.5673471447612	0.27384268303967546	1.85
123674.03053240277	2850	16.74345411862507	0.0	1638769	4360.445233716835	0.27384268303967546	2.85
123678.12969928037	2850	16.644287241024443	0.0	1348011	4099.16687760063	0.27384268303967546	2.85
123681.78475471787	2850	16.989231803520227	0.0	1429765	3655.055437504214	0.27384268303967546	2.85
123688.30218334837	2850	14.471803173019474	0.0	1354548	6517.428630500753	0.27384268303967546	2.85
123693.18158368551	2850	13.592402835895447	0.0	1519951	4879.400337124027	0.27384268303967546	2.85
123696.69970952497	2850	14.074276996419467	0.0	1422919	3518.1258394759807	0.27384268303967546	2.85
123701.3840271146	2850	13.38995940678921	0.0	1578343	4684.3175896302555	0.27384268303967546	2.85
123705.91677644783	2850	12.857210073558232	0.0	1231445	4532.749333230978	0.27384268303967546	2.85
123709.76426831246	2850	13.009718208930284	0.0	1471065	3847.4918646279466	0.27384268303967546	2.85
123714.5746877318	2850	12.19929878957511	0.0	1491626	4810.419419355173	0.27384268303967546	2.85
123718.64763602384	2850	12.12635049752537	0.0	1358801	4072.94829204974	0.27384268303967546	2.85
123722.87318602226	2850	11.900800499111483	0.0	1537156	4225.549998413889	0.27384268303967546	2.85
123726.8819263233	2850	11.892060198084044	0.0	1336050	4008.740301027439	0.27384268303967546	2.85
123731.49088663954	2850	11.28309988183616	0.0	1415116	4608.960316247883	0.27384268303967546	2.85
123735.07361835412	2850	11.700368167260635	0.0	1468126	3582.731714575526	0.27384268303967546	2.85
123740.37915650402	2850	10.394830017352634	0.0	1505760	5305.538149908001	0.27384268303967546	2.85
123745.23398315327	2850	9.540003368103658	0.0	1323990	4854.826649248974	0.27384268303967546	2.85
123750.21453836012	2850	8.559448161246834	0.0	1383735	4980.555206856826	0.27384268303967546	2.85
123754.18059324811	2850	8.593393273247491	0.0	1480464	3966.0548879993426	0.27384268303967546	2.85
123758.32128289704	2850	8.452703624322298	0.0	1547572	4140.689648925192	0.27384268303967546	2.85
123762.08954097766	2850	8.684445543710371	0.0	1141971	3768.2580806119286	0.27384268303967546	2.85
123766.46882070065	2850	8.305165820702644	0.0	1498470	4379.279723007726	0.27384268303967546	2.85
123770.12096974376	2850	8.653016777611912	0.0	1561263	3652.1490430907334	0.27384268303967546	2.85
123774.20316499796	2850	8.57082152339962	0.0	1341201	4082.1952542122926	0.27384268303967546	2.85
123777.97658118485	2850	8.797405336513298	0.0	1497683	3773.4161868863207	0.27384268303967546	2.85
123782.38833632242	2850	8.385650198957768	0.0	1358081	4411.75513755553	0.27384268303967546	2.85
123786.36047743144	2850	8.413509089923904	0.0	1587293	3972.141109033865	0.27384268303967546	2.85
123793.18369601324	2850	5.590290508122946	0.0	1492672	6823.218581800958	0.27384268303967546	2.85
123798.51889081807	2850	4.255095703285132	0.0	1439896	5335.1948048378135	0.27384268303967546	2.85
123800.81565454624	1850	5.958331975114165	0.0	728962	2296.763728170967	0.27384268303967546	0.8500000000000001
123803.75530153801	1850	7.01868498334904	0.0	938587	2939.6469917651248	0.27384268303967546	1.85
123805.9302442761	1850	8.843742245269121	0.0	908665	2174.9427380799184	0.27384268303967546	1.85
123809.75547473591	2850	9.018511785441556	0.0	1402287	3825.230459827565	0.27384268303967546	1.85
123813.09298964274	2850	9.680996878618615	0.0	1339500	3337.5149068229402	0.27384268303967546	2.85
123817.71644990197	2850	9.057536619386367	0.0	1527299	4623.460259232247	0.27384268303967546	2.85
123821.28898286457	2850	9.48500365678418	0.0	1343002	3572.532962602187	0.27384268303967546	2.85
123827.68875272055	2850	7.085233800814848	0.0	1587250	6399.769855969332	0.27384268303967546	2.85
123831.96781317501	2850	6.806173346361229	0.0	1464921	4279.060454453619	0.27384268303967546	2.85
123836.36955032853	2850	6.404436192845307	0.0	1483527	4401.737153515922	0.27384268303967546	2.85
123840.08054558538	2850	6.693440935988627	0.0	1231456	3710.99525685668	0.27384268303967546	2.85
123843.59311791137	2850	7.18086861000335	0.0	1364537	3512.5723259852766	0.27384268303967546	2.85
123846.1804150323	750	8.59357148907891	0.0	450283	2587.2971209244406	0.27384268303967546	0.75
123847.85715347245	1200	10.916833048927426	0.0	611087	1676.738440151484	0.27384268303967546	0.75
123850.47661763748	1850	12.297368883901914	0.0	877771	2619.4641650255126	0.27384268303967546	1.2000000000000002
123853.27388596085	1850	13.500100560539506	0.0	933276	2797.268323362408	0.27384268303967546	1.85
123855.91029542423	1850	14.863691097169067	0.0	996749	2636.409463370438	0.27384268303967546	1.85
123858.31311133041	1850	16.460875190994397	0.0	801058	2402.8159061746724	0.27384268303967546	1.85
123861.0001268376	1850	17.773859683794274	0.0	905515	2687.0155072001207	0.27384268303967546	1.85
123863.99146222883	1850	18.782524292576312	0.0	1060487	2991.3353912179623	0.27384268303967546	1.85
123867.5384331535	2850	19.23555336790992	0.0	1348011	3546.9709246663974	0.27384268303967546	1.85
123871.43957177305	2850	19.334414748351893	0.0	1429765	3901.138619558023	0.27384268303967546	2.85
123875.66500358898	2850	19.108982932434586	0.0	1354548	4225.431815917308	0.27384268303967546	2.85
123880.26758530062	2850	18.506401220780106	0.0	1519951	4602.581711654477	0.27384268303967546	2.85
123885.69408535447	2850	17.07990116693742	0.0	1422919	5426.500053842684	0.27384268303967546	2.85
123891.31555897994	2850	15.458427541453377	0.0	1578343	5621.473625484046	0.27384268303967546	2.85
123894.66653839854	2850	16.107448122866796	0.0	1231445	3350.9794185865803	0.27384268303967546	2.85
123900.42041854223	2850	14.353567979180506	0.0	1471065	5753.880143686293	0.27384268303967546	2.85
123905.21257796387	2850	13.561408557527766	0.0	1491626	4792.159421652739	0.27384268303967546	2.85
123908.92865888857	2850	13.845327632822897	0.0	1358801	3716.0809247048687	0.27384268303967546	2.85
123913.15383560894	2850	13.620150912459122	0.0	1537156	4225.176720363774	0.27384268303967546	2.85
123916.83677375304	2850	13.937212768370578	0.0	1336050	3682.938144088545	0.27384268303967546	2.85
123920.81189662505	2850	13.962089896356138	0.0	1415116	3975.1228720144404	0.27384268303967546	2.85
123925.15599239763	2850	13.61799412376287	0.0	1468126	4344.095772593268	0.27384268303967546	2.85
123929.43223932586	2850	13.341747195536433	0.0	1505760	4276.246928226437	0.27384268303967546	2.85
123932.91265043578	2850	13.861336085619556	0.0	1323990	3480.4111099168767	0.27384268303967546	2.85
123937.82729317698	2850	12.94669334442378	0.0	1383735	4914.642741195777	0.27384268303967546	2.85
123941.6347610515	2850	13.139225469918847	0.0	1480464	3807.467874504933	0.27384268303967546	2.85
123945.47714835117	2850	13.296838170233595	0.0	1547572	3842.387299685251	0.27384268303967546	2.85
123948.40408628045	2850	14.369900240957097	0.0	1141971	2926.937929276499	0.27384268303967546	2.85
123952.04838738989	2850	14.725599131512057	0.0	1498470	3644.3011094450394	0.27384268303967546	2.85
123956.17053846526	2850	14.603448056146092	0.0	1561263	4122.151075365964	0.27384268303967546	2.85
123962.82303676811	2850	11.950949753293973	0.0	1341201	6652.49830285212	0.27384268303967546	2.85
123968.3249848607	2850	10.449001660719757	0.0	1497683	5501.948092574215	0.27384268303967546	2.85
123972.44832620182	2850	10.325660319591952	0.0	1358081	4123.341341127805	0.27384268303967546	2.85
123978.29383972853	2850	8.480146792871864	0.0	1587293	5845.513526720089	0.27384268303967546	2.85
123982.06056294774	2850	8.713423573669965	0.0	1492672	3766.7232192018982	0.27384268303967546	2.85
123986.7083371995	2850	8.065649321910776	0.0	1439896	4647.774251759189	0.27384268303967546	2.85
123989.91138602022	2850	8.862600501198568	0.0	1139291	3203.048820712209	0.27384268303967546	2.85
123994.24926597592	2850	8.524720545494377	0.0	1499009	4337.879955704189	0.27384268303967546	2.85
123998.0658156477	2850	8.708170873708365	0.0	1427478	3816.5496717860124	0.27384268303967546	2.85
124001.83304278599	2850	8.94094373542036	0.0	1402287	3767.227138288004	0.27384268303967546	2.85
124006.16530128052	2850	8.608685240895007	0.0	1339500	4332.258494525353	0.27384268303967546	2.85
124009.95975318358	2850	8.814233337834311	0.0	1527299	3794.4519030606957	0.27384268303967546	2.85
124013.69264559502	2850	9.08134092640088	0.0	1343002	3732.8924114334313	0.27384268303967546	2.85
124017.78240983249	2850	8.991576688921068	0.0	1587250	4089.7642374798124	0.27384268303967546	2.85
124022.19814246071	2850	8.575844060710505	0.0	1464921	4415.732628210562	0.27384268303967546	2.85
124026.14947860138	2850	8.62450792002795	0.0	1483527	3951.3361406825543	0.27384268303967546	2.85
124031.31585783686	4300	7.458128684558861	0.0	1961140	5166.37923546909	0.27384268303967546	2.8499999999999996
124038.89442965352	4300	4.0	0.12044313210477321	2155012	7578.571816663633	0.27384268303967546	3.782094531949475
124040.4607211196	750	6.43370853392353	0.0	450283	1566.2914660764702	0.27384268303967546	0.75
124042.48900994417	1200	8.405419709343994	0.0	611087	2028.2888245795368	0.27384268303967546	0.75
124044.32473914974	1200	10.569690503767257	0.0	571051	1835.7292055767373	0.27384268303967546	1.2
124046.6472958672	1200	12.247133786320498	0.0	617681	2322.5567174467583	0.27384268303967546	1.2
124048.32080820971	1200	14.573621443786777	0.0	652874	1673.5123425337229	0.27384268303967546	1.2
124051.83909692614	2850	15.055332727361565	0.0	1224260	3518.288716425211	0.27384268303967546	1.2000000000000002
124056.12631732141	2850	14.768112332097374	0.0	1388403	4287.220395264191	0.27384268303967546	2.85
124061.18015413056	2850	13.714275522942819	0.0	1638769	5053.836809154555	0.27384268303967546	2.85
124066.65776796167	2850	12.236661691818178	0.0	1348011	5477.613831124641	0.27384268303967546	2.85
124071.38376211429	2850	11.510667539215197	0.0	1429765	4725.99415260298	0.27384268303967546	2.85
124075.5495268848	2850	11.344902768690874	0.0	1354548	4165.7647705243235	0.27384268303967546	2.85
124081.2069948043	2850	9.687434849196642	0.0	1519951	5657.467919494234	0.27384268303967546	2.85
124086.10602358928	2850	8.788406064214225	0.0	1422919	4899.028784982416	0.27384268303967546	2.85
124090.90987507185	2850	7.984554581648512	0.0	1578343	4803.851482565713	0.27384268303967546	2.85
124094.94796844489	2850	7.946461208611918	0.0	1231445	4038.0933730365937	0.27384268303967546	2.85
124100.32763724792	2850	6.566792405577074	0.0	1471065	5379.668803034844	0.27384268303967546	2.85
124107.75058070984	2850	4.0	0.8561510563291422	1491626	7422.943461906216	0.27384268303967546	-0.8314495422153114
124111.43457546586	1200	4.316005243968923	0.0	581493	3683.994756031077	0.27384268303967546	-0.44999999999999996
124113.07619022821	1200	6.674390481622475	0.0	639204	1641.6147623464474	0.27384268303967546	1.2
124114.91505281409	1200	8.835527895740476	0.0	586839	1838.8625858819976	0.27384268303967546	1.2
124117.53168643508	1850	10.218894274767484	0.0	891604	2616.633620972992	0.27384268303967546	1.2000000000000002
124120.50409904399	1850	11.246481665845398	0.0	955231	2972.4126089220863	0.27384268303967546	1.85
124122.85358908988	1850	12.896991619949883	0.0	968026	2349.490045895514	0.27384268303967546	1.85
124127.13110153607	2850	12.619479173764441	0.0	1323990	4277.512446185443	0.27384268303967546	1.85
124131.32497120961	2850	12.425609500220585	0.0	1383735	4193.869673543858	0.27384268303967546	2.85
124135.24940671517	2850	12.501173994664692	0.0	1480464	3924.4355055558917	0.27384268303967546	2.85
124139.37627251855	2850	12.37430819128263	0.0	1547572	4126.865803382063	0.27384268303967546	2.85
124142.48364504646	2850	13.266935663363746	0.0	1141971	3107.3725279188825	0.27384268303967546	2.85
124146.63829386761	2850	13.112286842203828	0.0	1498470	4154.648821159919	0.27384268303967546	2.85
124150.70167538009	2850	13.048905329743734	0.0	1561263	4063.3815124600937	0.27384268303967546	2.85
124155.87370556113	2850	11.876875148686489	0.0	1341201	5172.030181057245	0.27384268303967546	2.85
124160.55444254122	2850	11.196138168595214	0.0	1497683	4680.736980091277	0.27384268303967546	2.85
124164.55660526206	2850	11.193975447761723	0.0	1358081	4002.1627208334908	0.27384268303967546	2.85
124168.51137055882	2850	11.239210151005569	0.0	1587293	3954.765296756154	0.27384268303967546	2.85
124172.1087578909	2850	11.641822818912372	0.0	1492672	3597.387332093196	0.27384268303967546	2.85
124175.70428287153	2850	12.046297838295141	0.0	1439896	3595.524980617232	0.27384268303967546	2.85
124178.98970926765	2850	12.760871442169053	0.0	1139291	3285.4263961260885	0.27384268303967546	2.85
124183.41726042196	2850	12.333320287863499	0.0	1499009	4427.5511543055545	0.27384268303967546	2.85
124188.70618752629	2850	11.044393183539917	0.0	1427478	5288.927104323581	0.27384268303967546	2.85
124193.15307388741	2850	10.597506822410471	0.0	1402287	4446.8863611294455	0.27384268303967546	2.85
124197.83061600548	2850	9.919964704339339	0.0	1339500	4677.542118071131	0.27384268303967546	2.85
124202.99084377487	2850	8.759736934955537	0.0	1527299	5160.227769383801	0.27384268303967546	2.85
124206.71320839174	2850	9.037372318078745	0.0	1343002	3722.364616876792	0.27384268303967546	2.85
124209.27679896273	1850	10.473781747097277	0.0	973972	2563.5905709814683	0.27384268303967546	0.8500000000000001
124214.48360764349	2850	9.266973066339979	0.0	1464921	5206.808680757298	0.27384268303967546	1.85
124218.40337980117	2850	9.347200908652278	0.0	1483527	3919.772157687702	0.27384268303967546	2.85
124221.59825291608	2850	10.152327793741007	0.0	1231456	3194.87311491127	0.27384268303967546	2.85
124226.25505227184	2850	9.495528437980163	0.0	1364537	4656.799355760845	0.27384268303967546	2.85
124227.83558624075	750	11.914994469070223	0.0	450283	1580.53396890994	0.27384268303967546	0.75
124232.6675078287	2850	11.083072881127148	0.0	1431809	4831.921587943075	0.27384268303967546	0.75
124236.21627572307	2850	11.53430498675591	0.0	1300868	3548.7678943712376	0.27384268303967546	2.85
124240.54756728442	2850	11.20301342540318	0.0	1520281	4331.291561352729	0.27384268303967546	2.85
124245.65019407071	2850	10.100386639110319	0.0	1472558	5102.626786292862	0.27384268303967546	2.85
124248.94119355005	2850	10.809387159766754	0.0	1224260	3290.999479343565	0.27384268303967546	2.85
124252.8507153887	2850	10.899865321117177	0.0	1388403	3909.5218386495753	0.27384268303967546	2.85
124257.83860007233	2850	9.911980637496319	0.0	1638769	4987.884683620858	0.27384268303967546	2.85
124261.57041172926	2850	10.18016898055355	0.0	1348011	3731.81165694277	0.27384268303967546	2.85
124265.8095936667	2850	9.940987043127494	0.0	1429765	4239.181937426057	0.27384268303967546	2.85
124269.53138089622	2850	10.219199813587977	0.0	1354548	3721.7872295395173	0.27384268303967546	2.85
124274.27080047551	2850	9.479780234310264	0.0	1519951	4739.419579277714	0.27384268303967546	2.85
124278.96736136949	2850	8.783219340328369	0.0	1422919	4696.560893981894	0.27384268303967546	2.85
124283.90584445234	2850	7.844736257483371	0.0	1578343	4938.4830828449985	0.27384268303967546	2.85
124290.31730253718	2850	5.43327817264833	0.0	1231445	6411.458084835041	0.27384268303967546	2.85
124293.54347732056	1850	6.207103389249638	0.0	923170	3226.174783398692	0.27384268303967546	0.8500000000000001
124296.1456696354	1850	7.604911074416992	0.0	966699	2602.1923148326464	0.27384268303967546	1.85
124300.1667924445	1850	7.583788265302561	0.0	885714	4021.1228091144317	0.27384268303967546	1.85
124303.30649783347	1850	8.444082876340868	0.0	987708	3139.7053889616936	0.27384268303967546	1.85
124306.18390429311	1850	9.566676416707638	0.0	923755	2877.4064596332296	0.27384268303967546	1.85
124309.05753732554	1850	10.693043384262852	0.0	891604	2873.6330324447863	0.27384268303967546	1.85
124311.48335516424	1850	12.267225545573368	0.0	955231	2425.8178386894842	0.27384268303967546	1.85
124314.19151611804	1850	13.559064591775568	0.0	968026	2708.1609537977993	0.27384268303967546	1.85
124318.4942943898	2850	13.25628632000473	0.0	1323990	4302.778271770838	0.27384268303967546	1.85
124322.325538222	2850	13.42504248780288	0.0	1383735	3831.24383220185	0.27384268303967546	2.85
124326.70041576106	2850	13.05016494873021	0.0	1480464	4374.8775390726705	0.27384268303967546	2.85
124330.55003601995	2850	13.200544689849021	0.0	1547572	3849.620258881189	0.27384268303967546	2.85
124333.43733232097	2850	14.313248388833456	0.0	1141971	2887.296301015566	0.27384268303967546	2.85
124337.98421045011	2850	13.766370259691314	0.0	1498470	4546.878129142143	0.27384268303967546	2.85
124341.92217764788	2850	13.828403061923108	0.0	1561263	3937.9671977682037	0.27384268303967546	2.85
124345.95455930346	2850	13.796021406341277	0.0	1341201	4032.381655581832	0.27384268303967546	2.85

