372044.26339620625	750	4.0	1.5266701467025587	450283	1526.6701467025587	1	-5.814681630821002
372048.44014020025	1850	4.0	0.17674399400555285	957685	4176.743994005553	0.20331093552125856	-0.009999174223877194
372051.57588904677	1200	4.864251153467063	0.0	571051	3135.7488465329375	0.20331093552125856	0.5499999999999999
372053.8408861546	1200	6.599254045672407	0.0	617681	2264.997107794656	0.20331093552125856	1.2
372057.4573941933	1200	6.982746006998829	0.0	652874	3616.5080386735785	0.20331093552125856	1.2
372059.7105516221	1200	8.729588578191581	0.0	520315	2253.157428807245	0.20331093552125856	1.2
372061.815142235	1200	10.624997965222326	0.0	561791	2104.5906129692553	0.20331093552125856	1.2
372065.5140821416	1850	10.926058058617855	0.0	1060487	3698.939906604472	0.20331093552125856	1.2000000000000002
372068.0215879639	1850	12.418552236312937	0.0	852833	2507.5058223049186	0.20331093552125856	1.85
372071.0340855806	1850	13.406054619650966	0.0	913888	3012.4976166619713	0.20331093552125856	1.85
372073.4519205896	1850	14.988219610590358	0.0	939819	2417.8350090606073	0.20331093552125856	1.85
372078.61509528244	2850	13.825044917753264	0.0	1519951	5163.174692837094	0.20331093552125856	1.85
372083.2012972825	2850	13.238842917744538	0.0	1422919	4586.202000008727	0.20331093552125856	2.85
372087.8669621997	2850	12.573178000515428	0.0	1578343	4665.664917229109	0.20331093552125856	2.85
372092.1419648219	2850	12.298175378351742	0.0	1231445	4275.002622163688	0.20331093552125856	2.85
372096.64007179753	2850	11.80006840265298	0.0	1471065	4498.106975698761	0.20331093552125856	2.85
372102.5522839802	2850	9.88785622003359	0.0	1491626	5912.212182619391	0.20331093552125856	2.85
372107.101344797	2850	9.338795403226552	0.0	1358801	4549.06081680704	0.20331093552125856	2.85
372112.3816949205	2850	8.058445279790902	0.0	1537156	5280.35012343565	0.20331093552125856	2.85
372118.5073616147	2850	5.932778585565088	0.0	1336050	6125.666694225813	0.20331093552125856	2.85
372123.0928426184	2850	5.34729758188258	0.0	1415116	4585.481003682508	0.10216115858422634	2.85
372125.9697191428	1850	6.4704210574462016	0.0	955231	2876.876524436378	0.10216115858422634	0.8500000000000001
372130.4530353944	1850	5.987104805844279	0.0	968026	4483.316251601923	0.10216115858422634	1.85
372134.2143594519	1850	6.225780748369148	0.0	874175	3761.3240574751294	0.10216115858422634	1.85
372138.02911959524	1850	6.411020605015765	0.0	897976	3814.7601433533837	0.10216115858422634	1.85
372142.2154857095	1850	6.224654490745125	0.0	905935	4186.3661142706405	0.10216115858422634	1.85
372146.483860106	1850	5.956280094239585	0.0	1076599	4268.37439650554	0.10216115858422634	1.85
372148.85378206754	1850	7.586358132674274	0.0	758197	2369.92196156531	0.10216115858422634	1.85
372154.9765483692	1850	5.463591830958113	0.0	972798	6122.766301716161	0.10216115858422634	1.85
372158.66826431913	1850	5.771875881067561	0.0	975811	3691.715949890552	0.10216115858422634	1.85
372161.97693864314	1850	6.4632015570470704	0.0	873429	3308.67432402049	0.10216115858422634	1.85
372165.3398635695	1850	7.100276630693752	0.0	954453	3362.9249263533184	0.10216115858422634	1.85
372168.5842272057	1850	7.85591299446913	0.0	885062	3244.363636224621	0.10216115858422634	1.85
372172.4366312575	1850	8.003508942688486	0.0	1035329	3852.4040517806447	0.10216115858422634	1.85
372175.9037705764	1850	8.53636962377057	0.0	1026056	3467.139318917917	0.10216115858422634	1.85
372180.2218457098	1850	8.21829449036596	0.0	943942	4318.07513340461	0.10216115858422634	1.85
372183.3585770007	1850	9.081563199461222	0.0	728962	3136.7312909047373	0.10216115858422634	1.85
372186.1081527318	1850	10.331987468360781	0.0	938587	2749.5757311004395	0.10216115858422634	1.85
372189.68260460877	1850	10.757535591385205	0.0	908665	3574.4518769755764	0.10216115858422634	1.85
372192.97197260876	1850	11.468167591411948	0.0	930577	3289.367999973258	0.10216115858422634	1.85
372195.94976504735	1850	12.490375152777059	0.0	858450	2977.7924386348886	0.10216115858422634	1.85
372202.04520659766	2850	10.394933602442595	0.0	1527299	6095.441550334463	0.10216115858422634	1.85
372206.80024449434	2850	9.639895705804214	0.0	1343002	4755.0378966383805	0.10216115858422634	2.85
372212.5347318963	2850	7.905408303841459	0.0	1587250	5734.487401962755	0.10216115858422634	2.85
372217.97398497397	2850	6.466155226178391	0.0	1464921	5439.253077663068	0.10216115858422634	2.85
372223.3515121871	2850	5.088628013040387	0.0	1483527	5377.527213138003	0.10216115858422634	2.85
372228.29438954056	2850	4.145750659615873	0.0	1231456	4942.877353424515	0.10216115858422634	2.85
372233.13275557844	2850	4.0	0.6926153782880692	1364537	4838.366037903942	0.10216115858422634	-0.12824612663869717
372234.7411740687	750	6.391581509775366	0.0	450283	1608.4184902246332	0.10216115858422634	0.75
372237.96997712407	1850	7.162778454388166	0.0	957685	3228.8030553872013	0.10216115858422634	0.75
372241.35342057387	1850	7.779335004587416	0.0	877771	3383.4434498007486	0.10216115858422634	1.85
372244.56606445886	1850	8.566691119619454	0.0	933276	3212.643884967963	0.10216115858422634	1.85
372248.6624362196	1850	8.47031935889334	0.0	996749	4096.371760726115	0.10216115858422634	1.85
372251.4842861441	1850	9.64846943439053	0.0	801058	2821.8499245028106	0.10216115858422634	1.85
372254.2760623068	1850	10.856693271726176	0.0	905515	2791.776162664353	0.10216115858422634	1.85
372257.81101062713	1850	11.321744951316116	0.0	1060487	3534.9483204100598	0.10216115858422634	1.85
372260.30225796596	1850	12.83049761250072	0.0	852833	2491.2473388153967	0.10216115858422634	1.85
372264.7086804849	2850	12.424075093579836	0.0	1429765	4406.4225189208855	0.10216115858422634	1.85
372268.70358138933	2850	12.429174189160987	0.0	1354548	3994.900904418848	0.10216115858422634	2.85
372274.517217695	2850	10.615537883499258	0.0	1519951	5813.63630566173	0.10216115858422634	2.85
372279.72978330345	2850	9.4029722750753	0.0	1422919	5212.565608423957	0.10216115858422634	2.85
372286.77403530217	2850	6.358720276381936	0.0	1578343	7044.251998693363	0.10216115858422634	2.85
372291.84373004077	2850	5.289025537752911	0.0	1231445	5069.694738629025	0.10216115858422634	2.85
372295.11287015566	1850	6.019885422894264	0.0	923170	3269.140114858648	0.10216115858422634	0.8500000000000001
372298.23477525247	1850	6.897980326081168	0.0	966699	3121.905096813096	0.10216115858422634	1.85
372300.44555773254	1850	8.68719784603097	0.0	885714	2210.7824800501994	0.10216115858422634	1.85
372306.44352160225	1850	6.689233976305202	0.0	987708	5997.963869725768	0.10216115858422634	1.85
372309.46265166346	1850	7.670103915082823	0.0	923755	3019.1300612223786	0.10216115858422634	1.85
372312.6736834848	1850	8.459072093772674	0.0	891604	3211.0318213101477	0.10216115858422634	1.85
372315.3913840484	1850	9.74137153018162	0.0	955231	2717.7005635910537	0.10216115858422634	1.85
372318.435033072	1850	10.697722506586532	0.0	968026	3043.6490235950887	0.10216115858422634	1.85
372320.9787555084	1850	12.154000070235877	0.0	874175	2543.722436350655	0.10216115858422634	1.85
372323.5499568705	1850	13.582798708113032	0.0	897976	2571.2013621228457	0.10216115858422634	1.85
372326.1924791374	1850	14.940276441240883	0.0	905935	2642.5222668721485	0.10216115858422634	1.85
372329.64001878555	1850	15.492736793051304	0.0	1076599	3447.539648189581	0.10216115858422634	1.85
372332.8812031492	2850	16.25155242935891	0.0	1141971	3241.1843636923945	0.10216115858422634	1.85
372337.5005637775	2850	15.632191801022273	0.0	1498470	4619.360628336636	0.10216115858422634	2.85
372343.35231866204	2850	13.780436916478497	0.0	1561263	5851.754884543776	0.10216115858422634	2.85
372346.757098356	2850	14.375657222539814	0.0	1341201	3404.779693938683	0.10216115858422634	2.85
372352.80853117176	2850	12.324224406822264	0.0	1497683	6051.43281571755	0.10216115858422634	2.85
372358.10697244207	2850	11.025783136463714	0.0	1358081	5298.44127035855	0.10216115858422634	2.85
372362.35846377665	2850	10.774291801916048	0.0	1587293	4251.491334547665	0.10216115858422634	2.85
372368.2356789099	2850	8.897076668584711	0.0	1492672	5877.215133331337	0.10216115858422634	2.85
372374.9772429813	2850	6.155512597220105	0.0	1439896	6741.564071364607	0.10216115858422634	2.85
372378.98593954433	2850	6.146816034214911	0.0	1139291	4008.696563005193	0.10216115858422634	2.85
372385.87622283975	2850	4.0	0.743467261255838	1499009	6890.283295470749	0.10216115858422634	-0.346909223400103
372390.9247166575	1850	4.0	1.048493817754329	908665	5048.493817754329	0.10216115858422634	-3.658523416343615
372394.0886830358	1200	4.8360336217438125	0.0	587506	3163.966378256188	0.10216115858422634	0.5499999999999999
372396.9240400493	1200	6.000676608238722	0.0	566904	2835.3570135050904	0.10216115858422634	1.2
372400.2164832996	1200	6.708233357926446	0.0	641452	3292.443250312276	0.10216115858422634	1.2
372403.5872766116	1200	7.337440045986108	0.0	599477	3370.793311940338	0.10216115858422634	1.2
372407.29798878485	1200	7.626727872718866	0.0	634861	3710.712173267242	0.10216115858422634	1.2
372409.51505972457	1200	9.409656933007959	0.0	630203	2217.0709397109076	0.10216115858422634	1.2
372412.82442633976	1850	10.100290317812991	0.0	982064	3309.366615194968	0.10216115858422634	1.2000000000000002
372416.1387370495	2850	10.785979608087604	0.0	1231456	3314.310709725386	0.10216115858422634	1.85
372420.4724440267	2850	10.452272630908917	0.0	1364537	4333.706977178686	0.10216115858422634	2.85
372421.7824505863	750	13.142266071240881	0.0	450283	1310.006559668036	0.10216115858422634	0.75
372426.51031086565	2850	12.414405791928962	0.0	1431809	4727.860279311919	0.10216115858422634	0.75
372431.49245479755	2850	11.432261860001638	0.0	1300868	4982.143931927325	0.10216115858422634	2.85
372438.03536084684	2850	8.88935581072378	0.0	1520281	6542.906049277858	0.10216115858422634	2.85
372443.263429052	2850	7.661287605555865	0.0	1472558	5228.068205167916	0.10216115858422634	2.85
372449.8412628267	2850	5.083453830843966	0.0	1224260	6577.8337747118985	0.10216115858422634	2.85
372452.93676230585	1850	5.987954351669589	0.0	905515	3095.4994791743775	0.10216115858422634	0.8500000000000001
372456.13443134655	1850	6.7902853109701455	0.0	1060487	3197.669040699443	0.10216115858422634	1.85
372459.03585373535	1850	7.888862922150871	0.0	852833	2901.422388819275	0.10216115858422634	1.85
372461.60215022496	1850	9.32256643246667	0.0	913888	2566.2964896842004	0.10216115858422634	1.85
372463.7956006451	1850	11.129116012325555	0.0	939819	2193.450420141115	0.10216115858422634	1.85
372466.35234023136	1850	12.572376426064801	0.0	917428	2556.7395862607527	0.10216115858422634	1.85
372471.3390417152	1850	11.585674942238732	0.0	946851	4986.701483826068	0.10216115858422634	1.85
372477.524047692	2850	9.40066896545517	0.0	1578343	6185.005976783563	0.10216115858422634	1.85
372481.43092274806	2850	9.493793909402312	0.0	1231445	3906.875056052859	0.10216115858422634	2.85
372486.7339830623	2850	8.19073359510001	0.0	1471065	5303.060314302302	0.10216115858422634	2.85
372491.34255737107	2850	7.582159286325979	0.0	1491626	4608.574308774031	0.10216115858422634	2.85
372499.3646580757	2850	4.0	0.43994141831393974	1358801	8022.100704639918	0.10216115858422634	0.9582519012500592
372504.0252776843	1850	4.0	0.6606196086661194	987708	4660.619608666119	0.10216115858422634	-1.9906643172643128
372505.42123379995	1200	6.604043884376787	0.0	586839	1395.9561156232132	0.10216115858422634	0.5499999999999999
372507.86855401454	1850	8.156723669719456	0.0	891604	2447.32021465733	0.10216115858422634	1.2000000000000002
372511.3463655155	1850	8.678912168796622	0.0	955231	3477.8115009228345	0.10216115858422634	1.85
372514.1159326049	1850	9.909345079376871	0.0	968026	2769.56708941975	0.10216115858422634	1.85
372518.5791100906	2850	9.446167593647024	0.0	1323990	4463.177485729847	0.10216115858422634	1.85
372523.2179923637	2850	8.807285320576753	0.0	1383735	4638.88227307027	0.10216115858422634	2.85
372528.02707617363	2850	7.998201510677132	0.0	1480464	4809.083809899622	0.10216115858422634	2.85
372532.6011557236	2850	7.424121960620179	0.0	1547572	4574.079550056952	0.10216115858422634	2.85
372536.5938562595	2850	7.431421424767938	0.0	1141971	3992.700535852241	0.10216115858422634	2.85
372542.0955555207	2850	5.9297221635738	0.0	1498470	5501.699261194139	0.10216115858422634	2.85
372547.7816551652	2850	4.243622519012352	0.0	1561263	5686.099644561447	0.10216115858422634	2.85
372551.54238788923	1850	4.482889795024128	0.0	873429	3760.7327239882247	0.10216115858422634	0.8500000000000001
372555.6675703658	1850	4.3577073184018955	0.0	954453	4125.182476622233	0.10216115858422634	1.85
372557.7878388333	1200	6.237438850987412	0.0	584349	2120.268467414483	0.10216115858422634	0.5499999999999999
372561.6715134874	1850	6.35376419688667	0.0	1035329	3883.6746541007433	0.10216115858422634	1.2000000000000002
372564.9588618679	1850	7.06641581635758	0.0	1026056	3287.348380529089	0.10216115858422634	1.85
372568.27858145855	1850	7.74669622566782	0.0	943942	3319.719590689761	0.10216115858422634	1.85
372571.71745507617	1850	8.307822608102652	0.0	728962	3438.8736175651666	0.10216115858422634	1.85
372575.2973204045	1850	8.727957279814412	0.0	938587	3579.8653282882424	0.10216115858422634	1.85
372579.14998534985	1850	8.87529233442079	0.0	908665	3852.66494539362	0.10216115858422634	1.85
372587.6722728096	1850	4.3530048746382475	0.0	930577	8522.287459782543	0.10216115858422634	1.85
372590.8020910498	1200	5.223186634456473	0.0	566904	3129.818240181774	0.10216115858422634	0.5499999999999999
372593.0892252537	1200	6.9360524305424525	0.0	641452	2287.134203914021	0.10216115858422634	1.2
372596.67890429776	1200	7.346373386457647	0.0	599477	3589.6790440848054	0.10216115858422634	1.2
372601.5834447465	1200	6.441832937710519	0.0	634861	4904.540448747128	0.10216115858422634	1.2
372605.97927674704	1200	6.046000937144228	0.0	630203	4395.832000566291	0.10216115858422634	1.2
372610.62693269254	1200	5.398344991663717	0.0	638661	4647.655945480511	0.10216115858422634	1.2
372618.5719568197	1200	4.0	2.546679135488246	538612	7945.0241271519635	0.10216115858422634	-9.750720282599458
372622.96355839435	1200	4.0	0.3916015746991134	550906	4391.601574699113	0.10216115858422634	-0.4838867712061876
372626.48768035026	750	4.475878044132745	0.0	450283	3524.121955867255	0.10216115858422634	0.75
372629.3535376391	750	5.610020755277388	0.0	398865	2865.8572888553567	0.10216115858422634	0.75
372632.43713627325	750	6.526422121120836	0.0	350812	3083.598634156552	0.10216115858422634	0.75
372634.1033166321	750	8.860241762285863	0.0	382355	1666.1803588349728	0.10216115858422634	0.75
372637.27728568914	1200	9.686272705253735	0.0	652874	3173.9690570321277	0.10216115858422634	0.75
372639.6107556968	1200	11.35280269760597	0.0	520315	2333.470007647765	0.10216115858422634	1.2
372641.46904389095	1200	13.494514503453914	0.0	561791	1858.2881941520548	0.10216115858422634	1.2
372644.84547881637	1850	14.118079578016403	0.0	1060487	3376.434925437512	0.10216115858422634	1.2000000000000002
372648.22383240494	1850	14.739725989487601	0.0	852833	3378.3535885288024	0.10216115858422634	1.85
372650.88326490327	1850	16.080293491162855	0.0	913888	2659.4324983247466	0.10216115858422634	1.85
372653.944486344	1850	17.019072050442023	0.0	939819	3061.221440720832	0.10216115858422634	1.85
372656.7575760293	1850	18.20598236512128	0.0	917428	2813.089685320744	0.10216115858422634	1.85
372661.57559066854	2850	17.387967725857578	0.0	1422919	4818.0146392637	0.10216115858422634	1.85
372668.37039337726	2850	14.59316501714968	0.0	1578343	6794.8027087079	0.10216115858422634	2.85
372671.7907061507	2850	15.172852243675031	0.0	1231445	3420.3127734746486	0.10216115858422634	2.85
372676.5731113017	2850	14.390447092641892	0.0	1471065	4782.405151033139	0.10216115858422634	2.85
372681.36026141956	2850	13.603296974834391	0.0	1491626	4787.150117807501	0.10216115858422634	2.85
372685.0811784275	2850	13.882379966865072	0.0	1358801	3720.9170079693195	0.10216115858422634	2.85
372690.7879988446	2850	12.175559549789924	0.0	1537156	5706.82041707515	0.10216115858422634	2.85
372694.44320291374	2850	12.520355480596	0.0	1336050	3655.2040691939224	0.10216115858422634	2.85
372698.7080116477	2850	12.255546746640771	0.0	1415116	4264.80873395523	0.10216115858422634	2.85
372703.45556202735	2850	11.507996366989286	0.0	1468126	4747.550379651487	0.10216115858422634	2.85
372709.36803954316	2850	9.595518851164295	0.0	1505760	5912.477515824991	0.10216115858422634	2.85
372715.1600088537	2850	7.80354954057277	0.0	1323990	5791.969310591526	0.10216115858422634	2.85
372720.4104805376	2850	6.5530778566736	0.0	1383735	5250.47168389917	0.10216115858422634	2.85
372724.25372295553	2850	6.7098354388131645	0.0	1480464	3843.2424178604356	0.10216115858422634	2.85
372731.17233845853	2850	4.0	0.20878006417371944	1547572	6918.615502986884	0.10216115858422634	1.9522457240530064
372733.80619038874	1850	5.366148069803395	0.0	758197	2633.8519301966053	0.10216115858422634	0.8500000000000001
372736.48799024866	1850	6.684348209856811	0.0	972798	2681.7998599465836	0.10216115858422634	1.85
372739.7407947254	1850	7.431543733138404	0.0	975811	3252.804476718407	0.10216115858422634	1.85
372744.03747981484	1850	7.13485864371217	0.0	873429	4296.685089426233	0.10216115858422634	1.85
372750.480894788	1850	4.69144367057072	0.0	954453	6443.41497314145	0.10216115858422634	1.85
372752.671490497	1200	6.5008479615165164	0.0	584349	2190.595709054204	0.10216115858422634	0.5499999999999999
372757.32383245876	1850	5.848505999776964	0.0	1035329	4652.341961739552	0.10216115858422634	1.2000000000000002
372759.84586643067	1850	7.3264720278712705	0.0	1026056	2522.0339719056938	0.10216115858422634	1.85
372762.80943681084	1850	8.362901647688966	0.0	943942	2963.5703801823042	0.10216115858422634	1.85
372766.18812882324	1850	8.98420963533301	0.0	728962	3378.6920123559585	0.10216115858422634	1.85
372768.7160509993	1850	10.456287459284667	0.0	938587	2527.9221760483406	0.10216115858422634	1.85
372772.1027309914	1850	11.069607467201344	0.0	908665	3386.6799920833237	0.10216115858422634	1.85
372777.7378364502	2850	9.434502008329854	0.0	1402287	5635.105458871488	0.10216115858422634	1.85
372782.9261467321	2850	8.246191726457061	0.0	1339500	5188.310281872793	0.10216115858422634	2.85
372787.22829850443	2850	7.944039954152736	0.0	1527299	4302.151772304326	0.10216115858422634	2.85
372791.9223323488	2850	7.250006109768613	0.0	1343002	4694.033844384123	0.10216115858422634	2.85
372796.89162926236	2850	6.2807091962244845	0.0	1587250	4969.296913544128	0.10216115858422634	2.85
372803.1400232913	2850	4.0323151673055175	0.0	1464921	6248.394028918968	0.10216115858422634	2.85
372806.82324400154	1850	4.349094457033723	0.0	982064	3683.2207102717944	0.10216115858422634	0.8500000000000001
372809.12852187146	1850	6.043816587156615	0.0	830730	2305.277869877108	0.10216115858422634	1.85
372814.33272099367	2850	4.839617464920279	0.0	1364537	5204.199122236337	0.10216115858422634	1.85
372817.3740465484	750	5.798291910254446	0.0	450283	3041.325554665833	0.10216115858422634	0.75
372820.6578307501	1850	6.514507708525916	0.0	957685	3283.7842017285298	0.10216115858422634	0.75
372823.003443117	1850	8.168895341616167	0.0	877771	2345.612366909749	0.10216115858422634	1.85
372825.87294507126	1850	9.29939338737204	0.0	933276	2869.501954244128	0.10216115858422634	1.85
372828.9801235766	1850	10.192214882097295	0.0	996749	3107.178505274745	0.10216115858422634	1.85
372831.9691480204	1850	11.203190438300224	0.0	801058	2989.0244437970705	0.10216115858422634	1.85
372836.58844153344	2850	10.583896925246291	0.0	1388403	4619.293513053931	0.10216115858422634	1.85
372843.1142713103	2850	8.05806714839311	0.0	1638769	6525.829776853181	0.10216115858422634	2.85
372851.30328409415	2850	4.0	0.13094563550168822	1348011	8189.012783894799	0.10216115858422634	2.286933767342741
372855.3808911593	1200	4.0	0.07760706512952902	560821	4077.607065129529	0.10216115858422634	-0.7837103800569747
372859.4113279917	1200	4.0	0.0304368323662693	607410	4030.4368323662693	0.10216115858422634	1.069121620825042
372862.73658193817	1200	4.674746053544552	0.0	594078	3325.2539464554484	0.10216115858422634	1.2
372866.26787069556	1200	5.143457296095386	0.0	624282	3531.288757449165	0.10216115858422634	1.2
372870.0515885066	1200	5.359739485036004	0.0	687371	3783.717811059383	0.10216115858422634	1.2
372872.15544043406	1200	7.255887557643397	0.0	526950	2103.851927392607	0.10216115858422634	1.2
372874.8390401103	1200	8.57228788138965	0.0	587876	2683.599676253747	0.10216115858422634	1.2
372877.39301548764	1200	10.018312503996647	0.0	617242	2553.9753773930024	0.10216115858422634	1.2
372881.8538002914	1850	9.557527700247865	0.0	885714	4460.784803748781	0.10216115858422634	1.2000000000000002
372885.1710989798	1850	10.240229011918796	0.0	987708	3317.298688329069	0.10216115858422634	1.85
372889.6815449766	1850	9.729783015081795	0.0	923755	4510.445996837001	0.10216115858422634	1.85
372892.7430026593	1850	10.668325332354538	0.0	891604	3061.457682727257	0.10216115858422634	1.85
372896.6342866407	1850	10.777041350954649	0.0	955231	3891.28398139989	0.10216115858422634	1.85
372900.2251881345	1850	11.18613985716567	0.0	968026	3590.9014937889783	0.10216115858422634	1.85
372903.85916476266	1850	11.552163228996017	0.0	874175	3633.9766281696543	0.10216115858422634	1.85
372907.4482621829	1850	11.96306580875269	0.0	897976	3589.097420243326	0.10216115858422634	1.85
372911.86514437245	1850	11.54618361915119	0.0	905935	4416.882189601499	0.10216115858422634	1.85
372916.1059213833	1850	11.305406608285612	0.0	1076599	4240.7770108655795	0.10216115858422634	1.85
372918.69841014984	1850	12.712917841809402	0.0	758197	2592.488766476211	0.10216115858422634	1.85
372922.6817754874	1850	12.72955250428136	0.0	972798	3983.365337528041	0.10216115858422634	1.85
372927.50261748984	1850	11.908710501829319	0.0	975811	4820.842002452042	0.10216115858422634	1.85
372931.77712406515	1850	11.634203926469404	0.0	873429	4274.506575359916	0.10216115858422634	1.85
372936.281484597	1850	11.129843394590512	0.0	954453	4504.360531878891	0.10216115858422634	1.85
372941.7567558454	1850	9.654572146272985	0.0	885062	5475.271248317526	0.10216115858422634	1.85
372947.89360501035	1850	7.517722981320167	0.0	1035329	6136.849164952818	0.10216115858422634	1.85
372951.324399377	1850	8.086928614682355	0.0	1026056	3430.7943666378123	0.10216115858422634	1.85
372954.0150476064	1850	9.396280385305689	0.0	943942	2690.648229376666	0.10216115858422634	1.85
372957.62096685654	1850	9.790361135130885	0.0	728962	3605.919250174804	0.10216115858422634	1.85

