591511.2717782374	750	4.0	6.446358462726165	450283	6446.358462726165	1	-26.96934138972251
591511.970950322	300	7.300827915433288	0.0	155580	699.1720845667118	0.5305385570300021	-0.15000000000000002
591512.6089608498	300	10.662817387726035	0.0	139857	638.0105277072549	0.5305385570300021	0.3
591514.1332525436	750	13.138525693742858	0.0	382355	1524.2916939831764	0.5305385570300021	0.3
591515.7840636635	750	15.487714573979645	0.0	411561	1650.811119763214	0.5305385570300021	0.75
591525.3633732909	1200	9.90840494661257	0.0	520315	9579.309627367074	0.5305385570300021	0.75
591528.965605241	750	10.30617299648319	0.0	352642	3602.2319501293796	0.5305385570300021	0.3
591533.2767149522	750	9.99506328533982	0.0	437162	4311.109711143371	0.5305385570300021	0.75
591535.832534575	750	11.439243662575521	0.0	374758	2555.8196227642975	0.5305385570300021	0.75
591538.3915202668	750	12.880257970844507	0.0	362795	2558.9856917310153	0.5305385570300021	0.75
591541.1163690401	750	14.15540919748794	0.0	353220	2724.8487733565667	0.5305385570300021	0.75
591544.9290625384	750	14.342715699194978	0.0	405134	3812.6934982929615	0.5305385570300021	0.75
591547.3936758111	750	15.878102426458828	0.0	386351	2464.613272736151	0.5305385570300021	0.75
591550.4519754607	750	16.819802776814374	0.0	434409	3058.299649644456	0.5305385570300021	0.75
591552.5898296575	750	18.68194858012337	0.0	337059	2137.8541966910034	0.5305385570300021	0.75
591557.3452616213	1200	17.926516616367866	0.0	587876	4755.4319637555	0.5305385570300021	0.75
591564.0410407588	1200	15.230737478777876	0.0	617242	6695.779137589991	0.5305385570300021	1.2
591570.345254364	1200	12.926523873637384	0.0	581493	6304.2136051404905	0.5305385570300021	1.2
591575.1684693355	1200	12.103308902089132	0.0	639204	4823.214971548252	0.5305385570300021	1.2
591579.5341037457	1200	11.737674491900478	0.0	586839	4365.634410188655	0.5305385570300021	1.2
591585.4747638768	1200	9.797014360751877	0.0	601738	5940.6601311486	0.3053594979229506	1.2
591587.9370057698	750	11.334772467697348	0.0	399894	2462.2418930545286	0.3053594979229506	0.3
591590.6078316655	750	12.663946572005987	0.0	401853	2670.825895691362	0.3053594979229506	0.75
591595.0639476959	750	12.20783054171551	0.0	343800	4456.116030290478	0.3053594979229506	0.75
591597.5740053956	750	13.697772841895212	0.0	359903	2510.0576998202973	0.3053594979229506	0.75
591599.98065934	750	15.291118897570215	0.0	379700	2406.6539443249962	0.3053594979229506	0.75
591604.8077586165	1200	14.464019621086306	0.0	696376	4827.099276483908	0.3053594979229506	0.75
591607.0870310892	1200	16.184747148412452	0.0	487160	2279.272472673854	0.3053594979229506	1.2
591612.2169933252	1200	15.054784912438157	0.0	622896	5129.962235974295	0.3053594979229506	1.2
591616.3119422531	1200	14.959835984479836	0.0	641447	4094.9489279583204	0.3053594979229506	1.2
591623.5393750821	1200	11.732403155422075	0.0	570392	7227.432829057761	0.3053594979229506	1.2
591626.607823951	1200	12.663954286515041	0.0	620283	3068.4488689070336	0.3053594979229506	1.2
591629.6834087225	1200	13.588369515051	0.0	584349	3075.584771464043	0.3053594979229506	1.2
591634.9341636163	1200	12.337614621262922	0.0	670129	5250.7548937880765	0.3053594979229506	1.2
591638.8239027542	1200	12.447875483337514	0.0	690253	3889.73913792541	0.3053594979229506	1.2
591642.3794494108	1200	12.89232882671075	0.0	598727	3555.546656626762	0.3053594979229506	1.2
591647.0436501544	1200	12.228128083183318	0.0	487812	4664.200743527434	0.3053594979229506	1.2
591650.8153091136	1200	12.456469123927167	0.0	575591	3771.6589592561513	0.3053594979229506	1.2
591655.5628257366	1200	11.708952500933973	0.0	605884	4747.516622993193	0.3053594979229506	1.2
591663.3626155768	1200	7.9091626607446806	0.0	587506	7799.7898401892935	0.3053594979229506	1.2
591665.7241281497	750	9.547650087955708	0.0	345516	2361.512572788973	0.3053594979229506	0.3
591671.3837445495	750	7.888033688022917	0.0	384505	5659.616399932791	0.3053594979229506	0.75
591674.8522473157	750	8.41953092194725	0.0	372093	3468.5027660756673	0.3053594979229506	0.75
591679.7500719537	750	7.5217062837621755	0.0	438281	4897.824638185074	0.3053594979229506	0.75
591687.382318205	750	4.0	0.11053996747375458	398987	7632.24625123593	0.3053594979229506	0.27467813986285533
591689.4739874189	300	5.908330786115607	0.0	160064	2091.669213884394	0.3053594979229506	-0.15000000000000002
591690.6679186911	300	8.71439951396448	0.0	137507	1193.9312721511264	0.3053594979229506	0.3
591692.5255868644	750	10.856731340579337	0.0	314107	1857.6681733851415	0.3053594979229506	0.3
591697.8915686969	750	9.49074950804327	0.0	450283	5365.9818325360675	0.3053594979229506	0.75
591700.4319489587	750	10.950369246424195	0.0	398865	2540.3802616190746	0.3053594979229506	0.75
591703.4754527083	750	11.906865496739398	0.0	350812	3043.503749684798	0.3053594979229506	0.75
591705.9176879532	750	13.464630251927934	0.0	382355	2442.2352448114643	0.3053594979229506	0.75
591709.228265059	750	14.15405314616746	0.0	411561	3310.5771057604743	0.3053594979229506	0.75
591712.1310888358	1200	15.251229369471604	0.0	520315	2902.8237766958555	0.3053594979229506	0.75
591715.8043475274	1200	15.577970677688384	0.0	561791	3673.258691783219	0.3053594979229506	1.2
591721.4984415534	1200	13.883876651668142	0.0	709534	5694.094026020243	0.3053594979229506	1.2
591725.2776164024	1200	14.104701802798456	0.0	584846	3779.1748488696867	0.3053594979229506	1.2
591732.1102744	1200	11.2720438052215	0.0	560821	6832.657997576957	0.3053594979229506	1.2
591737.7601905669	1200	9.622127638281553	0.0	607410	5649.916166939948	0.3053594979229506	1.2
591742.9225433505	1200	8.45977485472698	0.0	594078	5162.352783554571	0.3053594979229506	1.2
591745.7415658212	750	9.640752384042589	0.0	386351	2819.0224706843915	0.3053594979229506	0.3
591749.3210860665	750	10.061232138687778	0.0	434409	3579.520245354811	0.3053594979229506	0.75
591752.125316479	750	11.257001726180563	0.0	337059	2804.2304125072137	0.3053594979229506	0.75
591758.5170400123	750	8.865278192874218	0.0	366214	6391.723533306345	0.3053594979229506	0.75
591761.2982299613	750	10.084088243816048	0.0	360831	2781.189949058171	0.3053594979229506	0.75
591763.4926329268	750	11.889685278252266	0.0	372963	2194.402965563783	0.3053594979229506	0.75
591772.9619521099	750	6.420366095163965	0.0	405596	9469.3191830883	0.3053594979229506	0.75
591777.5379639384	750	5.8443542666584385	0.0	350713	4576.011828505527	0.3053594979229506	0.75
591779.7753246927	300	7.606993512411662	0.0	157671	2237.3607542467767	0.3053594979229506	-0.15000000000000002
591781.537877281	300	9.844440924133202	0.0	157812	1762.5525882784589	0.3053594979229506	0.3
591782.916777442	300	12.465540763091441	0.0	163927	1378.900161041762	0.3053594979229506	0.3
591783.908947094	300	15.473371111092854	0.0	137654	992.1696519985871	0.3053594979229506	0.3
591786.8744662686	750	16.50785193649114	0.0	359903	2965.519174601714	0.3053594979229506	0.3
591789.9744535063	750	17.40786469871574	0.0	379700	3099.9872377754023	0.3053594979229506	0.75
591794.8706004642	1200	16.511717740851775	0.0	696376	4896.146957863965	0.3053594979229506	0.75
591799.5651766852	1200	15.81714151989284	0.0	487160	4694.576220958936	0.3053594979229506	1.2
591813.1493795095	1200	6.232938695692539	0.0	622896	13584.2028242003	0.3053594979229506	1.2
591817.727916043	750	5.654402162092123	0.0	400508	4578.536533600416	0.3053594979229506	0.3
591819.7130890264	300	7.669229178709778	0.0	157421	1985.1729833823445	0.3053594979229506	-0.15000000000000002
591820.7951000807	300	10.587218124492754	0.0	157488	1082.0110542170244	0.3053594979229506	0.3
591821.8885118498	300	13.493806355361087	0.0	143881	1093.411769131667	0.3053594979229506	0.3
591825.3210390165	750	14.061279188607664	0.0	412837	3432.527166753426	0.3053594979229506	0.3
591830.1823180179	750	13.20000018717051	0.0	401088	4861.279001437152	0.3053594979229506	0.75
591833.5988291302	750	13.783489074966909	0.0	365161	3416.511112203601	0.3053594979229506	0.75
591835.7781083804	750	15.604209824753422	0.0	321064	2179.2792502134866	0.3053594979229506	0.75
591840.4875428346	750	14.894775370579428	0.0	361565	4709.434454173994	0.3053594979229506	0.75
591844.7342927555	750	14.648025449757348	0.0	378327	4246.749920822079	0.3053594979229506	0.75
591848.0889363764	750	15.293381828927911	0.0	390680	3354.6436208294353	0.3053594979229506	0.75
591851.0409927232	750	16.341325482047186	0.0	345516	2952.0563468807277	0.3053594979229506	0.75

