725150.7643747691	750	4.0	2.6653833986975872	450283	2665.3833986975874	1	-10.711148614399624
725153.1736824082	750	5.590692360842034	0.0	398865	2409.307639157966	0.4231283285592788	0.75
725154.4830427886	750	8.281331980380772	0.0	350812	1309.3603804612615	0.4231283285592788	0.75
725156.7290173677	1200	10.035357401256654	0.0	617681	2245.9745791241176	0.4231283285592788	0.75
725159.0368322874	1200	11.727542481561976	0.0	652874	2307.814919694678	0.4231283285592788	1.2
725161.0409506473	1200	13.723424121590629	0.0	520315	2004.1183599713463	0.4231283285592788	1.2
725164.2228473541	1850	14.541527414827222	0.0	905515	3181.8967067634076	0.4231283285592788	1.2000000000000002
725167.9292254752	1850	14.835149293780544	0.0	1060487	3706.3781210466764	0.4231283285592788	1.85
725170.9130193222	1850	15.85135544676447	0.0	852833	2983.7938470160757	0.4231283285592788	1.85
725176.911664295	1850	13.852710473914204	0.0	913888	5998.644972850267	0.4231283285592788	1.85
725182.8262364153	1850	11.938138353651938	0.0	939819	5914.572120262265	0.4231283285592788	1.85
725186.3037654749	1850	12.460609294005652	0.0	917428	3477.529059646288	0.4231283285592788	1.85
725189.7227532568	1850	13.041621512182921	0.0	946851	3418.987781822731	0.4231283285592788	1.85
725193.8718972547	1850	12.892477514321895	0.0	1036454	4149.143997861026	0.4231283285592788	1.85
725198.6461807536	1850	12.118194015443375	0.0	821631	4774.283498878517	0.4231283285592788	1.85
725202.0025124802	1850	12.76186228879375	0.0	923170	3356.331726649625	0.4231283285592788	1.85
725205.6959809333	1850	13.06839383580229	0.0	966699	3693.4684529914603	0.4231283285592788	1.85
725209.1009790581	1850	13.663395711071619	0.0	885714	3404.998124730671	0.4231283285592788	1.85
725212.5967466114	1850	14.16762815769352	0.0	987708	3495.7675533780985	0.4231283285592788	1.85
725216.3722844606	1850	14.392090308493914	0.0	923755	3775.537849199605	0.4231283285592788	1.85
725219.6972099328	1850	15.067164836280423	0.0	891604	3324.9254722134924	0.26280909662651125	1.85
725227.216029613	1850	11.548345156033372	0.0	955231	7518.81968024705	0.26280909662651125	1.85
725230.7991538222	1850	11.965220946905363	0.0	968026	3583.1242091280096	0.26280909662651125	1.85
725234.1272704583	1850	12.63710431083079	0.0	874175	3328.1166360745738	0.26280909662651125	1.85
725237.4406117224	1850	13.323763046624572	0.0	897976	3313.341264206217	0.26280909662651125	1.85
725242.9669224183	1850	11.797452350742995	0.0	905935	5526.310695881576	0.26280909662651125	1.85
725249.7965608961	1850	8.967813873037265	0.0	1076599	6829.63847770573	0.26280909662651125	1.85
725252.6200303269	1850	10.144344442284583	0.0	758197	2823.469430752683	0.26280909662651125	1.85
725256.0526199815	1850	10.711754787698549	0.0	972798	3432.5896545860332	0.26280909662651125	1.85
725259.4576727457	1850	11.306702023372983	0.0	975811	3405.0527643255646	0.26280909662651125	1.85
725263.46167681	1850	11.302697959085005	0.0	873429	4004.0040642879785	0.26280909662651125	1.85
725267.2942442447	1850	11.470130524449985	0.0	954453	3832.567434635021	0.26280909662651125	1.85
725272.0633647438	1850	10.701010025371573	0.0	885062	4769.120499078412	0.26280909662651125	1.85
725276.0724990644	1850	10.6918757048617	0.0	1035329	4009.134320509874	0.26280909662651125	1.85
725279.9807927001	1850	10.783582069178482	0.0	1026056	3908.2936356832165	0.26280909662651125	1.85
725283.3873424664	1850	11.377032302838181	0.0	943942	3406.5497663403025	0.26280909662651125	1.85
725286.3146786927	1850	12.449696076550241	0.0	728962	2927.336226287939	0.26280909662651125	1.85
725291.6980161754	1850	11.066358593831996	0.0	938587	5383.337482718244	0.26280909662651125	1.85
725297.0128953146	1850	9.751479454600867	0.0	908665	5314.87913923113	0.26280909662651125	1.85
725304.2434349017	1850	6.520939867460751	0.0	930577	7230.539587140116	0.26280909662651125	1.85
725308.5542255186	1200	6.210149250538799	0.0	566904	4310.790616921952	0.26280909662651125	0.5499999999999999
725311.0831980007	1200	7.681176768488158	0.0	641452	2528.9724820506403	0.26280909662651125	1.2
725315.3970298637	1200	7.367344905495401	0.0	599477	4313.831862992756	0.26280909662651125	1.2
725317.6653340913	1200	9.099040677897301	0.0	634861	2268.3042275980997	0.26280909662651125	1.2
725320.2776746132	1200	10.486700156085226	0.0	630203	2612.3405218120747	0.26280909662651125	1.2
725327.2007788209	1850	7.563595948278471	0.0	982064	6923.104207806755	0.26280909662651125	1.2000000000000002
725332.3283124554	1850	6.436062313680373	0.0	830730	5127.533634598098	0.26280909662651125	1.85
725342.5042187386	2850	4.0	3.7398439695901398	1364537	10175.906283270513	0.26280909662651125	-14.231329069237601
725344.1168765946	750	6.387342143980994	0.0	450283	1612.6578560190064	0.26280909662651125	0.75
725346.2776659183	1200	8.226552820263644	0.0	611087	2160.78932371735	0.26280909662651125	0.75
725350.2793204709	1200	8.224898267647543	0.0	571051	4001.6545526161003	0.26280909662651125	1.2
725352.670956317	1200	9.83326242157429	0.0	617681	2391.635846073254	0.26280909662651125	1.2
725354.9601165719	1200	11.544102166631815	0.0	652874	2289.160254942475	0.26280909662651125	1.2
725359.3565899872	1850	11.147628751371082	0.0	801058	4396.4734152607325	0.26280909662651125	1.2000000000000002
725364.1599344522	1850	10.344284286374357	0.0	905515	4803.344464996725	0.26280909662651125	1.85
725367.839281525	1850	10.66493721350724	0.0	1060487	3679.347072867116	0.26280909662651125	1.85
725374.3822723822	1850	8.121946356414643	0.0	852833	6542.990857092597	0.26280909662651125	1.85
725378.2984705305	1850	8.205748208094684	0.0	913888	3916.1981483199584	0.26280909662651125	1.85
725381.5508239825	1850	8.953394756103743	0.0	939819	3252.3534519909417	0.26280909662651125	1.85
725386.7273599055	1850	7.776858833040828	0.0	917428	5176.535923062914	0.26280909662651125	1.85
725393.4306323051	1850	5.073586433381752	0.0	946851	6703.272399659076	0.26280909662651125	1.85
725396.8448562182	1200	5.659362520336332	0.0	687371	3414.2239130454204	0.26280909662651125	0.5499999999999999
725399.0792856951	1200	7.424933043441333	0.0	526950	2234.429476894999	0.26280909662651125	1.2
725404.1814558613	1200	6.322762877183734	0.0	587876	5102.1701662576	0.26280909662651125	1.2
725408.795178366	1200	5.7090403724622005	0.0	617242	4613.722504721533	0.26280909662651125	1.2
725410.8596412254	1200	7.644577513025397	0.0	581493	2064.4628594368032	0.26280909662651125	1.2
725417.0270352641	1200	5.477183474459095	0.0	639204	6167.394038566302	0.26280909662651125	1.2
725419.1045852201	1200	7.399633518373012	0.0	586839	2077.549956086084	0.26280909662651125	1.2
725421.218829279	1200	9.285389459533166	0.0	601738	2114.244058839845	0.26280909662651125	1.2
725424.192265452	1200	10.311953286499557	0.0	616206	2973.4361730336077	0.26280909662651125	1.2
725427.1494065485	1200	11.354812190068737	0.0	656471	2957.141096430822	0.26280909662651125	1.2
725429.3218592531	1200	13.1823594854895	0.0	536667	2172.4527045792365	0.26280909662651125	1.2
725431.6847413203	1200	14.819477418225873	0.0	587236	2362.882067263627	0.26280909662651125	1.2
725434.8789878212	1850	15.62523091738644	0.0	905935	3194.246500839431	0.26280909662651125	1.2000000000000002
725440.3753456547	1850	14.128873083922123	0.0	1076599	5496.357833464319	0.26280909662651125	1.85
725443.1875030486	1850	15.316715690095377	0.0	758197	2812.157393826747	0.26280909662651125	1.85
725446.969427584	1850	15.534791154744175	0.0	972798	3781.9245353512015	0.26280909662651125	1.85
725452.3914137576	1850	14.112804981134424	0.0	975811	5421.986173609749	0.26280909662651125	1.85
725456.7613304728	1850	13.742888265822701	0.0	873429	4369.916715311724	0.26280909662651125	1.85
725460.7360079379	1850	13.768210800730666	0.0	954453	3974.677465092036	0.26280909662651125	1.85
725464.9207758527	1850	13.58344288588355	0.0	885062	4184.767914847115	0.26280909662651125	1.85

