347543.1325445783	750	4.0	12.880998703764101	450283	12880.9987037641	1	-54.63829442618563
347547.717721095	300	4.0	0.5851765167306812	155580	4585.176516730681	1.6108112386646942	-2.6662590219419293
347551.8058410567	300	4.0	0.08811996168491805	139857	4088.119961684918	1.6108112386646942	-0.07891583524514761
347556.2204971191	300	4.0	0.4146560623978694	155432	4414.656062397869	1.6108112386646942	-1.4830210683108382
347560.8487126155	300	4.0	0.6282154963436133	163442	4628.215496343613	1.6108112386646942	-2.4013266342775372
347564.44304544805	300	4.405667167449379	0.0	126289	3594.3328325506213	1.6108112386646942	0.3
347568.9245160079	300	4.0	0.07580339236642067	153295	4481.4705598158	1.6108112386646942	-0.02595458717560889
347573.3936641334	300	4.0	0.46914812544931644	173849	4469.1481254493165	1.6108112386646942	-1.7173369394320608
347577.0260438361	300	4.367620297299624	0.0	150710	3632.379702700376	1.6108112386646942	0.3
347578.920238654	300	6.4734254793434856	0.0	139105	1894.194817956138	1.6108112386646942	0.3
347580.81371429696	300	8.579949836415613	0.0	141840	1893.4756429278734	1.6108112386646942	0.3
347582.89012288896	300	10.50354124439713	0.0	156148	2076.4085920184825	1.6108112386646942	0.3
347585.0253185721	300	12.368345561246512	0.0	160746	2135.19568315062	1.6108112386646942	0.3
347587.4041393143	300	13.989524819043504	0.0	179801	2378.8207422030073	1.6108112386646942	0.3
347589.3108443215	300	16.082819811839155	0.0	140051	1906.7050072043496	1.6108112386646942	0.3
347593.2415791161	300	16.152085017238647	0.0	138313	3930.734794600509	1.6108112386646942	0.3
347597.1907801216	300	16.202884011709244	0.0	143509	3949.201005529402	1.6108112386646942	0.3
347600.9156671649	300	16.477996968403243	0.0	150616	3724.887043306	1.6108112386646942	0.3
347604.29059734615	300	17.103066787194386	0.0	165384	3374.9301812088547	1.6108112386646942	0.3
347607.29491472093	300	18.098749412377472	0.0	140881	3004.317374816914	1.6108112386646942	0.3
347610.47972657863	300	18.91393755465484	0.0	157671	3184.8118577226323	1.0	0.3
347613.58622415835	300	19.807439974969668	0.0	157812	3106.4975796851727	1.0	0.3
347616.7371175132	300	20.656546620157673	0.0	163927	3150.893354811993	1.0	0.3
347619.43665886176	300	21.957005271582663	0.0	137654	2699.5413485750114	1.0	0.3
347622.3681377995	300	23.02552633381373	0.0	146754	2931.478937768935	1.0	0.3
347625.4316885238	300	23.96197560953758	0.0	153938	3063.550724276152	1.0	0.3
347629.00536257646	300	24.388301556827134	0.0	181901	3573.6740527104453	1.0	0.3
347631.1712568394	300	26.22240729392356	0.0	111155	2165.894262903573	1.0	0.3
347634.047467333	300	27.346196800374795	0.0	153605	2876.2104935487646	1.0	0.3
347636.89078335254	300	28.502880780797692	0.0	149029	2843.3160195771015	1.0	0.3
347639.8030780044	300	29.59058612894141	0.0	157421	2912.2946518562826	1.0	0.3
347642.72169997694	300	30.67196415642136	0.0	157488	2918.62197252005	1.0	0.3
347645.246729172	300	32.146934961354006	0.0	143881	2525.029195067356	1.0	0.3
347648.10971572244	300	33.283948410892	0.0	163444	2862.9865504619997	1.0	0.3
347665.6771194964	750	19.71654463692123	0.0	401088	17567.40377397077	1.0	0.3
347670.008012128	300	19.385652005306227	0.0	159914	4330.892631615005	1.0	-0.15000000000000002
347673.3149099276	300	20.078754205673892	0.0	131610	3306.897799632333	1.0	0.3
347676.34367631713	300	21.049987816116353	0.0	124011	3028.766389557538	1.0	0.3
347681.66952498234	300	19.72413915095863	0.0	144254	5325.848665157722	1.0	0.3
347687.6919316867	300	17.701732446607778	0.0	149991	6022.406704350854	1.0	0.3
347691.23666119296	300	18.157002940367065	0.0	147968	3544.7295062407125	1.0	0.3
347694.4150274965	300	18.978636636802452	0.0	161857	3178.366303564611	1.0	0.3
347697.0970602885	300	20.29660384485968	0.0	145210	2682.0327919427773	1.0	0.3
347700.0772013225	300	21.316462810878544	0.0	172312	2980.1410339811323	1.0	0.3
347702.2636152678	300	23.130048865541735	0.0	167025	2186.4139453368084	1.0	0.3
347704.36224147194	300	25.031422661402292	0.0	160064	2098.6262041394457	1.0	0.3
347708.61727308907	750	24.776391044305534	0.0	331053	4255.031617096761	1.0	0.3
347719.3711576627	1850	18.0225064706506	0.0	846370	10753.884573654928	1.0	0.75
347725.12984283286	750	16.263821300477908	0.0	450283	5758.685170172694	1.0	0.75
347731.8337433321	750	13.559920801207987	0.0	398865	6703.90049926992	1.0	0.75
347743.2154450114	750	6.178219121998765	0.0	350812	11381.701679209222	1.0	0.75
347747.64176898	300	5.751895153346817	0.0	155432	4426.323968651948	1.0	-0.15000000000000002
347752.22422934545	300	5.169434787926002	0.0	163442	4582.460365420816	1.0	0.3
347755.2320031252	300	6.161661008194889	0.0	126289	3007.773779731113	1.0	0.3
347758.8231093011	300	6.570554832291893	0.0	153295	3591.106175902996	1.0	0.3
347762.77339007397	300	6.62027405942673	0.0	173849	3950.280772865162	1.0	0.3
347766.11972278735	300	7.2739413460756825	0.0	150710	3346.332713351049	1.0	0.3
347770.3189203356	300	7.074743797835019	0.0	139105	4199.197548240663	1.0	0.3
347773.8509251044	300	7.542739029023384	0.0	141840	3532.004768811635	1.0	0.3
347777.07228048885	300	8.321383644561395	0.0	156148	3221.3553844619864	1.0	0.3
347779.7350729736	300	9.658591159796915	0.0	160746	2662.7924847644804	1.0	0.3
347782.6989836823	300	10.694680451062357	0.0	179801	2963.910708734558	1.0	0.3
347785.02532590885	300	12.368338224550916	0.0	140051	2326.342226511441	1.0	0.3
347787.36134811526	300	14.03231601815365	0.0	138313	2336.022206397264	1.0	0.3
347789.7883859886	300	15.605278144796412	0.0	143509	2427.0378733572406	1.0	0.3
347792.33165628056	300	17.062007852803756	0.0	150616	2543.2702919926564	1.0	0.3
347795.07858302706	300	18.315081106290076	0.0	165384	2746.9267465136804	1.0	0.3
347797.40299796767	300	19.990666165694837	0.0	140881	2324.4149405952367	1.0	0.3
347799.98148401745	300	21.412180115918503	0.0	157671	2578.4860497763366	1.0	0.3
347802.4040649673	300	22.989599166103886	0.0	157812	2422.5809498146173	1.0	0.3
347804.95922312746	300	24.434441005872777	0.0	163927	2555.1581602311085	1.0	0.3
347806.9513230701	300	26.442341063267815	0.0	137654	1992.0999426049632	1.0	0.3
347808.9080951679	300	28.485568965477263	0.0	146754	1956.7720977905499	1.0	0.3
347810.92916881817	300	30.464495315194085	0.0	153938	2021.0736502831796	1.0	0.3
347816.4034556217	750	28.990208511699574	0.0	425781	5474.286803494514	1.0	0.3
347820.0528975687	750	29.34076656464434	0.0	277716	3649.4419470552307	1.0	0.75
347825.3605055227	750	28.033158610659815	0.0	400396	5307.607953984527	1.0	0.75
347830.6447633755	750	26.748900757828416	0.0	400508	5284.2578528314	1.0	0.75
347835.2665254263	750	26.12713870706916	0.0	358218	4621.7620507592555	1.0	0.75
347842.6004616972	750	22.793202436094642	0.0	400322	7333.936270974517	1.0	0.75
347847.3374033755	750	22.056260757835503	0.0	369834	4736.941678259142	1.0	0.75
347852.5245831067	750	20.869081026642185	0.0	412837	5187.179731193321	1.0	0.75
347857.61029075104	750	19.78337338227692	0.0	401088	5085.707644365262	1.0	0.75
347862.2999152276	750	19.093748905729004	0.0	365161	4689.624476547918	1.0	0.75
347866.5082891349	750	18.88537499847321	0.0	321064	4208.373907255795	1.0	0.75
347871.23744167696	750	18.15622245637275	0.0	361565	4729.152542100457	1.0	0.75
347876.18212695845	750	17.21153717490126	0.0	378327	4944.685281471491	1.0	0.75
347881.2234993657	750	16.170164767616804	0.0	390680	5041.372407284455	1.0	0.75
347885.6147664534	750	15.77889767991098	0.0	345516	4391.267087705822	1.0	0.75
347890.50332883466	750	14.890335298653063	0.0	384505	4888.562381257918	1.0	0.75
347895.2366685887	750	14.156995544607206	0.0	372093	4733.339754045857	1.0	0.75
347902.43648785463	750	10.957176278647173	0.0	438281	7199.819265960033	1.0	0.75
347908.01404521795	750	9.379618915388015	0.0	398987	5577.557363259159	1.0	0.75
347913.2871230474	750	8.106541085901648	0.0	393804	5273.077829486367	1.0	0.75
347915.11762949167	300	10.276034641609899	0.0	137507	1830.5064442917492	1.0	-0.15000000000000002
347919.25990264124	750	10.13376149208305	0.0	314107	4142.273149526849	1.0	0.3
347925.0642210974	750	8.329443035934698	0.0	450283	5804.31845614835	1.0	0.75
347927.18727601564	300	10.206388117710347	0.0	155580	2123.054918224352	1.0	-0.15000000000000002
347929.11594627413	300	12.277717859180948	0.0	139857	1928.6702585293995	1.0	0.3
347931.17193719774	300	14.221726935620936	0.0	155432	2055.9909235600117	1.0	0.3
347933.2986819525	300	16.09498218080621	0.0	163442	2126.7447548147284	1.0	0.3
347934.9583660792	300	18.43529805413861	0.0	126289	1659.6841266675974	1.0	0.3
347936.97704298154	300	20.416621151804488	0.0	153295	2018.676902334123	1.0	0.3
347939.326766419	300	22.066897714393278	0.0	173849	2349.72343741121	1.0	0.3
347941.2787439269	300	24.114920206533714	0.0	150710	1951.9775078595642	1.0	0.3
347943.0994297525	300	26.294234380883907	0.0	139105	1820.6858256498074	1.0	0.3
347944.93934768444	300	28.45431644894841	0.0	141840	1839.917931935494	1.0	0.3
347949.44048418134	300	27.95317995203323	0.0	156148	4501.136496915179	1.0	0.3
347956.1691795831	300	25.22448455032723	0.0	160746	6728.695401706003	1.0	0.3
347960.74111134873	300	24.652552784674416	0.0	179801	4571.9317656528165	1.0	0.3
347963.1901012879	300	26.203562845508703	0.0	140051	2448.989939165713	1.0	0.3
347965.61330496933	300	27.780359164103455	0.0	138313	2423.2036814052485	1.0	0.3
347967.78854153317	300	29.605122600262234	0.0	143509	2175.236563841221	1.0	0.3
347969.9661630319	300	31.427501101571597	0.0	150616	2177.6214986906384	1.0	0.3
347972.1467999254	300	33.24686420799508	0.0	165384	2180.6368935765195	1.0	0.3
347974.1097454835	300	35.28391864991577	0.0	140881	1962.9455580793185	1.0	0.3
347976.2806985429	300	37.112965590522464	0.0	157671	2170.9530593933046	1.0	0.3
347978.3790910621	300	39.014573071308824	0.0	157812	2098.3925192136358	1.0	0.3
347984.0157175831	750	37.37794655029846	0.0	401853	5636.626521010365	1.0	0.3
347992.37036641245	750	33.023297720949635	0.0	343800	8354.64882934882	1.0	0.75
347997.55841252976	750	31.835251603642586	0.0	359903	5188.046117307049	1.0	0.75
348010.455175516	750	22.93848861740445	0.0	379700	12896.76298623814	1.0	0.75
348020.84355911805	750	16.550105015393935	0.0	425781	10388.383602010512	1.0	0.75
348023.2321639777	300	18.161500155720212	0.0	111155	2388.6048596737232	1.0	-0.15000000000000002
348032.7440436863	300	12.649620447082576	0.0	153605	9511.879708637636	1.0	0.3
348037.78855445166	300	11.605109681770868	0.0	149029	5044.510765311709	1.0	0.3
348051.0232009117	300	4.0	1.6295367782973518	157421	13234.64646006822	1.0	-6.7070081466786124
348053.11669984506	300	5.906501066611225	0.0	157488	2093.4989333887743	1.0	0.3
348055.1847924457	300	7.838408466031245	0.0	143881	2068.092600579981	1.0	0.3
348058.34517595737	300	8.678024954312427	0.0	163444	3160.3835117188173	1.0	0.3
348060.6453778469	300	10.377823064805943	0.0	179328	2300.201889506482	1.0	0.3
348062.920494304	300	12.102706607714351	0.0	159914	2275.1164570915917	1.0	0.3
348068.1018314474	300	10.921369464350612	0.0	131610	5181.33714336374	1.0	0.3
348069.780387553	300	13.242813358728142	0.0	124011	1678.556105622468	1.0	0.3
348073.2071387586	300	13.816062153090968	0.0	144254	3426.751205637174	1.0	0.3
348083.88041508826	300	7.142785823468767	0.0	149991	10673.276329622202	1.0	0.3
348089.3963847315	300	5.626816180146459	0.0	147968	5515.969643322307	1.0	0.3
348092.5600821443	300	6.463118767438893	0.0	161857	3163.697412707566	1.0	0.3
348099.17823771486	300	4.0	0.1550368031726739	145210	6618.155570611567	1.0	-0.36665825364249777
348103.3693353472	300	4.0	0.1910976323179757	172312	4191.097632317976	1.0	-0.5217198189672954
348105.67221212306	300	5.697123224166992	0.0	167025	2302.8767758330077	1.0	0.3
348107.9147923776	300	7.454542969588349	0.0	160064	2242.580254578643	1.0	0.3
348110.12613624963	300	9.243199097597401	0.0	137507	2211.3438719909486	1.0	0.3
348113.3562575714	300	10.013077775791547	0.0	118421	3230.1213218058524	1.0	0.3
348120.65621733386	750	6.7131180133090815	0.0	450283	7299.959762482466	1.0	0.75
348122.8073324396	300	8.562002907541348	0.0	155580	2151.115105767733	1.0	-0.15000000000000002
348124.8414146221	300	10.52792072507328	0.0	139857	2034.0821824680684	1.0	0.3
348127.52927136817	300	11.84006397898435	0.0	155432	2687.8567460889294	1.0	0.3
348130.4411254632	300	12.92820988386851	0.0	163442	2911.8540951158393	1.0	0.3
348132.10673474864	300	15.262600598455618	0.0	126289	1665.6092854128938	1.0	0.3
348134.16493847064	300	17.2043968764768	0.0	153295	2058.203721978818	1.0	0.3
348138.0320385057	300	17.337296841430856	0.0	173849	3867.1000350459453	1.0	0.3
348140.093346206	300	19.275989141176783	0.0	150710	2061.307700254076	1.0	0.3
348141.9732846936	300	21.396050653568718	0.0	139105	1879.938487608067	1.0	0.3
348145.06778180494	300	22.301553542245113	0.0	141840	3094.497111323604	1.0	0.3
348147.17520283407	300	24.194132513086156	0.0	156148	2107.421029158959	1.0	0.3
348149.56372141896	300	25.805613928175237	0.0	160746	2388.518584910919	1.0	0.3
348151.95504082565	300	27.414294521508044	0.0	179801	2391.3194066671927	1.0	0.3
348153.87779199093	300	29.49154335623601	0.0	140051	1922.7511652720323	1.0	0.3
348155.7910196613	300	31.578315685834777	0.0	138313	1913.2276704012377	1.0	0.3
348159.5897133395	300	31.779622007646374	0.0	143509	3798.6936781884046	1.0	0.3
348162.02746438544	300	33.34187096171439	0.0	150616	2437.7510459319797	1.0	0.3
348167.098739579	300	32.27059576812084	0.0	165384	5071.2751935935485	1.0	0.3
348173.4729344207	300	29.896400926434822	0.0	140881	6374.19484168602	1.0	0.3
348179.197450774	300	28.17188457309814	0.0	157671	5724.5163533366795	1.0	0.3
348182.62441713456	300	28.744918212547827	0.0	157812	3426.9663605503174	1.0	0.3
348185.9024591387	300	29.46687620841407	0.0	163927	3278.0420041337543	1.0	0.3
348188.80569875095	300	30.563636596114012	0.0	137654	2903.239612300062	1.0	0.3
348193.4730185248	300	29.896316822275775	0.0	146754	4667.319773838238	1.0	0.3
348196.2109872776	300	31.15834806947347	0.0	153938	2737.968752802304	1.0	0.3
348201.58097919344	300	29.78835615363693	0.0	181901	5369.991915836539	1.0	0.3
348203.8619272935	300	31.507408053614316	0.0	111155	2280.9481000226137	1.0	0.3
348206.3217837734	300	33.04755157364257	0.0	153605	2459.856479971746	1.0	0.3
348208.72885586065	300	34.640479486389005	0.0	149029	2407.0720872535685	1.0	0.3
348217.4918910026	300	29.877444344465413	0.0	157421	8763.035141923592	1.0	0.3
348220.71482688724	300	30.654508459799104	0.0	157488	3222.93588466631	1.0	0.3
348227.0438081315	300	28.32552721557585	0.0	143881	6328.981244223256	1.0	0.3
348231.336434076	300	28.032901271003	0.0	163444	4292.625944572849	1.0	0.3
348235.33339029585	300	28.035945051133805	0.0	179328	3996.956219869198	1.0	0.3
348241.3487481664	300	26.020587180603563	0.0	159914	6015.357870530241	1.0	0.3
348244.3342786639	300	27.035056683046523	0.0	131610	2985.5304975570407	1.0	0.3
348247.6380688856	300	27.7312664613778	0.0	124011	3303.790221668724	1.0	0.3
348250.78600540187	300	28.583329945124145	0.0	144254	3147.9365162536565	1.0	0.3
348255.67109268816	300	27.698242658825542	0.0	149991	4885.087286298601	1.0	0.3
348259.9347257715	300	27.434609575511736	0.0	147968	4263.633083313807	1.0	0.3
348264.53683533345	300	26.832500013554434	0.0	161857	4602.109561957304	1.0	0.3
348270.09850001987	300	25.270835327202246	0.0	145210	5561.664686352186	1.0	0.3
348272.4805346921	300	26.888800654969266	0.0	172312	2382.0346722329814	1.0	0.3
348274.7919366904	300	28.577398656677136	0.0	167025	2311.401998292131	1.0	0.3
348277.86711517913	300	29.502220167938844	0.0	160064	3075.1784887382873	1.0	0.3
348287.6850019519	750	23.684333395171745	0.0	331053	9817.886772767104	1.0	0.3
348314.50198092	1200	4.0	3.1326455728917755	550906	26816.97896806352	1.0	-12.720375963434634
348326.90859898913	750	4.0	8.406618069146566	450283	12406.618069146565	1.0	-35.39845769733023
348330.07792073156	300	4.830678257580242	0.0	155580	3169.321742419758	1.0	-0.15000000000000002
348333.35868595564	300	5.549913033476555	0.0	139857	3280.7652241036876	1.0	0.3
348337.04383836023	300	5.864760628854838	0.0	155432	3685.152404621717	1.0	0.3
348350.9368152897	300	4.0	8.0282163006385	163442	13892.976929493338	1.0	-34.221330092745546
348364.0861609454	300	4.0	9.149345655708995	126289	13149.345655708996	1.0	-39.04218631954868
348371.83496712224	300	4.0	3.7488061768591243	153295	7748.806176859124	1.0	-15.819866560494233
348376.1906803429	300	4.0	0.3557132206630504	173849	4355.71322066305	1.0	-1.2295668488511167
348379.7069364063	300	4.483743936621595	0.0	150710	3516.256063378405	1.0	0.3
348382.68634182063	300	5.504338522300801	0.0	139105	2979.4054143207945	1.0	0.3
348387.4329385581	300	4.757741784846047	0.0	141840	4746.596737454754	1.0	0.3
348394.3163262471	300	4.0	2.1256459041432754	156148	6883.387688989323	1.0	-8.840277387816084
348397.2026836131	300	5.113642633993889	0.0	160746	2886.357366006111	1.0	0.3
348400.65535564034	300	5.660970606745765	0.0	179801	3452.672027248124	1.0	0.3
348402.55509170605	300	7.761234541061586	0.0	140051	1899.7360656841793	1.0	0.3
348406.32382040186	300	7.99250584525277	0.0	138313	3768.728695808815	1.0	0.3
348408.3014356366	300	10.01489061051868	0.0	143509	1977.6152347340908	1.0	0.3
348412.34477200994	300	9.97155423720845	0.0	150616	4043.3363733102315	1.0	0.3
348415.40562780265	300	10.910698444422925	0.0	165384	3060.855792785524	1.0	0.3
348417.2634517332	300	13.05287451383694	0.0	140881	1857.8239305859859	1.0	0.3
348419.3529462318	300	14.96338001526019	0.0	157671	2089.494498576748	1.0	0.3
348421.58552120184	300	16.73080504518682	0.0	157812	2232.5749700733704	1.0	0.3
348423.74173354823	300	18.574592698795442	0.0	163927	2156.2123463913767	1.0	0.3
348425.57734046434	300	20.738985782665107	0.0	137654	1835.6069161303344	1.0	0.3
348427.5022024129	300	22.81412383409972	0.0	146754	1924.8619485653853	1.0	0.3
348432.82932549604	750	21.487000750975668	0.0	379700	5327.123083124054	1.0	0.3
348443.40197466145	750	14.914351585544791	0.0	425781	10572.649165430877	1.0	0.75
348448.2039970692	300	14.112329177782442	0.0	111155	4802.022407762351	1.0	-0.15000000000000002
348451.2331954418	300	15.08313080522869	0.0	153605	3029.1983725537525	1.0	0.3
348453.2619729499	300	17.054353297065237	0.0	149029	2028.777508163453	1.0	0.3
348455.395583281	300	18.920742965980864	0.0	157421	2133.610331084374	1.0	0.3
348457.43916405534	300	20.8771621915899	0.0	157488	2043.5807743909616	1.0	0.3
348459.35637654905	300	22.959949697897088	0.0	143881	1917.2124936928128	1.0	0.3
348461.5826974351	300	24.73362881188601	0.0	163444	2226.32088601108	1.0	0.3
348463.91912560386	300	26.397200643133495	0.0	179328	2336.4281687525154	1.0	0.3
348466.01076038624	300	28.30556586077732	0.0	159914	2091.6347823561755	1.0	0.3
348471.5600781646	300	26.75624808238942	0.0	131610	5549.317778387903	1.0	0.3
348475.5993589752	300	26.71696727187274	0.0	124011	4039.2808105166782	1.0	0.3
348478.04423002864	300	28.272096218416866	0.0	144254	2444.8710534558745	1.0	0.3
348480.8720138527	300	29.444312394314196	0.0	149991	2827.7838241026743	1.0	0.3
348485.820179911	300	28.496146336081875	0.0	147968	4948.166058232322	1.0	0.3
348487.9517689304	300	30.36455731661724	0.0	161857	2131.5890194646345	1.0	0.3
348489.9964132928	300	32.31991295424016	0.0	145210	2044.6443623770842	1.0	0.3
348492.278131902	300	34.038194345056425	0.0	172312	2281.718609183724	1.0	0.3
348496.4067739154	300	33.909552331625406	0.0	167025	4128.6420134310265	1.0	0.3
348501.53251919476	750	32.78380705226903	0.0	393804	5125.7452793563725	1.0	0.3
348508.5758606837	1200	29.740465563377803	0.0	538612	7043.34148889123	1.0	0.75
348526.3675871952	2850	15.948739051927292	0.0	1364537	17791.72651145051	1.0	1.2000000000000002
348532.1325811902	750	14.183745056833052	0.0	450283	5764.993995094241	1.0	0.75
348537.20248844306	750	13.113837803964014	0.0	398865	5069.907252869038	1.0	0.75
348541.47606703127	750	12.840259215759808	0.0	350812	4273.578588204206	1.0	0.75
348546.3848266075	750	11.931499639544683	0.0	382355	4908.759576215125	1.0	0.75
348551.6253152754	750	10.69101097165404	0.0	411561	5240.488667890645	1.0	0.75
348555.72397501476	750	10.59235123225253	0.0	318564	4098.659739401508	1.0	0.75
348557.8029113423	300	12.51341490465517	0.0	153295	2078.936327597361	1.0	-0.15000000000000002
348560.1745149635	300	14.14181128349136	0.0	173849	2371.6036211638093	1.0	0.3
348562.2635329597	300	16.052793287285166	0.0	150710	2089.017996206193	1.0	0.3
348564.1273297748	300	18.188996472162973	0.0	139105	1863.7968151221953	1.0	0.3
348566.13573929004	300	20.18058695688972	0.0	141840	2008.409515273254	1.0	0.3
348568.9069779387	300	21.40934830824337	0.0	156148	2771.238648646348	1.0	0.3
348571.57687529764	300	22.739450949316073	0.0	160746	2669.8973589272955	1.0	0.3
348574.95377661864	300	23.362549628334836	0.0	179801	3376.9013209812365	1.0	0.3
348577.0137999346	300	25.30252631243417	0.0	140051	2060.023315900662	1.0	0.3
348578.8935387698	300	27.42278747719879	0.0	138313	1879.7388352353837	1.0	0.3
348580.81582042936	300	29.500505817621793	0.0	143509	1922.2816595769928	1.0	0.3
348585.73011827125	750	28.586207975767262	0.0	372963	4914.297841854533	1.0	0.3
348591.08132899576	750	27.23499725124101	0.0	405596	5351.2107245262505	1.0	0.75
348595.76780448656	750	26.548521760453372	0.0	350713	4686.475490787637	1.0	0.75
348600.7974063448	750	25.5189199022596	0.0	386472	5029.601858193771	1.0	0.75
348605.9744019764	750	24.34192427059757	0.0	399894	5176.995631662032	1.0	0.75
348611.3169129628	750	22.999413284221784	0.0	401853	5342.510986375786	1.0	0.75
348615.77408025495	750	22.542245992031166	0.0	343800	4457.167292190617	1.0	0.75
348620.4066124679	750	21.909713779125546	0.0	359903	4632.532212905624	1.0	0.75
348625.5926890462	750	20.72363720083013	0.0	379700	5186.076578295416	1.0	0.75
348631.1580408281	750	19.158285419007363	0.0	425781	5565.3517818227665	1.0	0.75
348635.19064571447	750	19.125680532582113	0.0	277716	4032.6048864252516	1.0	0.75
348640.4361090999	750	17.880217147173635	0.0	400396	5245.463385408476	1.0	0.75
348646.4082934879	750	15.908032759131638	0.0	400508	5972.184388041999	1.0	0.75
348651.2849322491	750	15.0313939978977	0.0	358218	4876.638761233939	1.0	0.75
348656.4475156556	750	13.868810591462541	0.0	400322	5162.5834064351575	1.0	0.75
348661.27348720195	750	13.042839045122182	0.0	369834	4825.971546340359	1.0	0.75
348666.70567560213	750	11.610650644886908	0.0	412837	5432.188400235274	1.0	0.75
348671.90868637303	750	10.40763987395418	0.0	401088	5203.0107709327285	1.0	0.75
348676.5693343817	750	9.746991865331504	0.0	365161	4660.648008622677	1.0	0.75
348682.2508725827	750	8.065453664291537	0.0	321064	5681.538201039966	1.0	0.75
348684.64404678583	300	9.67227946120261	0.0	124011	2393.1742030889272	1.0	-0.15000000000000002
348691.2365057527	300	7.079820494275836	0.0	144254	6592.458966926774	1.0	0.3
348693.277795944	300	9.03853030300897	0.0	149991	2041.2901912668653	1.0	0.3
348695.5227519764	300	10.793574270659237	0.0	147968	2244.956032349734	1.0	0.3
348697.6563505635	300	12.659975683495096	0.0	161857	2133.5985871641406	1.0	0.3
348699.6256621889	300	14.690664058076075	0.0	145210	1969.3116254190218	1.0	0.3
348701.94345311495	300	16.372873132113977	0.0	172312	2317.790925962097	1.0	0.3
348704.3404307959	300	17.97589545114462	0.0	167025	2396.977680969359	1.0	0.3
348710.68399299524	750	15.632333251798588	0.0	393804	6343.562199346032	1.0	0.3
348715.37567736837	750	14.940648878696294	0.0	331053	4691.684373102295	1.0	0.75
348722.6030731766	1200	11.71325307048503	0.0	550906	7227.395808211267	1.0	0.75
348728.60609933466	750	9.710226912362362	0.0	450283	6003.026158122665	1.0	0.75
348730.8119083758	300	11.504417871199863	0.0	155580	2205.8090411625003	1.0	-0.15000000000000002
348732.64593257074	300	13.670393676249711	0.0	139857	1834.0241949501524	1.0	0.3
348734.7706436817	300	15.54568256530878	0.0	155432	2124.7111109409298	1.0	0.3
348747.94348602166	750	6.372840225357366	0.0	411561	13172.842339951414	1.0	0.3
348750.0894206806	300	8.226905566397953	0.0	126289	2145.934658959413	1.0	-0.15000000000000002
348752.37576808187	300	9.940558165136029	0.0	153295	2286.347401261924	1.0	0.3
348754.7566854061	300	11.559640840915527	0.0	173849	2380.917324220501	1.0	0.3
348757.3382667356	300	12.978059511364362	0.0	150710	2581.581329551164	1.0	0.3
348759.40906368505	300	14.907262561890363	0.0	139105	2070.796949474002	1.0	0.3
348761.54813879705	300	16.768187449917686	0.0	141840	2139.0751119726774	1.0	0.3
348763.60912367905	300	18.707202567934715	0.0	156148	2060.9848819829726	1.0	0.3
348765.75381469866	300	20.562511548317808	0.0	160746	2144.691019616906	1.0	0.3
348768.8639522038	300	21.452374043159775	0.0	179801	3110.137505158031	1.0	0.3
348778.21584290825	300	16.10048333870932	0.0	140051	9351.890704450454	1.0	0.3
348782.6739489772	300	15.642377269815249	0.0	138313	4458.106068894073	1.0	0.3
348786.39916962833	300	15.917156618668217	0.0	143509	3725.220651147033	1.0	0.3
348788.76003272017	300	17.556293526837145	0.0	150616	2360.8630918310755	1.0	0.3
348790.97952854255	300	19.336797704402088	0.0	165384	2219.495822435056	1.0	0.3
348792.9115186829	300	21.404807564075174	0.0	140881	1931.9901403269134	1.0	0.3
348795.0357016606	300	23.28062458632014	0.0	157671	2124.182977755032	1.0	0.3
348797.1490922232	300	25.167234023749405	0.0	157812	2113.390562570734	1.0	0.3
348800.01475253026	300	26.301573716680707	0.0	163927	2865.6603070686965	1.0	0.3
348805.5327827788	300	24.78354346812929	0.0	137654	5518.0302485514185	1.0	0.3
348807.43227255525	300	26.8840536917241	0.0	146754	1899.489776405191	1.0	0.3
348809.42785741825	300	28.888468828736524	0.0	153938	1995.5848629875752	1.0	0.3
348815.1403268349	750	27.175999412067334	0.0	425781	5712.469416669191	1.0	0.3
348819.28051954485	750	27.035806702174074	0.0	277716	4140.192709893257	1.0	0.75
348825.00499889196	750	25.311327355069704	0.0	400396	5724.4793471043695	1.0	0.75
348830.0410749213	750	24.27525132567971	0.0	400508	5036.076029389997	1.0	0.75
348834.55383442447	750	23.76249182250867	0.0	358218	4512.759503171036	1.0	0.75
348839.5876088016	750	22.728717445373977	0.0	400322	5033.774377134694	1.0	0.75
348844.24411020044	750	22.07221604651698	0.0	369834	4656.501398857001	1.0	0.75
348849.4327511259	750	20.883575121129027	0.0	412837	5188.640925387952	1.0	0.75
348854.61361472827	750	19.702711518729323	0.0	401088	5180.8636023997005	1.0	0.75
348859.50257792504	750	18.813748321996655	0.0	365161	4888.963196732667	1.0	0.75
348863.7525338148	750	18.563792432220385	0.0	321064	4249.955889776274	1.0	0.75
348868.4215560144	750	17.894770232570473	0.0	361565	4669.022199649909	1.0	0.75
348876.31074916886	750	14.005577078122755	0.0	378327	7889.19315444772	1.0	0.75
348884.59803174005	750	9.718294506942895	0.0	390680	8287.28257117986	1.0	0.75

