12.400073040124894	750	4.0	12.400073040124894	450283	12400.073040124895	1	-52.570314072537045
15.70029476211668	300	4.699778278008214	0.0	155580	3300.221721991786	0.4147292370619375	-0.15000000000000002
18.518208835425423	300	5.881864204699472	0.0	139857	2817.914073308743	0.4147292370619375	0.3
23.201773024957642	300	5.198300015167255	0.0	155432	4683.564189532217	0.4147292370619375	0.3
26.02426767813901	300	6.375805361985886	0.0	163442	2822.4946531813684	0.4147292370619375	0.3
28.17281654897429	300	8.227256491150607	0.0	126289	2148.548870835279	0.4147292370619375	0.3
30.68713190770461	300	9.712941132420289	0.0	153295	2514.3153587303195	0.4147292370619375	0.3
33.48564475757278	300	10.914428282552123	0.0	173849	2798.5128498681665	0.4147292370619375	0.3
35.55172093699781	300	12.848352103127095	0.0	150710	2066.0761794250284	0.4147292370619375	0.3
37.141671054627906	300	15.258401985496993	0.0	139105	1589.9501176301003	0.4147292370619375	0.3
38.6184418409577	300	17.7816311991672	0.0	141840	1476.7707863297933	0.4147292370619375	0.3
40.1239025940698	300	20.276170446055097	0.0	156148	1505.4607531121019	0.4147292370619375	0.3
43.78341956635825	750	20.616653473766643	0.0	386351	3659.5169722884525	0.4147292370619375	0.3
47.891370546960054	750	20.508702493164837	0.0	434409	4107.950980601806	0.4147292370619375	0.75
54.62868413825234	750	17.77138890187255	0.0	337059	6737.313591292285	0.4147292370619375	0.75
59.41866869428567	750	16.981404345839227	0.0	366214	4789.984556033328	0.4147292370619375	0.75
64.31468320943411	750	16.085389830690787	0.0	360831	4896.01451514844	0.4147292370619375	0.75
67.86949112521974	750	16.530581914905156	0.0	372963	3554.8079157856305	0.4147292370619375	0.75
70.83806620177694	750	17.56200683834796	0.0	405596	2968.5750765571956	0.4147292370619375	0.75
73.25952701146903	750	19.14054602865586	0.0	350713	2421.4608096921015	0.4147292370619375	0.75
75.40615931082928	750	20.993913729295606	0.0	386472	2146.6322993602507	0.7503522431920571	0.75
77.5227911967396	750	22.87728184338529	0.0	399894	2116.6318859103167	0.7503522431920571	0.75
80.56640967743262	1200	23.83366336269228	0.0	656471	3043.6184806930096	0.7503522431920571	0.75
83.05315051701086	1200	25.346922523114042	0.0	536667	2486.740839578239	0.7503522431920571	1.2
85.36718894873536	1200	27.032884091389537	0.0	587236	2314.038431724503	0.7503522431920571	1.2
88.82145495047662	1850	27.578618089648284	0.0	905935	3454.2660017412536	0.7503522431920571	1.2000000000000002
92.8564566794197	1850	27.543616360705222	0.0	1076599	4035.0017289430634	0.7503522431920571	1.85
95.56573502996409	1850	28.83433801016082	0.0	758197	2709.2783505444013	0.7503522431920571	1.85
98.65961003677555	1850	29.740463003349365	0.0	972798	3093.8750068114537	0.7503522431920571	1.85
101.74077995543887	1850	30.659293084686055	0.0	975811	3081.1699186633127	0.7503522431920571	1.85
105.36855457465133	2850	31.03151846547359	0.0	1341201	3627.7746192124637	0.7503522431920571	1.85
108.90679833888012	2850	31.493274701244786	0.0	1497683	3538.2437642288005	0.7503522431920571	2.85
111.88010711383478	2850	32.51996592629013	0.0	1358081	2973.3087749546535	0.7503522431920571	2.85
115.37854530866994	2850	33.02152773145496	0.0	1587293	3498.438194835173	0.7503522431920571	2.85
125.60555963264181	4300	26.794513407483088	0.0	2307787	10227.014323971875	0.7503522431920571	2.8499999999999996
131.2352453898116	4300	25.164827650313303	0.0	2143948	5629.685757169786	0.7503522431920571	4.3
137.16269523975436	4300	23.237377800370545	0.0	1919781	5927.449849942757	0.7503522431920571	4.3
141.3653158110577	4300	23.034757229067175	0.0	2147467	4202.62057130337	0.7503522431920571	4.3
147.14880169759962	2850	21.25127134252528	0.0	1427478	5783.485886541898	0.7503522431920571	1.4000000000000001
149.32423055051726	2850	23.07584248960763	0.0	1402287	2175.4288529176447	0.7503522431920571	2.85
151.25914377659123	2850	25.140929263533668	0.0	1339500	1934.9132260739627	0.7503522431920571	2.85
155.66293136689038	2850	24.737141673234518	0.0	1527299	4403.787590299151	0.7503522431920571	2.85
160.95902862105115	2850	23.441044419073766	0.0	1343002	5296.0972541607525	0.7503522431920571	2.85
168.5637197468785	2850	19.836353293246425	0.0	1587250	7604.6911258273385	0.7503522431920571	2.85
173.9182122106708	2850	18.481860829454142	0.0	1464921	5354.492463792287	0.7503522431920571	2.85
178.87678567818458	2850	17.523287361940373	0.0	1483527	4958.573467513769	0.7503522431920571	2.85
181.7091740250281	2850	18.69089901509684	0.0	1231456	2832.388346843536	0.7503522431920571	2.85
184.71367420349787	2850	19.68639883662706	0.0	1364537	3004.500178469777	0.7503522431920571	2.85
188.8630249949973	750	19.537048045127666	0.0	450283	4149.350791499393	0.7503522431920571	0.75

