554523.1358740147	750	4.0	4.6520478755629275	450283	4652.047875562927	1	-19.253805864920587
554523.8126593744	300	7.323214640267252	0.0	155580	676.7853597327489	1	-0.15000000000000002
554524.4107918993	300	10.725082115360854	0.0	139857	598.1325249063975	1	0.3
554525.8848134762	750	13.251060538524223	0.0	382355	1474.02157683663	1	0.3
554527.4653167106	750	15.670557304136128	0.0	411561	1580.5032343880957	1	0.75
554528.706763768	750	18.429110246811433	0.0	318564	1241.4470573246965	1	0.75
554530.0724552246	750	21.063418790183892	0.0	352642	1365.6914566275398	1	0.75
554534.0188667008	1850	21.117007314056348	0.0	1060487	3946.4114761275446	1	0.75
554537.208195998	1850	21.927678016836975	0.0	852833	3189.3292972193744	1	1.85
554540.620124679	1850	22.515749335867525	0.0	913888	3411.9286809694504	1	1.85
554549.5873191205	1850	17.54855489426973	0.0	939819	8967.194441597792	1	1.85
554552.0833867412	1850	19.05248727349117	0.0	917428	2496.067620778563	1	1.85
554553.7043261494	1850	21.43154786535424	0.0	946851	1620.9394081369294	1	1.85
554563.1003826581	1850	16.035491356663595	0.0	1036454	9396.056508690646	1	1.85
554563.8993304124	1850	19.23654360235647	0.0	821631	798.9477543071253	1	1.85
554564.7871273411	1850	22.348746673633343	0.0	923170	887.7969287231236	1	1.85
554566.8371247211	1850	24.298749293606548	0.0	966699	2049.997380026797	1	1.85
554570.2196164276	1850	24.916257587193446	0.0	885714	3382.4917064130987	1	1.85
554572.555288797	1850	26.580585217693763	0.0	987708	2335.6723694996845	1	1.85
554575.1380048201	2850	27.997869194559257	0.0	1336050	2582.7160231345056	1	1.85
554577.868828882	2850	29.26704513273971	0.0	1415116	2730.824061819549	1	2.85
554580.6750193805	2850	30.46085463409267	0.0	1468126	2806.1904986470417	1	2.85
554588.5793622853	2850	26.55651172931131	0.0	1505760	7904.342904781358	1	2.85
554624.6159914938	2850	4.0	9.480117479093238	1323990	36036.62920840455	1	-37.91450516010092
554634.3811093132	300	4.0	5.765117819395713	146754	9765.117819395713	1	-27.040006623401567
554641.1900248737	300	4.0	2.8089155605261285	153938	6808.9155605261285	1	-11.77833691026235
554664.1780769143	300	4.0	18.988052040553715	181901	22988.052040553714	1	-81.34862377438097
554682.6676147883	300	4.0	14.489537873940757	111155	18489.537873940757	1	-62.00501285794525
554693.2263417734	300	4.0	6.558726985117355	153605	10558.726985117355	1	-27.902526036004623
554697.6277693035	300	4.0	0.40142753015414473	149029	4401.427530154145	1	-1.4261383796628222
554712.9160674391	300	4.0	11.288298135518469	157421	15288.29813551847	1	-48.239681982729415

