369480.96451136185	750	4.0	4.180229410885969	450283	4180.22941088597	1	-17.224986466809668
369482.17384749756	300	6.79066386425609	0.0	155580	1209.3361357439098	1	-0.15000000000000002
369484.9207639819	300	8.043747379946142	0.0	139857	2746.9164843099475	1	0.3
369488.15748628235	300	8.807025079465939	0.0	155432	3236.722300480204	1	0.3
369489.4329382045	300	11.53157315736703	0.0	163442	1275.451922098909	1	0.3
369490.4488049576	300	14.51570640418138	0.0	126289	1015.8667531856491	1	0.3
369491.6655444712	300	17.298966890595512	0.0	153295	1216.7395135858662	1	0.3
369493.00905533036	300	19.955456031463996	0.0	173849	1343.5108591315168	1	0.3
369494.4673186399	300	22.49719272187137	0.0	150710	1458.263309592624	1	0.3
369498.660778013	750	22.303733348826274	0.0	362795	4193.459373045096	1	0.3
369502.0046595566	750	22.959851805165243	0.0	353220	3343.881543661032	1	0.75
369505.85006258206	750	23.114448779737927	0.0	405134	3845.4030254273152	1	0.75
369508.72076967446	750	24.243741687355147	0.0	386351	2870.7070923827796	1	0.75
369512.8550746359	750	24.10943672594299	0.0	434409	4134.3049614121555	1	0.75
369517.7901174516	750	23.17439391023342	0.0	337059	4935.042815709572	1	0.75
369522.6982180868	750	22.266293275026662	0.0	366214	4908.100635206758	1	0.75
369526.00404393254	750	22.96046742922677	0.0	360831	3305.8258457998927	1	0.75
369528.90776183363	750	24.0567495281797	0.0	372963	2903.7179010470672	1	0.75
369535.3672677234	750	21.597243638353007	0.0	405596	6459.5058898266925	1	0.75
369538.16175072565	750	22.80276063618807	0.0	350713	2794.4830021649386	1	0.75
369541.18899258453	750	23.775518777316663	0.0	386472	3027.2418588714077	1	0.75
369544.2414326423	750	24.723078719534808	0.0	399894	3052.440057781852	1	0.75
369547.5808730123	750	25.38363834953598	0.0	401853	3339.440369998833	1	0.75
369558.38968628854	750	18.57482507332107	0.0	343800	10808.813276214907	1	0.75
369561.52263531095	750	19.441876050926165	0.0	359903	3132.9490223949037	1	0.75
369567.35805139894	750	17.606459962940335	0.0	379700	5835.416087985831	1	0.75
369571.7534842549	750	17.21102710696325	0.0	425781	4395.432855977086	1	0.75
369573.85724971263	750	19.107261649214305	0.0	277716	2103.765457748944	1	0.75
369576.83872391883	750	20.12578744301058	0.0	400396	2981.4742062037253	1	0.75
369579.86682234146	750	21.09768902042692	0.0	400508	3028.098422583663	1	0.75
369582.7287204615	750	22.23579090038438	0.0	358218	2861.898120042536	1	0.75

