3.36936317338222	750	4.0	3.36936317338222	450283	3369.36317338222	1	-13.738261645543545
4.228185708472549	300	7.1411774649096715	0.0	155580	858.8225350903288	0.8411596038234062	-0.15000000000000002
5.7263391499508	750	9.64302402343142	0.0	350812	1498.1534414782507	0.8411596038234062	0.3
7.069567476766323	750	12.299795696615899	0.0	382355	1343.2283268155227	0.8411596038234062	0.75
9.231077521429317	1200	14.138285651952904	0.0	652874	2161.510044662995	0.8411596038234062	0.75
14.977833993194643	1200	12.391529180187575	0.0	520315	5746.756471765327	0.8411596038234062	1.2
18.434715498643218	1200	12.934647674739	0.0	561791	3456.8815054485744	0.8411596038234062	1.2
20.783825338136612	1200	14.585537835245606	0.0	709534	2349.1098394933933	0.8411596038234062	1.2
22.497373031895464	1200	16.871990141486755	0.0	584846	1713.5476937588494	0.8411596038234062	1.2
23.75008202283917	1200	19.619281150543046	0.0	560821	1252.7089909437084	0.8411596038234062	1.2
26.490322328802815	1200	20.879040844579404	0.0	607410	2740.2403059636454	0.8411596038234062	1.2
28.841871999670857	1850	22.52749117371136	0.0	917428	2351.5496708680407	0.8411596038234062	1.2000000000000002
35.66118948592507	1850	19.70817368745715	0.0	946851	6819.317486254211	0.8411596038234062	1.85
46.17599684304468	1850	13.193366330337534	0.0	1036454	10514.807357119616	0.8411596038234062	1.85
59.15205724780986	1850	4.217305925572364	0.0	821631	12976.06040476517	0.8411596038234062	1.85
60.25365507735855	300	7.11570809602366	0.0	138313	1101.5978295487034	0.8411596038234062	-1.25
61.31724941807315	300	10.052113755309062	0.0	143509	1063.5943407145983	0.8411596038234062	0.3
62.31376332329462	300	13.055599850087587	0.0	150616	996.513905221475	0.8411596038234062	0.3
63.39020059141351	300	15.979162581968705	0.0	165384	1076.437268118881	0.8411596038234062	0.3
65.63371555247441	750	17.735647620907802	0.0	350713	2243.514961060901	0.8411596038234062	0.3
69.01647601832147	750	18.352887155060742	0.0	386472	3382.760465847059	0.8951989796891521	0.75
78.07191222984682	750	13.297450943535402	0.0	399894	9055.43621152534	0.8951989796891521	0.75
86.2186903779842	750	9.150672795398027	0.0	401853	8146.778148137376	0.8951989796891521	0.75
88.29702886396828	750	11.072334309413938	0.0	343800	2078.3384859840885	0.8951989796891521	0.75
90.17363095909796	750	13.195732214284252	0.0	359903	1876.6020951296869	0.8951989796891521	0.75
91.86799507686132	750	15.501368096520896	0.0	379700	1694.3641177633565	0.8951989796891521	0.75
97.60066093834321	750	13.768702235039015	0.0	425781	5732.665861481881	0.8951989796891521	0.75
99.57852356684066	750	15.790839606541574	0.0	277716	1977.8626284974396	0.8951989796891521	0.75
102.39353338514194	750	16.975829788240283	0.0	400396	2815.009818301291	0.8951989796891521	0.75
103.59550783303447	750	19.773855340347748	0.0	400508	1201.974447892533	0.8951989796891521	0.75
106.10078991524787	750	21.268573258134342	0.0	358218	2505.282082213406	0.8951989796891521	0.75
107.76485935762143	750	23.604503815760793	0.0	400322	1664.069442373552	0.8951989796891521	0.75
110.15712147307237	1200	25.212241700309875	0.0	584349	2392.262115450919	0.8951989796891521	0.75
112.24142986467773	1200	27.127933308704502	0.0	670129	2084.308391605371	0.8951989796891521	1.2
119.32842308564751	1200	24.04094008773472	0.0	690253	7086.993220969781	0.8951989796891521	1.2
125.18760936985353	1200	22.181753803528718	0.0	598727	5859.186284206003	0.8951989796891521	1.2
130.21170101490213	1200	21.157662158480125	0.0	487812	5024.091645048591	0.8951989796891521	1.2
136.08107634332075	1200	19.288286830061512	0.0	575591	5869.375328418612	0.8951989796891521	1.2
140.04006146886286	1200	19.3293017045194	0.0	605884	3958.9851255421145	0.8951989796891521	1.2
148.16081948361042	750	15.208543689771846	0.0	390680	8120.758014747553	0.8951989796891521	0.3
152.2613352040229	750	15.108027969359364	0.0	345516	4100.515720412483	0.8951989796891521	0.75
154.25158554672188	750	17.117777626660384	0.0	384505	1990.2503426989815	0.8951989796891521	0.75
156.24629956356455	750	19.123063609817716	0.0	372093	1994.714016842667	0.8951989796891521	0.75
163.14282165651812	750	16.226541516864135	0.0	438281	6896.522092953582	0.8951989796891521	0.75
166.13165769294656	750	17.237705480435714	0.0	398987	2988.83603642842	0.8951989796891521	0.75
169.2892285773546	750	18.08013459602766	0.0	393804	3157.570884408054	0.8951989796891521	0.75
175.4439430484103	1200	15.925420124971966	0.0	538612	6154.714471055693	0.8951989796891521	0.75
183.66511265708996	1850	11.704250516292301	0.0	846370	8221.169608679666	0.8951989796891521	1.2000000000000002
186.00596777102953	750	13.363395402352726	0.0	450283	2340.855113939575	0.8951989796891521	0.75
187.89109289463926	750	15.478270278742984	0.0	398865	1885.1251236097407	0.8951989796891521	0.75
189.5230329288959	750	17.84633024448634	0.0	350812	1631.9400342566437	0.8951989796891521	0.75
192.64061334384814	750	18.728749829534106	0.0	382355	3117.580414952236	0.8951989796891521	0.75

