117029.15147854944	750	4.0	1.9423451961949387	450283	1942.3451961949388	1	-7.602084343638236
117030.14778195559	750	7.003696593854615	0.0	398865	996.3034061453856	1	0.75
117031.54330585014	1200	9.6081726993097	0.0	571051	1395.5238945449157	1	0.75
117033.05408488472	1200	12.097393664718288	0.0	617681	1510.7790345914125	1	1.2
117035.55943328455	1850	13.592045264879209	0.0	996749	2505.3483998390793	1	1.2000000000000002
117037.49591108649	1850	15.655567462949687	0.0	801058	1936.4778019295227	1	1.85
117039.67447136153	1850	17.47700718789568	0.0	905515	2178.560275054005	1	1.85
117045.73199249669	1850	15.41948605274417	0.0	1060487	6057.52113515151	1	1.85
117047.93594181824	1850	17.215536731188628	0.0	852833	2203.949321555541	1	1.85
117050.36143584055	1850	18.790042708873102	0.0	913888	2425.4940223155295	1	1.85
117052.85348178771	1850	20.297996761712664	0.0	939819	2492.045947160438	1	1.85
117055.28806122186	1850	21.863417327575338	0.0	917428	2434.579434137325	1	1.85
117057.68174746103	1850	23.46973108839056	0.0	946851	2393.6862391847785	1	1.85
117065.34177305987	2850	19.809705489544314	0.0	1578343	7660.025598846243	1	1.85
117070.8709541937	2850	18.28052435572876	0.0	1231445	5529.181133815554	1	2.85
117073.2370714357	1850	19.91440711373768	0.0	923170	2366.1172419910818	1	0.8500000000000001
117075.73728306439	1850	21.414195485046367	0.0	966699	2500.211628691314	1	1.85
117079.7616431359	1850	21.389835413516668	0.0	885714	4024.3600715296984	1	1.85
117086.24580170297	1850	18.90567684644657	0.0	987708	6484.158567070096	1	1.85
117091.73312544034	1850	17.418353109080225	0.0	923755	5487.323737366348	1	1.85
117095.05824348259	1850	18.093235066836517	0.0	891604	3325.1180422437055	1	1.85
117097.96287597154	1850	19.18860257788233	0.0	955231	2904.6324889541843	1	1.85
117100.47793523702	1850	20.673543312396912	0.0	968026	2515.0592654854177	1	1.85
117102.80623850675	1850	22.34524004266288	0.0	874175	2328.3032697340323	1	1.85
117107.24630741266	1850	21.905171136756298	0.0	897976	4440.068905906585	1	1.85
117110.87775995278	2850	22.273718596631564	0.0	1480464	3631.452540124735	1	1.85
117117.8506946163	2850	19.300783933118502	0.0	1547572	6972.934663513062	1	2.85
117122.72408072374	2850	18.427397825683872	0.0	1141971	4873.3861074346305	1	2.85
117124.98897390405	1850	20.162504645359878	0.0	972798	2264.8931803239957	1	0.8500000000000001
117128.28755743726	1850	20.863921112164565	0.0	975811	3298.583533195313	1	1.85
117131.57310646048	1850	21.578372088945695	0.0	873429	3285.5490232188686	1	1.85
117133.82794309367	1850	23.323535455749674	0.0	954453	2254.83663319602	1	1.85
117136.03220715425	1850	25.119271395176046	0.0	885062	2204.264060573631	1	1.85
117140.89004417711	2850	24.26143437230054	0.0	1587293	4857.8370228755075	1	1.85
117146.05292882968	2850	23.098549719730606	0.0	1492672	5162.88465256993	1	2.85
117152.57529966082	2850	20.57617888860236	0.0	1439896	6522.370831128247	1	2.85
117157.355964814	2850	19.79551373541894	0.0	1139291	4780.66515318342	1	2.85
117164.9453626383	2850	16.20611591111824	0.0	1499009	7589.397824300701	1	2.85
117170.27419119565	2850	14.877287353771063	0.0	1427478	5328.828557347175	1	2.85
117174.75645737146	1850	14.395021177962105	0.0	930577	4482.266175808957	1	0.8500000000000001
117176.71886995337	1200	16.432608596042275	0.0	566904	1962.4125819198305	1	0.5499999999999999
117179.8698536775	1200	17.281624871910243	0.0	641452	3150.983724132032	1	1.2
117181.53739778773	1200	19.614080761686775	0.0	599477	1667.5441102234686	1	1.2
117183.9869237836	1850	21.164554765820675	0.0	973972	2449.525995866102	1	1.2000000000000002
117186.3282311563	1850	22.823247393127076	0.0	958994	2341.307372693598	1	1.85
117188.60559429614	1850	24.545884253277805	0.0	982064	2277.363139849271	1	1.85
117199.00952905955	4300	18.14194948987909	0.0	1961140	10403.934763398714	1	1.8499999999999996
117204.65340685516	4300	16.498071694272294	0.0	2155012	5643.8777956067925	1	4.3
117206.20465125336	750	18.946827296069976	0.0	450283	1551.2443982023187	1	0.75
117207.52232631488	750	21.629152234548815	0.0	398865	1317.6750615211597	1	0.75
117209.10141418596	1200	24.050064363473822	0.0	571051	1579.0878710749937	1	0.75
117214.07371202005	1850	23.077766529371438	0.0	933276	4972.297834102383	1	1.2000000000000002
117217.76390538675	1850	23.387573162687016	0.0	996749	3690.1933666844225	1	1.85
117220.0126484471	1850	25.138830102334467	0.0	801058	2248.743060352547	1	1.85
117225.68011228033	1850	23.47136626910077	0.0	905515	5667.463833233699	1	1.85
117230.02631063036	1850	23.12516791905251	0.0	1060487	4346.198350048259	1	1.85
117232.05979171522	1850	25.091686834193265	0.0	852833	2033.4810848592456	1	1.85
117234.48631707781	1850	26.665161471598093	0.0	913888	2426.52536259517	1	1.85
117238.41189006569	1850	26.739588483735083	0.0	939819	3925.5729878630104	1	1.85
117246.59949151368	1850	22.551987035733553	0.0	917428	8187.601448001528	1	1.85
117252.15635488748	1850	20.995123661926808	0.0	946851	5556.863373806742	1	1.85
117254.64553184123	1850	22.50594670817878	0.0	1036454	2489.176953748028	1	1.85
117256.71948800066	1850	24.43199054874686	0.0	821631	2073.956159431921	1	1.85
117259.28088069482	1850	25.87059785459365	0.0	923170	2561.39269415321	1	1.85
117265.10684224231	1850	24.044636307103545	0.0	966699	5825.9615474901075	1	1.85
117267.29764341521	1850	25.85383513420383	0.0	885714	2190.801172899717	1	1.85
117271.86485982973	1850	25.286618719689606	0.0	987708	4567.216414514224	1	1.85
117274.33425487971	1850	26.817223669706824	0.0	923755	2469.395049982786	1	1.85
117278.06459335747	1850	27.086885191949268	0.0	891604	3730.338477757554	1	1.85
117280.35935705087	1850	28.79212149856056	0.0	955231	2294.7636933887047	1	1.85
117284.16626156616	2850	28.98521698326445	0.0	1505760	3806.9045152961107	1	1.85
117289.86255694464	2850	27.288921604783937	0.0	1323990	5696.295378480516	1	2.85
117295.03417479355	2850	26.1173037558757	0.0	1383735	5171.617848908239	1	2.85
117301.89191221076	2850	23.259566338651915	0.0	1480464	6857.737417223784	1	2.85
117306.16766858615	2850	22.983809963268627	0.0	1547572	4275.756375383287	1	2.85
117308.88207001338	2850	24.26940853604195	0.0	1141971	2714.401427226677	1	2.85
117314.11228659637	2850	23.039191953039243	0.0	1498470	5230.216583002708	1	2.85
117318.11061706328	2850	23.04086148612308	0.0	1561263	3998.3304669161635	1	2.85
117321.58742060186	2850	23.56405794754388	0.0	1341201	3476.8035385792045	1	2.85
117327.86425431879	2850	21.28722423061655	0.0	1497683	6276.83371692733	1	2.85
117331.15069822555	2850	22.000780323843127	0.0	1358081	3286.443906773423	1	2.85
117335.04252670203	2850	22.108951847368616	0.0	1587293	3891.8284764745126	1	2.85
117341.26090227682	2850	19.890576272585406	0.0	1492672	6218.375574783207	1	2.85
117344.70184111358	2850	20.449637435819994	0.0	1439896	3440.9388367654137	1	2.85
117349.07661109687	2850	20.07486745252871	0.0	1139291	4374.769983291283	1	2.85
117356.1588960331	2850	16.992582516314684	0.0	1499009	7082.284936214026	1	2.85
117361.41658802911	1850	15.734890520298883	0.0	908665	5257.6919960158	1	0.8500000000000001
117364.76253843112	1850	16.388940118291192	0.0	930577	3345.9504020076893	1	1.85
117368.5955405463	1850	16.55593800311147	0.0	858450	3833.002115179723	1	1.85
117372.9410216206	1850	16.21045692880659	0.0	1025005	4345.481074304882	1	1.85
117375.65489310077	1850	17.496585448644378	0.0	886255	2713.8714801622086	1	1.85
117378.23984929947	1850	18.91162924993992	0.0	973972	2584.956198704457	1	1.85
117386.05861329244	1850	15.0928652569755	0.0	958994	7818.763992964421	1	1.85
117388.56741822105	1850	16.584060328357314	0.0	982064	2508.8049286181863	1	1.85
117392.37501630209	2850	16.776462247313006	0.0	1231456	3807.598081044306	1	1.85
117399.33955687757	2850	13.811921671835181	0.0	1364537	6964.540575477827	1	2.85
117400.51383701118	750	16.63764153821217	0.0	450283	1174.280133623016	1	0.75
117402.84377896591	750	18.307699583491196	0.0	398865	2329.9419547209695	1	0.75
117406.33409660302	1200	18.817381946379648	0.0	571051	3490.317637111551	1	0.75
117408.22830540944	1200	20.923173139957992	0.0	617681	1894.2088064216555	1	1.2
117410.20708883299	1200	22.94438971641769	0.0	652874	1978.7834235403018	1	1.2
117413.7316099455	1850	23.419868603904163	0.0	801058	3524.5211125135256	1	1.2000000000000002
117416.2763167185	1850	24.875161830903163	0.0	905515	2544.706773001004	1	1.85
117419.49283479874	1850	25.65864375066986	0.0	1060487	3216.518080233303	1	1.85
117421.94713773468	1850	27.204340814733268	0.0	852833	2454.3029359365946	1	1.85
117426.16048862884	1850	26.990989920579075	0.0	913888	4213.35089415419	1	1.85
117430.55478978065	1850	26.596688768761332	0.0	939819	4394.301151817744	1	1.85
117432.773518368	1850	28.377960181395466	0.0	917428	2218.728587365864	1	1.85
117438.72333586594	1850	26.428142683463456	0.0	946851	5949.817497932009	1	1.85
117443.52064013503	1850	25.630838414369464	0.0	1036454	4797.304269093992	1	1.85
117447.28197604907	1850	25.86950250033799	0.0	821631	3761.335914031476	1	1.85
117450.93562051911	1850	26.215858030282106	0.0	923170	3653.6444700558814	1	1.85
117459.05553283995	1850	22.09594570944302	0.0	966699	8119.912320839089	1	1.85
117460.71611612606	1200	24.43536242333607	0.0	581493	1660.583286106945	1	0.5499999999999999
117463.69333833037	1200	25.458140219028966	0.0	639204	2977.2222043071065	1	1.2
117465.61533528334	1200	27.53614326606064	0.0	586839	1921.9969529683258	1	1.2
117472.11159101375	1850	25.039887535652618	0.0	891604	6496.255730408023	1	1.2000000000000002
117474.33204561469	1850	26.81943293471299	0.0	955231	2220.454600939629	1	1.85
117476.89999748561	1850	28.25148106380187	0.0	968026	2567.9518709111203	1	1.85
117478.93727871859	1850	30.214199830820487	0.0	874175	2037.281232981384	1	1.85
117484.56897747457	1850	28.582501074836035	0.0	897976	5631.69875598445	1	1.85
117490.25423808403	1850	26.897240465377052	0.0	905935	5685.260609458984	1	1.85
117493.58711978627	1850	27.56435876313621	0.0	1076599	3332.881702240845	1	1.85
117499.36891307865	1850	25.782565470755703	0.0	758197	5781.793292380507	1	1.85
117501.58256169982	1850	27.568916849581104	0.0	972798	2213.6486211746032	1	1.85
117504.86444684537	1850	28.287031704032884	0.0	975811	3281.8851455482195	1	1.85
117507.10899874048	1850	30.042479808923066	0.0	873429	2244.5518951098193	1	1.85
117511.95827329943	1850	29.193205249980952	0.0	954453	4849.274558942114	1	1.85
117514.79927775825	1850	30.352200791155717	0.0	885062	2841.004458825236	1	1.85
117521.38429210597	2850	27.767186443441446	0.0	1587293	6585.014347714268	1	1.85
117525.05733433257	2850	28.094144216846615	0.0	1492672	3673.0422265948296	1	2.85
117528.46521882445	2850	28.686259724966636	0.0	1439896	3407.8844918799823	1	2.85
117534.65615013118	2850	26.495328418231164	0.0	1139291	6190.931306735471	1	2.85
117540.72791891037	2850	24.42355963904678	0.0	1499009	6071.7687791843855	1	2.85
117544.19445702383	2850	24.957021525579687	0.0	1427478	3466.538113467095	1	2.85
117548.89387352527	2850	24.25760502412478	0.0	1402287	4699.416501454909	1	2.85
117555.0916412657	2850	22.05983728371622	0.0	1339500	6197.767740408558	1	2.85
117557.71018856166	1850	23.441289987737843	0.0	1025005	2618.5472959783783	1	0.8500000000000001
117563.05248093986	1850	22.098997609529125	0.0	886255	5342.292378208719	1	1.85
117566.20545106372	1850	22.94602748567388	0.0	973972	3152.970123855244	1	1.85
117569.06887168491	1850	24.08260686448439	0.0	958994	2863.420621189488	1	1.85
117572.79534838769	2850	24.356130161711484	0.0	1483527	3726.4767027729063	1	1.85
117578.09595260785	4300	23.05552594154985	0.0	1961140	5300.6042201616365	1	2.8499999999999996
117584.22196035163	4300	20.929518197772715	0.0	2155012	6126.0077437771315	1	4.3
117585.84569142504	750	23.305787124362272	0.0	450283	1623.7310734104442	1	0.75
117588.62832361761	1850	24.52315493179979	0.0	957685	2782.6321925624793	1	0.75
117593.40167722317	1850	23.749801326228138	0.0	877771	4773.353605571655	1	1.85
117596.94510454679	1850	24.206374002614503	0.0	933276	3543.4273236136355	1	1.85
117604.1074350458	1850	21.044043503606023	0.0	996749	7162.330499008478	1	1.85
117606.16451823001	1850	22.986960319400385	0.0	801058	2057.0831842056355	1	1.85
117610.20711597841	1850	22.944362571005943	0.0	905515	4042.597748394443	1	1.85
117614.72926073112	1850	22.42221781827812	0.0	1060487	4522.144752727822	1	1.85
117616.79402661331	1850	24.357451936097213	0.0	852833	2064.7658821809086	1	1.85
117618.98047977085	1850	26.17099877854976	0.0	913888	2186.453157547454	1	1.85
117628.3503910429	1850	20.80108750649861	0.0	939819	9369.911272051146	1	1.85
117631.21354299223	1850	21.937935557164817	0.0	917428	2863.151949333796	1	1.85
117634.27456399736	1850	22.876914552045065	0.0	946851	3061.021005119751	1	1.85
117639.85231083169	1850	21.299167717716504	0.0	1036454	5577.746834328562	1	1.85
117643.407466116	1850	21.744012433396275	0.0	821631	3555.1552843202303	1	1.85
117646.1005525512	1850	23.050925998193726	0.0	923170	2693.0864352025505	1	1.85
117650.05973939832	1850	23.09173915107055	0.0	966699	3959.186847123176	1	1.85
117652.13549245692	1850	25.015986092475917	0.0	885714	2075.7530585946324	1	1.85
117654.57259898708	1850	26.57887956229972	0.0	987708	2437.1065301762005	1	1.85
117659.04033296798	1850	26.111145581405697	0.0	923755	4467.7339808940205	1	1.85
117661.23687748992	1850	27.914601059465816	0.0	891604	2196.5445219398785	1	1.85
117667.30502552878	1850	25.846453020595657	0.0	955231	6068.148038870161	1	1.85
117669.71024839717	1850	27.44123015220673	0.0	968026	2405.2228683889257	1	1.85
117671.77986940189	1850	29.37160914749729	0.0	874175	2069.6210047094414	1	1.85
117676.26455959032	2850	28.88691895907685	0.0	1383735	4484.69018842044	1	1.85
117686.60964735685	2850	22.54183119253502	0.0	1480464	10345.087766541828	1	2.85
117693.67580830559	2850	19.47567024378952	0.0	1547572	7066.160948745502	1	2.85
117696.1260220628	1850	21.02545648657601	0.0	758197	2450.2137572135084	1	0.8500000000000001
117699.3028173084	1850	21.848661240982914	0.0	972798	3176.7952455930986	1	1.85
117701.55990109021	1850	23.59157745917081	0.0	975811	2257.0837818121054	1	1.85
117704.12522496883	1850	25.02625358055214	0.0	873429	2565.3238786186707	1	1.85
117707.35524824729	1850	25.796230302095644	0.0	954453	3230.023278456497	1	1.85
117712.27735857753	1850	24.874119971841832	0.0	885062	4922.1103302538095	1	1.85
117716.74781319722	1850	24.403665352162147	0.0	1035329	4470.454619679682	1	1.85
117719.35716807823	1850	25.794310471147647	0.0	1026056	2609.3548810145007	1	1.85
117721.6658532067	1850	27.48562534268941	0.0	943942	2308.6851284582367	1	1.85
117730.29730347656	1850	22.85417507283356	0.0	728962	8631.450269855848	1	1.85
117734.498728872	1850	22.65274967738755	0.0	938587	4201.425395446012	1	1.85
117740.73014655274	1850	20.421331996643772	0.0	908665	6231.417680743777	1	1.85
117743.04637148922	1200	22.10510706016251	0.0	587506	2316.2249364812624	1	0.5499999999999999
117744.28298845285	1200	24.868490096535282	0.0	566904	1236.6169636272264	1	1.2
117746.06465116357	1200	27.086827385803787	0.0	641452	1781.6627107314964	1	1.2
117747.5834090855	1200	29.568069463873012	0.0	599477	1518.7579219307722	1	1.2
117752.6381507101	1850	28.513327839284802	0.0	973972	5054.741624588214	1	1.2000000000000002
117755.51645192364	1850	29.635026625754158	0.0	958994	2878.301213530641	1	1.85
117767.46601553832	4300	21.685463011075385	0.0	2246506	11949.563614678771	1	1.8499999999999996
117780.17717521597	4300	12.974303333425167	0.0	1961140	12711.15967765022	1	4.3
117793.48286856653	4300	4.0	0.3313900171316436	2155012	13305.69335055681	1	2.8750229263339326
117794.54228502256	750	6.940583543966982	0.0	450283	1059.4164560330182	1	0.75
117797.58889210477	750	7.89397646174585	0.0	398865	3046.6070822211323	1	0.75
117798.5403697302	750	10.942498836333085	0.0	350812	951.4776254127648	1	0.75
117799.75738675198	750	13.725481814543098	0.0	382355	1217.0170217899863	1	0.75
117801.5654204572	750	15.917448109329356	0.0	411561	1808.0337052137418	1	0.75
117802.43623418969	750	19.04663437684606	0.0	318564	870.8137324832945	1	0.75
117803.3916442682	750	22.09122429833633	0.0	352642	955.410078509731	1	0.75
117807.31598794564	1850	22.166880620908476	0.0	1060487	3924.3436774278525	1	0.75
117810.54104431916	2850	22.94182424736514	0.0	1348011	3225.056373543335	1	1.85
117818.45713002072	2850	19.02573854581624	0.0	1429765	7916.085701548902	1	2.85
117820.94251709722	1850	20.54035146932501	0.0	939819	2485.387076491228	1	0.8500000000000001
117823.2055574156	1850	22.277311150951075	0.0	917428	2263.0403183739354	1	1.85
117828.62733016885	1850	20.85553839769015	0.0	946851	5421.772753260924	1	1.85
117831.4753670783	1850	22.007501488244547	0.0	1036454	2848.0369094456055	1	1.85
117833.6707984865	1850	23.812070080034587	0.0	821631	2195.4314082099586	1	1.85
117836.02352748885	1850	25.459341077673578	0.0	923170	2352.7290023610126	1	1.85
117838.33617197977	1850	27.146696586765046	0.0	966699	2312.6444909085285	1	1.85
117843.066250645	1850	26.416617921534293	0.0	885714	4730.078665230753	1	1.85
117845.6466833429	1850	27.836185223631773	0.0	987708	2580.4326979025204	1	1.85
117848.70203490206	1850	28.780833664462648	0.0	923755	3055.3515591691257	1	1.85
117851.62494448101	1850	29.857924085518857	0.0	891604	2922.9095789437874	1	1.85
117860.86036117341	1850	24.62250739312022	0.0	955231	9235.416692398638	1	1.85
117867.73974775444	1850	21.743120812097917	0.0	968026	6879.386581022304	1	1.85
117871.25215857585	1850	22.23070999068742	0.0	874175	3512.410821410496	1	1.85
117874.38310171352	1850	23.09976685300676	0.0	897976	3130.943137680659	1	1.85
117880.05902183003	1850	21.423846736491548	0.0	905935	5675.9201165152135	1	1.85
117882.26273272467	1200	23.220135841861453	0.0	696376	2203.7108946300973	1	0.5499999999999999
117885.60757655012	1200	23.875292016410977	0.0	487160	3344.8438254504727	1	1.2
117887.31224037822	1200	26.170628188305507	0.0	622896	1704.6638281054727	1	1.2
117895.47511868668	1200	22.007749879851854	0.0	641447	8162.878308453653	1	1.2
117896.81595370788	1200	24.666914858651154	0.0	570392	1340.8350212006974	1	1.2
117898.2441482219	1200	27.238720344637326	0.0	620283	1428.19451401383	1	1.2
117899.57266837591	1200	29.910200190615694	0.0	584349	1328.5201540216283	1	1.2
117905.88998714756	1850	27.592881418965707	0.0	1035329	6317.318771649989	1	1.2000000000000002
117910.06267100222	1850	27.420197564290312	0.0	1026056	4172.683854675395	1	1.85
117913.91263547454	2850	27.57023309198473	0.0	1439896	3849.9644723055826	1	1.85
117919.65789281687	2850	25.82497574964132	0.0	1139291	5745.257342343406	1	2.85

