333710.8676027339	750	4.0	4.068253215339297	450283	4068.253215339297	1	-16.743488825958977
333714.08239545266	750	4.785207281246552	0.0	398865	3214.792718753448	0.0	0.75
333717.28447991976	750	5.583122814112134	0.0	350812	3202.084467134418	0.0	0.75
333720.77272628504	750	6.094876448877659	0.0	382355	3488.246365234475	0.0	0.75
333724.08984276245	750	6.77775997146572	0.0	411561	3317.116477411939	0.0	0.75
333726.8631928338	750	8.004409900160258	0.0	318564	2773.350071305462	0.0	0.75
333730.8190627201	750	8.04854001382063	0.0	352642	3955.8698863396285	0.0	0.75
333734.8673904507	750	8.000212283292178	0.0	437162	4048.3277305284514	0.0	0.75
333737.8758569267	750	8.991745807223385	0.0	374758	3008.466476068792	0.0	0.75
333740.7964913674	750	10.071111366567164	0.0	362795	2920.6344406562216	0.0	0.75
333743.83359878726	750	11.034003946706964	0.0	353220	3037.1074198601996	0.0	0.75
333747.2050004625	750	11.662602271510456	0.0	405134	3371.401675196506	0.0	0.75
333752.23678005644	1200	10.630822677579486	0.0	624282	5031.77959393097	0.0	0.75
333757.7181362799	1200	9.149466454109678	0.0	687371	5481.356223469808	0.0	1.2
333762.2083160701	1200	8.659286663927071	0.0	526950	4490.1797901826085	0.0	1.2
333767.0190522884	1200	7.848550445675325	0.0	587876	4810.736218251746	0.0	1.2
333772.59301751567	1200	6.274585218386719	0.0	617242	5573.965227288606	0.0	1.2
333777.53637938836	1200	5.331223345734049	0.0	581493	4943.361872652669	0.0	1.2
333783.4503427062	1200	4.0	0.5827399720591384	639204	5913.963317793187	0.0	-1.305781879854295
333786.5272687542	750	4.923073951973862	0.0	350713	3076.9260480261382	0.0	0.3
333790.59346413123	750	4.8568785749451	0.0	386472	4066.1953770287614	0.0	0.75
333793.9088542381	750	5.541488468080574	0.0	399894	3315.390106864526	0.0	0.75
333797.5850662299	750	5.86527647625361	0.0	401853	3676.211991826963	0.0	0.75
333800.6959339967	750	6.754408709539999	0.0	343800	3110.8677667136103	0.0	0.75
333805.18432169774	750	6.266021008460285	0.0	359903	4488.387701079714	0.0	0.75
333809.1207862751	750	6.3295564311685215	0.0	379700	3936.464577291764	0.0	0.75
333813.1843059533	750	6.266036752939224	0.0	425781	4063.519678229298	0.0	0.75
333815.63885050477	750	7.811492201514193	0.0	277716	2454.5445514250305	0.0	0.75
333818.70765855414	750	8.742684152137322	0.0	400396	3068.8080493768703	0.0	0.75
333822.5064997765	750	8.943842929800695	0.0	400508	3798.841222336626	0.0	0.75
333825.6104462654	750	9.839896440909007	0.0	358218	3103.9464888916896	0.0	0.75
333828.99721172615	750	10.45313098015485	0.0	400322	3386.7654607541563	0.0	0.75
333833.1612120367	1200	10.289130669641246	0.0	584349	4164.000310513604	0.0	0.75
333838.39629501256	1200	9.054047693797456	0.0	670129	5235.0829758437885	0.0	1.2
333845.42303970037	1200	6.027303005914471	0.0	690253	7026.744687882985	0.0	1.2
333850.03474130423	1200	5.415601402091329	0.0	598727	4611.701603823142	0.0	1.2
333854.2974464144	1200	5.15289629192767	0.0	487812	4262.705110163659	0.0	1.2
333859.9954686574	1200	4.0	0.5451259510664759	575591	5698.022242994146	0.0	-1.1440415895858462
333864.0380842173	750	4.0	0.04261555988417194	378327	4042.615559884172	0.0	0.1167530924980606
333867.4830587625	750	4.555025454833726	0.0	390680	3444.974545166274	0.0	0.75
333870.4184495012	750	5.61963471609156	0.0	345516	2935.390738742166	0.0	0.75
333873.6913309462	750	6.346753271098456	0.0	384505	3272.8814449931037	0.0	0.75
333876.70944280166	750	7.328641415655731	0.0	372093	3018.1118554427253	0.0	0.75
333880.13777752867	750	7.900306688693591	0.0	438281	3428.334726962141	0.0	0.75
333883.8011682529	750	8.23691596444299	0.0	398987	3663.3907242506007	0.0	0.75
333887.23003770754	750	8.808046509787715	0.0	393804	3428.869454655274	0.0	0.75
333894.7899057705	1850	5.248178446861213	0.0	830730	7559.868062926502	0.0	0.75
333902.4234491098	1850	4.0	2.3853648924439415	846370	7633.543339305154	0.0	-8.407069037508949
333906.32722576725	750	4.096223342561049	0.0	450283	3903.7766574389507	0.0	0.75
333909.5430752532	750	4.880373856601661	0.0	398865	3215.8494859593884	0.0	0.75
333913.2101849439	750	5.21326416586478	0.0	350812	3667.109690736881	0.0	0.75
333916.4645735451	750	5.958875564651551	0.0	382355	3254.388601213229	0.0	0.75
333920.40312503424	750	6.020324075528577	0.0	411561	3938.551489122974	0.0	0.75
333923.46538595593	750	6.958063153819449	0.0	318564	3062.260921709129	0.0	0.75
333926.5250901323	750	7.898358977448352	0.0	352642	3059.7041763710963	0.0	0.75
333930.41181788803	750	8.011631221714048	0.0	437162	3886.727755734304	0.0	0.75
333934.313479962	750	8.109969147767247	0.0	374758	3901.6620739468003	0.0	0.75
333938.5709890183	750	7.852460091425898	0.0	362795	4257.50905634135	0.0	0.75
333941.83258823684	750	8.590860872953035	0.0	353220	3261.5992184728634	0.0	0.75
333946.4319595241	750	7.991489585674888	0.0	405134	4599.371287278147	0.0	0.75
333949.98424875276	750	8.439200357001377	0.0	386351	3552.2892286735114	0.0	0.75
333953.57651037676	750	8.846938733026217	0.0	434409	3592.2616239751583	0.0	0.75
333957.23726690153	750	9.186182208238915	0.0	337059	3660.756524787302	0.0	0.75
333960.366371135	750	10.057077974818577	0.0	366214	3129.104233420337	0.0	0.75
333963.8586793287	750	10.564769781123454	0.0	360831	3492.308193695123	0.0	0.75
333967.28904929344	750	11.134399816348937	0.0	372963	3430.369964774516	0.0	0.75
333970.5072715538	750	11.91617755600545	0.0	405596	3218.222260343488	0.0	0.75
333975.2262493041	1200	11.197199805764962	0.0	586839	4718.977750240489	0.0	0.75
333980.61180298135	1200	9.811646128457422	0.0	601738	5385.553677307541	0.0	1.2
333985.6828739189	1200	8.740575190958818	0.0	616206	5071.070937498604	0.0	1.2
333993.46229111485	1200	4.961157995002791	0.0	656471	7779.417195956026	0.0	1.2
333996.39699194086	750	6.026457169041887	0.0	343800	2934.700825960905	0.0	0.3
333999.28995986667	750	7.133489243226233	0.0	359903	2892.9679258156534	0.0	0.75
334002.58255725243	750	7.840891857481567	0.0	379700	3292.597385744666	0.0	0.75
334006.5942259218	750	7.829223188054213	0.0	425781	4011.668669427354	0.0	0.75
334009.2403801365	750	9.183068973327755	0.0	277716	2646.154214726458	0.0	0.75
334012.8939688769	750	9.529480232974922	0.0	400396	3653.5887403528313	0.0	0.75
334016.26678230363	750	10.156666806235854	0.0	400508	3372.813426739067	0.0	0.75
334019.69136839604	750	10.732080713814701	0.0	358218	3424.5860924211543	0.0	0.75
334023.08404366055	750	11.339405449321061	0.0	400322	3392.67526449364	0.0	0.75
334028.9511611453	1200	9.472287964560119	0.0	584349	5867.117484760942	0.0	0.75
334035.5514057722	1200	6.872043337631364	0.0	670129	6600.244626928755	0.0	1.2
334041.9101069967	1200	4.513342113108538	0.0	690253	6358.701224522826	0.0	1.2
334047.6676326294	1200	4.0	1.24418351956476	598727	5757.525632673298	0.0	-4.149989134128467
334050.3638809023	750	5.303751727079438	0.0	321064	2696.2482729205626	0.0	0.3
334053.5304375733	750	6.137195056064409	0.0	361565	3166.556671015029	0.0	0.75
334056.8140555328	750	6.85357709658212	0.0	378327	3283.6179594822893	0.0	0.75
334060.81499551487	750	6.852637114498611	0.0	390680	4000.939982083508	0.0	0.75
334065.0832632914	750	6.584369337921508	0.0	345516	4268.267776577103	0.0	0.75
334068.3579902088	750	7.309642420538951	0.0	384505	3274.726917382557	0.0	0.75
334070.97502398695	750	8.69260864242141	0.0	372093	2617.033778117541	0.0	0.75
334074.4481653403	750	9.219467289068662	0.0	438281	3473.141353352748	0.0	0.75
334080.2024799985	1200	7.465152630857708	0.0	630203	5754.314658210954	0.0	0.75
334086.1265817626	1200	5.541050866764536	0.0	638661	5924.101764093171	0.0	1.2
334090.88166627253	1200	4.785966356843382	0.0	538612	4755.084509921155	0.0	1.2
334094.6808256598	1200	4.986806969635629	0.0	550906	3799.1593872077533	0.0	1.2
334098.3554559232	750	5.312176706194585	0.0	450283	3674.6302634410436	0.0	0.75
334101.6196138861	750	6.048018743252586	0.0	398865	3264.157962941999	0.0	0.75
334104.50016250106	750	7.16747012831869	0.0	350812	2880.548614933896	0.0	0.75
334108.29812462954	750	7.369507999820982	0.0	382355	3797.9621284977075	0.0	0.75
334112.5845244324	750	7.083108196995942	0.0	411561	4286.39980282504	0.0	0.75
334115.1019635906	750	8.565669038726439	0.0	318564	2517.4391582695043	0.0	0.75
334118.0783696672	750	9.589262962146833	0.0	352642	2976.406076579605	0.0	0.75
334122.07570529386	750	9.591927335492738	0.0	437162	3997.3356266540964	0.0	0.75

