517541.83113048965	750	4.0	4.180229410885969	450283	4180.22941088597	0.7	-17.224986466809668
517543.0404666254	300	6.79066386425609	0.0	155580	1209.3361357439098	0.7	-0.15000000000000002
517549.35021324706	750	4.480917242614348	0.0	350812	6309.746621641742	0.7	0.3
517550.5712707085	300	7.259859781148928	0.0	155432	1221.0574614654197	0.7	-0.15000000000000002
517553.6764236775	750	8.154706812171652	0.0	411561	3105.152968977276	0.7	0.3
517557.253695509	750	8.57743498063286	0.0	318564	3577.27183153879	0.7	0.75
517561.02470598125	750	8.806424508375748	0.0	352642	3771.0104722571127	0.7	0.75
517564.76551062847	750	9.065619861174007	0.0	437162	3740.804647201741	0.7	0.75
517568.051427823	750	9.779702666647793	0.0	374758	3285.9171945262133	0.7	0.75
517570.86125869316	750	10.969871796498309	0.0	362795	2809.830870149486	0.7	0.75
517574.33904301655	750	11.492087473100954	0.0	353220	3477.784323397355	0.7	0.75
517581.1550961224	750	8.67603436724744	0.0	405134	6816.053105853514	0.7	0.75
517585.13230086275	750	8.698829626889966	0.0	386351	3977.2047403574743	0.7	0.75
517588.72429718607	750	9.106833303571605	0.0	434409	3591.9963233183585	0.7	0.75
517594.6170250393	750	7.214105450386049	0.0	337059	5892.727853185556	0.7	0.75
517597.5315091567	750	8.299621332926227	0.0	366214	2914.484117459823	0.7	0.75
517600.4069562504	750	9.424174239240584	0.0	360831	2875.447093685644	0.7	0.75
517603.22838943545	750	10.60274105412626	0.0	372963	2821.4331851143224	0.7	0.75
517606.39464187756	750	11.436488612086933	0.0	405596	3166.2524420393293	0.7	0.75
517612.80283076165	750	9.028299727929422	0.0	350713	6408.188884157511	0.7	0.75
517620.40795505757	750	5.423175432015954	0.0	386472	7605.124295913467	0.7	0.75
517621.9785705462	300	7.852559943346445	0.0	157812	1570.6154886695097	0.7	-0.15000000000000002
517626.35678311053	300	7.4743473790242065	0.0	163927	4378.212564322238	0.7	0.3
517627.4311529215	300	10.399977568088488	0.0	137654	1074.3698109357185	0.7	0.3
517628.87490970135	300	12.956220788266055	0.0	146754	1443.7567798224331	0.7	0.3
517631.00248832937	300	14.828642160255749	0.0	153938	2127.578628010306	0.7	0.3
517632.3969064422	300	17.434224047435272	0.0	181901	1394.4181128204787	0.7	0.3
517633.28254380013	300	20.548586689503146	0.0	111155	885.6373579321275	0.7	0.3
517634.4838193336	300	23.347311156005564	0.0	153605	1201.2755334975864	0.7	0.3
517637.4689628383	750	24.36216765134676	0.0	400508	2985.1435046588053	0.7	0.3
517640.14624447783	750	25.684886011827825	0.0	358218	2677.281639518933	0.7	0.75
517643.35336331854	750	26.477767171056563	0.0	400322	3207.118840771261	0.7	0.75

