702223.9300494824	750	4.0	11.094442318336403	450283	11094.442318336403	1	-46.95610196884653
702227.1615255023	300	4.768523979984239	0.0	155580	3231.476020015762	2.993292420985183	-0.15000000000000002
702230.2480977462	300	5.68195173614841	0.0	139857	3086.5722438358275	2.993292420985183	0.3
702233.6824156869	300	6.247633795397482	0.0	155432	3434.3179407509288	2.993292420985183	0.3
702236.0044308495	300	7.925618632849433	0.0	163442	2322.015162548048	2.993292420985183	0.3
702237.3967182566	300	10.533331225670146	0.0	126289	1392.2874071792855	2.993292420985183	0.3
702238.9176102947	300	13.01243918759265	0.0	153295	1520.8920380774955	2.993292420985183	0.3
702240.3839371022	300	15.546112380075682	0.0	173849	1466.3268075169685	2.993292420985183	0.3
702241.5795273071	300	18.3505221752656	0.0	150710	1195.5902048100827	2.993292420985183	0.3
702242.5672998176	300	21.362749664766493	0.0	139105	987.7725104991073	2.993292420985183	0.3
702243.5083022974	300	24.421747184815004	0.0	141840	941.0024799514867	2.993292420985183	0.3
702244.1058567946	300	27.824192687652342	0.0	156148	597.5544971626634	2.993292420985183	0.3
702244.7186514202	300	31.211398062034917	0.0	160746	612.7946256174238	2.993292420985183	0.3
702250.0937551898	750	29.836294292454273	0.0	434409	5375.1037695806435	2.993292420985183	0.3
702255.3445705938	750	28.58547888842902	0.0	337059	5250.815404025253	2.993292420985183	0.75
702259.4617475313	750	28.468301950931323	0.0	366214	4117.176937497696	2.993292420985183	0.75
702263.4014230269	750	28.52862645533032	0.0	360831	3939.675495601004	2.993292420985183	0.75
702267.3705340456	750	28.55951543672076	0.0	372963	3969.1110186095607	2.993292420985183	0.75
702269.1750931485	300	30.754956333802443	0.0	165384	1804.5591029183154	2.993292420985183	-0.15000000000000002
702270.7486634747	300	33.18138600758196	0.0	140881	1573.5703262204795	2.993292420985183	0.3
702278.3421698336	750	29.587879648623733	0.0	386472	7593.506358958226	0.546731494573621	0.3
702284.8234089819	750	27.10664050038169	0.0	399894	6481.239148242041	0.546731494573621	0.75
702294.3383794881	750	21.59166999423177	0.0	401853	9514.970506149923	0.546731494573621	0.75
702303.248256989	750	16.681792493372186	0.0	343800	8909.877500859584	0.546731494573621	0.75
702312.5717107476	750	11.35833873481527	0.0	359903	9323.453758556914	0.546731494573621	0.75
702316.6053282075	300	11.324721274875413	0.0	153938	4033.6174599398564	0.546731494573621	-0.15000000000000002
702321.2281031592	300	10.701946323224425	0.0	181901	4622.774951650988	0.546731494573621	0.3
702324.0825394945	300	11.847509987855338	0.0	111155	2854.436335369087	0.546731494573621	0.3
702327.9965307076	300	11.933518774735203	0.0	153605	3913.991213120135	0.546731494573621	0.3
702331.7963046505	300	12.133744831829173	0.0	149029	3799.7739429060293	0.546731494573621	0.3
702335.8055434823	300	12.124506000016506	0.0	157421	4009.2388318126673	0.546731494573621	0.3
702339.8164546386	300	12.113594843661806	0.0	157488	4010.911156354701	0.546731494573621	0.3
702343.1418310594	300	12.78821842287944	0.0	143881	3325.376420782364	0.546731494573621	0.3
702352.0108072208	300	7.919242261344128	0.0	163444	8868.976161535313	0.546731494573621	0.3
702359.3559444023	300	4.574105079881985	0.0	179328	7345.137181462143	0.546731494573621	0.3
702363.9316107386	300	4.0	0.001561256453876922	159914	4575.666336335862	0.546731494573621	0.29328659724832923
702367.3995372072	300	4.532073531417546	0.0	131610	3467.9264685824537	0.546731494573621	0.3
702373.1958852817	300	4.0	1.264274543072851	124011	5796.348074490397	0.546731494573621	-5.136380535213259
702378.6146844252	300	4.0	1.4187991435487146	144254	5418.799143548715	0.546731494573621	-5.800836317259472
702385.5371198006	300	4.0	2.9224353753480017	149991	6922.435375348002	0.546731494573621	-12.266472113996405
702388.8121513159	300	4.7249684847511535	0.0	147968	3275.0315152488465	0.546731494573621	0.3
702392.2505021264	300	5.286617674094398	0.0	161857	3438.3508106567565	0.546731494573621	0.3
702395.2463600249	300	6.290759775604718	0.0	145210	2995.857898489679	0.546731494573621	0.3
702398.7136922013	300	6.823427599234408	0.0	172312	3467.3321763703107	0.546731494573621	0.3
702405.0840853237	300	4.453034476793163	0.0	167025	6370.3931224412445	0.546731494573621	0.3
702410.2459345267	300	4.0	0.70881472625275	160064	5161.849203045913	0.546731494573621	-2.747903322886825
702416.5363763545	300	4.0	2.2904418279515766	137507	6290.441827951577	0.546731494573621	-9.548899860191778
702418.7375143961	300	5.798861958504316	0.0	118421	2201.1380414956834	0.546731494573621	0.3
702426.6423953829	750	4.0	2.106019028245977	450283	7904.880986750293	0.546731494573621	-8.305881821457701
702428.8920807239	300	5.7503146590357845	0.0	155580	2249.685340964215	0.546731494573621	-0.15000000000000002
702430.9205188341	300	7.721876548846049	0.0	139857	2028.438110189736	0.546731494573621	0.3
702433.1659423192	300	9.476453063836281	0.0	155432	2245.423485009768	0.546731494573621	0.3
702435.5229582826	300	11.11943710034764	0.0	163442	2357.015963488641	0.546731494573621	0.3
702437.36237183	300	13.280023552954578	0.0	126289	1839.4135473930626	0.546731494573621	0.3
702439.5598027386	300	15.082592644357916	0.0	153295	2197.430908596663	0.546731494573621	0.3
702444.6870966778	300	13.955298705164237	0.0	173849	5127.293939193679	0.546731494573621	0.3
702449.0027202789	300	13.639675104019963	0.0	150710	4315.623601144273	0.546731494573621	0.3
702452.9921915884	300	13.650203794636552	0.0	139105	3989.471309383413	0.546731494573621	0.3
702457.5437251112	300	13.098670271967414	0.0	141840	4551.533522669137	0.546731494573621	0.3

