125182.61823283356	750	4.0	2.2849925791927914	450283	2284.9925791927913	1	-9.075468090529002
125186.02760147577	1200	4.590631357777371	0.0	611087	3409.3686422226283	0.20374769172754112	0.75
125188.65477022278	1200	5.963462610763598	0.0	571051	2627.1687470137736	0.20374769172754112	1.2
125191.92510359701	1200	6.693129236534499	0.0	617681	3270.3333742290984	0.20374769172754112	1.2
125196.53894123928	1200	6.079291594268608	0.0	652874	4613.837642265892	0.20374769172754112	1.2
125199.0956770413	1200	7.522555792239442	0.0	520315	2556.735802029166	0.20374769172754112	1.2
125201.61640279116	1200	9.001830042382323	0.0	561791	2520.725749857118	0.20374769172754112	1.2
125205.29765263535	1200	9.320580198184095	0.0	709534	3681.2498441982298	0.20374769172754112	1.2
125209.74898839879	1200	8.869244434742734	0.0	584846	4451.3357634413605	0.20374769172754112	1.2
125212.44189016114	1200	10.176342672394453	0.0	560821	2692.901762348282	0.20374769172754112	1.2
125215.86028015135	1200	10.757952682186763	0.0	607410	3418.3899902076887	0.20374769172754112	1.2
125218.78508835079	1200	11.833144482744828	0.0	594078	2924.8081994419344	0.20374769172754112	1.2
125221.89312067365	1200	12.725112159886297	0.0	624282	3108.032322858531	0.20374769172754112	1.2
125225.02243366522	1200	13.595799168319322	0.0	687371	3129.312991566974	0.20374769172754112	1.2
125228.91589969823	1850	13.702333135301268	0.0	821631	3893.466033018055	0.20374769172754112	1.2000000000000002
125233.12310301366	1850	13.495129819882553	0.0	923170	4207.203315418716	0.20374769172754112	1.85
125237.58582723624	1850	13.032405597302011	0.0	966699	4462.724222580542	0.20374769172754112	1.85
125241.63684423307	1850	12.981388600477473	0.0	885714	4051.01699682454	0.20374769172754112	1.85
125247.14085771036	1850	11.477375123176795	0.0	987708	5504.013477300678	0.20374769172754112	1.85
125251.72655665706	1850	10.891676176482408	0.0	923755	4585.698946694388	0.20374769172754112	1.85
125255.8467774023	1850	10.771455431239323	0.0	891604	4120.220745243086	0.0	1.85
125260.4449171024	1850	10.173315731138267	0.0	955231	4598.139700101055	0.0	1.85
125265.37939637942	1850	9.238836454120346	0.0	968026	4934.479277017921	0.0	1.85
125269.58522032824	1850	9.033012505293161	0.0	874175	4205.823948827185	0.0	1.85
125273.98237410354	1850	8.635858729997064	0.0	897976	4397.1537752960985	0.0	1.85
125278.51917757108	1850	8.099055262443796	0.0	905935	4536.803467553268	0.0	1.85
125284.89986940153	1850	5.718363432003485	0.0	1076599	6380.691830440312	0.0	1.85
125288.51288721329	1850	6.1053456202481735	0.0	758197	3613.01781175531	0.0	1.85
125293.07953257347	1850	5.538700260078189	0.0	972798	4566.645360169985	0.0	1.85
125297.66430798666	1850	4.953924846877681	0.0	975811	4584.775413200508	0.0	1.85
125302.08868317587	1850	4.529549657676668	0.0	873429	4424.375189201012	0.0	1.85
125307.00223622507	1850	4.0	0.38400339152401286	954453	4913.553049200681	0.0	0.19878541644674486
125309.94510648747	1200	5.057129737601543	0.0	584349	2942.870262398457	0.0	0.5499999999999999
125313.21145355339	1200	5.790782671680552	0.0	670129	3266.34706592099	0.0	1.2
125316.4492300195	1200	6.553006205582721	0.0	690253	3237.776466097831	0.0	1.2
125321.64183667446	1850	5.360399550610228	0.0	943942	5192.606654972494	0.0	1.2000000000000002

