907800.8592821544	750	4.0	2.891597896370919	450283	2891.597896370919	1	-11.68387095439495
907802.5770946165	750	6.282187537744863	0.0	398865	1717.8124622551368	0.7027800069280737	0.75
907804.3216724449	750	8.537609709351788	0.0	350812	1744.577828393076	0.7027800069280737	0.75
907806.5929141468	750	10.266368007529525	0.0	382355	2271.241701822262	0.7027800069280737	0.75
907808.5893912952	750	12.269890859086024	0.0	411561	1996.4771484435	0.7027800069280737	0.75
907810.7327272475	1200	14.126554906857244	0.0	520315	2143.3359522287806	0.7027800069280737	0.75
907813.303103054	1200	15.556179100440744	0.0	561791	2570.375806416499	0.7027800069280737	1.2
907815.9362868787	1200	16.922995275606446	0.0	709534	2633.1838248343	0.7027800069280737	1.2
907818.6612891748	1200	18.19799297957356	0.0	584846	2725.002296032886	0.7027800069280737	1.2
907822.5888019634	1200	18.27048019100627	0.0	560821	3927.5127885672878	0.7027800069280737	1.2
907824.7534610608	1200	20.105821093521488	0.0	607410	2164.6590974847804	0.7027800069280737	1.2
907828.3945045162	1200	20.464777638180074	0.0	594078	3641.0434553414143	0.7027800069280737	1.2
907832.2229275568	1200	20.636354597455508	0.0	624282	3828.423040724564	0.7027800069280737	1.2
907834.773489005	1200	22.08579314924311	0.0	687371	2550.561448212402	0.7027800069280737	1.2
907836.432094859	1200	24.427187295325037	0.0	526950	1658.6058539180704	0.7027800069280737	1.2
907844.516917438	1200	20.34236471627586	0.0	587876	8084.822579049177	0.7027800069280737	1.2
907847.2421835033	1200	21.617098650929144	0.0	617242	2725.266065346718	0.7027800069280737	1.2
907850.0474105715	1200	22.811871582817083	0.0	581493	2805.2270681120613	0.7027800069280737	1.2
907859.0829690925	1200	17.776313061820453	0.0	639204	9035.558520996632	0.7027800069280737	1.2
907864.8589102754	1200	16.000371878924412	0.0	586839	5775.941182896039	0.7027800069280737	1.2
907877.6553426764	1200	7.203939477865317	0.0	601738	12796.432401059095	0.24078405622271346	1.2
907883.5158560945	750	5.34342605963574	0.0	399894	5860.513418229577	0.24078405622271346	0.3
907885.1483053688	300	7.710976785302809	0.0	163927	1632.449274332931	0.24078405622271346	-0.15000000000000002
907886.6720665911	300	10.187215563092039	0.0	137654	1523.7612222107705	0.24078405622271346	0.3
907888.0984891235	300	12.760793030750975	0.0	146754	1426.4225323410647	0.24078405622271346	0.3
907889.337726934	300	15.52155522031111	0.0	153938	1239.2378104398654	0.24078405622271346	0.3
907893.8052442408	750	15.054037913533818	0.0	425781	4467.51730677729	0.24078405622271346	0.3
907901.9306074666	750	10.928674687681713	0.0	277716	8125.363225852105	0.24078405622271346	0.75
907907.5878024558	750	9.271479698473307	0.0	400396	5657.194989208408	0.24078405622271346	0.75
907912.4336962708	750	8.425585883375163	0.0	400508	4845.893815098146	0.24078405622271346	0.75
907916.6648025912	750	8.194479562956607	0.0	358218	4231.106320418556	0.24078405622271346	0.75
907921.9768887418	750	6.882393412252244	0.0	400322	5312.086150704363	0.24078405622271346	0.75
907927.7920824483	300	5.06719970589467	0.0	143881	5815.193706357574	0.24078405622271346	-0.15000000000000002
907931.5145760701	300	5.344706084088314	0.0	163444	3722.4936218063567	0.24078405622271346	0.3
907934.8491907693	300	6.0100913849095745	0.0	179328	3334.6146991787386	0.24078405622271346	0.3
907937.9731989679	300	6.886083186323887	0.0	159914	3124.0081985856873	0.24078405622271346	0.3
907944.0819382782	300	4.777343875953066	0.0	131610	6108.739310370822	0.24078405622271346	0.3
907947.3243377154	300	5.53494443874442	0.0	124011	3242.399437208646	0.24078405622271346	0.3
907948.6515072108	300	8.207774943275336	0.0	144254	1327.1694954690852	0.24078405622271346	0.3
907949.7300755648	300	11.129206589245266	0.0	149991	1078.5683540300695	0.24078405622271346	0.3
907950.7803601964	300	14.078921957725992	0.0	147968	1050.284631519275	0.24078405622271346	0.3
907951.8950736407	300	16.96420851339123	0.0	161857	1114.7134443347613	0.24078405622271346	0.3
907956.008802513	750	16.850479641057348	0.0	372093	4113.728872333882	0.24078405622271346	0.3
907959.20538231	750	17.653899844148143	0.0	438281	3196.5797969092064	0.24078405622271346	0.75
907964.4656683862	1200	16.393613767853278	0.0	630203	5260.286076294862	0.24078405622271346	0.75
907970.1229281484	1850	14.736354005666275	0.0	982064	5657.259762187004	0.24078405622271346	1.2000000000000002
907977.3115761456	1850	11.547706008466074	0.0	830730	7188.647997200203	0.24078405622271346	1.85
907983.7246566159	2850	9.13462553819065	0.0	1364537	6413.080470275424	0.24078405622271346	1.85
907986.3111542691	750	10.54812788493866	0.0	450283	2586.497653251988	0.24078405622271346	0.75
907992.4539048772	1200	8.405377276801167	0.0	611087	6142.750608137494	0.24078405622271346	0.75
907997.5084341042	1200	7.350848049740284	0.0	571051	5054.529227060882	0.24078405622271346	1.2
908004.2262481396	1200	4.633034014363403	0.0	617681	6717.814035376881	0.24078405622271346	1.2
908007.2168879807	750	5.642394173234957	0.0	411561	2990.639841128446	0.24078405622271346	0.3
908008.690947472	750	8.168334681945975	0.0	318564	1474.0594912889828	0.24078405622271346	0.75
908010.1647111838	750	10.694570970156224	0.0	352642	1473.7637117897502	0.24078405622271346	0.75
908014.1588700433	1200	10.700412110537808	0.0	709534	3994.1588596184156	0.24078405622271346	0.75
908017.9151627258	1200	10.944119428098602	0.0	584846	3756.2926824392066	0.24078405622271346	1.2
908021.6488403523	1200	11.210441801579911	0.0	560821	3733.677626518691	0.24078405622271346	1.2
908024.4994790455	1200	12.359803108375695	0.0	607410	2850.638693204215	0.24078405622271346	1.2
908028.0400575419	1200	12.81922461192084	0.0	594078	3540.578496454857	0.24078405622271346	1.2
908033.3980152013	1200	11.461266952576104	0.0	624282	5357.957659344736	0.24078405622271346	1.2
908038.8177031192	1200	10.041579034651452	0.0	687371	5419.687917924652	0.24078405622271346	1.2
908041.2491273214	1200	11.61015483257929	0.0	526950	2431.4242020721613	0.24078405622271346	1.2
908044.6324542514	1200	12.226827902477698	0.0	587876	3383.326930101591	0.24078405622271346	1.2
908046.8489757063	1200	14.010306447714502	0.0	617242	2216.5214547631963	0.24078405622271346	1.2
908049.5139746128	1200	15.345307541064319	0.0	581493	2664.998906650182	0.24078405622271346	1.2
908059.8039171625	1850	9.055364991482733	0.0	987708	10289.942549581587	0.24078405622271346	1.2000000000000002
908064.7684149724	1850	8.090867181614389	0.0	923755	4964.497809868344	0.24078405622271346	1.85
908066.8516736146	1200	10.007608539274072	0.0	601738	2083.2586423403163	0.24078405622271346	0.5499999999999999
908070.6196881763	1200	10.239593977662054	0.0	616206	3768.014561612017	0.24078405622271346	1.2
908072.9679101983	1200	11.891371955676599	0.0	656471	2348.222021985455	0.24078405622271346	1.2
908074.9926089682	1200	13.86667318578377	0.0	536667	2024.698769892829	0.24078405622271346	1.2
908079.3553681583	1850	13.503913995594056	0.0	897976	4362.759190189713	0.24078405622271346	1.2000000000000002
908083.4642332857	1850	13.395048868104798	0.0	905935	4108.865127489257	0.24078405622271346	1.85
908088.7754733055	1850	12.083808848387223	0.0	1076599	5311.240019717573	0.24078405622271346	1.85
908092.101693613	1850	12.757588540878649	0.0	758197	3326.220307508575	0.24078405622271346	1.85
908095.9626244236	1850	12.896657730271047	0.0	972798	3860.9308106076014	0.24078405622271346	1.85
908098.9190135356	1850	13.940268618100028	0.0	975811	2956.3891121710185	0.24078405622271346	1.85
908103.3094051523	1850	13.549877001355162	0.0	873429	4390.391616744867	0.24078405622271346	1.85
908108.0611859855	1850	12.798096168199464	0.0	954453	4751.780833155697	0.24078405622271346	1.85
908120.7176904563	1850	4.141591697408457	0.0	885062	12656.504470791007	0.24078405622271346	1.85
908123.1020400765	750	5.757242077162974	0.0	412837	2384.3496202454835	0.24078405622271346	-0.3500000000000001
908125.4364537492	750	7.422828404449991	0.0	401088	2334.4136727129835	0.24078405622271346	0.75
908127.1935395795	750	9.665742574144526	0.0	365161	1757.0858303054647	0.24078405622271346	0.75
908128.5002283336	750	12.359053820019634	0.0	321064	1306.6887541248918	0.24078405622271346	0.75
908130.907526858	1200	13.951755295508013	0.0	575591	2407.2985245116197	0.24078405622271346	0.75
908134.6656572369	1850	14.193624916687815	0.0	908665	3758.130378820198	0.24078405622271346	1.2000000000000002
908138.3892231113	1850	14.470059042293817	0.0	930577	3723.565874393998	0.24078405622271346	1.85
908143.146114343	1850	13.713167810682455	0.0	858450	4756.891231611363	0.24078405622271346	1.85
908146.2959061099	1850	14.56337604378253	0.0	1025005	3149.791766899925	0.24078405622271346	1.85
908149.9801729743	1850	14.879109179206983	0.0	886255	3684.266864575546	0.24078405622271346	1.85

