125024.42250228609	750	4.0	2.1545193483574305	450283	2154.5193483574303	1	-8.51443319793695
125026.5764088941	750	5.846093391980237	0.0	398865	2153.906608019763	0.2162888448437687	0.75
125028.46574950826	750	7.956752777821528	0.0	350812	1889.3406141587088	0.2162888448437687	0.75
125031.09051514449	750	9.33198714159445	0.0	382355	2624.7656362270786	0.2162888448437687	0.75
125033.14368422636	750	11.278818059713169	0.0	411561	2053.1690818812813	0.2162888448437687	0.75
125035.62259772279	1200	12.799904563292184	0.0	520315	2478.9134964209843	0.2162888448437687	0.75
125038.906958834	1200	13.51554345206271	0.0	561791	3284.3611112294752	0.2162888448437687	1.2
125045.49138362882	1200	10.931118657248279	0.0	709534	6584.424794814431	0.2162888448437687	1.2
125048.23958570533	1200	12.182916580721146	0.0	584846	2748.202076527131	0.2162888448437687	1.2
125051.09832494476	1200	13.324177341293364	0.0	560821	2858.739239427783	0.2162888448437687	1.2
125054.13210671868	1200	14.290395567377127	0.0	607410	3033.7817739162374	0.2162888448437687	1.2
125057.15590821471	1200	15.266594071326367	0.0	594078	3023.80149605076	0.2162888448437687	1.2
125060.26181837081	1200	16.16068391523913	0.0	624282	3105.9101560872377	0.2162888448437687	1.2
125063.88355750432	1200	16.538944781720392	0.0	687371	3621.739133518737	0.2162888448437687	1.2
125068.10987268528	1850	16.31262960076994	0.0	821631	4226.315180950448	0.2162888448437687	1.2000000000000002
125072.47777148928	1850	15.94473079676853	0.0	923170	4367.898804001411	0.2162888448437687	1.85
125077.34670548273	1850	15.07579680331092	0.0	966699	4868.933993457609	0.2162888448437687	1.85
125081.53822706283	1850	14.884275223205979	0.0	885714	4191.521580104942	0.2162888448437687	1.85
125086.21016988954	1850	14.212332396507776	0.0	987708	4671.942826698202	0.2162888448437687	1.85
125090.59135114888	1850	13.831151137170101	0.0	923755	4381.181259337674	0.2162888448437687	1.85
125094.71679202028	1850	13.705710265774899	0.0	891604	4125.4408713952025	0.41835753596367997	1.85
125100.26895533148	1850	12.153546954560431	0.0	955231	5552.1633112144655	0.41835753596367997	1.85
125104.9220594108	1850	11.50044287523326	0.0	968026	4653.104079327171	0.41835753596367997	1.85
125109.67788401828	1850	10.744618267758488	0.0	874175	4755.824607474774	0.41835753596367997	1.85
125113.98236848225	1850	10.44013380380116	0.0	897976	4304.484463957327	0.41835753596367997	1.85
125118.31079778713	1850	10.111704498916945	0.0	905935	4328.429304884215	0.41835753596367997	1.85
125124.30844889884	1850	8.114053387209028	0.0	1076599	5997.651111707917	0.41835753596367997	1.85
125126.7012023065	1200	9.721299979540646	0.0	487160	2392.7534076683805	0.41835753596367997	0.5499999999999999
125129.54853934443	1200	10.873962941626887	0.0	622896	2847.3370379137586	0.41835753596367997	1.2
125132.6353978432	1200	11.787104442867037	0.0	641447	3086.8584987598497	0.41835753596367997	1.2
125136.74288605094	1200	11.67961623512456	0.0	570392	4107.488207742478	0.41835753596367997	1.2
125139.5666277686	1200	12.855874517478915	0.0	620283	2823.7417176456433	0.41835753596367997	1.2
125142.4027535409	1200	14.019748745170556	0.0	584349	2836.1257723083577	0.41835753596367997	1.2
125145.71050763105	1200	14.71199465502218	0.0	670129	3307.7540901483762	0.41835753596367997	1.2
125148.7852962409	1200	15.637206045180204	0.0	690253	3074.788609841976	0.41835753596367997	1.2
125151.67534236303	1200	16.747159923043714	0.0	598727	2890.046122136487	0.41835753596367997	1.2
125155.02796324948	1850	17.394539036592413	0.0	728962	3352.6208864512996	0.41835753596367997	1.2000000000000002
125160.71217984484	1850	15.710322441230884	0.0	938587	5684.216595361529	0.41835753596367997	1.85
125165.73399432866	1850	14.68850795740831	0.0	908665	5021.8144838225735	0.41835753596367997	1.85
125170.76585749525	1850	13.656644790819067	0.0	930577	5031.863166589242	0.41835753596367997	1.85
125175.42420354209	1850	12.998298743978244	0.0	858450	4658.346046840823	0.41835753596367997	1.85
125180.33324025436	1850	12.089262031710328	0.0	1025005	4909.036712267916	0.41835753596367997	1.85

