436226.0456233556	750	4.0	2.0047767081862182	450283	2004.7767081862182	0.8	-7.870539845200739
436227.54026973393	1200	6.5053536217180605	0.0	611087	1494.646378281939	0.8	0.75
436230.1662336636	1850	7.879389692020474	0.0	877771	2625.9639296975874	0.8	1.2000000000000002
436234.13348408364	2850	7.912139271989195	0.0	1520281	3967.2504200312774	0.8	1.85
436239.98989381874	2850	6.055729536922895	0.0	1472558	5856.4097350663005	0.8	2.85
436244.343149352	2850	5.702474003674117	0.0	1224260	4353.255533248778	0.8	2.85
436246.65825856756	1850	7.387364788094835	0.0	905515	2315.109215579281	0.8	0.8500000000000001
436250.68071722134	1850	7.3649061343351025	0.0	1060487	4022.458653759734	0.8	1.85
436252.80461663904	1850	9.241006716633965	0.0	852833	2123.899417701137	0.8	1.85
436258.15105680015	1850	7.894566555509922	0.0	913888	5346.440161124043	0.8	1.85
436260.567697686	1850	9.477925669618282	0.0	939819	2416.6408858916393	0.8	1.85
436263.3124788346	1850	10.733144521090813	0.0	917428	2744.781148527468	0.8	1.85
436267.1477537951	1850	10.89786956060272	0.0	946851	3835.274960488094	0.8	1.85
436272.2394608256	1850	9.806162530040353	0.0	1036454	5091.707030562366	0.8	1.85
436275.2993213991	1850	10.746301956484622	0.0	821631	3059.860573555732	0.8	1.85
436278.56760378426	1850	11.478019571346277	0.0	923170	3268.282385138346	0.8	1.85
436281.8995784715	1850	12.14604488411419	0.0	966699	3331.9746872320866	0.8	1.85
436284.9895983947	1850	13.05602496089522	0.0	885714	3090.0199232189693	0.8	1.85
436292.1572027834	1850	9.888420572199346	0.0	987708	7167.604388695873	0.8	1.85
436295.0535284282	1850	10.992094927396545	0.0	923755	2896.3256448027996	0.8	1.85
436297.5686712516	1850	12.476952103998556	0.0	891604	2515.142823397989	0.8	1.85
436300.3960377968	1850	13.649585558777694	0.0	955231	2827.366545220861	0.8	1.85
436304.1021799844	1850	13.943443371177475	0.0	968026	3706.1421876002205	0.8	1.85
436306.55878246325	1850	15.486840892326274	0.0	874175	2456.602478851201	0.8	1.85
436309.12634114287	1850	16.919282212658693	0.0	897976	2567.558679667579	0.8	1.85
436313.6988111281	2850	16.346812227458738	0.0	1480464	4572.469985199956	0.8	1.85
436320.7978282755	2850	13.2477950800342	0.0	1547572	7099.017147424539	0.8	2.85
436324.0431587085	2850	14.002464647036831	0.0	1141971	3245.3304329973685	0.8	2.85
436328.94184734713	2850	13.1037760084315	0.0	1498470	4898.688638605329	0.8	2.85
436332.45047418296	2850	13.595149172622017	0.0	1561263	3508.6268358094844	0.8	2.85
436335.74326541054	2850	14.302357945067703	0.0	1341201	3292.791227554315	0.8	2.85
436339.41873232083	2850	14.626891034783402	0.0	1497683	3675.4669102843013	0.8	2.85
436343.5704587141	2850	14.475164641570247	0.0	1358081	4151.726393213154	0.8	2.85
436351.19984151464	2850	10.845781841017473	0.0	1587293	7629.382800552774	0.8	2.85
436354.37383678096	2850	11.671786574728795	0.0	1492672	3173.995266288677	0.8	2.85
436357.5462345277	2850	12.49938882800394	0.0	1439896	3172.3977467248556	0.8	2.85
436360.073036881	2850	13.972586474734047	0.0	1139291	2526.8023532698935	0.8	2.85
436364.0348008623	2850	14.010822493395747	0.0	1499009	3961.7639813383016	0.8	2.85
436368.7828352274	2850	13.262788128312849	0.0	1427478	4748.034365082897	0.8	2.85
436379.6011301737	2850	6.4444931819630815	0.0	1402287	10818.294946349766	0.8	2.85
436383.778934507	1850	6.266688848682136	0.0	858450	4177.804333280946	0.8	0.8500000000000001
436390.9418843423	1850	4.0	0.8962609866212579	1025005	7162.949835303394	0.8	-2.0039222424714085
436392.9147162918	1200	6.027168050439422	0.0	599477	1972.8319495605783	0.8	0.5499999999999999
436395.4970574637	1200	7.444826878600801	0.0	634861	2582.34117183862	0.8	1.2
436398.99280141626	1850	7.949082926007195	0.0	958994	3495.743952593606	0.8	1.2000000000000002
436402.92483908817	1850	8.017045254114159	0.0	982064	3932.0376718930365	0.7	1.85
436408.4784192447	1850	6.463465097555648	0.0	830730	5553.580156558511	0.7	1.85
436411.63134376565	1850	7.310540576572497	0.0	846370	3152.924520983151	0.7	1.85
436413.2737770516	750	9.66810729066391	0.0	450283	1642.4332859085873	0.7	0.75
436414.73779544135	750	12.204088900931389	0.0	398865	1464.0183897325207	0.7	0.75
436417.7383910801	1850	13.20349326214477	0.0	877771	3000.5956387866195	0.7	0.75
436424.2769164267	1850	10.664967915546642	0.0	933276	6538.525346598128	0.7	1.85
436431.5973565476	1850	7.344527794645507	0.0	996749	7320.440120901135	0.7	1.85
436434.75925219036	1200	8.1826321518988	0.0	520315	3161.895642746708	0.7	0.5499999999999999
436437.5995604847	1200	9.342323857562347	0.0	561791	2840.3082943364516	0.7	1.2
436443.25935399154	1200	7.68253035071948	0.0	709534	5659.793506842867	0.7	1.2
436447.6713344321	1200	7.270549910247817	0.0	584846	4411.980440471663	0.7	1.2
436450.40582258865	1200	8.536061753634876	0.0	560821	2734.48815661294	0.7	1.2
436453.2969290192	1200	9.644955323128888	0.0	607410	2891.106430505989	0.7	1.2
436456.5706271125	1200	10.3712572298109	0.0	594078	3273.6980933179893	0.7	1.2
436465.91799724434	1200	5.023887097948032	0.0	624282	9347.370131862866	0.7	1.2
436468.36064461124	750	6.5812397310399895	0.0	434409	2442.6473669080433	0.7	0.3
436469.7771098744	750	9.164774467843642	0.0	337059	1416.4652631963452	0.7	0.75
436471.07214786654	750	11.86973647571836	0.0	366214	1295.0379921252822	0.7	0.75
436473.97859912214	750	12.963285220089382	0.0	360831	2906.4512556289765	0.7	0.75
436475.3583616829	750	15.583522659386759	0.0	372963	1379.7625607026243	0.7	0.75
436477.71817679185	1200	17.223707550413174	0.0	639204	2359.8151089735843	0.7	0.75
436479.82307785825	1200	19.118806483988454	0.0	586839	2104.9010664247207	0.7	1.2
436482.2840865071	1200	20.657797835175487	0.0	601738	2461.0086488129664	0.7	1.2
436486.2322556536	1850	20.709628688641317	0.0	955231	3948.1691465341682	0.7	1.2000000000000002
436490.37025213684	1850	20.57163220540961	0.0	968026	4137.996483231708	0.7	1.85
436493.1840981939	1850	21.757786148326446	0.0	874175	2813.846057083162	0.7	1.85
436496.3285003988	1850	22.613383943444013	0.0	897976	3144.402204882435	0.7	1.85
436503.1467578811	2850	19.79512646107902	0.0	1480464	6818.257482364994	0.7	1.85
436512.48607001966	2850	14.455814322544573	0.0	1547572	9339.312138534444	0.7	2.85
436515.938634067	1850	15.003250275237209	0.0	758197	3452.564047307364	0.7	0.8500000000000001
436520.75556480367	1850	14.18631953859821	0.0	972798	4816.930736638999	0.7	1.85
436527.254895186	1850	11.686989156273212	0.0	975811	6499.330382324998	0.7	1.85
436532.406258953	1850	10.535625389282535	0.0	873429	5151.363766990677	0.7	1.85
436538.14091691584	1850	8.80096742643003	0.0	954453	5734.657962852505	0.7	1.85
436542.9686991328	1200	7.973185209457959	0.0	584349	4827.782216972071	0.7	0.5499999999999999
436547.70472206903	1200	7.23716227323113	0.0	670129	4736.022936226829	0.7	1.2
436552.04273430817	1200	6.89915003406179	0.0	690253	4338.012239169339	0.7	1.2
436557.3769523201	1200	5.56493202211972	0.0	598727	5334.21801194207	0.7	1.2
436559.51884108543	1200	7.423043256756819	0.0	487812	2141.888765362901	0.7	1.2
436561.71580350556	1200	9.226080836634733	0.0	575591	2196.9624201220877	0.7	1.2
436564.0006752206	1200	10.941209121563803	0.0	605884	2284.871715070928	0.7	1.2
436565.9959459123	1200	12.945938429884247	0.0	587506	1995.2706916795555	0.7	1.2
436567.8504349781	1200	15.091449364123672	0.0	566904	1854.4890657605742	0.7	1.2
436569.9431224423	1200	16.998761899893815	0.0	641452	2092.687464229857	0.7	1.2
436573.9967624919	1850	16.94512185033422	0.0	886255	4053.640049559595	0.7	1.2000000000000002
436577.2417902818	1850	17.700094060454703	0.0	973972	3245.027789879517	0.7	1.85
436584.9453220258	2850	13.9965623164438	0.0	1464921	7703.531744010903	0.7	1.85
436589.47044677404	2850	13.471437568143418	0.0	1483527	4525.124748300383	0.7	2.85
436592.6567836007	2850	14.285100741514833	0.0	1231456	3186.3368266285825	0.7	2.85
436598.00196502975	2850	12.93991931244576	0.0	1364537	5345.1814290690745	0.7	2.85
436599.13197753986	750	15.809906802408339	0.0	450283	1130.01251003742	0.7	0.75
436601.43261222827	1850	17.509272113949095	0.0	957685	2300.634688459246	0.7	0.75
436603.9607638432	1850	18.981120499042284	0.0	877771	2528.151614906808	0.7	1.85
436609.9142661332	2850	17.027618209043872	0.0	1520281	5953.502289998415	0.7	1.85
436614.1415182063	2850	16.800366135949798	0.0	1472558	4227.252073094075	0.7	2.85
436619.2263769096	2850	15.715507432637896	0.0	1224260	5084.8587033119	0.7	2.85
436628.7619826868	2850	10.179901655434751	0.0	1388403	9535.605777203145	0.7	2.85
436632.27505506325	1850	10.66682927899642	0.0	1060487	3513.0723764383306	0.7	0.8500000000000001
436636.792824951	1850	10.149059391248318	0.0	852833	4517.769887748102	0.7	1.85
436641.1048947769	1850	9.836989565386142	0.0	913888	4312.069825862177	0.7	1.85
436644.0490873939	1850	10.89279694831671	0.0	939819	2944.192617069433	0.7	1.85
436649.7683859051	1850	9.173498437174551	0.0	917428	5719.2985111421585	0.7	1.85
436653.9780290323	1850	8.963855309967009	0.0	946851	4209.643127207541	0.7	1.85
436657.0552540733	1850	9.88663026899538	0.0	1036454	3077.22504097163	0.7	1.85
436661.5357687349	1850	9.406115607376814	0.0	821631	4480.514661618567	0.7	1.85
436665.5103872579	1850	9.43149708430657	0.0	923170	3974.6185230702436	0.7	1.85
436668.8187333082	1850	10.123151034026323	0.0	966699	3308.3460502802486	0.7	1.85
436671.9857168694	1850	10.95616747280518	0.0	885714	3166.9835612211436	0.7	1.85
436681.222299519	1850	5.719584823210538	0.0	987708	9236.582649594642	0.7	1.85
436683.08823443344	1200	7.853649908786162	0.0	586839	1865.9349144243758	0.7	0.5499999999999999
436684.97922517627	1200	9.96265916595032	0.0	601738	1890.9907428358408	0.7	1.2
436686.90011407767	1200	12.041770264563905	0.0	616206	1920.8889013864173	0.7	1.2
436688.78100652917	1200	14.160877813106985	0.0	656471	1880.8924514569192	0.7	1.2
436695.18997373444	1850	11.751910607791757	0.0	874175	6408.967205315229	0.7	1.2000000000000002
436708.5018355456	1850	4.0	1.559951203352857	897976	13311.861811144614	0.7	-4.8577901744172856
436712.0469901238	750	4.454845421807595	0.0	379700	3545.154578192405	0.7	-0.3500000000000001
436714.9181109349	750	5.583724610722989	0.0	425781	2871.1208110846064	0.7	0.75
436716.2182855264	750	8.28355001926859	0.0	277716	1300.1745914543988	0.7	0.75
436718.03219157597	750	10.46964396974441	0.0	400396	1813.9060495241797	0.7	0.75
436719.7841813626	750	12.71765418303819	0.0	400508	1751.989786706221	0.7	0.75
436721.7092198668	750	14.792615678929687	0.0	358218	1925.0385041085028	0.7	0.75
436723.67600319796	750	16.82583234772424	0.0	400322	1966.7833312054458	0.7	0.75
436725.1732876242	750	19.328547921521356	0.0	369834	1497.284426202885	0.7	0.75
436727.6145494251	1200	20.887286120654046	0.0	670129	2441.2618008673103	0.7	0.75
436731.38986658695	1850	21.11196895881881	0.0	1026056	3775.3171618352385	0.7	1.2000000000000002
436734.86970564595	1850	21.632129899775187	0.0	943942	3479.8390590436215	0.7	1.85
436737.62161630485	1850	22.880219240882777	0.0	728962	2751.9106588924105	0.7	1.85
436741.1676267258	1850	23.33420881994654	0.0	938587	3546.0104209362353	0.7	1.85
436746.59732042	1850	21.904515125684338	0.0	908665	5429.693694262202	0.7	1.85
436749.938253723	1850	22.563581822669804	0.0	930577	3340.9333030145367	0.7	1.85
436754.6244417203	1850	21.877393825397277	0.0	858450	4686.187997272525	0.7	1.85
436759.9590709188	1850	20.542764626898975	0.0	1025005	5334.6291984983045	0.7	1.85
436766.85823493206	1850	17.643600613644026	0.0	886255	6899.164013254946	0.7	1.85
436771.3853347546	1850	17.116500791127216	0.0	973972	4527.099822516811	0.7	1.85
436776.2634322692	1850	16.238403276490807	0.0	958994	4878.097514636406	0.7	1.85
436780.4949016011	1850	16.006933944548173	0.0	982064	4231.469331942633	0.7	1.85
436786.5839526587	2850	13.917882886981085	0.0	1231456	6089.0510575670905	0.7	1.85
436793.01109957177	2850	11.49073597395387	0.0	1364537	6427.1469130272135	0.7	2.85
436794.4508881867	750	14.050947359035973	0.0	450283	1439.7886149178967	0.7	0.75
436795.7501271596	750	16.751708386122502	0.0	398865	1299.2389729134745	0.7	0.75
436800.5943716073	1200	15.90746393843228	0.0	571051	4844.244447690221	0.7	0.75
436802.84362169023	1200	17.658213855510954	0.0	617681	2249.2500829213254	0.7	1.2
436805.99588080787	1850	18.505954737836174	0.0	996749	3152.259117674782	0.7	1.2000000000000002
436808.2296317018	1850	20.272203843954266	0.0	801058	2233.750893881908	0.7	1.85
436815.1440985672	1850	17.357736978509916	0.0	905515	6914.466865444352	0.7	1.85
436821.82889878383	1850	14.672936761873018	0.0	1060487	6684.800216636898	0.7	1.85
436824.65022006904	1850	15.851615476598374	0.0	852833	2821.3212852746433	0.7	1.85
436828.05104427476	1850	16.450791270899167	0.0	913888	3400.8242056992062	0.7	1.85
436830.86571975617	1850	17.63611578945104	0.0	939819	2814.6754814481287	0.7	1.85
436833.93176212016	1850	18.570073425447355	0.0	917428	3066.042364003686	0.7	1.85
436836.7247396184	1850	19.777095927207544	0.0	946851	2792.977498239809	0.7	1.85
436839.8814456045	1850	20.620389941122404	0.0	1036454	3156.7059860851423	0.7	1.85
436843.276829536	1850	21.22500600962139	0.0	821631	3395.383931501015	0.7	1.85
436846.2266025758	1850	22.275232969878232	0.0	923170	2949.7730397431574	0.7	1.85
436849.20113872946	1850	23.300696816178984	0.0	966699	2974.536153699246	0.7	1.85
436852.2096624332	1850	24.29217311241611	0.0	885714	3008.523703762876	0.7	1.85
436857.62958199973	2850	22.87225354590536	0.0	1537156	5419.919566510752	0.7	1.85
436862.87393333536	2850	21.627902210277384	0.0	1336050	5244.351335627974	0.7	2.85
436869.50475756807	2850	18.99707797760028	0.0	1415116	6630.824232677104	0.7	2.85
436874.1634732798	2850	18.3383622658962	0.0	1468126	4658.71571170408	0.7	2.85
436879.0392195338	2850	17.46261601184275	0.0	1505760	4875.74625405345	0.7	2.85
436882.7106662993	2850	17.79116924635436	0.0	1323990	3671.4467654883892	0.7	2.85
436885.9961985469	2850	18.505636998766974	0.0	1383735	3285.532247587386	0.7	2.85
436892.4234481372	2850	16.078387408482328	0.0	1480464	6427.249590284646	0.7	2.85
436898.94630481687	2850	13.55553072878154	0.0	1547572	6522.85667970079	0.7	2.85
436905.910491323	2850	10.59134422263116	0.0	1141971	6964.186506150379	0.7	2.85
436909.204144868	1850	11.297690677593891	0.0	972798	3293.6535450372676	0.7	0.8500000000000001
436913.4566527608	1850	11.045182784793347	0.0	975811	4252.507892800544	0.7	1.85
436916.5451596309	1850	11.956675914717632	0.0	873429	3088.506870075715	0.7	1.85
436919.9127518767	1850	12.589083668909014	0.0	954453	3367.592245808619	0.7	1.85
436923.04132835794	1850	13.460507187657585	0.0	885062	3128.576481251427	0.7	1.85
436926.68749619677	1850	13.814339348842273	0.0	1035329	3646.167838815313	0.7	1.85
436930.7826274322	1850	13.71920811335474	0.0	1026056	4095.1312354875336	0.7	1.85
436934.84019116155	1850	13.661644383989868	0.0	943942	4057.5637293648733	0.7	1.85
436940.2290837245	1850	12.272751821065455	0.0	728962	5388.892562924413	0.7	1.85
436943.5679528163	1850	12.933882729240079	0.0	938587	3338.869091825375	0.7	1.85
436946.5665355198	1850	13.935300025784436	0.0	908665	2998.5827034556414	0.7	1.85
436950.8126207351	1850	13.689214810428558	0.0	930577	4246.085215355879	0.7	1.85
436955.0189965732	1850	13.48283897232867	0.0	858450	4206.375838099887	0.7	1.85
436958.39480377705	1850	14.107031768495915	0.0	1025005	3375.807203832756	0.7	1.85
436963.81754177826	1850	12.684293767292045	0.0	886255	5422.73800120387	0.7	1.85
436970.6043043145	1850	9.897531231043997	0.0	973972	6786.7625362480485	0.7	1.85
436975.6188241069	1850	8.883011438644363	0.0	958994	5014.519792399632	0.7	1.85
436981.89062635537	1850	6.611209190173089	0.0	982064	6271.802248471275	0.7	1.85
436987.48460934556	1850	5.017226199954786	0.0	830730	5593.982990218303	0.7	1.85
436991.35861272004	1850	5.143222825471925	0.0	846370	3874.003374482862	0.7	1.85

