457570.6385214301	750	4.0	5.911320451323405	450283	5911.320451323405	1	-24.668677940690642
457572.66082806577	300	5.977693364339554	0.0	155580	2022.3066356604468	1	-0.15000000000000002
457574.55737140455	300	8.081150025559406	0.0	139857	1896.543338780147	1	0.3
457576.60782677087	300	10.030694659216179	0.0	155432	2050.455366343228	1	0.3
457578.6373085224	300	12.001212907649126	0.0	163442	2029.4817515670525	1	0.3
457580.5174259775	300	14.121095452554	0.0	126289	1880.1174550951248	1	0.3
457582.6426558182	300	15.995865611877653	0.0	153295	2125.229840676347	1	0.3
457584.9507228755	300	17.687798554615497	0.0	173849	2308.067057262157	1	0.3
457590.06168277113	750	16.576838658947317	0.0	374758	5110.95989566818	1	0.3
457595.08052885166	750	15.557992578465592	0.0	362795	5018.846080481724	1	0.75
457600.08639252704	750	14.552128903072148	0.0	353220	5005.8636753934425	1	0.75
457605.4833400242	750	13.15518140591897	0.0	405134	5396.947497153178	1	0.75
457611.4540784786	750	11.184442951461806	0.0	386351	5970.738454457165	1	0.75
457617.21996838413	750	9.418553045966917	0.0	434409	5765.889905494889	1	0.75
457619.33479260514	300	11.30372882492902	0.0	140051	2114.8242210378967	1	-0.15000000000000002
457621.35845947696	300	13.28006195315285	0.0	138313	2023.666871776171	1	0.3
457623.38351533	300	15.25500610015728	0.0	143509	2025.0558529955697	1	0.3
457625.54516483174	300	17.093356598364494	0.0	150616	2161.649501792784	1	0.3
457627.7881372022	300	18.850384227899983	0.0	165384	2242.972370464511	1	0.3
457629.8573098707	300	20.78121155939251	0.0	140881	2069.1726685074746	1	0.3
457632.0589952968	300	22.579526133329352	0.0	157671	2201.685426063155	1	0.3
457634.26258590247	300	24.375935527636575	0.0	157812	2203.590605692776	1	0.3
457636.54888607946	300	26.089635350650187	0.0	163927	2286.3001769863863	1	0.3
457638.46449306404	300	28.17402836604502	0.0	137654	1915.6069846051657	1	0.3
457640.5981001945	300	30.04042123563005	0.0	146754	2133.607130414972	1	0.3
457642.9101972472	300	31.72832418290567	0.0	153938	2312.0970527243785	1	0.3
457645.3171524526	300	33.32136897749718	0.0	181901	2406.955205408493	1	0.3
457646.6634209101	300	35.97510052001178	0.0	111155	1346.268457485404	1	0.3
457648.89793855423	300	37.74058287581851	0.0	153605	2234.5176441932717	1	0.3
457650.99995065574	300	39.63857077431418	0.0	149029	2102.0121015043233	1	0.3
457655.8928008532	750	38.74572057689075	0.0	358218	4892.850197423435	1	0.3
457661.682029127	750	36.956492303072665	0.0	400322	5789.228273818079	1	0.75
457666.90222157835	750	35.73629985170715	0.0	369834	5220.192451365512	1	0.75
457672.5614044536	750	34.0771169764942	0.0	412837	5659.182875212949	1	0.75
457678.26395579503	750	32.37456563502996	0.0	401088	5702.55134146424	1	0.75
457683.25729256356	750	31.381228866544674	0.0	365161	4993.336768485287	1	0.75
457687.45172338973	750	31.186798040363207	0.0	321064	4194.4308261814695	1	0.75
457692.6436490834	750	29.994872346723874	0.0	361565	5191.92569363933	1	0.75
457698.1914816293	750	28.447039800774824	0.0	378327	5547.8325459490525	1	0.75
457703.4801249854	750	27.158396444691	0.0	390680	5288.643356083822	1	0.75
457708.72809890175	750	25.910422528348505	0.0	345516	5247.973916342494	1	0.75
457714.1577487092	750	24.48077272092378	0.0	384505	5429.649807424724	1	0.75
457716.2921985576	300	26.346322872568486	0.0	145210	2134.449848355297	1	-0.15000000000000002
457718.6847329942	300	27.953788435951804	0.0	172312	2392.534436616683	1	0.3
457724.88013699726	750	25.758384432892385	0.0	398987	6195.404003059418	1	0.3
457730.72447322967	750	23.91404820052042	0.0	393804	5844.336232371965	1	0.75
457737.98676780274	1200	20.651753627454678	0.0	538612	7262.294573065741	1	0.75
457750.15460980154	1850	12.483911628635225	0.0	846370	12167.841998819451	1	1.2000000000000002
457756.2477474684	750	10.39077396173641	0.0	450283	6093.137666898814	1	0.75
457758.51104776165	300	12.127473668453357	0.0	155580	2263.300293283056	1	-0.15000000000000002
457760.61853526	300	14.019986170183918	0.0	139857	2107.4874982694373	1	0.3
457763.03187143954	300	15.606649990658264	0.0	155432	2413.3361795256546	1	0.3
457765.5810856315	300	17.057435798709477	0.0	163442	2549.214191948786	1	0.3
457768.14211091795	300	18.496410512247625	0.0	126289	2561.0252864618533	1	0.3
457771.0616757728	300	19.57684565733882	0.0	153295	2919.5648549088055	1	0.3
457773.61307499715	300	21.02544643306676	0.0	173849	2551.399224272056	1	0.3
457775.69593316596	300	22.942588264202147	0.0	150710	2082.858168864615	1	0.3
457777.6361113458	300	25.002410084413768	0.0	139105	1940.1781797883784	1	0.3
457779.763661139	300	26.874860291199898	0.0	141840	2127.549793213873	1	0.3
457782.0226142194	300	28.61590721077763	0.0	156148	2258.9530804222677	1	0.3
457784.29373683303	300	30.344784597158036	0.0	160746	2271.122613619596	1	0.3
457790.3655397528	750	28.27298167737604	0.0	434409	6071.802919781995	1	0.3
457794.8827361834	750	27.755785246814995	0.0	337059	4517.1964305610445	1	0.75
457799.8044461113	750	26.83407531888684	0.0	366214	4921.709927928155	1	0.75
457804.7227474145	750	25.9157740157672	0.0	360831	4918.301303119641	1	0.75
457810.0973891516	750	24.541132278676525	0.0	372963	5374.641737090677	1	0.75
457815.642118996	750	22.99640243425004	0.0	405596	5544.7298444264825	1	0.75
457820.75871029816	750	21.879811132076096	0.0	350713	5116.591302173948	1	0.75
457826.1272282367	750	20.511293193577014	0.0	386472	5368.5179384990815	1	0.75
457831.72242252075	750	18.91609890948134	0.0	399894	5595.194284095671	1	0.75
457837.0853048445	750	17.55321658572329	0.0	401853	5362.882323758049	1	0.75
457841.7793866917	750	16.85913473852822	0.0	343800	4694.081847195071	1	0.75
457846.9709753053	750	15.66754612489275	0.0	359903	5191.588613635471	1	0.75
457852.62379959616	750	14.014721834102714	0.0	379700	5652.824290790035	1	0.75
457858.2935133644	750	12.345008065873703	0.0	425781	5669.713768229011	1	0.75
457862.43653548654	750	12.201985943719736	0.0	277716	4143.022122153967	1	0.75
457865.0053396995	300	13.633181730712062	0.0	153605	2568.8042130076733	1	-0.15000000000000002
457867.1596901177	300	15.478831312490495	0.0	149029	2154.3504182215675	1	0.3
457869.2786129392	300	17.359908491025017	0.0	157421	2118.922821465479	1	0.3
457871.4401881135	300	19.198333316692235	0.0	157488	2161.575174332783	1	0.3
457875.35959098395	300	19.278930446295746	0.0	143881	3919.402870396492	1	0.3
457877.68194056314	300	20.956580867080042	0.0	163444	2322.3495792157	1	0.3
457883.22249527567	750	19.416026154521884	0.0	401088	5540.554712558159	1	0.3
457888.4199517337	750	18.21856969651026	0.0	365161	5197.456458011625	1	0.75
457892.8392967953	750	17.799224634888407	0.0	321064	4419.345061621855	1	0.75
457897.7113780429	750	16.92714338729233	0.0	361565	4872.081247596076	1	0.75
457903.1748758067	750	15.463645623417374	0.0	378327	5463.497763874954	1	0.75
457908.7707334152	750	13.867788014952085	0.0	390680	5595.8576084652905	1	0.75
457913.5905373627	750	13.047984067455811	0.0	345516	4819.803947496273	1	0.75
457919.0495827241	750	11.588938706041573	0.0	384505	5459.045361414239	1	0.75
457921.0834447524	300	13.555076677762425	0.0	145210	2033.862028279147	1	-0.15000000000000002
457923.5754954364	300	15.063025993763562	0.0	172312	2492.0506839988625	1	0.3
457926.46792915155	300	16.170592278616255	0.0	167025	2892.433715147307	1	0.3
457928.9533792207	300	17.685142209479192	0.0	160064	2485.450069137061	1	0.3
457933.7303918084	750	16.908129621733526	0.0	331053	4777.012587745667	1	0.3
457942.6093444433	1200	12.029176986774635	0.0	550906	8878.95263495889	1	0.75
457948.8837547042	750	9.754766725931907	0.0	450283	6274.41026084273	1	0.75
457951.0738292561	300	11.564692173993201	0.0	155580	2190.0745519387046	1	-0.15000000000000002
457953.1069416791	300	13.53157975103023	0.0	139857	2033.11242296297	1	0.3
457955.3448865754	300	15.293634854699123	0.0	155432	2237.9448963311083	1	0.3
457957.8251353157	300	16.813386114406878	0.0	163442	2480.2487402922425	1	0.3
457959.5845249707	300	19.053996459460063	0.0	126289	1759.3896549468145	1	0.3
457961.6247007588	300	21.013820671333388	0.0	153295	2040.1757881266763	1	0.3
457964.18974762113	300	22.44877380898792	0.0	173849	2565.0468623454694	1	0.3
457966.27731900394	300	24.361202426184906	0.0	150710	2087.571382803015	1	0.3
457968.20125713944	300	26.43726429068194	0.0	139105	1923.938135502965	1	0.3
457970.1971504591	300	28.441370971016163	0.0	141840	1995.8933196657788	1	0.3
457973.56105576444	300	29.077465665672673	0.0	156148	3363.9053053434923	1	0.3
457977.73211099295	300	28.906410437113784	0.0	160746	4171.05522855889	1	0.3
457980.1830898027	300	30.455431627410306	0.0	179801	2450.9788097034752	1	0.3
457982.2577309297	300	32.38079050034962	0.0	140051	2074.641127060686	1	0.3
457984.418111918	300	34.220409512078525	0.0	138313	2160.3809882710934	1	0.3
457986.3942086997	300	36.244312730407614	0.0	143509	1976.096781670916	1	0.3
457988.51990021206	300	38.118621218046705	0.0	150616	2125.691512360907	1	0.3
457994.0102250139	750	36.62829641619427	0.0	405596	5490.324801852444	1	0.3
457998.93794808007	750	35.70057335003439	0.0	350713	4927.723066159874	1	0.75
458004.1879097654	750	34.45061166469332	0.0	386472	5249.961685341072	1	0.75
458009.68447949167	750	32.954041938486014	0.0	399894	5496.569726207312	1	0.75
458015.17341953673	750	31.465101893414026	0.0	401853	5488.940045071989	1	0.75
458019.83459536073	750	30.803926069359573	0.0	343800	4661.175824054456	1	0.75
458024.6981614156	750	29.9403600145655	0.0	359903	4863.566054794073	1	0.75
458030.2954541428	750	28.343067287353662	0.0	379700	5597.292727211839	1	0.75
458035.92208345333	750	26.716437976833	0.0	425781	5626.629310520661	1	0.75

