4.376442402296555	750	4.0	4.376442402296555	450283	4376.442402296555	1	-18.068702329875187
5.857341409289625	300	6.519100993006928	0.0	155580	1480.899006993071	1.0381556934984055	-0.15000000000000002
7.196664795464133	300	9.17977760683242	0.0	139857	1339.3233861745077	1.0381556934984055	0.3
8.676231156532053	300	11.7002112457645	0.0	155432	1479.5663610679198	1.0381556934984055	0.3
10.227922476116584	300	14.148519926179969	0.0	163442	1551.691319584532	1.0381556934984055	0.3
11.349584000100757	300	17.026858402195796	0.0	126289	1121.6615239841717	1.0381556934984055	0.3
12.622966079712757	300	19.753476322583793	0.0	153295	1273.3820796120021	1.0381556934984055	0.3
16.106216653360573	750	20.270225748935978	0.0	437162	3483.250573647816	1.0381556934984055	0.3
19.103660023276323	750	21.272782379020228	0.0	374758	2997.4433699157485	1.0381556934984055	0.75
25.200529678839807	750	19.175912723456744	0.0	362795	6096.869655563486	1.0381556934984055	0.75
29.745760923978608	750	18.630681478317943	0.0	353220	4545.2312451388	1.0381556934984055	0.75
35.45791483967857	750	16.918527562617978	0.0	405134	5712.153915699964	1.0381556934984055	0.75
39.77940179673697	750	16.59704060555958	0.0	386351	4321.486957058397	1.0381556934984055	0.75
43.77018873042483	750	16.606253671871723	0.0	434409	3990.786933687858	1.0381556934984055	0.75
49.05085600445099	750	15.325586397845562	0.0	337059	5280.667274026162	1.0381556934984055	0.75
52.27821239239573	750	16.09823000990082	0.0	366214	3227.3563879447415	1.0381556934984055	0.75
55.36731507373726	750	17.0091273285593	0.0	360831	3089.1026813415233	1.0381556934984055	0.75
58.4665954076468	750	17.909846994649758	0.0	372963	3099.280333909539	1.0381556934984055	0.75
61.951905806493045	750	18.42453659580351	0.0	405596	3485.310398846246	1.0381556934984055	0.75
65.04460142754616	750	19.331840974750406	0.0	350713	3092.695621053104	1.0381556934984055	0.75
69.92027987856144	750	18.45616252373511	0.0	386472	4875.678451015295	0.6256195916083669	0.75
75.1420933345646	750	17.23434906773196	0.0	399894	5221.813456003156	0.6256195916083669	0.75
78.6715583994688	750	17.70488400282776	0.0	401853	3529.465064904193	0.6256195916083669	0.75
81.70748720355694	750	18.668955198739603	0.0	343800	3035.928804088156	0.6256195916083669	0.75
84.87836321935261	750	19.498079182943933	0.0	359903	3170.876015795673	0.6256195916083669	0.75
88.1852043850118	750	20.19123801728474	0.0	379700	3306.8411656591907	0.6256195916083669	0.75
95.24659519181789	750	17.129847210478662	0.0	425781	7061.390806806079	0.6256195916083669	0.75
97.62067313372643	750	18.755769268570134	0.0	277716	2374.077941908529	0.6256195916083669	0.75
101.00815139075304	750	19.368291011543505	0.0	400396	3387.4782570266284	0.6256195916083669	0.75
104.39655482576543	750	19.979887576531112	0.0	400508	3388.4034350123907	0.6256195916083669	0.75
108.04499233430323	750	20.331450067993313	0.0	358218	3648.437508537801	0.6256195916083669	0.75
116.0506483732672	750	16.32579402902935	0.0	400322	8005.656038963964	0.6256195916083669	0.75
130.3693884027319	750	6.007053999564656	0.0	369834	14318.740029464692	0.6256195916083669	0.75
133.4800367317477	300	6.89640567054882	0.0	163444	3110.6483290158353	0.6256195916083669	-0.15000000000000002
137.168992209559	300	7.2074501927375225	0.0	179328	3688.9554778112974	0.6256195916083669	0.3
139.93903778809837	300	8.43740461419815	0.0	159914	2770.045578539373	0.6256195916083669	0.3
142.48916618020525	300	9.887276222091309	0.0	131610	2550.128392106841	0.6256195916083669	0.3
144.77243507337474	300	11.60400732892182	0.0	124011	2283.2688931694884	0.6256195916083669	0.3
147.20331179256192	300	13.173130609734635	0.0	144254	2430.876719187184	0.6256195916083669	0.3
149.3838051062701	300	14.992637296026473	0.0	149991	2180.493313708163	0.6256195916083669	0.3
151.87776563601196	300	16.498676766284607	0.0	147968	2493.960529741866	0.6256195916083669	0.3
154.02321104389415	300	18.353231358402414	0.0	161857	2145.445407882191	0.6256195916083669	0.3
156.56806561724883	300	19.80837678504773	0.0	145210	2544.854573354685	0.6256195916083669	0.3
158.8326059843253	300	21.543836417971225	0.0	172312	2264.5403670765045	0.6256195916083669	0.3
163.51756660172452	750	20.858875800572	0.0	398987	4684.960617399225	0.6256195916083669	0.3
168.98555524467525	750	19.390887157621282	0.0	393804	5467.988642950718	0.6256195916083669	0.75
172.76117925521535	1200	19.61526314708117	0.0	538612	3775.6240105401157	0.6256195916083669	0.75
181.48933459425703	2850	14.887107808039502	0.0	1364537	8728.155339041667	0.6256195916083669	1.2000000000000002
184.33115770483312	750	16.045284697463423	0.0	450283	2841.8231105760783	0.6256195916083669	0.75
186.82028158998136	750	17.55616081231515	0.0	398865	2489.1238851482735	0.6256195916083669	0.75
189.15454362308046	750	19.22189877921607	0.0	350812	2334.262033099081	0.6256195916083669	0.75
193.70894225992967	1200	18.667500142366848	0.0	617681	4554.398636849223	0.6256195916083669	0.75
198.68912645887866	1200	17.687315943417847	0.0	652874	4980.184198949002	0.6256195916083669	1.2
202.71823935956047	1200	17.658203042736016	0.0	520315	4029.11290068183	0.6256195916083669	1.2
206.98978078810916	1200	17.386661614187332	0.0	561791	4271.541428548686	0.6256195916083669	1.2
212.4869311625062	1200	15.889511239790322	0.0	709534	5497.150374397011	0.6256195916083669	1.2
218.18376841750037	1200	14.192673984796158	0.0	584846	5696.837254994164	0.6256195916083669	1.2

