292869.39638400887	750	4.0	2.3005188420552374	450283	2300.518842055237	0.75	-9.14223102083752
292870.17221162043	300	7.224172388406027	0.0	155580	775.8276115939739	0.75	-0.15000000000000002
292871.2192653084	300	10.177118700483547	0.0	139857	1047.0536879224799	0.75	0.3
292872.6683483448	300	12.728035664079588	0.0	155432	1449.0830364039603	0.75	0.3
292873.77997643995	300	15.616407568900254	0.0	163442	1111.6280951793347	0.75	0.3
292875.7877784566	750	17.608605552291056	0.0	318564	2007.802016609195	0.7	0.3
292877.9400393146	750	19.4563446942283	0.0	352642	2152.260858062756	0.7	0.75
292882.4247905944	1200	18.97159341448191	0.0	709534	4484.751279746394	0.7	0.75
292886.5414787127	1200	18.854905296215875	0.0	584846	4116.6881182660345	0.7	1.2
292890.53021321155	1200	18.866170797343432	0.0	560821	3988.734498872445	0.7	1.2
292895.6672657186	1200	17.729118290225486	0.0	607410	5137.0525071179445	0.7	1.2
292900.6413047094	1200	16.755079299442148	0.0	594078	4974.0389907833405	0.7	1.2
292905.9819170781	1200	15.41446693082183	0.0	624282	5340.612368620316	0.7	1.2
292910.6559784523	1200	14.74040555655897	0.0	687371	4674.061374262859	0.7	1.2
292914.6389189181	1200	14.757465090791575	0.0	526950	3982.940465767394	0.7	1.2
292919.1694909053	1200	14.22689310356983	0.0	587876	4530.571987221744	0.7	1.2
292924.24627906183	1200	13.15010494699386	0.0	617242	5076.788156575969	0.7	1.2
292928.41488710005	1200	12.981496908800814	0.0	581493	4168.608038193045	0.7	1.2
292934.90195451025	1200	10.494429498549097	0.0	639204	6487.067410251717	0.7	1.2
292938.43445105536	1200	10.96193295348801	0.0	586839	3532.4965450610885	0.7	1.2
292942.1027252665	1200	11.293658742374369	0.0	601738	3668.2742111136404	0.7	1.2
292946.9324094355	1200	10.463974573323231	0.0	616206	4829.684169051139	0.7	1.2
292950.5294656822	1200	10.866918326609918	0.0	656471	3597.056246713314	0.7	1.2
292953.7247979987	1200	11.671586010134686	0.0	536667	3195.3323164752305	0.7	1.2
292957.15228868165	1200	12.244095327202473	0.0	587236	3427.4906829322135	0.7	1.2
292960.37742714275	1200	13.018956866075305	0.0	590335	3225.1384611271674	0.7	1.2
292965.80777627556	1200	11.588607733250507	0.0	696376	5430.349132824798	0.7	1.2
292970.2329386232	1200	11.16344538561517	0.0	487160	4425.162347635338	0.7	1.2
292974.7807072511	1200	10.61567675769799	0.0	622896	4547.768627917178	0.7	1.2
292979.8259000181	1200	9.570483990742973	0.0	641447	5045.192766955017	0.7	1.2
292983.1934495922	1200	10.202934416608228	0.0	570392	3367.5495741347454	0.7	1.2
292988.4071147275	1200	8.989269281315174	0.0	620283	5213.665135293054	0.7	1.2
292991.5120632514	1200	9.884320757426421	0.0	584349	3104.9485238887514	0.7	1.2
292996.9413570944	1200	8.455026914424133	0.0	670129	5429.293843002288	0.7	1.2
293001.2267950116	1200	8.169588997222611	0.0	690253	4285.437917201523	0.7	1.2
293005.99474790564	1200	7.401636103117918	0.0	598727	4767.952894104693	0.7	1.2
293009.2317271888	1200	8.16465681994141	0.0	487812	3236.9792831765076	0.7	1.2
293012.2971813233	1200	9.099202685495271	0.0	575591	3065.4541344461395	0.7	1.2
293016.62234031653	1200	8.774043692271283	0.0	605884	4325.158993223988	0.7	1.2
293021.55758277385	1200	7.838801234967684	0.0	587506	4935.2424573036	0.7	1.2
293025.3823549778	1200	8.014029031042549	0.0	566904	3824.7722039251353	0.7	1.2
293029.6487079346	1200	7.74767607420862	0.0	641452	4266.352956833928	0.7	1.2
293033.5372156081	1200	7.859168400704936	0.0	599477	3888.5076735036837	0.7	1.2
293036.6764673589	1200	8.719916649949427	0.0	634861	3139.2517507555085	0.7	1.2
293039.6604183158	1200	9.735965693055963	0.0	630203	2983.950956893465	0.7	1.2
293043.70638170006	1200	9.690002308770575	0.0	638661	4045.9633842853877	0.7	1.2
293048.00260608835	1850	9.39377792044298	0.0	830730	4296.224388327595	0.7	1.2000000000000002
293056.22683872713	2850	5.169545281678374	0.0	1364537	8224.232638764606	0.7	1.85
293059.2427648648	750	6.1536191440192605	0.0	450283	3015.926137659114	0.7	0.75
293061.39799372246	750	7.998390286387846	0.0	398865	2155.2288576314145	0.7	0.75
293063.6080127251	750	9.788371283762386	0.0	350812	2210.0190026254595	0.7	0.75
293067.15541626187	1200	10.240967746968726	0.0	617681	3547.4035367936585	0.7	0.75
293071.61845181434	1200	9.777932194439941	0.0	652874	4463.035552528786	0.7	1.2
293074.12021885964	1200	11.276165149161203	0.0	520315	2501.767045278739	0.7	1.2

