485785.6011609871	750	4.0	2.288953280585714	450283	2288.953280585714	0.75	-9.09249910651857
485786.4867828378	300	7.114378149306719	0.0	155580	885.6218506932812	0.75	-0.15000000000000002
485787.229062847	300	10.372098140103256	0.0	139857	742.2800092034621	0.75	0.3
485788.0283957637	300	13.572765223363362	0.0	155432	799.3329167398944	0.75	0.3
485788.8647986317	300	16.736362355370915	0.0	163442	836.4028679924459	0.7	0.3
485789.5718676169	300	20.029293370150953	0.0	126289	707.0689852199631	0.7	0.3
485791.3855361881	750	22.215624799004114	0.0	352642	1813.6685711468385	0.7	0.3
485793.534803958	750	24.06635702909111	0.0	437162	2149.2677699130045	0.7	0.75
485796.4175902359	1200	25.18357075121072	0.0	584846	2882.7862778803938	0.7	0.75
485801.07861869305	1850	24.52254229406726	0.0	913888	4661.028457143456	0.7	1.2000000000000002
485805.5193684338	1850	24.08179255332853	0.0	939819	4440.749740738732	0.7	1.85
485809.80330367544	1850	23.797857311664153	0.0	917428	4283.935241664379	0.7	1.85
485814.07042273186	1850	23.530738255173603	0.0	946851	4267.119056490552	0.7	1.85
485819.0594128244	1850	22.541748162662604	0.0	1036454	4988.990092511	0.7	1.85
485823.1828820224	1850	22.418278964692377	0.0	821631	4123.4691979702275	0.7	1.85
485827.9622478798	1850	21.638913107251444	0.0	923170	4779.3658574409355	0.7	1.85
485833.1380511349	1850	20.46310985214846	0.0	966699	5175.803255102982	0.7	1.85
485837.3645435685	1850	20.236617418525174	0.0	885714	4226.492433623287	0.7	1.85
485841.8611638629	1850	19.73999712407866	0.0	987708	4496.620294446515	0.7	1.85
485846.34087027004	1850	19.260290717017504	0.0	923755	4479.706407061153	0.7	1.85
485850.65363257885	1850	18.947528408207866	0.0	891604	4312.762308809641	0.7	1.85
485855.7051750169	1850	17.895985970176163	0.0	955231	5051.542438031703	0.7	1.85
485860.1877352731	1850	17.41342571392936	0.0	968026	4482.560256246805	0.7	1.85
485864.59895023744	1850	17.002210749589278	0.0	874175	4411.214964340081	0.7	1.85
485868.77438109776	1850	16.82677988930048	0.0	897976	4175.430860288796	0.7	1.85
485873.2060131297	1850	16.395147857387435	0.0	905935	4431.632031913046	0.7	1.85
485878.4022214532	1850	15.198939533830348	0.0	1076599	5196.208323557086	0.7	1.85
485882.4480115239	1850	15.153149463099277	0.0	758197	4045.7900707310714	0.7	1.85
485887.30315777386	1850	14.298003213168645	0.0	972798	4855.146249930632	0.7	1.85
485892.12378584413	1850	13.477375142862488	0.0	975811	4820.628070306157	0.7	1.85
485895.94808033167	1850	13.653080655324063	0.0	873429	3824.294487538428	0.7	1.85
485900.64390460064	1850	12.957256386372	0.0	954453	4695.824268952061	0.7	1.85
485904.69071170397	1850	12.910449283047365	0.0	885062	4046.807103324636	0.7	1.85
485909.90791282104	1850	11.69324816592616	0.0	1035329	5217.201117121204	0.7	1.85
485914.7187623489	1850	10.88239863809164	0.0	1026056	4810.849527834523	0.7	1.85
485918.9712623036	1850	10.629898683396478	0.0	943942	4252.499954695162	0.7	1.85
485922.2721504971	1850	11.329010489873063	0.0	728962	3300.8881935234144	0.7	1.85
485926.5616719533	1850	11.039489033664678	0.0	938587	4289.521456208384	0.7	1.85
485930.83216230955	1850	10.768998677468804	0.0	908665	4270.4903561958745	0.7	1.85
485934.97168538586	1850	10.62947560113942	0.0	930577	4139.523076329384	0.7	1.85
485939.22524406307	1850	10.375916923913717	0.0	858450	4253.558677225703	0.7	1.85
485944.6390715733	1850	8.962089413659436	0.0	1025005	5413.827510254281	0.7	1.85
485948.96071864816	1850	8.640442338830866	0.0	886255	4321.64707482857	0.7	1.85
485953.82839969086	1850	7.772761296078557	0.0	973972	4867.681042752309	0.7	1.85
485959.5835353026	1850	6.017625684372589	0.0	958994	5755.135611705969	0.7	1.85
485964.9895425544	1850	4.611618432534582	0.0	982064	5406.007251838007	0.7	1.85
485968.5836849559	1200	5.017476031083639	0.0	538612	3594.1424014509425	0.7	0.5499999999999999
485973.47735900903	1850	4.123801977930056	0.0	846370	4893.6740531535825	0.7	1.2000000000000002
485976.15486062976	750	5.44630035719952	0.0	450283	2677.5016207305375	0.7	0.75
485978.28594875336	750	7.315212233607356	0.0	398865	2131.0881235921634	0.7	0.75
485979.87610277644	750	9.725058210476286	0.0	350812	1590.154023131071	0.7	0.75
485982.7855045479	1200	10.815656439037964	0.0	617681	2909.4017714383203	0.7	0.75
485985.83756586217	1200	11.763595124748626	0.0	652874	3052.061314289338	0.7	1.2
485988.3744829937	1200	13.22667799329075	0.0	520315	2536.917131457876	0.7	1.2
485990.98202602234	1200	14.619134964654233	0.0	561791	2607.5430286365167	0.7	1.2
485994.4909841881	1200	15.110176798884844	0.0	709534	3508.958165769388	0.7	1.2
485997.6656561226	1200	15.935504864354916	0.0	584846	3174.671934529928	0.7	1.2
486000.4140335782	1200	17.18712740885041	0.0	560821	2748.377455504505	0.7	1.2
486004.8838751991	1850	16.717285787888205	0.0	939819	4469.841620962206	0.7	1.2000000000000002
486009.73932870466	1850	15.86183228234582	0.0	917428	4855.453505542386	0.7	1.85
486015.8389714121	1850	13.762189574900574	0.0	946851	6099.642707445245	0.7	1.85
486021.0492448983	1850	12.551916088679873	0.0	1036454	5210.273486220702	0.7	1.85
486025.10134500364	1850	12.499815983309896	0.0	821631	4052.100105369976	0.7	1.85
486029.18599446735	1850	12.415166519567189	0.0	923170	4084.649463742708	0.7	1.85
486034.2697890494	1850	11.33137193756492	0.0	966699	5083.79458200227	0.7	1.85
486038.41108646314	1850	11.190074523807418	0.0	885714	4141.297413757502	0.7	1.85
486043.00775803596	1850	10.593402951022966	0.0	987708	4596.671572784452	0.7	1.85
486047.8815121254	1850	9.719648861582003	0.0	923755	4873.754089440963	0.7	1.85
486052.4513483593	1850	9.14981262769282	0.0	891604	4569.836233889185	0.7	1.85
486057.6979290923	1850	7.903231894663841	0.0	955231	5246.580733028979	0.7	1.85
486062.1635828525	1850	7.4375781344060705	0.0	968026	4465.65376025777	0.7	1.85
486066.5245157574	1850	7.076645229579812	0.0	874175	4360.932904826259	0.7	1.85
486069.42981597094	1200	8.171345015977076	0.0	587236	2905.3002136027353	0.7	0.5499999999999999
486072.2347782731	1200	9.366382713805471	0.0	590335	2804.962302171605	0.7	1.2
486076.2802026345	1200	9.320958352393948	0.0	696376	4045.4243614115244	0.7	1.2
486079.27213107765	1200	10.329029909254993	0.0	487160	2991.928443138953	0.7	1.2
486082.1186381193	1200	11.482522867584326	0.0	622896	2846.507041670667	0.7	1.2
486085.905276738	1200	11.695884248921807	0.0	641447	3786.638618662519	0.7	1.2
486088.8995412254	1200	12.701619761508478	0.0	570392	2994.264487413329	0.7	1.2
486092.1441471216	1200	13.457013865271383	0.0	620283	3244.605896237096	0.7	1.2
486095.29044054745	1200	14.31072043941823	0.0	584349	3146.2934258531523	0.7	1.2
486098.88685308036	1200	14.714307906542247	0.0	670129	3596.412532875982	0.7	1.2
486102.5888636187	1200	15.01229736819031	0.0	690253	3702.0105383519367	0.7	1.2
486105.47719779593	1200	16.12396319091674	0.0	598727	2888.3341772735703	0.7	1.2
486107.68302470737	1200	17.918136279489293	0.0	487812	2205.8269114274467	0.7	1.2
486110.2713821028	1200	19.329778884067622	0.0	575591	2588.35739542167	0.7	1.2
486114.3112365354	1850	19.289924451474285	0.0	908665	4039.8544325933367	0.7	1.2000000000000002
486118.4465808684	1850	19.15458011850294	0.0	930577	4135.344332971348	0.7	1.85
486122.2676042793	1850	19.33355670760921	0.0	858450	3821.023410893729	0.7	1.85
486126.8144546506	1850	18.786706336261865	0.0	1025005	4546.850371347343	0.7	1.85
486130.75664895785	1850	18.844512029055128	0.0	886255	3942.194307206735	0.7	1.85
486135.0811035604	1850	18.520057426509855	0.0	973972	4324.454602545271	0.7	1.85
486139.34028581314	1850	18.26087517372097	0.0	958994	4259.182252788887	0.7	1.85
486145.8853207455	2850	15.715840241351069	0.0	1483527	6545.034932369899	0.7	1.85
486151.3318601194	2850	14.26930086749639	0.0	1231456	5446.539373854677	0.7	2.85
486157.3583507269	2850	12.242810259970389	0.0	1364537	6026.490607526002	0.7	2.85
486159.4006307019	750	14.20053028498354	0.0	450283	2042.2799749868493	0.7	0.75
486163.6541084877	1850	13.947052499134905	0.0	957685	4253.477785848635	0.7	0.75
486167.9804992245	1850	13.620661762348803	0.0	877771	4326.390736786101	0.7	1.85

