4.262502851195666	750	4.0	4.262502851195666	450283	4262.502851195666	1	-17.578762260141364
5.806164955795576	300	6.45633789540009	0.0	155580	1543.6621045999098	1.5003172595046625	-0.15000000000000002
7.201908566561931	300	9.060594284633735	0.0	139857	1395.7436107663555	1.5003172595046625	0.3
8.72830943095971	300	11.534193420235955	0.0	155432	1526.4008643977793	1.5003172595046625	0.3
10.151159139315185	300	14.111343711880481	0.0	163442	1422.8497083554746	1.5003172595046625	0.3
10.980390218813234	300	17.282112632382432	0.0	126289	829.2310794980501	1.5003172595046625	0.3
11.969839009536525	300	20.29266384165914	0.0	153295	989.4487907232901	1.5003172595046625	0.3
13.081227918623274	300	23.181274932572393	0.0	173849	1111.3889090867497	1.5003172595046625	0.3
15.131854351577537	750	25.13064849961813	0.0	374758	2050.626432954264	1.5003172595046625	0.3
16.761502412231977	750	27.50100043896369	0.0	362795	1629.6480606544383	1.5003172595046625	0.75
18.117195120062835	750	30.14530773113283	0.0	353220	1355.6927078308588	1.5003172595046625	0.75
23.093356378953878	1200	29.16914647224179	0.0	594078	4976.161258891042	1.5003172595046625	0.75
26.236230985080084	1200	30.026271866115582	0.0	624282	3142.8746061262054	1.5003172595046625	1.2
29.504046994112045	1200	30.758455857083614	0.0	687371	3267.8160090319634	1.5003172595046625	1.2
31.62244779953078	1200	32.64005505166488	0.0	526950	2118.400805418732	1.5003172595046625	1.2
34.34021372637096	1200	33.9222891248247	0.0	587876	2717.765926840181	1.5003172595046625	1.2
37.165673623659316	1200	35.09682922753635	0.0	617242	2825.4598972883573	1.5003172595046625	1.2
42.045536029029584	1200	34.21696682216608	0.0	581493	4879.862405370274	1.5003172595046625	1.2
46.416606044381304	1200	33.84589680681436	0.0	639204	4371.070015351717	1.5003172595046625	1.2
50.532016176492846	1200	33.73048667470282	0.0	586839	4115.410132111541	1.5003172595046625	1.2
53.980203322343804	1200	34.28229952885186	0.0	601738	3448.1871458509527	0.7330279655127698	1.2
57.01271271078125	1200	35.24979014041442	0.0	616206	3032.5093884374414	0.7330279655127698	1.2
60.37912655136176	1200	35.883376299833905	0.0	656471	3366.413840580509	0.7330279655127698	1.2
64.84756228837928	1850	35.41494056281638	0.0	874175	4468.435737017526	0.7330279655127698	1.2000000000000002
69.57785013924534	1850	34.684652711950314	0.0	897976	4730.287850866062	0.7330279655127698	1.85
76.39916159174828	2850	31.86334125944738	0.0	1480464	6821.311452502933	0.7330279655127698	1.85
83.92612188405063	2850	28.336380967145033	0.0	1547572	7526.960292302348	0.7330279655127698	2.85
88.25491098907445	1850	28.007591862121227	0.0	758197	4328.789105023805	0.7330279655127698	0.8500000000000001
93.78628252416222	1850	26.476220327033445	0.0	972798	5531.371535087778	0.7330279655127698	1.85
99.33453832755157	1850	24.92796452364411	0.0	975811	5548.2558033893365	0.7330279655127698	1.85
104.3090652370643	1850	23.953437614131364	0.0	873429	4974.526909512749	0.7330279655127698	1.85
109.73763494606776	1850	22.524867905127916	0.0	954453	5428.569709003446	0.7330279655127698	1.85
114.7773509339582	1850	21.48515191723746	0.0	885062	5039.715987890455	0.7330279655127698	1.85
120.6591340791239	1850	19.60336877207177	0.0	1035329	5881.783145165691	0.7330279655127698	1.85
126.48895312871697	1850	17.773549722478716	0.0	1026056	5829.819049593056	0.7330279655127698	1.85
131.8586212299814	1850	16.403881621214296	0.0	943942	5369.668101264422	0.7330279655127698	1.85
134.6722251757895	1200	17.590277675406185	0.0	487812	2813.6039458081113	0.7330279655127698	0.5499999999999999
137.97772563246468	1200	18.284777218730998	0.0	575591	3305.5004566751877	0.7330279655127698	1.2
148.52418837207705	1200	11.73831447911863	0.0	605884	10546.462739612367	0.7330279655127698	1.2
155.70620796191912	750	8.556294889276558	0.0	390680	7182.019589842072	0.7330279655127698	0.3
160.25087925198784	750	8.011623599207827	0.0	345516	4544.671290068731	0.7330279655127698	0.75
170.49130362878768	750	4.0	2.2288007775920176	384505	10240.424376799845	0.7330279655127698	-8.833843343645675
175.49834631790142	300	4.0	1.007042689113734	145210	5007.042689113734	0.7330279655127698	-4.480283563189056
177.36077277045388	300	6.137573547447528	0.0	172312	1862.426452552472	0.7330279655127698	0.3
179.16850954002058	300	8.329836777880832	0.0	167025	1807.7367695666965	0.7330279655127698	0.3
180.90424046822847	300	10.594105849672937	0.0	160064	1735.7309282078954	0.7330279655127698	0.3
182.40663771398695	300	13.091708603914471	0.0	137507	1502.3972457584657	0.7330279655127698	0.3
185.7201187528391	750	13.778227565062306	0.0	314107	3313.4810388521646	0.7330279655127698	0.3
190.08383122616334	750	13.414515091738071	0.0	450283	4363.712473324234	0.7330279655127698	0.75
193.91757861146922	750	13.580767706432182	0.0	398865	3833.747385305889	0.7330279655127698	0.75
199.9014080358372	750	11.596938282064203	0.0	350812	5983.829424367978	0.7330279655127698	0.75
202.90952321222207	750	12.58882310567935	0.0	382355	3008.1151763848516	0.7330279655127698	0.75
206.5035504696816	750	12.994795848219788	0.0	411561	3594.0272574595615	0.7330279655127698	0.75
209.42406478481436	750	14.074281533087024	0.0	318564	2920.5143151327648	0.7330279655127698	0.75
211.95136562983225	750	15.546980688069125	0.0	352642	2527.3008450178995	0.7330279655127698	0.75
218.34383463225558	750	13.154511685645808	0.0	437162	6392.469002423318	0.7330279655127698	0.75
221.23730355975934	750	14.261042758142043	0.0	374758	2893.4689275037654	0.7330279655127698	0.75
224.04096111891414	750	15.457385198987259	0.0	362795	2803.657559154784	0.7330279655127698	0.75
227.74650913920797	750	15.751837178693423	0.0	353220	3705.548020293837	0.7330279655127698	0.75
232.39194554168463	750	15.10640077621676	0.0	405134	4645.436402476664	0.7330279655127698	0.75
235.87109777963533	750	15.627248538266063	0.0	386351	3479.152237950695	0.7330279655127698	0.75
238.76453537019987	750	16.733810947701556	0.0	434409	2893.437590564507	0.7330279655127698	0.75
241.29598096990705	750	18.202365347994366	0.0	337059	2531.4455997071877	0.7330279655127698	0.75
244.05502815325116	750	19.443318164650243	0.0	366214	2759.0471833441243	0.7330279655127698	0.75
246.79254614765662	750	20.705800170244785	0.0	360831	2737.517994405459	0.7330279655127698	0.75
249.61941624403815	750	21.878930073863256	0.0	372963	2826.870096381528	0.7330279655127698	0.75
252.6866281755487	750	22.811718142352724	0.0	405596	3067.211931510531	0.7330279655127698	0.75
255.34962716502554	750	24.148719152875874	0.0	350713	2662.998989476851	0.7330279655127698	0.75
259.8020469962687	1200	23.696299321632704	0.0	601738	4452.419831243169	0.7330279655127698	0.75
264.00481972461347	1200	23.493526593287964	0.0	616206	4202.77272834474	0.7330279655127698	1.2
268.8209219576335	1200	22.6774243602679	0.0	656471	4816.102233020064	0.7330279655127698	1.2
273.6069204296641	1200	21.891425888237297	0.0	536667	4785.998472030603	0.7330279655127698	1.2
279.04445702334874	1200	20.453889294552738	0.0	587236	5437.536593684558	0.7330279655127698	1.2
285.02870392869454	1200	18.469642389206935	0.0	590335	5984.246905345801	0.7330279655127698	1.2
300.95695608490274	1200	6.541390232998718	0.0	696376	15928.252156208218	0.7330279655127698	1.2
302.2714159369881	300	9.226930380913405	0.0	111155	1314.4598520853126	0.7330279655127698	-0.6000000000000001
303.78006949518516	300	11.7182768227163	0.0	153605	1508.6535581971068	0.7330279655127698	0.3
305.24616246823	300	14.252183849671434	0.0	149029	1466.0929730448659	0.7330279655127698	0.3
306.7303793563997	300	16.76796696150174	0.0	157421	1484.2168881696932	0.7330279655127698	0.3
308.1330978028338	300	19.365248515067673	0.0	157488	1402.718446434069	0.7330279655127698	0.3
309.01465368954445	300	22.483692628356987	0.0	143881	881.5558867106846	0.7330279655127698	0.3
311.0724751720434	750	24.425871145858014	0.0	412837	2057.8214824989736	0.7330279655127698	0.3
314.66395220278343	1200	24.834394115118027	0.0	690253	3591.4770307399867	0.7330279655127698	0.75
317.36525645805347	1200	26.133089859847992	0.0	598727	2701.3042552700335	0.7330279655127698	1.2
319.95373443740476	1200	27.5446118804967	0.0	487812	2588.47797935129	0.7330279655127698	1.2
324.73364843161323	1850	26.764697886288275	0.0	938587	4779.913994208426	0.7330279655127698	1.2000000000000002
328.5595924674975	1850	26.938753850403984	0.0	908665	3825.94403588429	0.7330279655127698	1.85
331.8310838256042	1850	27.667262492297333	0.0	930577	3271.491358106651	0.7330279655127698	1.85
335.10472444949266	1850	28.39362186840887	0.0	858450	3273.6406238884633	0.7330279655127698	1.85
340.5110014212593	1850	26.987344896642178	0.0	1025005	5406.276971766693	0.7330279655127698	1.85
345.68855796553237	1850	25.809788352369143	0.0	886255	5177.556544273036	0.7330279655127698	1.85
351.37064465902205	1850	24.127701658879463	0.0	973972	5682.086693489681	0.7330279655127698	1.85
356.9665809760172	1850	22.531765341884267	0.0	958994	5595.936316995194	0.7330279655127698	1.85
372.59705435551433	1850	10.901291962387115	0.0	982064	15630.473379497153	0.7330279655127698	1.85
382.74518724676796	1200	4.753159071133468	0.0	538612	10148.132891253646	0.7330279655127698	0.5499999999999999
386.4004288934339	750	5.097917424467569	0.0	314107	3655.2416466658988	0.7330279655127698	0.3
391.8356445536604	750	4.0	0.33729823575893897	450283	5435.215660226509	0.7330279655127698	-0.7003824137634376
393.76595747335324	300	6.069687080307184	0.0	155580	1930.312919692816	0.7330279655127698	-0.15000000000000002
395.5092767560983	300	8.326367797562114	0.0	139857	1743.319282745071	0.7330279655127698	0.3
397.112973772597	300	10.722670781063437	0.0	155432	1603.6970164986778	0.7330279655127698	0.3
398.7787845107203	300	13.056860042940103	0.0	163442	1665.8107381233324	0.7330279655127698	0.3
400.07100971275327	300	15.764634840907089	0.0	126289	1292.2252020330147	0.7330279655127698	0.3
401.5601226412575	300	18.27552191240283	0.0	153295	1489.11292850426	0.7330279655127698	0.3
403.2381713284785	300	20.59747322518187	0.0	173849	1678.0486872209606	0.7330279655127698	0.3
406.90817346977815	750	20.927471083882196	0.0	374758	3670.0021412996725	0.7330279655127698	0.3
410.80184964456987	750	21.03379490909049	0.0	362795	3893.6761747917076	0.7330279655127698	0.75
413.8073003753968	750	22.028344178263563	0.0	353220	3005.450730826926	0.7330279655127698	0.75
416.88838510956487	750	22.947259444095486	0.0	405134	3081.084734168077	0.7330279655127698	0.75
419.7813657054368	750	24.054278848223497	0.0	386351	2892.980595871988	0.7330279655127698	0.75
423.4774260618912	750	24.358218491769183	0.0	434409	3696.0603564543153	0.7330279655127698	0.75
427.1789518490167	750	24.656692704643664	0.0	337059	3701.525787125516	0.7330279655127698	0.75
431.79384965402653	750	24.041794899633874	0.0	366214	4614.89780500979	0.7330279655127698	0.75
435.95307592609777	750	23.882568627562613	0.0	360831	4159.226272071259	0.7330279655127698	0.75
439.34273889191115	750	24.492905661749177	0.0	372963	3389.6629658134375	0.7330279655127698	0.75
442.9444859596436	750	24.891158594016744	0.0	405596	3601.7470677324345	0.7330279655127698	0.75
446.5899837583089	750	25.245660795351462	0.0	350713	3645.4977986652816	0.7330279655127698	0.75
451.12613766568666	750	24.70950688797371	0.0	386472	4536.153907377754	0.7330279655127698	0.75
454.9602004903697	750	24.875444063290686	0.0	399894	3834.0628246830197	0.7330279655127698	0.75
458.89042652238857	750	24.945218031271818	0.0	401853	3930.2260320188675	0.7330279655127698	0.75
461.6706830701347	750	26.16496148352567	0.0	343800	2780.25654774615	0.7330279655127698	0.75
465.2623189100565	750	26.57332564360392	0.0	359903	3591.6358399217484	0.7330279655127698	0.75
470.45670604384406	750	25.378938509816376	0.0	379700	5194.387133787541	0.7330279655127698	0.75
474.7279150945884	750	25.107729459072	0.0	425781	4271.209050744376	0.7330279655127698	0.75
478.60804249741415	750	25.227602056246255	0.0	277716	3880.127402825746	0.7330279655127698	0.75
483.75943094349026	750	24.076213610170154	0.0	400396	5151.388446076101	0.7330279655127698	0.75

