897314.8270778208	750	4.0	4.182164235427663	450283	4182.164235427664	0.75	-17.233306212338952
897318.7311853028	1850	4.0958925178647245	0.0	957685	3904.1074821352754	0.75	0.75
897320.0847618405	1200	6.742315980178959	0.0	571051	1353.576537685766	0.75	0.5499999999999999
897322.2461843699	1850	8.58089345086858	0.0	933276	2161.4225293103786	0.75	1.2000000000000002
897324.549166451	1850	10.277911369825468	0.0	996749	2302.9820810431115	0.75	1.85
897329.650064614	1850	9.177013206781886	0.0	801058	5100.898163043581	0.75	1.85
897335.4448206872	1850	7.3822571337001355	0.0	905515	5794.756073081751	0.75	1.85
897338.5098282298	1850	8.317249591054171	0.0	1060487	3065.007542645965	0.75	1.85
897340.9406102619	1850	9.886467558898174	0.0	852833	2430.7820321559984	0.75	1.85
897343.3669890872	1850	11.460088733608153	0.0	913888	2426.3788252900213	0.75	1.85
897345.1994560575	1850	13.627621763279764	0.0	939819	1832.4669703283885	0.75	1.85
897347.6805743667	1850	15.14650345417102	0.0	917428	2481.118309108745	0.75	1.85
897350.0135610551	1850	16.813516765778367	0.0	946851	2332.986688392651	0.75	1.85
897357.9240515975	2850	12.903026223402382	0.0	1578343	7910.4905423759865	0.75	1.85
897362.127119615	2850	12.699958205955996	0.0	1231445	4203.068017446385	0.75	2.85
897365.8050979354	2850	13.021979885592986	0.0	1471065	3677.9783203630104	0.75	2.85
897369.5143337719	2850	13.312744048924973	0.0	1491626	3709.235836668013	0.75	2.85
897372.9003966082	2850	13.926681212731227	0.0	1358801	3386.062836193746	0.75	2.85
897376.7204102856	2850	14.106667535208002	0.0	1537156	3820.0136775232236	0.75	2.85
897380.0511182644	2850	14.775959556411507	0.0	1336050	3330.707978796494	0.75	2.85
897383.8761624654	2850	14.95091535538694	0.0	1415116	3825.044201024569	0.75	2.85
897388.1960871116	2850	14.630990709223159	0.0	1468126	4319.924646163782	0.75	2.85
897392.6726275325	2850	14.154450288355571	0.0	1505760	4476.540420867588	0.75	2.85
897396.6184332066	2850	14.208644614261107	0.0	1323990	3945.805674094463	0.75	2.85
897400.7386832193	2850	14.088394601464106	0.0	1383735	4120.250012797002	0.75	2.85
897405.1413640035	2850	13.685713817249281	0.0	1480464	4402.680784214824	0.75	2.85
897409.7399877232	2850	13.08709009753107	0.0	1547572	4598.623719718213	0.75	2.85
897426.1091378169	2850	4.0	3.2820599961064434	1141971	16369.150093637512	0.75	-11.262857983257707
897433.95347143	1200	4.0	3.8443336130868193	622896	7844.333613086819	0.75	-16.98063453627332
897441.0714080828	1200	4.0	3.117936652913181	641447	7117.936652913181	0.75	-12.20712760752668
897444.9465576449	750	4.1248504379866455	0.0	358218	3875.1495620133546	0.75	0.3
897448.6912244761	750	4.380183606681196	0.0	400322	3744.6668313054493	0.75	0.75
897451.4936366616	750	5.577771421216623	0.0	369834	2802.4121854645728	0.75	0.75
897454.4229576769	750	6.648450405824602	0.0	412837	2929.3210153920204	0.75	0.75
897457.2711893698	750	7.800218712876648	0.0	401088	2848.2316929479543	0.75	0.75
897459.8840064867	750	9.187401595870396	0.0	365161	2612.8171170062515	0.75	0.75
897462.2359194538	750	10.83548862888047	0.0	321064	2351.9129669899266	0.75	0.75
897466.3889162911	1200	10.68249179154368	0.0	575591	4152.99683733679	0.75	0.75
897472.3930457068	1200	8.678362375886778	0.0	605884	6004.129415656902	0.75	1.2
897477.1168521445	1200	7.954555938124041	0.0	587506	4723.806437762737	0.75	1.2
897483.0709223283	1200	6.0004857544292305	0.0	566904	5954.07018369481	0.75	1.2
897486.2020411642	750	6.8693669184938315	0.0	384505	3131.1188359353996	0.75	0.3
897489.1468485973	750	7.924559485323479	0.0	372093	2944.807433170353	0.75	0.75
897493.1570433148	750	7.914364767740422	0.0	438281	4010.1947175830564	0.75	0.75
897498.0406053909	750	7.030802691629662	0.0	398987	4883.56207611076	0.75	0.75
897500.8615831806	750	8.209824901895118	0.0	393804	2820.977789734544	0.75	0.75
897503.19911866	1200	9.872289422590404	0.0	538612	2337.5354793047136	0.75	0.75
897506.8265893877	1850	10.244818694832519	0.0	846370	3627.4707277578855	0.75	1.2000000000000002
897508.7174845447	750	12.35392353780317	0.0	450283	1890.8951570293468	0.75	0.75
897510.8350959001	1200	14.236312182471899	0.0	611087	2117.6113553312744	0.75	0.75
897513.7978284516	1850	15.27357963086367	0.0	877771	2962.7325516082274	0.75	1.2000000000000002
897516.6260817767	1850	16.44532630581677	0.0	933276	2828.2533250469005	0.7	1.85
897519.526143149	1850	17.54526493352416	0.0	996749	2900.0613722926114	0.7	1.85
897522.8438644551	1850	18.22754362746273	0.0	801058	3317.72130606143	0.7	1.85
897525.5253238989	1850	19.54608418361445	0.0	905515	2681.4594438482773	0.7	1.85
897532.7517231817	2850	16.319684900829447	0.0	1638769	7226.3992827850025	0.7	1.85
897538.7063939528	2850	14.365014129755254	0.0	1348011	5954.670771074195	0.7	2.85
897542.171388568	2850	14.90001951453034	0.0	1429765	3464.9946152249136	0.7	2.85
897546.2440368367	2850	14.827371245952248	0.0	1354548	4072.648268578092	0.7	2.85
897550.9770129957	2850	14.09439508689044	0.0	1519951	4732.976159061808	0.7	2.85
897554.0828402898	2850	14.988567792730775	0.0	1422919	3105.8272941596642	0.7	2.85
897557.5191756322	2850	15.55223245041976	0.0	1578343	3436.3353423110148	0.7	2.85
897560.2178348055	2850	16.85357327708913	0.0	1231445	2698.659173330631	0.7	2.85
897563.4260442316	2850	17.645363850914496	0.0	1471065	3208.2094261746356	0.7	2.85
897573.1026683538	2850	11.968739728779939	0.0	1491626	9676.624122134555	0.7	2.85
897588.2794675361	2850	4.0	3.2080594535237505	1358801	15176.79918230369	0.7	-10.944655650152127
897594.7662463307	1200	4.0	2.4867787946170172	639204	6486.778794617017	0.7	-11.143148816853175
897598.7892241325	1200	4.0	0.02297780174036916	586839	4022.977801740369	0.7	1.1011954525164125
897600.0199019	750	6.769322232582298	0.0	386472	1230.677767417702	0.7	0.3
897601.581623215	750	9.207600917497931	0.0	399894	1561.7213150843668	0.7	0.75
897604.2184808792	1200	10.570743253273061	0.0	656471	2636.85766422487	0.7	0.75
897605.775910931	1200	13.013313201401173	0.0	536667	1557.4300518718876	0.7	1.2
897607.256804991	1200	15.532419141541586	0.0	587236	1480.894059859587	0.7	1.2
897608.627454741	1200	18.16176939159425	0.0	590335	1370.6497499473376	0.7	1.2
897611.7510207957	1850	19.038203336917903	0.0	1076599	3123.5660546763474	0.7	1.2000000000000002
897614.7763956339	1850	20.01282849874076	0.0	758197	3025.3748381771447	0.7	1.85
897622.1771842629	2850	16.612039869790877	0.0	1498470	7400.788628949881	0.7	1.85
897627.236523764	2850	15.552700368692621	0.0	1561263	5059.339501098257	0.7	2.85
897640.6778062591	2850	6.111417873558941	0.0	1341201	13441.28249513368	0.7	2.85
897649.9872231133	1200	4.0	3.1979989806435807	620283	9309.416854202522	0.7	-14.201395616767398
897653.7246666866	750	4.262556426608768	0.0	369834	3737.4435733912323	0.7	0.3
897656.6758729892	750	5.31135012411012	0.0	412837	2951.2063024986473	0.7	0.75
897659.2701715812	750	6.71705153216204	0.0	401088	2594.2985919480793	0.7	0.75
897661.4189958585	750	8.568227254795977	0.0	365161	2148.8242773660645	0.7	0.75
897663.3092129765	750	10.678010136882149	0.0	321064	1890.217117913828	0.7	0.75
897665.3699207043	750	12.617302409094489	0.0	361565	2060.7077277876588	0.7	0.75
897667.514575872	750	14.47264724138529	0.0	378327	2144.655167709199	0.7	0.75
897669.7266454333	750	16.260577680078192	0.0	390680	2212.0695613070957	0.7	0.75
897673.2431811612	1200	16.74404195211098	0.0	566904	3516.535727967214	0.7	0.75
897676.9050712591	1200	17.08215185420866	0.0	641452	3661.8900979023206	0.7	1.2
897680.3752646566	1200	17.611958456701913	0.0	599477	3470.1933975067454	0.7	1.2
897684.0875102025	1200	17.899712910816454	0.0	634861	3712.245545885456	0.7	1.2
897689.7161032239	1850	16.271119889570855	0.0	958994	5628.5930212456005	0.7	1.2000000000000002
897695.4929280456	1850	14.49429506786554	0.0	982064	5776.824821705314	0.7	1.85
897700.3515192309	1850	13.63570388256201	0.0	830730	4858.591185303528	0.7	1.85
897708.2643264807	2850	9.7228966327765	0.0	1364537	7912.807249785512	0.7	1.85
897710.9290713038	750	11.058151809546958	0.0	450283	2664.744823229542	0.7	0.75
897714.6808670115	1200	11.30635610184913	0.0	611087	3751.7957076978296	0.7	0.75
897719.6650058591	1200	10.322217254243942	0.0	571051	4984.138847605187	0.7	1.2
897725.5519394529	1200	8.435283660450812	0.0	617681	5886.933593793131	0.7	1.2
897734.910390433	1200	4.0	0.9231673197280961	652874	9358.450980178908	0.7	-2.7696194748308134
897738.0831896539	750	4.8272007792144285	0.0	318564	3172.799220785572	0.7	0.3
897738.5753987276	300	8.334991705492277	0.0	153295	492.20907372215225	0.7	-0.15000000000000002
897739.1228773489	300	11.78751308415745	0.0	173849	547.478621334828	0.7	0.3
897740.210598723	750	14.699791710009785	0.0	374758	1087.7213741476648	0.7	0.3
897741.2661516824	750	17.64423875067629	0.0	362795	1055.5529593334957	0.7	0.75
897742.2959575405	750	20.614432892558682	0.0	353220	1029.8058581176072	0.6499999999999999	0.75
897749.5709199392	1200	17.339470493854634	0.0	594078	7274.962398704045	0.7	0.75
897752.1682368945	1200	18.742153538543977	0.0	624282	2597.3169553106545	0.7	1.2
897755.7859556541	1200	19.12443477886441	0.0	687371	3617.7187596795716	0.7	1.2
897757.0150634651	1200	21.895326967867188	0.0	526950	1229.107810997218	0.7	1.2
897758.2676985717	1200	24.64269186129633	0.0	587876	1252.635106570857	0.7	1.2
897760.2759711749	1850	26.634419258082488	0.0	966699	2008.2726032138426	0.7	1.2000000000000002
897762.1227031571	1850	28.78768727585954	0.0	885714	1846.731982222952	0.7	1.85
897765.2688652218	2850	29.641525211281238	0.0	1537156	3146.1620645782996	0.7	1.85
897768.0138815417	2850	30.896508891285194	0.0	1336050	2745.0163199960425	0.7	2.85
897772.1626127524	4300	30.747777680561576	0.0	2039773	4148.731210723618	0.7	2.8499999999999996
897777.0011041346	4300	29.909286298380632	0.0	2176469	4838.491382180944	0.7	4.3
897794.1664313402	4300	16.743959092897537	0.0	2221506	17165.327205483096	0.7	4.3
897803.8310379402	2850	11.079352492752934	0.0	1323990	9664.606600144603	0.7	1.4000000000000001
897810.4116510086	1850	8.498739424397849	0.0	897976	6580.613068355085	0.7	0.8500000000000001
897817.0498807386	1850	5.860509694337954	0.0	905935	6638.229730059895	0.7	1.85
897837.2086926396	1850	4.0	14.298302206607197	1076599	20158.81190094515	0.7	-59.63269948841094
897841.3556634781	750	4.0	0.14697083849253886	277716	4146.970838492539	0.7	-0.9819746055179172
897846.2452066591	750	4.0	0.8895431809301035	400396	4889.5431809301035	0.75	-3.075035677999445
897850.3264009851	750	4.0	0.0811943260020903	400508	4081.1943260020903	0.75	0.4008643981910117
897852.233948156	300	6.092452829143687	0.0	157421	1907.5471708563136	0.75	-0.15000000000000002
897854.0073694455	300	8.319031539616676	0.0	157488	1773.421289527011	0.75	0.3
897855.4153454117	300	10.911055573349099	0.0	143881	1407.975966267577	0.75	0.3
897858.8848368311	300	11.441564153988251	0.0	163444	3469.491419360848	0.75	0.3
897860.399409832	300	13.926991153058434	0.0	179328	1514.573000929817	0.75	0.3
897863.6925600106	750	14.633840974495905	0.0	365161	3293.150178562528	0.75	0.3
897866.1449543549	750	16.181446630180012	0.0	321064	2452.3943443158932	0.75	0.75
897873.1680727478	750	13.158328237308114	0.0	361565	7023.118392871899	0.75	0.75
897878.0580077779	750	12.268393207080356	0.0	378327	4889.935030227755	0.75	0.75
897882.4965712472	750	11.829829737843678	0.0	390680	4438.563469236678	0.75	0.75
897887.4500732905	750	10.876327694626868	0.0	345516	4953.50204321681	0.75	0.75
897891.3038878222	750	11.022513162904387	0.0	384505	3853.8145317224808	0.75	0.75
897896.0386920758	750	10.287708909370654	0.0	372093	4734.804253533732	0.75	0.75
897899.2896463728	750	11.03675461232562	0.0	438281	3250.954297045035	0.75	0.75
897902.3230301964	750	12.00337078885601	0.0	398987	3033.3838234696095	0.75	0.75
897905.3180483879	750	13.00835259724168	0.0	393804	2995.018191614328	0.75	0.75
897910.9628278172	1200	11.363573167897686	0.0	538612	5644.779429343995	0.75	0.75
897920.8808703434	1850	5.44553064160111	0.0	846370	9918.042526296576	0.75	1.2000000000000002
897927.5768983399	750	4.0	1.2504973548157623	450283	6696.027996416872	0.75	-4.627138625707778
897932.1118237051	300	4.0	0.5349253653521582	155580	4534.925365352158	0.75	-2.4501790710142806
897934.5824360042	300	5.529387700987483	0.0	139857	2470.6122990125164	0.75	0.3
897937.247812916	300	6.864010789284914	0.0	155432	2665.3769117025686	0.75	0.3
897939.9574464377	300	8.154377267468488	0.0	163442	2709.633521816427	0.75	0.3
897941.2520584202	300	10.859765284982112	0.0	126289	1294.6119824863758	0.75	0.3
897943.2188369384	300	12.892986766776142	0.0	153295	1966.7785182059704	0.75	0.3
897948.8216223223	300	11.29020138288728	0.0	173849	5602.7853838888595	0.75	0.3
897950.7456283428	300	13.36619536237557	0.0	150710	1924.0060205117095	0.75	0.3
897952.212594162	300	15.899229543285973	0.0	139105	1466.9658190895998	0.75	0.3
897953.8783383457	300	18.233485359622158	0.0	141840	1665.7441836638127	0.75	0.3
897958.2041693623	300	17.90765434301374	0.0	156148	4325.831016608418	0.75	0.3
897960.7798552965	300	19.331968408784743	0.0	160746	2575.6859342289963	0.75	0.3
897962.6804446827	300	21.431379022596932	0.0	179801	1900.5893861878112	0.75	0.3
897964.6201559947	300	23.49166771067325	0.0	140051	1939.7113119236787	0.75	0.3
897968.2358841392	300	23.87593956613631	0.0	138313	3615.7281445369445	0.75	0.3
897970.649320251	300	25.46250345437601	0.0	143509	2413.4361117603007	0.75	0.3
897973.2331960016	300	26.878627703752887	0.0	150616	2583.8757506231223	0.75	0.3
897975.2116908842	300	28.900132821195236	0.0	165384	1978.4948825576487	0.75	0.3
897979.4245742429	750	28.68724946248545	0.0	350713	4212.883358709784	0.75	0.3
897983.9813909453	750	28.130432760103307	0.0	386472	4556.816702382145	0.75	0.75
897993.9218050468	1200	22.190018658595942	0.0	616206	9940.414101507366	0.75	0.75
898000.3823683735	750	19.729455332015977	0.0	401853	6460.563326579967	0.75	0.3
898006.8937777091	750	17.21804599623748	0.0	343800	6511.409335778498	0.75	0.75
898010.3187454065	750	17.79307829889439	0.0	359903	3424.967697343088	0.75	0.75
898014.4550954902	750	17.656728215200783	0.0	379700	4136.3500836936055	0.75	0.75
898020.2839449618	750	15.827878743464346	0.0	425781	5828.849471736438	0.75	0.75
898022.6908609873	750	17.420962718011044	0.0	277716	2406.916025453301	0.75	0.75
898026.8564263247	750	17.255397380614042	0.0	400396	4165.565337397002	0.75	0.75
898037.7229773819	750	10.388846323351396	0.0	400508	10866.551057262646	0.75	0.75
898043.8291527337	750	8.282670971592434	0.0	358218	6106.1753517589605	0.75	0.75
898051.2504735857	750	4.861350119564276	0.0	400322	7421.32085202816	0.75	0.75
898053.220849842	300	6.890973863358937	0.0	143881	1970.3762562053391	0.75	-0.15000000000000002
898054.8792980422	300	9.232525663101601	0.0	163444	1658.4482002573343	0.75	0.3
898056.9541124547	300	11.157711250628054	0.0	179328	2074.8144124735472	0.75	0.3
898061.0215396937	300	11.09028401154106	0.0	159914	4067.4272390869937	0.75	0.3
898063.3502170288	300	12.761606676474832	0.0	131610	2328.677335066227	0.75	0.3
898065.395396755	300	14.716426950277203	0.0	124011	2045.1797261976305	0.75	0.3
898068.9969926334	300	15.114831071794525	0.0	144254	3601.595878482678	0.75	0.3
898071.1707025537	300	16.941121151517983	0.0	149991	2173.7099202765417	0.75	0.3
898073.4338493496	300	18.67797435561452	0.0	147968	2263.146795903465	0.75	0.3
898075.9853007107	300	20.126522994610756	0.0	161857	2551.451361003761	0.75	0.3
898078.0871726958	300	22.024651009579717	0.0	145210	2101.8719850310404	0.75	0.3
898080.840393198	300	23.271430507328976	0.0	172312	2753.220502250739	0.75	0.3
898087.4758484706	750	20.635975234761332	0.0	398987	6635.455272567646	0.75	0.3
898093.4431113921	750	18.66871231319183	0.0	393804	5967.2629215695015	0.75	0.75
898104.6100782866	1200	11.501745418740056	0.0	538612	11166.966894451774	0.75	0.75
898119.753838253	1200	4.0	3.642014547691535	550906	15143.759966431591	0.75	-14.4606625550736
898126.0951804424	750	4.0	2.3413421893815167	450283	6341.342189381517	0.75	-9.317771414340521
898128.0932421142	300	6.001938328247692	0.0	155580	1998.0616717523085	0.75	-0.15000000000000002
898129.6163036866	300	8.478876755758177	0.0	139857	1523.061572489514	0.75	0.3
898137.4553260871	300	4.639854355279594	0.0	155432	7839.022400478584	0.75	0.3
898140.672434359	300	5.422746083492066	0.0	163442	3217.1082717875274	0.75	0.3
898141.8548742871	300	8.240306155279114	0.0	126289	1182.43992821295	0.75	0.3
898143.2730631143	300	10.822117328101735	0.0	153295	1418.1888271773803	0.75	0.3
898144.7743358164	300	13.320844626026451	0.0	173849	1501.272702075282	0.75	0.3
898145.9667569887	300	16.128423453819376	0.0	150710	1192.421172207075	0.75	0.3
898147.0735192947	300	19.021661147669388	0.0	139105	1106.7623061499912	0.75	0.3
898148.2004691924	300	21.89471125007897	0.0	141840	1126.9498975904155	0.75	0.3
898149.433029349	300	24.6621510935015	0.0	156148	1232.560156577469	0.75	0.3
898155.6862228379	1200	22.408957604521326	0.0	624282	6253.193488980175	0.75	0.29999999999999993
898158.1019923434	1200	23.993188099029997	0.0	687371	2415.769505491328	0.75	1.2
898159.645182927	1200	26.449997515402092	0.0	526950	1543.1905836279057	0.75	1.2
898162.2885639899	1850	27.8066164525161	0.0	923170	2643.381062885992	0.7	1.2000000000000002
898165.0528127308	1850	29.04236771164408	0.0	966699	2764.2487408720226	0.7	1.85
898167.592189113	1850	30.502991329468525	0.0	885714	2539.376382175551	0.7	1.85
898171.9404350277	2850	30.154745414738215	0.0	1537156	4348.24591473031	0.7	1.85
898175.7302666612	2850	30.364913781270026	0.0	1336050	3789.8316334681913	0.8	2.85
898197.2423612379	2850	12.852819204605108	0.0	1415116	21512.094576664917	0.8	2.85
898204.0781154659	2850	10.017064976611175	0.0	1468126	6835.754227993933	0.8	2.85
898206.7523416085	1850	11.342838833935751	0.0	968026	2674.2261426754235	0.8	0.8500000000000001
898216.1869910132	1850	5.9081894291381305	0.0	874175	9434.649404797621	0.8	1.85
898222.0043654937	1200	4.090814948788587	0.0	587236	5817.374480349543	0.8	0.5499999999999999
898224.6035100159	750	5.491670426645117	0.0	379700	2599.1445221434706	0.8	0.3
898228.2802236023	750	5.814956840151218	0.0	425781	3676.713586493898	0.8	0.75
898230.7061829345	750	7.388997508037433	0.0	277716	2425.959332113785	0.8	0.75
898234.1684609909	750	7.926719451529954	0.0	400396	3462.278056507479	0.8	0.75
898237.6316851486	750	8.463495293806856	0.0	400508	3463.224157723098	0.8	0.75
898245.2395861403	750	4.855594302129119	0.0	358218	7607.900991677738	0.8	0.75
898254.3758302785	750	4.0	4.280649836164037	400322	9136.244138293156	0.8	-17.65679429550536
898257.144153957	300	5.231676321499052	0.0	143881	2768.3236785009485	0.8	-0.15000000000000002
898259.5262238412	300	6.84960643734428	0.0	163444	2382.0698841547714	0.8	0.3
898262.1048094601	300	8.271020818414032	0.0	179328	2578.5856189302485	0.8	0.3
898263.9489751323	300	10.426855146181367	0.0	159914	1844.165672232664	0.8	0.3
898265.4202966704	300	12.95553360809766	0.0	131610	1471.3215380837073	0.8	0.3
898266.9786620816	300	15.397168196975898	0.0	124011	1558.3654111217618	0.8	0.3
898270.1365239604	300	16.239306318198686	0.0	144254	3157.8618787772107	0.8	0.3
898276.7755015086	750	13.600328769999606	0.0	390680	6638.977548199079	0.8	0.3
898280.4954231211	750	13.880407157439794	0.0	345516	3719.9216125598127	0.8	0.75
898289.4348306489	750	8.940999629642896	0.0	384505	8939.407527796899	0.8	0.75
898293.2923995651	750	9.083430713399714	0.0	372093	3857.5689162431822	0.8	0.75
898297.1783873332	750	9.197442945359656	0.0	438281	3885.9877680400577	0.8	0.75
898300.9560829976	750	9.419747281007067	0.0	398987	3777.69566435259	0.8	0.75
898304.3584897905	750	10.017340488135765	0.0	393804	3402.4067928713007	0.8	0.75
898308.5138090382	750	9.862021240464601	0.0	331053	4155.319247671165	0.8	0.75

