519151.0466018891	750	4.0	1.5043184084931076	450283	1504.3184084931077	0.7	-5.7185691565203625
519152.98878403334	750	6.057817855710752	0.0	398865	1942.182144289248	0.7	0.75
519156.3202100702	1200	6.726391818885955	0.0	571051	3331.4260368247965	0.7	0.75
519158.67413247965	1200	8.3724694094217	0.0	617681	2353.922409464253	0.7	1.2
519160.6274092916	1200	10.419192597461038	0.0	652874	1953.2768119606635	0.7	1.2
519163.5565749206	1850	11.49002696851997	0.0	801058	2929.1656289410666	0.7	1.2000000000000002
519166.3548944837	1850	12.691707405447426	0.0	905515	2798.3195630725468	0.7	1.85
519169.8016531407	1850	13.24494874847986	0.0	1060487	3446.758656967564	0.7	1.85
519172.6983277154	1850	14.348274173756742	0.0	852833	2896.6745747231175	0.7	1.85
519175.3872276926	1850	15.659374196546219	0.0	913888	2688.899977210523	0.7	1.85
519180.18174581503	1850	14.86485607409166	0.0	939819	4794.5181224545595	0.7	1.85
519182.9115433019	1850	16.13505858725047	0.0	917428	2729.7974868411907	0.7	1.85
519185.7164531671	1850	17.330148722031346	0.0	946851	2804.909865219123	0.7	1.85
519189.2292664195	1850	17.81733546964899	0.0	1036454	3512.8132523823538	0.7	1.85
519192.8951762106	1850	18.15142567850165	0.0	821631	3665.9097911473414	0.7	1.85
519195.5781431462	1850	19.468458743004973	0.0	923170	2682.966935496676	0.7	1.85
519200.0589786504	2850	18.987623238686805	0.0	1491626	4480.835504318168	0.7	1.85
519204.0292339214	2850	19.017367967796307	0.0	1358801	3970.2552708904927	0.7	2.85
519208.86169744737	2850	18.184904441809014	0.0	1537156	4832.4635259872975	0.7	2.85
519213.43194888596	2850	17.614653003179885	0.0	1336050	4570.251438629127	0.7	2.85
519218.2406409554	2850	16.80596093377253	0.0	1415116	4808.6920694073615	0.7	2.85
519222.65137109417	2850	16.395230794976033	0.0	1468126	4410.730138796494	0.7	2.85
519230.25268747	2850	12.793914419145935	0.0	1505760	7601.316375830098	0.7	2.85
519235.57877883536	2850	11.467823053801133	0.0	1323990	5326.091365344801	0.7	2.85
519239.9435872718	2850	11.103014617362188	0.0	1383735	4364.808436438945	0.7	2.85
519244.51686899824	2850	10.529732890942913	0.0	1480464	4573.281726419276	0.7	2.85
519249.78593565227	2850	9.260666236898292	0.0	1547572	5269.06665404462	0.7	2.85
519252.1135594448	1850	10.933042444351022	0.0	758197	2327.6237925472706	0.7	0.8500000000000001
519255.1376112601	1850	11.908990629005642	0.0	972798	3024.051815345379	0.7	1.85
519258.105947347	1850	12.940654542137946	0.0	975811	2968.336086867697	0.7	1.85
519260.70647271775	1850	14.340129171341324	0.0	873429	2600.52537079662	0.7	1.85
519263.95350406796	1850	15.093097821170927	0.0	954453	3247.031350170399	0.7	1.85
519266.9226569786	1850	16.123944910535567	0.0	885062	2969.1529106353596	0.7	1.85

