930369.1819841178	750	4.0	7.220483015225618	450283	7220.483015225618	1	-30.298076965470155
930372.5492869829	300	4.632697134921389	0.0	155580	3367.302865078611	1	-0.15000000000000002
930376.7554291559	300	4.42655496187844	0.0	139857	4206.142173042948	1	0.3
930380.1409197791	300	5.041064338813944	0.0	155432	3385.490623064497	1	0.3
930386.1685820543	300	4.0	0.9865979364553159	163442	6027.662275269259	1	-3.942371126757858
930389.3295709545	300	4.839011099824653	0.0	126289	3160.9889001753468	1	0.3
930391.993360647	300	6.175221407434726	0.0	153295	2663.789692389927	1	0.3
930395.587082326	300	6.581499728405215	0.0	173849	3593.7216790295106	1	0.3
930401.8726382188	300	4.295943835579946	0.0	150710	6285.555892825269	1	0.3
930405.3981228964	300	4.770459157910431	0.0	139105	3525.484677669515	1	0.3
930410.0683267163	300	4.100255338040472	0.0	141840	4670.203819869959	1	0.3
930418.0212191461	300	4.0	3.8526370918297532	156148	7952.892429870225	1	-16.26633949486794
930423.6104021813	300	4.0	1.589183035085226	160746	5589.183035085226	1	-6.533487050866472
930432.8879866303	300	4.0	5.27758444909571	179801	9277.58444909571	1	-22.39361313111155
930436.5611233065	300	4.326863323864805	0.0	140051	3673.1366761351956	1	0.3
930440.5517664481	300	4.336220182345175	0.0	138313	3990.6431415196294	1	0.3
930444.5277572066	300	4.360229423851939	0.0	143509	3975.9907584932366	1	0.3
930448.3803432634	300	4.507643367027787	0.0	150616	3852.5860568241524	1	0.3
930457.3878804892	300	4.0	4.4998938587827	165384	9007.537225810487	1	-19.04954359276561
930470.5136810584	300	4.0	9.1258005691483	140881	13125.8005691483	1	-38.94094244733769
930480.7767525894	300	4.0	6.263071530943238	157671	10263.071530943238	1	-26.63120758305592
930489.2336397303	300	4.0	4.456887140905613	157812	8456.887140905614	1	-18.864614705894137
930498.308723924	300	4.0	5.07508419381153	163927	9075.08419381153	1	-21.522862033389575
930504.7506274625	300	4.0	2.441903538517142	137654	6441.903538517142	1	-10.200185215623709
930509.1011008337	300	4.0	0.35047337130717277	146754	4350.473371307173	1	-1.2070354966208428
930514.8710915789	300	4.0	1.7699907450155314	153938	5769.9907450155315	1	-7.310960203566785
930531.1966148934	300	4.0	12.325523314558678	181901	16325.523314558679	1	-52.699750252602314
930538.3950116887	300	4.0	3.198396795249312	111155	7198.396795249312	1	-13.45310621957204
930548.5986702609	300	4.0	6.203658572213748	153605	10203.658572213748	1	-26.375731860519117
930560.6486397168	300	4.0	8.049969455897608	149029	12049.969455897608	1	-34.31486866035972
930564.7779473077	300	4.0	0.12930759100480738	157421	4129.307591004807	1	-0.2560226413206717
930576.1827730831	300	4.0	7.404825775372079	157488	11404.825775372079	1	-31.54075083409994
930584.608983631	300	4.0	4.426210547925428	143881	8426.210547925428	1	-18.73270535607934
930593.074181718	300	4.0	4.4651980870499735	163444	8465.198087049974	1	-18.900351774314885
930601.8904454455	300	4.0	4.816263727480984	179328	8816.263727480984	1	-20.40993402816823
930611.6796332836	300	4.0	5.789187838085791	159914	9789.18783808579	1	-24.5935077037689
930614.4750344165	300	5.204598867007247	0.0	131610	2795.4011329927525	1	0.3
930618.8882576408	300	4.7913756428195375	0.0	124011	4413.22322418771	1	0.3
930621.6543951064	300	6.025238177195279	0.0	144254	2766.1374656242583	1	0.3
930624.0620603247	300	7.6175729587926275	0.0	149991	2407.6652184026516	1	0.3
930626.5545823899	300	9.125050893630362	0.0	147968	2492.522065162263	1	0.3
930629.4134862376	300	10.266147045805893	0.0	161857	2858.9038478244706	1	0.3
930632.0613442622	300	11.618289021266257	0.0	145210	2647.8580245396347	1	0.3
930635.0534403217	300	12.626192961774072	0.0	172312	2992.0960594921853	1	0.3
930640.0986550712	300	11.580978212241291	0.0	167025	5045.21474953278	1	0.3
930642.9948579826	300	12.684775300860606	0.0	160064	2896.202911380686	1	0.3
930645.2558533403	300	14.423779943269428	0.0	137507	2260.9953575911773	1	0.3
930652.3021176805	750	11.377515602946136	0.0	314107	7046.264340323291	1	0.3
930659.4730541434	750	8.206579140171675	0.0	450283	7170.936462774461	1	0.75
930662.1345319183	300	9.545101365149858	0.0	155580	2661.4777750218173	1	-0.15000000000000002
930664.8517685076	300	10.827864775789221	0.0	139857	2717.236589360637	1	0.3
930667.5486122282	300	12.131021055058428	0.0	155432	2696.843720730795	1	0.3
930670.4161524227	300	13.263480860612992	0.0	163442	2867.540194445436	1	0.3
930672.4745202138	300	15.205113069383096	0.0	126289	2058.3677912298954	1	0.3
930675.1318285288	300	16.547804754394843	0.0	153295	2657.3083149882555	1	0.3
930677.9663804026	300	17.713252880733098	0.0	173849	2834.5518736617455	1	0.3
930680.3923483649	300	19.287284918342056	0.0	150710	2425.9679623910424	1	0.3
930682.6429004774	300	21.03673280585203	0.0	139105	2250.552112490026	1	0.3
930684.9595124869	300	22.72012079634223	0.0	141840	2316.6120095098013	1	0.3
930687.8793365043	300	23.800296779017778	0.0	156148	2919.8240173244494	1	0.3
930690.8640618585	300	24.815571424690646	0.0	160746	2984.725354327133	1	0.3
930698.0370340951	750	21.642599188066715	0.0	434409	7172.972236623932	1	0.3
930703.5709707234	750	20.10866255985589	0.0	337059	5533.936628210822	1	0.75
930710.1089460423	750	17.570687240917234	0.0	366214	6537.975318938655	1	0.75
930713.7041191683	300	17.97551411497974	0.0	143509	3595.1731259374956	1	-0.15000000000000002
930719.1349205903	300	16.544712692921532	0.0	150616	5430.801422058209	1	0.3
930723.9382051186	300	15.741428164547841	0.0	165384	4803.284528373692	1	0.3
930727.431790089	300	16.247843194209597	0.0	140881	3493.5849703382437	1	0.3
930732.0637761228	300	15.615857160357184	0.0	157671	4631.986033852411	1	0.3
930735.3975919293	300	16.282041353883056	0.0	157812	3333.815806474128	1	0.3
930738.0334092005	300	17.64622408266131	0.0	163927	2635.8172712217483	1	0.3
930742.1685897281	300	17.511043555097736	0.0	137654	4135.1805275635725	1	0.3
930745.8044855993	300	17.87514768388226	0.0	146754	3635.895871215475	1	0.3
930748.2360315733	300	19.443601709822204	0.0	153938	2431.545974060056	1	0.3
930751.2720156692	300	20.40761761395616	0.0	181901	3035.984095866045	1	0.3
930753.0990460841	300	22.58058719906422	0.0	111155	1827.0304148919386	1	0.3
930755.7336139374	300	23.946019345699025	0.0	153605	2634.5678533651935	1	0.3
930758.6253608374	300	25.05427244565404	0.0	149029	2891.7469000449864	1	0.3
930761.6754405451	300	26.004192737999947	0.0	157421	3050.079707654093	1	0.3
930764.7267843493	300	26.952848933812273	0.0	157488	3051.3438041876734	1	0.3
930767.297197814	300	28.382435469170527	0.0	143881	2570.413464641747	1	0.3
930774.1630591583	750	25.51657412500426	0.0	412837	6865.861344166266	1	0.3
930781.087162136	750	22.592471147203156	0.0	401088	6924.102977801105	1	0.75
930789.4448301622	750	18.234803121004187	0.0	365161	8357.668026198968	1	0.75
930792.5665193936	300	19.11311388955989	0.0	131610	3121.6892314442935	1	-0.15000000000000002
930794.5487455869	300	21.130887696196194	0.0	124011	1982.2261933636985	1	0.3
930798.9780476136	300	20.701585669455415	0.0	144254	4429.302026740778	1	0.3
930805.4202167931	300	18.259416489990798	0.0	149991	6442.169179464619	1	0.3
930809.1856285816	300	18.494004701552004	0.0	147968	3765.4117884387947	1	0.3
930811.780442546	300	19.89919073708549	0.0	161857	2594.8139644665157	1	0.3
930814.1732989317	300	21.506334351431228	0.0	145210	2392.8563856542623	1	0.3
930817.1174158668	300	22.56221741635326	0.0	172312	2944.1169350779696	1	0.3
930820.5925518008	300	23.08708148249617	0.0	167025	3475.135933857089	1	0.3
930823.4623241096	300	24.217309173547466	0.0	160064	2869.772308948706	1	0.3
930831.2599164229	750	20.41971686033078	0.0	331053	7797.592313216686	1	0.3
930839.9990715582	1200	15.680561724960517	0.0	550906	8739.155135370263	1	0.75
930847.2022071254	750	12.477426157766265	0.0	450283	7203.135567194252	1	0.75
930849.8610252533	300	13.818608029937016	0.0	155580	2658.8181278292495	1	-0.15000000000000002
930859.6963995541	300	7.983233729058104	0.0	139857	9835.374300878912	1	0.3
930864.1269889177	300	7.552644365487719	0.0	155432	4430.589363570384	1	0.3
930866.8117307611	300	8.86790252213674	0.0	163442	2684.7418433509797	1	0.3
930869.2106830761	300	10.468950207155453	0.0	126289	2398.9523149812862	1	0.3
930871.9578268981	300	11.721806385089684	0.0	153295	2747.1438220657697	1	0.3
930874.9416822684	300	12.737951014771305	0.0	173849	2983.855370318379	1	0.3
930877.4982401307	300	14.181393152488857	0.0	150710	2556.557862282448	1	0.3
930879.7774140618	300	15.902219221319866	0.0	139105	2279.1739311689907	1	0.3
930882.2547199129	300	17.42491337017417	0.0	141840	2477.305851145696	1	0.3
930884.8757103824	300	18.803922900776126	0.0	156148	2620.9904693980457	1	0.3
930887.4776160856	300	20.2020171975544	0.0	160746	2601.9057032217265	1	0.3
930890.4133105732	300	21.266322709823612	0.0	179801	2935.694487730788	1	0.3
930892.689438478	300	22.990194805098998	0.0	140051	2276.127904724612	1	0.3
930894.8980674141	300	24.78156586898928	0.0	138313	2208.6289361097174	1	0.3
930897.5898744629	300	26.089758820018265	0.0	143509	2691.8070489710167	1	0.3
930903.7736577892	750	23.905975493731834	0.0	372963	6183.783326286432	1	0.3
930910.1984175177	750	21.48121576530006	0.0	405596	6424.75972843177	1	0.75
930915.9438866321	750	19.73574665090919	0.0	350713	5745.469114390873	1	0.75
930922.4718394392	750	17.207793843777146	0.0	386472	6527.952807132043	1	0.75
930925.0766529784	300	18.60298030461715	0.0	157812	2604.813539159997	1	-0.15000000000000002
930927.8187863339	300	19.860846949169602	0.0	163927	2742.1333554475505	1	0.3
930930.0666784365	300	21.61295484662524	0.0	137654	2247.8921025443624	1	0.3
930932.6178677453	300	23.061765537694153	0.0	146754	2551.1893089310834	1	0.3
930939.7423330571	750	19.9373002260873	0.0	379700	7124.465311606854	1	0.3
930946.8659436443	750	16.81368963887171	0.0	425781	7123.610587215589	1	0.75
930948.7830143597	300	18.896618923602794	0.0	111155	1917.0707152689183	1	-0.15000000000000002
930951.3174350093	300	20.362198273964392	0.0	153605	2534.420649638401	1	0.3
930953.7447918523	300	21.934841430793547	0.0	149029	2427.3568431708477	1	0.3
930956.295835319	300	23.38379796418726	0.0	157421	2551.043466606285	1	0.3
930959.2525066499	300	24.427126633171444	0.0	157488	2956.671331015815	1	0.3
930961.7160253421	300	25.963607941045534	0.0	143881	2463.5186921259083	1	0.3
930964.567654375	300	27.111978908200026	0.0	163444	2851.629032845511	1	0.3
930969.5604533103	300	26.119179972930187	0.0	179328	4992.798935269838	1	0.3
930973.3798049563	300	26.29982832684837	0.0	159914	3819.351646081814	1	0.3
930976.6241401397	300	27.055493143509764	0.0	131610	3244.335183338608	1	0.3
930978.9803728312	300	28.699260452040516	0.0	124011	2356.2326914692508	1	0.3
930983.6959536519	300	27.983679631420234	0.0	144254	4715.580820620282	1	0.3
930986.2449966536	300	29.434636629592795	0.0	149991	2549.0430018274387	1	0.3
930988.6665179996	300	31.013115283582284	0.0	147968	2421.5213460105106	1	0.3
930991.3260314069	300	32.35360187637566	0.0	161857	2659.5134072066185	1	0.3
930993.8906870806	300	33.78894620262196	0.0	145210	2564.655673753713	1	0.3
930998.806086031	300	32.87354725219832	0.0	172312	4915.398950423632	1	0.3
931002.1943696206	300	33.485263662595244	0.0	167025	3388.2835896030856	1	0.3
931011.8020406896	750	27.8775925937355	0.0	393804	9607.671068859747	1	0.3
931018.4427125936	750	25.236920689816785	0.0	331053	6640.671903918716	1	0.75
931028.76664188	1200	18.91299140332813	0.0	550906	10323.929286488652	1	0.75
931036.1189551724	750	15.5606781109021	0.0	450283	7352.313292426031	1	0.75
931038.6161878415	300	17.063445441750382	0.0	155580	2497.2326691517214	1	-0.15000000000000002
931040.9551016524	300	18.72453163088787	0.0	139857	2338.9138108625075	1	0.3
931043.5584249503	300	20.121208332869333	0.0	155432	2603.323298018538	1	0.3
931046.2314896686	300	21.448143614570622	0.0	163442	2673.0647182987123	1	0.3
931048.3545308491	300	23.32510243408874	0.0	126289	2123.0411804818796	1	0.3
931050.879687341	300	24.799945942151556	0.0	153295	2525.156491937186	1	0.3
931053.8286551131	300	25.850978170086016	0.0	173849	2948.967772065542	1	0.3
931056.3742446739	300	27.305388609383325	0.0	150710	2545.5895607026896	1	0.3
931059.2755925802	300	28.404040702986585	0.0	139105	2901.3479063967375	1	0.3
931061.5848331436	300	30.094800139606463	0.0	141840	2309.240563380123	1	0.3
931065.4968030573	300	30.182830225863913	0.0	156148	3911.9699137425473	1	0.3
931068.1430761919	300	31.536557091269362	0.0	160746	2646.273134594549	1	0.3
931071.0703322142	300	32.60930106892646	0.0	179801	2927.256022342898	1	0.3
931073.5079007503	300	34.17173253288142	0.0	140051	2437.5685360450398	1	0.3
931075.7820840509	300	35.89754923221076	0.0	138313	2274.183300670656	1	0.3
931078.2579556347	300	37.42167764844973	0.0	143509	2475.8715837610284	1	0.3
931080.8005581603	300	38.87907512280263	0.0	150616	2542.6025256471	1	0.3
931083.63398461	300	40.0456486731871	0.0	165384	2833.426449615529	1	0.3
931087.6452234847	300	40.03440979834051	0.0	140881	4011.2388748465887	1	0.3
931092.3655790149	300	39.31405426814091	0.0	157671	4720.355530199612	1	0.3
931097.8099472596	300	37.86968602332221	0.0	157812	5444.368244818699	1	0.3
931100.4900141143	300	39.18961916867476	0.0	163927	2680.066854647449	1	0.3
931102.9147352233	300	40.764898059628	0.0	137654	2424.7211090467636	1	0.3
931106.3758669095	300	41.30376637338175	0.0	146754	3461.131686246257	1	0.3
931113.2263003913	750	38.45333289171771	0.0	379700	6850.433481664039	1	0.3
931125.4290480429	750	30.25058524003424	0.0	425781	12202.747651683467	1	0.75
931139.209652505	750	20.469980777897888	0.0	277716	13780.604462136354	1	0.75
931143.5215114956	300	20.158121787312048	0.0	153605	4311.858990585841	1	-0.15000000000000002
931147.0235270768	300	20.656106206022	0.0	149029	3502.0155812900475	1	0.3
931152.2519356636	300	19.42769761932388	0.0	157421	5228.408586698118	1	0.3
931154.9364766993	300	20.7431565835657	0.0	157488	2684.5410357581827	1	0.3
931157.3625765336	300	22.317056749303028	0.0	143881	2426.0998342626704	1	0.3
931160.0658756406	300	23.613757642190336	0.0	163444	2703.299107112691	1	0.3
931162.9771506351	300	24.70248264772217	0.0	179328	2911.274994468164	1	0.3
931165.5598365306	300	26.11979675229343	0.0	159914	2582.685895428745	1	0.3
931167.6719117293	300	28.00772155369341	0.0	131610	2112.075198600015	1	0.3
931169.6822016367	300	29.997431646261578	0.0	124011	2010.2899074318325	1	0.3
931172.0162951016	300	31.663338181306077	0.0	144254	2334.0934649555024	1	0.3
931178.2725211969	750	29.40711208610608	0.0	390680	6256.226095200001	1	0.3
931183.9332933652	750	27.746339917885816	0.0	345516	5660.77216822026	1	0.75

