0.8685016084477647	750	4.0	0.8685016084477647	450283	868.5016084477647	1	-2.984556916325388
1.740825401445086	1200	7.127676207002679	0.0	611087	872.323792997321	1.353194397337395	0.75
2.5898465164109656	1200	10.278655092036798	0.0	571051	849.0211149658799	1.353194397337395	1.2
3.9266676236166203	1850	12.941833984831144	0.0	933276	1336.821107205655	1.353194397337395	1.2000000000000002
12.454389479218387	2850	8.414112129229377	0.0	1472558	8527.721855601767	1.353194397337395	1.85
19.681341777488356	1850	5.18715983095941	0.0	801058	7226.952298269967	1.353194397337395	0.8500000000000001
21.34018169693825	750	7.528319911509517	0.0	352642	1658.839919449892	1.353194397337395	-0.3500000000000001
23.16566350659868	750	9.702838101849087	0.0	437162	1825.4818096604313	1.353194397337395	0.75
24.60823363167295	750	12.26026797677482	0.0	374758	1442.5701250742682	1.353194397337395	0.75
25.88745261864258	750	14.981048989805188	0.0	362795	1279.2189869696313	1.353194397337395	0.75
27.11285624323485	750	17.755645365212917	0.0	353220	1225.4036245922725	1.353194397337395	0.75
28.447083894930916	750	20.421417713516853	0.0	405134	1334.2276516960644	1.353194397337395	0.75
29.813504194736183	750	23.054997413711586	0.0	386351	1366.4202998052683	1.353194397337395	0.75
34.05996623795459	1850	22.808535370493175	0.0	1036454	4246.462043218413	1.353194397337395	0.75
36.382922390575565	1850	24.485579217872196	0.0	821631	2322.956152620975	1.353194397337395	1.85
41.42727627541202	1850	23.441225333035746	0.0	923170	5044.3538848364515	1.353194397337395	1.85
44.944808485856086	1850	23.923693122591686	0.0	966699	3517.532210444061	1.353194397337395	1.85
53.137496955311	1850	19.731004653136765	0.0	885714	8192.688469454919	1.353194397337395	1.85
55.02904746152833	1200	21.839454146919433	0.0	639204	1891.5505062173318	1.353194397337395	0.5499999999999999
56.75225968903506	1200	24.116241919412712	0.0	586839	1723.2122275067238	1.353194397337395	1.2
58.75321955284291	1200	26.115282055604858	0.0	601738	2000.9598638078537	1.8180440465580796	1.2
60.6448042010015	1200	28.223697407446267	0.0	616206	1891.5846481585907	1.8180440465580796	1.2
62.49793122436481	1200	30.37057038408296	0.0	656471	1853.1270233633088	1.8180440465580796	1.2
64.0288694638051	1200	32.83963214464267	0.0	536667	1530.9382394402808	1.8180440465580796	1.2
65.42983636264468	1200	35.43866524580309	0.0	587236	1400.9668988395854	1.8180440465580796	1.2
68.69752695267844	1200	36.170974655769314	0.0	590335	3267.6905900337715	1.8180440465580796	1.2
70.88505229405389	1850	37.983449314393866	0.0	1076599	2187.5253413754485	1.8180440465580796	1.2000000000000002
72.55218073498973	1850	40.31632087345803	0.0	758197	1667.1284409358334	1.8180440465580796	1.85
74.53252057562557	1850	42.33598103282219	0.0	972798	1980.3398406358438	1.8180440465580796	1.85
78.09766845443778	2850	42.770833154009985	0.0	1561263	3565.147878812204	1.8180440465580796	1.85
81.50519933136322	2850	43.36330227708455	0.0	1341201	3407.530876925435	1.8180440465580796	2.85
86.6758044888785	2850	42.19269711956926	0.0	1497683	5170.605157515289	1.8180440465580796	2.85
91.02679805911572	2850	41.841703549332024	0.0	1358081	4350.993570237238	1.8180440465580796	2.85
96.32292763027904	2850	40.5455739781687	0.0	1587293	5296.12957116332	1.8180440465580796	2.85
98.86808828646491	2850	42.00041332198282	0.0	1492672	2545.1606561858794	1.8180440465580796	2.85

