26300.292818175058	750	4.0	3.754617073919357	450283	3754.617073919357	1	-15.394853417853234
26301.472209942818	300	6.820608232241741	0.0	155580	1179.3917677582588	1	-0.15000000000000002
26302.54500317127	300	9.747815003787156	0.0	139857	1072.793228454585	1	0.3
26303.73477272418	300	12.558045450881249	0.0	155432	1189.7695529059074	1	0.3
26304.978800184304	300	15.314017990752571	0.0	163442	1244.027460128679	1	0.3
26307.335378018543	750	16.95744015651686	0.0	318564	2356.5778342357094	1	0.3
26309.90461532154	750	18.388202853519836	0.0	352642	2569.2373029970217	1	0.75
26313.046802447163	750	19.246015727896978	0.0	437162	3142.1871256228565	1	0.75
26315.76201379774	750	20.530804377322593	0.0	374758	2715.2113505743887	1	0.75
26318.354729819137	750	21.938088355922048	0.0	362795	2592.7160214005416	1	0.75
26320.946308283652	750	23.346509891406416	0.0	353220	2591.578464515633	1	0.75
26323.91553002698	750	24.377288148080066	0.0	405134	2969.22174332635	1	0.75
26326.756199868047	750	25.536618307015797	0.0	386351	2840.6698410642675	1	0.75
26329.810316024286	750	26.482502150776885	0.0	434409	3054.116156238913	1	0.75
26332.257486831404	750	28.035331343656384	0.0	337059	2447.1708071204985	1	0.75
26336.44593575766	1200	27.846882417401925	0.0	587876	4188.44892625446	1	0.75
26340.831991311796	1200	27.46082686326624	0.0	617242	4386.055554135683	1	1.2
26344.966509002286	1200	27.326309172773772	0.0	581493	4134.517690492466	1	1.2
26352.929491748284	1200	23.363326426775853	0.0	639204	7962.98274599792	1	1.2
26357.21405545001	1200	23.078762725048115	0.0	586839	4284.563701727738	1	1.2
26361.41114901191	1200	22.881669163150338	0.0	601738	4197.093561897777	1	1.2
26365.7644895872	1200	22.52832858786	0.0	616206	4353.340575290339	1	1.2
26370.45410388846	1200	21.838714286599142	0.0	656471	4689.614301260857	1	1.2
26374.389774872103	1200	21.90304330295792	0.0	536667	3935.6709836412215	1	1.2
26378.861760486783	1200	21.431057688277384	0.0	587236	4471.985614680531	1	1.2
26383.38036567169	1200	20.91245250337353	0.0	590335	4518.605184903857	1	1.2
26388.49640948506	1200	19.79640869000463	0.0	696376	5116.043813368902	1	1.2
26392.01493093142	1200	20.277887243640716	0.0	487160	3518.521446363914	1	1.2
26397.680477370544	1200	18.61234080451434	0.0	622896	5665.546439126373	1	1.2
26403.575007284846	1200	16.717810890213276	0.0	641447	5894.529914301063	1	1.2
26406.255463171732	750	18.037355003326308	0.0	358218	2680.4558868869694	1	0.3
26409.153259438044	750	19.139558737013054	0.0	400322	2897.7962663132575	1	0.75
26411.81596574134	750	20.476852433719174	0.0	369834	2662.7063032938777	1	0.75
26416.748575883004	750	19.544242292055447	0.0	412837	4932.610141663727	1	0.75
26419.653029364476	750	20.639788810585937	0.0	401088	2904.453481469509	1	0.75
26422.435295628806	750	21.857522546256067	0.0	365161	2782.266264329871	1	0.75
26424.741957667706	750	23.550860507356028	0.0	321064	2306.6620389000395	1	0.75
26427.42834065133	750	24.864477523732386	0.0	361565	2686.3829836236423	1	0.75
26430.20749857746	750	26.085319597600556	0.0	378327	2779.15792613183	1	0.75
26433.165226448884	750	27.127591726179062	0.0	390680	2957.727871421492	1	0.75
26435.67233941746	750	28.620478757605607	0.0	345516	2507.112968573455	1	0.75
26438.492952805565	750	29.799865369498477	0.0	384505	2820.613388107134	1	0.75
26442.91803967445	1200	29.37477850061241	0.0	599477	4425.086868886066	1	0.75
26447.37360041857	1200	28.91921775649006	0.0	634861	4455.560744122351	1	1.2
26452.04563339081	1200	28.2471847842494	0.0	630203	4672.032972240661	1	1.2
26459.36993604169	1850	24.92288213337087	0.0	982064	7324.3026508785315	1	1.2000000000000002
26465.40344359348	1850	22.88937458158107	0.0	830730	6033.507551789799	1	1.85
26475.306733691246	2850	16.986084483814558	0.0	1364537	9903.290097766512	1	1.85
26478.556899227493	750	17.73591894756673	0.0	450283	3250.1655362478286	1	0.75
26481.468436221905	750	18.824381953153548	0.0	398865	2911.53699441318	1	0.75
26484.054291607088	750	20.238526567969053	0.0	350812	2585.8553851844945	1	0.75
26486.991372860746	750	21.30144531431392	0.0	382355	2937.0812536551325	1	0.75
26489.96641961218	750	22.32639856287798	0.0	411561	2975.0467514359407	1	0.75
26492.287624836365	750	24.005193338695825	0.0	318564	2321.2052241821552	1	0.75
26496.229840390184	750	24.06297778487397	0.0	352642	3942.2155538218567	1	0.75
26499.746850296848	750	24.545967878210977	0.0	437162	3517.009906662993	1	0.75
26502.423219074662	750	25.86959910039678	0.0	374758	2676.368777814197	1	0.75
26505.033511411395	750	27.25930676366493	0.0	362795	2610.292336731848	1	0.75
26507.570303708795	750	28.72251446626518	0.0	353220	2536.792297399751	1	0.75
26510.52937458809	750	29.763443586968155	0.0	405134	2959.070879297025	1	0.75
26514.957653364647	1200	29.33516481041348	0.0	624282	4428.2787765546755	1	0.75
26519.93857160062	1200	28.354246574437312	0.0	687371	4980.918235976168	1	1.2
26523.901074433903	1200	28.391743741154762	0.0	526950	3962.50283328255	1	1.2
26528.137132558386	1200	28.155685616672432	0.0	587876	4236.058124482332	1	1.2
26532.733147513518	1200	27.559670661541347	0.0	617242	4596.014955131087	1	1.2
26537.06393390772	1200	27.228884267336365	0.0	581493	4330.78639420498	1	1.2
26542.307723267557	1200	25.985094907503843	0.0	639204	5243.789359832523	1	1.2
26547.177951137375	1200	25.11486703768277	0.0	586839	4870.227869821073	1	1.2
26552.361001196667	1200	23.931816978389133	0.0	601738	5183.0500592936405	1	1.2
26557.593671157814	1200	22.699147017241348	0.0	616206	5232.669961147787	1	1.2
26562.27803700216	1200	22.01478117289618	0.0	656471	4684.365844345167	1	1.2
26566.407510655492	1200	21.88530751956322	0.0	536667	4129.47365333296	1	1.2
26570.601205899726	1200	21.691612275329657	0.0	587236	4193.695244233562	1	1.2
26574.88729559245	1200	21.40552258260662	0.0	590335	4286.089692723039	1	1.2
26579.812285313223	1200	20.480532861833773	0.0	696376	4924.9897207728445	1	1.2
26583.319834437712	1200	20.972983737342176	0.0	487160	3507.5491244915975	1	1.2
26588.648344520545	1200	19.64447365450717	0.0	622896	5328.510082835008	1	1.2
26594.323361369552	1200	17.969456805504095	0.0	641447	5675.016849003073	1	1.2
26599.92723094205	1200	16.365587233005325	0.0	570392	5603.869572498771	1	1.2
26602.919220966625	750	17.373597208425707	0.0	400322	2991.990024579616	1	0.3
26605.793150747057	750	18.4996674279947	0.0	369834	2873.929780431007	1	0.75
26610.715388312048	750	17.577429863002873	0.0	412837	4922.2375649918295	1	0.75
26613.617776296313	750	18.675041878739627	0.0	401088	2902.3879842632464	1	0.75
26616.20162612973	750	20.091192045324892	0.0	365161	2583.8498334147334	1	0.75
26618.684267609206	750	21.60855056584657	0.0	321064	2482.6414794783245	1	0.75
26622.43775279784	750	21.85506537721323	0.0	361565	3753.485188633343	1	0.75
26625.64594515989	750	22.646873015160725	0.0	378327	3208.1923620525026	1	0.75
26628.5907944897	750	23.70202368534985	0.0	390680	2944.849329810876	1	0.75
26631.215941006136	750	25.076877168916166	0.0	345516	2625.1465164336823	1	0.75
26633.95293641082	750	26.339881764228984	0.0	384505	2736.995404687184	1	0.75
26636.65983534313	750	27.63298283191927	0.0	372093	2706.8989323097107	1	0.75
26641.284633823587	1200	27.008184351459814	0.0	634861	4624.798480459455	1	0.75
26645.843130828172	1200	26.449687346875148	0.0	630203	4558.497004584667	1	1.2
26652.818834624068	1850	23.47398355097991	0.0	982064	6975.703795895237	1	1.2000000000000002
26659.20386762709	1850	21.08895054796066	0.0	830730	6385.033003019249	1	1.85
26669.59361225608	2850	14.69920591896901	0.0	1364537	10389.74462899165	1	1.85
26672.840283293648	750	15.452534881399806	0.0	450283	3246.6710375692037	1	0.75
26675.92007923636	750	16.372738938691953	0.0	398865	3079.7959427078536	1	0.75
26678.488846400905	750	17.80397177414328	0.0	350812	2568.7671645486694	1	0.75
26681.414480088464	750	18.878338086584474	0.0	382355	2925.6336875588095	1	0.75
26684.631161670204	750	19.661656504846597	0.0	411561	3216.681581737877	1	0.75
26688.070382015827	750	20.22243615922242	0.0	318564	3439.220345624177	1	0.75
26692.186101246913	750	20.106716928138823	0.0	352642	4115.719231083596	1	0.75
26695.329812009433	750	20.96300616561855	0.0	437162	3143.7107625202716	1	0.75
26698.039655935645	750	22.253162239405484	0.0	374758	2709.8439262130655	1	0.75
26700.951901599426	750	23.34091657562436	0.0	362795	2912.2456637811247	1	0.75
26703.502808279653	750	24.79000989539919	0.0	353220	2550.906680225169	1	0.75
26706.43666457872	750	25.85615359633011	0.0	405134	2933.856299069082	1	0.75
26709.259436409615	750	27.03338176543481	0.0	386351	2822.771830895299	1	0.75
26712.719581532234	750	27.57323664281643	0.0	434409	3460.145122618382	1	0.75
26715.16091663562	750	29.13190153942748	0.0	337059	2441.3351033889467	1	0.75
26719.493261944655	1200	28.799556230394934	0.0	587876	4332.345309032551	1	0.75
26725.02541162987	1200	27.2674065451789	0.0	617242	5532.149685216033	1	1.2
26729.85583600543	1200	26.436982169618844	0.0	581493	4830.424375560055	1	1.2
26735.235935291843	1200	25.056882883209735	0.0	639204	5380.0992864091095	1	1.2
26740.107814974323	1200	24.18500320072884	0.0	586839	4871.879682480897	1	1.2
26744.420838736318	1200	23.87197943873296	0.0	601738	4313.023761995877	1	1.2
26748.86723919807	1200	23.425578976979843	0.0	616206	4446.400461753119	1	1.2
26753.5648862203	1200	22.72793195474877	0.0	656471	4697.647022231075	1	1.2
26757.798066067364	1200	22.494752107687816	0.0	536667	4233.179847060955	1	1.2

