2.836549875244886	750	4.0	2.836549875244886	450283	2836.549875244886	1	-11.44716446355301
3.776603605108798	300	7.059946270136088	0.0	155580	940.0537298639119	0.9551115531567055	-0.15000000000000002
5.795909229745761	750	9.040640645499126	0.0	350812	2019.3056246369626	0.9551115531567055	0.3
7.9895860769119516	750	10.846963798332936	0.0	382355	2193.6768471661912	0.9551115531567055	0.75
12.359937919702217	750	10.47661195554267	0.0	411561	4370.351842790265	0.9551115531567055	0.75
15.88697597814154	750	10.949573897103345	0.0	318564	3527.038058439325	0.9551115531567055	0.75
18.07474801845505	750	12.761801856789834	0.0	352642	2187.7720403135118	0.9551115531567055	0.75
20.4389275980964	750	14.397622277148487	0.0	437162	2364.179579641346	0.9551115531567055	0.75
21.84028810935768	750	16.996261765887205	0.0	374758	1401.3605112612838	0.9551115531567055	0.75
23.199468238088855	750	19.63708163715603	0.0	362795	1359.1801287311744	0.9551115531567055	0.75
25.421137230199008	1200	21.415412645045876	0.0	607410	2221.6689921101524	0.9551115531567055	0.75
27.595798878006608	1200	23.240750997238276	0.0	594078	2174.6616478076007	0.9551115531567055	1.2
31.38111853666493	1850	23.455431338579952	0.0	946851	3785.3196586583203	0.9551115531567055	1.2000000000000002
39.26541918664008	1850	19.571130688604804	0.0	1036454	7884.300649975151	0.9551115531567055	1.85
46.87464752958709	1850	15.961902345657801	0.0	821631	7609.228342947003	0.9551115531567055	1.85
51.93672888031361	1200	14.899820994931273	0.0	587876	5062.0813507265275	0.9551115531567055	0.5499999999999999
59.10919371143746	1200	11.727356163807427	0.0	617242	7172.464831123847	0.9551115531567055	1.2
62.87615509388783	750	11.960394781357056	0.0	372963	3766.961382450371	0.9551115531567055	0.3
66.8009330474805	750	12.035616827764384	0.0	405596	3924.777953592671	0.9551115531567055	0.75
70.48339615374498	750	12.353153721499904	0.0	350713	3682.4631062644803	0.9551115531567055	0.75
73.30908762791515	750	13.527462247329746	0.0	386472	2825.6914741701585	0.8610408300327139	0.75
76.44045718093109	750	14.396092694313806	0.0	399894	3131.3695530159407	0.8610408300327139	0.75
79.73517133273279	750	15.101378542512098	0.0	401853	3294.714151801708	0.8610408300327139	0.75
82.03379965833088	750	16.802750216914	0.0	343800	2298.6283255980975	0.8610408300327139	0.75
84.17885910386843	750	18.65769077137645	0.0	359903	2145.0594455375485	0.8610408300327139	0.75
86.23312850566975	750	20.603421369575138	0.0	379700	2054.2694018013117	0.8610408300327139	0.75
89.84378372006908	750	20.9927661551758	0.0	425781	3610.6552143993385	0.8610408300327139	0.75
90.94421629636568	750	23.892333578879192	0.0	277716	1100.432576296606	0.8610408300327139	0.75
92.43939560016784	750	26.397154275077035	0.0	400396	1495.1793038021556	0.8610408300327139	0.75
94.81005835814338	1200	28.02649151710151	0.0	641447	2370.662757975526	0.8610408300327139	0.75
96.60625344938387	1200	30.230296425861013	0.0	570392	1796.1950912404977	0.8610408300327139	1.2
98.35247807160636	1200	32.48407180363853	0.0	620283	1746.2246222224844	0.8610408300327139	1.2
102.31971980289269	2850	32.51683007235218	0.0	1358081	3967.2417312863463	0.8610408300327139	1.2000000000000002
108.85867114901676	2850	29.977878726228127	0.0	1587293	6538.951346124052	0.8610408300327139	2.85
112.2872313225505	2850	30.549318552694377	0.0	1492672	3428.560173533747	0.8610408300327139	2.85
114.5914305133128	2850	32.24511936193207	0.0	1439896	2304.199190762309	0.8610408300327139	2.85
117.00450009784119	2850	33.83204977740369	0.0	1139291	2413.069584528381	0.8610408300327139	2.85
120.44896430422877	2850	34.3875855710161	0.0	1499009	3444.464206387586	0.8610408300327139	2.85
126.24395976122284	4300	32.59259011402202	0.0	2133870	5794.995456994081	0.8610408300327139	2.8499999999999996
131.38482466167082	4300	31.45172521357405	0.0	2146120	5140.864900447972	0.8610408300327139	4.3
136.0323647342007	4300	30.804185141044137	0.0	2108491	4647.540072529911	0.8610408300327139	4.3
140.8447138804796	4300	29.99183599476524	0.0	2184571	4812.349146278898	0.8610408300327139	4.3
145.29980005560734	4300	29.536749819637492	0.0	2121928	4455.086175127748	0.8610408300327139	4.3
148.02979670320934	4300	30.80675317203549	0.0	2219102	2729.996647602002	0.8610408300327139	4.3
150.59696921151118	4300	32.23958066373366	0.0	2124950	2567.172508301828	0.8610408300327139	4.3
153.3064183575782	4300	33.53013151766664	0.0	2246506	2709.4491460670174	0.8610408300327139	4.3
159.33118239784412	4300	31.505367477400725	0.0	1961140	6024.764040265917	0.8610408300327139	4.3
163.25091387827533	4300	31.585635996969536	0.0	2155012	3919.7314804311873	0.8610408300327139	4.3
164.13321373099214	750	34.70333614425271	0.0	450283	882.2998527168277	0.8610408300327139	0.75
168.579700452305	4300	34.25684942293985	0.0	2123065	4446.486721312861	0.8610408300327139	0.75
178.59811638847972	4300	28.238433486765135	0.0	2177073	10018.415936174717	0.8610408300327139	4.3
186.54656828695613	4300	24.289981588288697	0.0	2160877	7948.451898476436	0.8610408300327139	4.3
191.09094730195912	2850	23.745602573285726	0.0	1472558	4544.379015002971	0.8610408300327139	1.4000000000000001
193.62564953089026	2850	25.21090034435461	0.0	1224260	2534.7022289311185	0.8610408300327139	2.85
196.48946664388475	2850	26.347083231360106	0.0	1388403	2863.8171129945044	0.8610408300327139	2.85
199.85528004708604	2850	26.98126982815881	0.0	1638769	3365.8134032012977	0.8610408300327139	2.85
202.63810918985283	2850	28.198440685392022	0.0	1348011	2782.829142766787	0.8610408300327139	2.85
205.58485917135	2850	29.251690703894873	0.0	1429765	2946.74998149715	0.8610408300327139	2.85
210.02287895312088	4300	28.813670922123986	0.0	2173522	4438.019781770885	0.8610408300327139	2.8499999999999996
228.559496682398	4300	14.27705319284687	0.0	2102452	18536.617729277117	0.8610408300327139	4.3
230.36278412294962	1850	16.47376575229525	0.0	946851	1803.287440551617	0.8610408300327139	-0.6000000000000001
235.40385929399912	1850	15.43269058124574	0.0	1036454	5041.075171049509	0.8610408300327139	1.85
238.45202072130172	1850	16.38452915394313	0.0	821631	3048.16142730261	0.8610408300327139	1.85
243.3529694475388	1850	15.483580427706048	0.0	923170	4900.948726237083	0.8610408300327139	1.85
244.8023927605552	1850	18.034157114689645	0.0	966699	1449.4233130164046	0.8610408300327139	1.85
246.52577348400072	1850	20.310776391244115	0.0	885714	1723.3807234455317	0.8610408300327139	1.85
249.8609575672906	1850	20.975592307954255	0.0	987708	3335.184083289861	0.8610408300327139	1.85
251.1602347231538	1850	23.676315152091078	0.0	923755	1299.2771558631748	0.8610408300327139	1.85
255.16793846818317	2850	23.668611407061707	0.0	1415116	4007.7037450293724	0.8610408300327139	1.85
257.04445492037746	2850	25.792094954867398	0.0	1468126	1876.516452194309	0.8610408300327139	2.85
260.6371505537279	2850	26.199399321516935	0.0	1505760	3592.6956333504645	0.8610408300327139	2.85
263.9155657607547	2850	26.9209841144902	0.0	1323990	3278.415207026737	0.8610408300327139	2.85
267.2303584507489	4300	27.606191424496018	0.0	2186790	3314.792689994182	0.8610408300327139	2.8499999999999996
269.79237258108424	4300	29.04417729416067	0.0	2105231	2562.01413033535	0.8610408300327139	4.3
272.937421872695	4300	29.899128002549972	0.0	2395588	3145.0492916106964	0.8610408300327139	4.3
274.98731934471374	4300	31.84923053053116	0.0	1972048	2049.8974720188107	0.8610408300327139	4.3
277.04988653703043	4300	33.78666333821446	0.0	2134614	2062.567192316702	0.8610408300327139	4.3
278.95027286406275	4300	35.88627701118215	0.0	2164140	1900.386327032306	0.8610408300327139	4.3
282.5879589834181	4300	36.24859089182678	0.0	2113193	3637.6861193553705	0.8610408300327139	4.3
286.64304058897494	4300	36.19350928626992	0.0	2147852	4055.0816055568544	0.8610408300327139	4.3
289.22752090605064	4300	37.60902896919423	0.0	2191074	2584.4803170756927	0.8610408300327139	4.3
291.09194492088596	4300	39.744604954358906	0.0	2286761	1864.4240148353263	0.8610408300327139	4.3
292.97277611571775	4300	41.86377375952709	0.0	2307787	1880.8311948318046	0.8610408300327139	4.3
294.72575912433047	4300	44.110790750914404	0.0	2143948	1752.9830086126917	0.8610408300327139	4.3
296.3038183091882	4300	46.53273156605662	0.0	1919781	1578.0591848577867	0.8610408300327139	4.3
303.89773522630514	4300	42.93881464893971	0.0	2147467	7593.916917116908	0.8610408300327139	4.3
309.56395325489166	4300	41.272596620353205	0.0	2133870	5666.218028586506	0.8610408300327139	4.3
316.73876122999746	4300	38.09778864524743	0.0	2146120	7174.8079751057785	0.8610408300327139	4.3
323.8444685526391	4300	34.99208132260571	0.0	2108491	7105.7073226417115	0.8610408300327139	4.3
327.4765552546529	4300	35.359994620591905	0.0	2184571	3632.0867020138085	0.8610408300327139	4.3
331.4059933814372	4300	35.43055649380763	0.0	2121928	3929.4381267842764	0.8610408300327139	4.3
336.9394055439595	4300	33.897144331285354	0.0	2219102	5533.412162522275	0.8610408300327139	4.3
341.68522649954497	4300	33.15132337569985	0.0	2124950	4745.820955585495	0.8610408300327139	4.3
346.6691795261746	4300	32.16737034907023	0.0	2246506	4983.953026629619	0.8610408300327139	4.3
351.9466498357306	4300	30.88990003951422	0.0	1961140	5277.470309556013	0.8610408300327139	4.3
358.7737315840665	4300	28.062818291178285	0.0	2155012	6827.081748335935	0.8610408300327139	4.3
360.20851679395014	750	30.628033081294674	0.0	450283	1434.785209883611	0.8610408300327139	0.75
364.5964601464156	2850	30.240089728829126	0.0	1431809	4387.943352465546	0.8610408300327139	0.75
368.59043586037967	2850	30.24611401486508	0.0	1300868	3993.9757139640483	0.8610408300327139	2.85
373.24456860282623	2850	29.591981272418515	0.0	1520281	4654.1327424465635	0.8610408300327139	2.85
377.75511516819904	2850	29.08143470704565	0.0	1472558	4510.546565372866	0.8610408300327139	2.85
381.5185972029463	2850	29.317952672298368	0.0	1224260	3763.4820347472805	0.8610408300327139	2.85
385.77594311597886	2850	29.06060675926582	0.0	1388403	4257.345913032549	0.8610408300327139	2.85
390.7865756373393	2850	28.04997423790535	0.0	1638769	5010.632521360468	0.8610408300327139	2.85
394.92239245822844	2850	27.914157417016227	0.0	1348011	4135.816820889121	0.8610408300327139	2.85
410.5554883989775	2850	16.281061476267162	0.0	1429765	15633.095940749066	0.8610408300327139	2.85
416.0262706800629	1850	14.810279195181764	0.0	939819	5470.782281085397	0.8610408300327139	0.8500000000000001
421.31674552892156	1200	13.519804346323129	0.0	594078	5290.474848858635	0.8610408300327139	0.5499999999999999
424.8306883416488	1200	14.005861533595862	0.0	624282	3513.942812727267	0.8610408300327139	1.2
426.52983805637837	1200	16.30671181886629	0.0	687371	1699.1497147295709	0.8610408300327139	1.2
427.2978713939144	1200	19.53867848133025	0.0	526950	768.0333375360432	0.8610408300327139	1.2
428.09245442011974	1200	22.744095455124906	0.0	587876	794.5830262053469	0.8610408300327139	1.2
430.37954162454605	1850	24.457008250698582	0.0	966699	2287.0872044263233	0.8610408300327139	1.2000000000000002
434.62054457295835	1850	24.21600530228626	0.0	885714	4241.0029484123215	0.8610408300327139	1.85
440.177642606713	2850	22.65890726853162	0.0	1537156	5557.09803375464	0.8610408300327139	1.85
444.9601523519675	2850	21.876397523277074	0.0	1336050	4782.509745254545	0.8610408300327139	2.85
450.0209515590823	2850	20.815598316162347	0.0	1415116	5060.799207114726	0.8610408300327139	2.85
455.26833064089925	2850	19.56821923434537	0.0	1468126	5247.379081816978	0.8610408300327139	2.85
460.4157273730902	2850	18.420822502154476	0.0	1505760	5147.396732190897	0.8610408300327139	2.85
464.82220682824374	2850	18.014343047000903	0.0	1323990	4406.47945515357	0.8610408300327139	2.85
469.1327931441325	2850	17.70375673111209	0.0	1383735	4310.586315888814	0.8610408300327139	2.85
473.31663364430597	2850	17.51991623093865	0.0	1480464	4183.84050017344	0.8610408300327139	2.85
477.6864972617492	2850	17.150052613495465	0.0	1547572	4369.863617443188	0.8610408300327139	2.85
480.93203647095896	2850	17.904513404285673	0.0	1141971	3245.5392092097914	0.8610408300327139	2.85
484.5250962666488	2850	18.311453608595826	0.0	1498470	3593.0597956898464	0.8610408300327139	2.85
488.0372424834336	2850	18.799307391810995	0.0	1561263	3512.1462167848335	0.8610408300327139	2.85
491.06562333797126	2850	19.770926537273333	0.0	1341201	3028.3808545376633	0.8610408300327139	2.85
494.43800075445586	2850	20.398549120788754	0.0	1497683	3372.3774164845768	0.8610408300327139	2.85
497.50348914829937	2850	21.333060726945202	0.0	1358081	3065.488393843551	0.8610408300327139	2.85
501.0728574769404	2850	21.763692398304194	0.0	1587293	3569.368328641009	0.8610408300327139	2.85
507.55843973448196	2850	19.278110140762625	0.0	1492672	6485.58225754157	0.8610408300327139	2.85
525.5784439143404	2850	5.2581059609042535	0.0	1439896	18020.00417985837	0.8610408300327139	2.85
529.0096804456778	1200	5.826869429566825	0.0	487812	3431.236531337429	0.8610408300327139	-0.44999999999999996
531.475724172344	750	7.360825702900425	0.0	361565	2466.0437266663994	0.8610408300327139	0.3
534.9345224825979	750	7.9020273926465965	0.0	378327	3458.7983102538287	0.8610408300327139	0.75
536.0341331146774	750	10.802416760567212	0.0	390680	1099.6106320793833	0.8610408300327139	0.75
538.9173088244798	750	11.919241050764832	0.0	345516	2883.17570980238	0.8610408300327139	0.75
540.9588829268763	750	13.877666948368374	0.0	384505	2041.5741023964572	0.8610408300327139	0.75
542.7332644874597	750	16.103285387785025	0.0	372093	1774.381560583349	0.8610408300327139	0.75
545.568186594313	1200	17.26836328093169	0.0	634861	2834.9221068533357	0.8610408300327139	0.75
549.8707080199976	1200	16.96584185524712	0.0	630203	4302.521425684572	0.8610408300327139	1.2
552.7805308003924	1200	18.056019074852365	0.0	638661	2909.822780394756	0.8610408300327139	1.2
559.1128708286764	2850	15.7236790465684	0.0	1231456	6332.340028283964	0.8610408300327139	1.2000000000000002
564.9665722524693	2850	13.869977622775528	0.0	1364537	5853.70142379287	0.8610408300327139	2.85
566.2934737431623	750	16.543076132082533	0.0	450283	1326.9014906929945	0.8610408300327139	0.75
567.1957074060539	750	19.640842469190837	0.0	398865	902.2336628916967	0.8610408300327139	0.75
569.0851739285869	1850	21.75137594665788	0.0	877771	1889.4665225329559	0.8610408300327139	0.75
572.2991320729582	2850	22.5374178022866	0.0	1520281	3213.958144371282	0.8610408300327139	1.85
575.4147124276157	2850	23.42183744762908	0.0	1472558	3115.5803546575185	0.8610408300327139	2.85
578.0184429733687	2850	24.818106901876035	0.0	1224260	2603.730545753046	0.8610408300327139	2.85
580.9605433939616	2850	25.876006481283053	0.0	1388403	2942.1004205929835	0.8610408300327139	2.85
591.259530842605	2850	19.577019032639654	0.0	1638769	10298.987448643396	0.8610408300327139	2.85
597.2187359589377	2850	17.617813916307053	0.0	1348011	5959.205116332602	0.8610408300327139	2.85
601.612407678293	2850	17.224142196951618	0.0	1429765	4393.671719355431	0.8610408300327139	2.85
604.5824242334705	1850	18.254125641774053	0.0	939819	2970.01655517757	0.8610408300327139	0.8500000000000001
606.5946532346021	1850	20.241896640642594	0.0	917428	2012.2290011314572	0.8610408300327139	1.85
609.1246451578775	1850	21.71190471736716	0.0	946851	2529.991923275434	0.8610408300327139	1.85
611.5232158824027	1850	23.31333399284187	0.0	1036454	2398.5707245252934	0.8610408300327139	1.85
614.7380035437237	2850	24.098546331520854	0.0	1231445	3214.787661321014	0.8610408300327139	1.85
619.1521827953006	2850	23.684367079943982	0.0	1471065	4414.179251576873	0.8610408300327139	2.85
622.2647289317035	2850	24.57182094354113	0.0	1491626	3112.546136402852	0.8610408300327139	2.85
627.5094885293622	2850	23.327061345882363	0.0	1358801	5244.759597658767	0.8610408300327139	2.85
631.2855938996269	2850	23.550955975617715	0.0	1537156	3776.10537026465	0.8610408300327139	2.85
632.9252171386377	2850	25.911332736606926	0.0	1336050	1639.6232390107878	0.8610408300327139	2.85
634.670000462237	2850	28.166549413007512	0.0	1415116	1744.7833235994135	0.8610408300327139	2.85
637.1622596778394	4300	29.67429019740504	0.0	2176469	2492.259215602471	0.8610408300327139	2.8499999999999996
639.6048436596858	4300	31.231706215558727	0.0	2221506	2442.5839818463132	0.8610408300327139	4.3
641.8513458860522	4300	32.98520398919238	0.0	2044075	2246.5022263663477	0.8610408300327139	4.3
644.2491108426195	4300	34.5874390326249	0.0	2186790	2397.7649565674774	0.8610408300327139	4.3
646.5604319284483	4300	36.27611794679612	0.0	2105231	2311.321085828775	0.8610408300327139	4.3
649.1795005709671	4300	37.65704930427737	0.0	2395588	2619.068642518746	0.8610408300327139	4.3
651.349661833397	4300	39.48688804184752	0.0	1972048	2170.1612624298537	0.8610408300327139	4.3
653.6921257759788	4300	41.14442409926578	0.0	2134614	2342.4639425817427	0.8610408300327139	4.3
656.0657006756504	4300	42.77084919959413	0.0	2164140	2373.5748996716475	0.8610408300327139	4.3
658.8361032815678	4300	44.00044659367668	0.0	2113193	2770.4026059174494	0.8610408300327139	4.3
666.3644253094271	4300	40.47212456581741	0.0	2147852	7528.322027859272	0.8610408300327139	4.3
670.5377408729415	4300	40.29880900230296	0.0	2191074	4173.315563514452	0.8610408300327139	4.3
673.4156694723647	4300	41.42088040287981	0.0	2286761	2877.9285994231464	0.8610408300327139	4.3
676.9279308268267	4300	41.90861904841783	0.0	2307787	3512.2613544619826	0.8610408300327139	4.3
680.1965222637211	4300	42.64002761152349	0.0	2143948	3268.5914368943313	0.8610408300327139	4.3
683.1317208307164	4300	43.704829044528196	0.0	1919781	2935.1985669952983	0.8610408300327139	4.3
686.4055459081965	4300	44.43100396704816	0.0	2147467	3273.8250774800317	0.8610408300327139	4.3
689.6591488171503	4300	45.177401058094354	0.0	2133870	3253.6029089538115	0.8610408300327139	4.3
692.930970565881	4300	45.90557930936366	0.0	2146120	3271.821748730689	0.8610408300327139	4.3
695.9902811108602	4300	46.84626876438452	0.0	2108491	3059.3105449791383	0.8610408300327139	4.3
698.8967840061241	4300	47.939765869120556	0.0	2184571	2906.502895263964	0.8610408300327139	4.3
701.7222363789432	4300	49.11431349630151	0.0	2121928	2825.4523728190443	0.8610408300327139	4.3
709.166456981075	4300	45.670092894169734	0.0	2219102	7444.220602131778	0.8610408300327139	4.3
714.4579254348828	4300	44.37862444036203	0.0	2124950	5291.4684538077045	0.8610408300327139	4.3
717.1217456293297	4300	45.71480424591509	0.0	2246506	2663.820194446938	0.8610408300327139	4.3
719.1472967640249	4300	47.68925311121992	0.0	1961140	2025.5511346951712	0.8610408300327139	4.3
721.3765233282	4300	49.4600265470447	0.0	2155012	2229.226564175227	0.8610408300327139	4.3
721.9055974795257	750	52.93095239571908	0.0	450283	529.0741513256138	0.8610408300327139	0.75
724.1029628099603	4300	54.73358706528442	0.0	2123065	2197.3653304346694	0.8610408300327139	0.75
726.3541911482474	4300	56.48235872699736	0.0	2177073	2251.228338287051	0.8610408300327139	4.3
728.5892669669971	4300	58.24728290824774	0.0	2160877	2235.075818749627	0.8610408300327139	4.3
730.8963280109684	4300	59.940221864276346	0.0	2233056	2307.061043971391	0.8610408300327139	4.3
733.6664808797119	4300	59.92380943238886	0.0	1941625	2016.4124318874906	0.8610408300327139	4.3
748.0717887482813	4300	49.518501563819505	0.0	2157535	14405.307868569354	0.8610408300327139	4.3
756.4632941961333	4300	45.126996115967415	0.0	2290172	8391.50544785209	0.8610408300327139	4.3
761.6225892423479	4300	43.96770106975289	0.0	2055469	5159.295046214527	0.8610408300327139	4.3
767.1079897149884	4300	42.48230059711237	0.0	2169201	5485.400472640518	0.8610408300327139	4.3
769.9078968624153	4300	43.68239344968545	0.0	2173522	2799.907147426923	0.8610408300327139	4.3
772.6188682636352	4300	44.97142204846566	0.0	2102452	2710.971401219785	0.8610408300327139	4.3
775.4637513454146	4300	46.12653896668626	0.0	2209463	2844.8830817794033	0.8610408300327139	4.3
778.3911167944341	4300	47.1991735176668	0.0	2275376	2927.365449019464	0.8610408300327139	4.3
780.9806377808987	4300	48.609652531202066	0.0	2005399	2589.520986464736	0.8610408300327139	4.3
783.7542170942965	4300	49.8360732178043	0.0	2152483	2773.579313397769	0.8610408300327139	4.3
786.6994935794136	4300	50.89079673268714	0.0	2289689	2945.2764851171532	0.8610408300327139	4.3
789.3567306209579	4300	52.233559691142815	0.0	2059512	2657.237041544331	0.8610408300327139	4.3
792.2157080225562	4300	53.374582289544485	0.0	2220726	2858.977401598328	0.8610408300327139	4.3
794.994600705567	4300	54.59568960653372	0.0	2156729	2778.8926830107634	0.8610408300327139	4.3
797.6271367101846	4300	55.96315360191612	0.0	2039773	2632.5360046176015	0.8610408300327139	4.3
800.4307316815045	4300	57.159558630596244	0.0	2176469	2803.5949713198797	0.8610408300327139	4.3
803.2906851613643	4300	58.29960515073646	0.0	2221506	2859.953479859783	0.8610408300327139	4.3
805.9286046130086	4300	59.661685699092224	0.0	2044075	2637.9194516442385	0.8610408300327139	4.3
809.7451151019393	4300	59.845175210161486	0.0	2186790	2816.5104889307413	0.8610408300327139	4.3
813.9595640948111	4300	59.63072621728968	0.0	2105231	2714.448992871813	0.8610408300327139	4.3
818.0373607232741	4300	59.55292958882667	0.0	2395588	3077.796628463005	0.8610408300327139	4.3
822.0851468557673	4300	59.505143456333435	0.0	1972048	2547.7861324932387	0.8610408300327139	4.3
825.836365217301	4300	59.753925094799676	0.0	2134614	2751.218361533757	0.8610408300327139	4.3
829.5733234125005	4300	59.96575841692271	0.0	2164140	2788.1666778769672	0.8610408300327139	4.3
833.625259756474	4300	59.66018601709718	0.0	2113193	2805.5723998255276	0.8610408300327139	4.3
839.6346167479442	4300	57.65082902562696	0.0	2147852	6009.356991470224	0.8610408300327139	4.3
844.5422065162066	4300	56.743239257364515	0.0	2191074	4907.589768262448	0.8610408300327139	4.3
849.537873373108	4300	55.7475724004632	0.0	2286761	4995.666856901315	0.8610408300327139	4.3
854.1051862838156	4300	55.1802594897556	0.0	2307787	4567.312910707599	0.8610408300327139	4.3
867.8575079184461	4300	45.42793785512506	0.0	2143948	13752.321634630542	0.8610408300327139	4.3
873.2529519462142	4300	44.03249382735697	0.0	1919781	5395.444027768084	0.8610408300327139	4.3
878.3208464988243	4300	42.964599274746874	0.0	2147467	5067.894552610097	0.8610408300327139	4.3
882.5384684765199	4300	42.74697729705129	0.0	2133870	4217.621977695594	0.8610408300327139	4.3
886.779843480045	4300	42.5056022935262	0.0	2146120	4241.375003525083	0.8610408300327139	4.3
890.9482550052894	4300	42.33719076828176	0.0	2108491	4168.4115252444435	0.8610408300327139	4.3
894.8065953070643	4300	42.47885046650699	0.0	2184571	3858.340301774764	0.8610408300327139	4.3
897.7503409213593	4300	43.5351048522119	0.0	2121928	2943.7456142950928	0.8610408300327139	4.3
900.4632677876058	4300	44.822177985965496	0.0	2219102	2712.926866246411	0.8610408300327139	4.3
903.0644849035518	4300	46.22096087001935	0.0	2124950	2601.21711594614	0.8610408300327139	4.3
905.8099261507698	4300	47.47551962280144	0.0	2246506	2745.4412472179106	0.8610408300327139	4.3
908.2167854814677	4300	49.06866029210349	0.0	1961140	2406.859330697952	0.8610408300327139	4.3
910.8536706502808	4300	50.43177512329042	0.0	2155012	2636.885168813066	0.8610408300327139	4.3
911.4679237887639	750	53.817521984807364	0.0	450283	614.2531384830588	0.8610408300327139	0.75
914.0669043841972	4300	55.21854138937397	0.0	2123065	2598.9805954333942	0.8610408300327139	0.75
916.7299645551491	4300	56.55548121842208	0.0	2177073	2663.060170951886	0.8610408300327139	4.3
925.5014440410465	4300	51.78400173252465	0.0	2160877	8771.479485897427	0.8610408300327139	4.3
935.8836855811292	4300	45.40176019244201	0.0	2233056	10382.241540082643	0.8610408300327139	4.3
939.9262475145534	4300	45.35919825901763	0.0	1941625	4042.5619334243734	0.8610408300327139	4.3
943.8306324364182	4300	45.45481333715286	0.0	2157535	3904.3849218647747	0.8610408300327139	4.3
947.9701259163743	4300	45.31531985719685	0.0	2290172	4139.4934799560115	0.8610408300327139	4.3
951.6935915616409	4300	45.591854211930155	0.0	2055469	3723.4656452666886	0.8610408300327139	4.3
955.6186553019252	4300	45.666790471645996	0.0	2169201	3925.063740284162	0.8610408300327139	4.3
959.5513783234017	4300	45.73406745016947	0.0	2173522	3932.7230214765314	0.8610408300327139	4.3
963.3581246926352	4300	45.927321080935855	0.0	2102452	3806.7463692336105	0.8610408300327139	4.3
967.433329585805	4300	45.852116187766	0.0	2209463	4075.2048931698564	0.8610408300327139	4.3
978.0254617935539	4300	39.25998398001722	0.0	2275376	10592.132207748782	0.8610408300327139	4.3
985.3909443993219	4300	35.894501374249174	0.0	2005399	7365.482605768049	0.8610408300327139	4.3
992.4564011055064	4300	32.829044668064675	0.0	2152483	7065.4567061844955	0.8610408300327139	4.3
1000.184639569221	4300	29.100806204350206	0.0	2289689	7728.2384637144705	0.8610408300327139	4.3
1007.1440187752536	4300	26.141426998317634	0.0	2059512	6959.379206032574	0.8610408300327139	4.3
1012.2661372955523	2850	25.019308478018896	0.0	1537156	5122.11852029874	0.8610408300327139	1.4000000000000001
1016.6518860647558	2850	24.63355970881551	0.0	1336050	4385.748769203382	0.8610408300327139	2.85
1024.9024634662958	2850	20.38298230727548	0.0	1415116	8250.57740154003	0.8610408300327139	2.85
1030.3345427698935	2850	18.95090300367766	0.0	1468126	5432.079303597822	0.8610408300327139	2.85
1033.2817815718338	1850	20.003664201737358	0.0	968026	2947.238801940303	0.8610408300327139	0.8500000000000001
1035.9510389674888	1850	21.334406806082526	0.0	874175	2669.2573956548317	0.8610408300327139	1.85
1038.7858107821735	1850	22.499634991397688	0.0	897976	2834.7718146848397	0.8610408300327139	1.85
1042.0976867451054	1850	23.187759028465795	0.0	905935	3311.875962931892	0.8610408300327139	1.85
1046.6172460563184	1850	22.66819971725276	0.0	1076599	4519.559311213033	0.8610408300327139	1.85
1050.2214194638161	1850	23.064026309755295	0.0	758197	3604.1734074974665	0.8610408300327139	1.85
1055.0107962980833	1850	22.274649475488037	0.0	972798	4789.376834267259	0.8610408300327139	1.85
1058.7979254967627	1850	22.48752027680869	0.0	975811	3787.1291986793435	0.8610408300327139	1.85
1061.3894195003732	1850	23.896026273198355	0.0	873429	2591.4940036103367	0.8610408300327139	1.85
1064.3873662635224	1850	24.898079510049232	0.0	954453	2997.946763149124	0.8610408300327139	1.85
1067.1132473679038	1850	26.17219840566765	0.0	885062	2725.8811043815786	0.8610408300327139	1.85
1071.72448227116	1850	25.560963502411475	0.0	1035329	4611.234903256176	0.8610408300327139	1.85
1074.4167339028052	1850	26.86871187076621	0.0	1026056	2692.2516316452684	0.8610408300327139	1.85
1078.1625871071133	2850	27.122858666458164	0.0	1439896	3745.8532043080454	0.8610408300327139	1.85
1081.1431254536253	2850	28.14232031994611	0.0	1139291	2980.5383465120526	0.8610408300327139	2.85
1085.039475346907	2850	28.245970426664513	0.0	1499009	3896.349893281597	0.8610408300327139	2.85
1088.7537133754724	2850	28.53173239809909	0.0	1427478	3714.2380285654235	0.8610408300327139	2.85
1092.403817252634	2850	28.881628520937465	0.0	1402287	3650.1038771616254	0.8610408300327139	2.85
1095.8940707481438	2850	29.39137502542763	0.0	1339500	3490.2534955098326	0.8610408300327139	2.85
1099.8624445842308	2850	29.423001189340532	0.0	1527299	3968.373836087101	0.8610408300327139	2.85
1103.3616138749937	2850	29.923831898577788	0.0	1343002	3499.169290762745	0.8610408300327139	2.85
1107.4826178770452	2850	29.80282789652629	0.0	1587250	4121.004002051499	0.8610408300327139	2.85
1112.9725605163012	4300	28.312885257270132	0.0	2124950	5489.9426392561545	0.8610408300327139	2.8499999999999996
1118.7719744313322	4300	26.51347134223929	0.0	2246506	5799.413915030843	0.8610408300327139	4.3
1123.844870691268	4300	25.44057508230338	0.0	1961140	5072.896259935912	0.8610408300327139	4.3
1129.4113486351766	4300	23.874097138394728	0.0	2155012	5566.47794390865	0.8610408300327139	4.3
1130.6377309977886	750	26.647714775782816	0.0	450283	1226.3823626119106	0.8610408300327139	0.75
1133.1559158569505	1850	28.12952991662094	0.0	957685	2518.1848591618773	0.8610408300327139	0.75
1135.4706464437418	1850	29.81479932982948	0.0	877771	2314.7305867914606	0.8610408300327139	1.85
1139.4211530465095	2850	29.86429272706189	0.0	1520281	3950.5066027675884	0.8610408300327139	1.85
1143.250160935155	2850	30.03528483841615	0.0	1472558	3829.00788864574	0.8610408300327139	2.85
1146.4470231556948	2850	30.838422617876496	0.0	1224260	3196.862220539655	0.8610408300327139	2.85
1150.0617795453375	2850	31.223666228233835	0.0	1388403	3614.756389642657	0.8610408300327139	2.85
1154.3139465558513	2850	30.971499217720098	0.0	1638769	4252.167010513739	0.8610408300327139	2.85
1157.8258683361692	2850	31.459577437402288	0.0	1348011	3511.9217803178094	0.8610408300327139	2.85
1161.545928872942	2850	31.73951690062915	0.0	1429765	3720.060536773137	0.8610408300327139	2.85
1165.0744933013377	2850	32.21095247223359	0.0	1354548	3528.5644283955608	0.8610408300327139	2.85
1169.0241597520683	2850	32.261286021502976	0.0	1519951	3949.6664507306205	0.8610408300327139	2.85
1172.726790952947	2850	32.55865482062402	0.0	1422919	3702.631200878952	0.8610408300327139	2.85
1176.8251184877465	2850	32.46032728582486	0.0	1578343	4098.32753479916	0.8610408300327139	2.85
1179.8247166710082	2850	33.46072910256327	0.0	1231445	2999.5981832615907	0.8610408300327139	2.85
1182.2966389140313	2850	34.98880685954025	0.0	1471065	2471.922243023031	0.8610408300327139	2.85
1187.054854789211	4300	34.230590984360504	0.0	2289689	4758.21587517974	0.8610408300327139	2.8499999999999996
1190.207549548952	4300	35.07789622461937	0.0	2059512	3152.6947597411395	0.8610408300327139	4.3
1192.999436619845	4300	36.286009153726496	0.0	2220726	2791.8870708928694	0.8610408300327139	4.3
1195.7131723848695	4300	37.57227338870204	0.0	2156729	2713.735765024459	0.8610408300327139	4.3
1198.284084828033	4300	39.00136094553869	0.0	2039773	2570.912443163344	0.8610408300327139	4.3
1201.0219265164262	4300	40.26351925714528	0.0	2176469	2737.8416883934046	0.8610408300327139	4.3
1207.2328053642786	4300	38.05264040929282	0.0	2221506	6210.878847852465	0.8610408300327139	4.3
1214.3789079843662	4300	34.906537789205174	0.0	2044075	7146.102620087648	0.8610408300327139	4.3
1220.8432212919113	4300	32.442224481659935	0.0	2186790	6464.313307545244	0.8610408300327139	4.3
1227.3612838342665	4300	29.92416193930488	0.0	2105231	6518.062542355052	0.8610408300327139	4.3
1238.7744747593347	4300	22.51097101423661	0.0	2395588	11413.190925068273	0.8610408300327139	4.3
1247.8574206948595	4300	17.42802507871189	0.0	1972048	9082.94593552472	0.8610408300327139	4.3
1251.048995441403	1850	18.236450332168374	0.0	972798	3191.574746543517	0.8610408300327139	-0.6000000000000001
1253.074420054504	1850	20.211025719067337	0.0	975811	2025.424613101039	0.8610408300327139	1.85
1256.032882519977	1850	21.252563253594364	0.0	873429	2958.4624654729737	0.8610408300327139	1.85
1257.9197680604038	1850	23.36567771316752	0.0	954453	1886.8855404268393	0.8610408300327139	1.85
1259.6439983092248	1850	25.641447464346665	0.0	885062	1724.2302488208593	0.8610408300327139	1.85
1261.9223827629048	1850	27.3630630106667	0.0	1035329	2278.384453679961	0.8610408300327139	1.85
1266.1535888916694	2850	27.131856881902127	0.0	1492672	4231.206128764575	0.8610408300327139	1.85
1269.8509150313841	2850	27.434530742187416	0.0	1439896	3697.326139714712	0.8610408300327139	2.85
1272.7930572382113	2850	28.49238853536018	0.0	1139291	2942.1422068272386	0.8610408300327139	2.85
1276.6388878533166	2850	28.646557920254917	0.0	1499009	3845.8306151052648	0.8610408300327139	2.85
1280.2060676619822	2850	29.079378111589357	0.0	1427478	3567.17980866556	0.8610408300327139	2.85
1293.5834411834405	2850	19.70200459013096	0.0	1402287	13377.373521458398	0.8610408300327139	2.85
1296.2925802614964	1850	20.992865512075117	0.0	858450	2709.1390780558445	0.8610408300327139	0.8500000000000001
1300.1495312590396	1850	21.135914514531944	0.0	1025005	3856.950997543173	0.8610408300327139	1.85
1302.2889643576389	1850	22.99648141593252	0.0	886255	2139.4330985994243	0.8610408300327139	1.85
1303.3838198756089	1850	25.901625897962635	0.0	973972	1094.8555179698865	0.8610408300327139	1.85
1305.3357485452443	2850	27.949697228327203	0.0	1464921	1951.9286696354302	0.8610408300327139	1.85
1308.496321613754	4300	28.78912415981763	0.0	2246506	3160.5730685095778	0.8610408300327139	2.8499999999999996
1311.2639455453914	4300	30.021500228180226	0.0	1961140	2767.623931637402	0.8610408300327139	4.3
1314.2972593445927	4300	30.988186428978853	0.0	2155012	3033.3137992013726	0.8610408300327139	4.3
1314.994345002327	750	34.29110077124433	0.0	450283	697.0856577345238	0.8610408300327139	0.75
1317.9838773673912	4300	35.30156840618026	0.0	2123065	2989.5323650640753	0.8610408300327139	0.75
1321.0474244347713	4300	36.23802133880025	0.0	2177073	3063.54706738001	0.8610408300327139	4.3
1324.08877586227	4300	37.196669911301534	0.0	2160877	3041.351427498717	0.8610408300327139	4.3
1327.2290442501906	4300	38.05640152338099	0.0	2233056	3140.2683879205406	0.8610408300327139	4.3
1329.9699240528896	4300	39.315521720681815	0.0	1941625	2740.8798026991803	0.8610408300327139	4.3
1333.0066954712204	4300	40.27875030235099	0.0	2157535	3036.7714183308185	0.8610408300327139	4.3
1336.2252378877567	4300	41.06020788581475	0.0	2290172	3218.5424165362447	0.8610408300327139	4.3
1363.8220084247791	4300	17.463437348792244	0.0	2055469	27596.77053702251	0.8610408300327139	4.3
1370.9080376552029	1850	14.377408118368486	0.0	913888	7086.029230423757	0.8610408300327139	-0.6000000000000001
1376.5048737221377	1200	12.780572051433676	0.0	607410	5596.836066934809	0.8610408300327139	0.5499999999999999
1380.0646398580245	1200	13.22080591554682	0.0	594078	3559.7661358868554	0.8610408300327139	1.2
1381.912607061511	750	15.372838712060355	0.0	386351	1847.967203486466	0.8610408300327139	0.3
1385.1042472941217	750	16.181198479449584	0.0	434409	3191.640232610769	0.8610408300327139	0.75
1386.5616196345516	750	18.72382613901968	0.0	337059	1457.3723404299085	0.8610408300327139	0.75
1387.8128750721546	750	21.47257070141652	0.0	366214	1251.2554376031583	0.8610408300327139	0.75
1389.046914160791	750	24.238531612780406	0.0	360831	1234.0390886361122	0.8610408300327139	0.75
1390.986692427537	1200	26.29875334603426	0.0	581493	1939.778266746147	0.8610408300327139	0.75
1394.2256605875857	1850	27.05978518598538	0.0	987708	3238.9681600488793	0.8610408300327139	1.2000000000000002
1397.2600890549932	1850	28.025356718578056	0.0	923755	3034.4284674073238	0.8610408300327139	1.85
1400.1916895759693	1850	29.093756197601998	0.0	891604	2931.6005209760588	0.8610408300327139	1.85
1410.5983479185195	2850	22.68709785505167	0.0	1468126	10406.658342550327	0.8610408300327139	1.85
1422.3466966714802	2850	14.938749102090888	0.0	1505760	11748.348752960783	0.8610408300327139	2.85
1426.8841259814485	1850	14.401319792122694	0.0	874175	4537.429309968194	0.8610408300327139	0.8500000000000001
1428.8511639516278	1200	16.434281821943465	0.0	587236	1967.0379701792308	0.8610408300327139	0.5499999999999999
1430.2850716076173	1200	19.00037416595401	0.0	590335	1433.907655989455	0.8610408300327139	1.2
1431.335560022326	1200	21.94988575124517	0.0	696376	1050.4884147088414	0.8610408300327139	1.2
1432.4722038534846	1850	24.813241920086426	0.0	758197	1136.643831158741	0.8610408300327139	1.2000000000000002
1434.7720756125125	2850	26.513370161058607	0.0	1498470	2299.8717590278225	0.8610408300327139	1.85
1443.4344678604155	4300	21.85097791315576	0.0	2164140	8662.392247902846	0.8610408300327139	2.8499999999999996
1449.8780126861277	4300	19.407433087443334	0.0	2113193	6443.544825712426	0.8610408300327139	4.3
1460.5748031954677	4300	12.71064257810345	0.0	2147852	10696.790509339882	0.8610408300327139	4.3
1463.5088932621786	1850	13.776552511392484	0.0	885062	2934.0900667109654	0.8610408300327139	-0.6000000000000001
1466.8179261737548	1850	14.467519599816303	0.0	1035329	3309.0329115761806	0.8610408300327139	1.85
1470.0980380156138	1850	15.187407757957137	0.0	1026056	3280.1118418591664	0.8610408300327139	1.85
1473.1220488417562	1850	16.163396931814873	0.0	943942	3024.010826142263	0.8610408300327139	1.85
1475.4755699053874	1850	17.80987586818351	0.0	728962	2353.521063631363	0.8610408300327139	1.85
1478.4828793049867	1850	18.802566468584395	0.0	938587	3007.309399599115	0.8610408300327139	1.85
1481.3968665598568	1850	19.88857921371433	0.0	908665	2913.987254870065	0.8610408300327139	1.85
1484.3791939937023	1850	20.90625177986883	0.0	930577	2982.3274338454994	0.8610408300327139	1.85
1487.1365683384201	1850	22.1488774351508	0.0	858450	2757.3743447180286	0.8610408300327139	1.85
1490.413402271914	1850	22.872043501657057	0.0	1025005	3276.8339334937427	0.8610408300327139	1.85
1493.2574961619227	1850	24.02794961164823	0.0	886255	2844.093890008826	0.8610408300327139	1.85
1498.2878863170322	2850	22.9975594565388	0.0	1587250	5030.390155109431	0.8610408300327139	1.85
1502.9367510178752	2850	22.34869475569579	0.0	1464921	4648.864700843007	0.8610408300327139	2.85
1507.643644988982	2850	21.64180078458914	0.0	1483527	4706.89397110665	0.8610408300327139	2.85
1513.840140908838	4300	19.445304864733217	0.0	1961140	6196.495919855921	0.8610408300327139	2.8499999999999996
1520.655579315461	4300	16.629866458110218	0.0	2155012	6815.438406623	0.8610408300327139	4.3
1522.18955229405	750	19.095893479521365	0.0	450283	1533.9729785888505	0.8610408300327139	0.75
1523.2256598704707	1200	22.0597859031005	0.0	611087	1036.1075764208654	0.8610408300327139	0.75
1524.4568055752711	1850	24.828640198299933	0.0	877771	1231.145704800566	0.8610408300327139	1.2000000000000002
1526.0071710492693	2850	27.27827472430159	0.0	1520281	1550.3654739983465	0.8610408300327139	1.85
1528.2469089160882	4300	29.038536857482985	0.0	2233056	2239.7378668186025	0.8610408300327139	2.8499999999999996
1530.2047843637533	4300	31.08066140981769	0.0	1941625	1957.875447665293	0.8610408300327139	4.3
1532.3714808185161	4300	32.913964955055036	0.0	2157535	2166.696454762654	0.8610408300327139	4.3
1534.6664593904495	4300	34.61898638312147	0.0	2290172	2294.9785719335705	0.8610408300327139	4.3
1536.7344409875843	4300	36.55100478598653	0.0	2055469	2067.981597134942	0.8610408300327139	4.3
1538.9124204114953	4300	38.37302536207563	0.0	2169201	2177.9794239108996	0.8610408300327139	4.3
1568.3657563092167	4300	12.919689464354137	0.0	2173522	29453.33589772149	0.8610408300327139	4.3
1576.0603161794984	1850	9.225129594072609	0.0	917428	7694.5598702815305	0.8610408300327139	-0.6000000000000001
1580.2700398125019	1200	9.015405961069112	0.0	624282	4209.723633003497	0.8610408300327139	0.5499999999999999
1587.6662886719168	1200	5.6191571016541495	0.0	687371	7396.248859414962	0.8610408300327139	1.2
1590.259870288001	750	7.025575485570106	0.0	337059	2593.581616084043	0.8610408300327139	0.3
1593.1483338362493	750	8.137111937321604	0.0	366214	2888.4635482485014	0.8610408300327139	0.75
1596.160013125918	750	9.12543264765282	0.0	360831	3011.6792896687834	0.8610408300327139	0.75
1599.5301183767258	750	9.75532739684507	0.0	372963	3370.105250807749	0.8610408300327139	0.75
1603.3033038456433	750	9.982141927927543	0.0	405596	3773.1854689175275	0.8610408300327139	0.75
1607.2071288080338	750	10.078316965537242	0.0	350713	3903.8249623903016	0.8610408300327139	0.75
1612.2121621039482	750	9.073283669622784	0.0	386472	5005.033295914458	0.8610408300327139	0.75
1618.3862266505312	750	6.899219123039854	0.0	399894	6174.06454658293	0.8610408300327139	0.75
1620.2579433217672	300	9.027502451803779	0.0	163927	1871.7166712360754	0.8610408300327139	-0.15000000000000002
1621.323569149354	300	11.961876624216966	0.0	137654	1065.6258275868133	0.8610408300327139	0.3
1622.4543525098206	300	14.831093263750322	0.0	146754	1130.7833604666425	0.8610408300327139	0.3
1623.63657452042	300	17.64887125315086	0.0	153938	1182.222010599466	0.8610408300327139	0.3
1625.0190163213404	300	20.26642945223066	0.0	181901	1382.4418009201981	0.8610408300327139	0.3
1627.377263067562	750	21.908182706008994	0.0	277716	2358.2467462216678	0.8610408300327139	0.3
1631.0187510014528	750	22.266694772118072	0.0	400396	3641.48793389092	0.8610408300327139	0.75
1632.929159082326	750	24.356286691244904	0.0	400508	1910.4080808731717	0.8610408300327139	0.75
1634.6462927273822	750	26.63915304618856	0.0	358218	1717.133645056343	0.8610408300327139	0.75
1637.9375129063105	1200	27.347932867260102	0.0	620283	3291.2201789284604	0.8610408300327139	0.75
1641.7636880619932	1200	27.5217577115776	0.0	584349	3826.1751556825	0.8610408300327139	1.2
1646.4471252037279	1200	26.838320569842793	0.0	670129	4683.4371417348075	0.8610408300327139	1.2
1649.738419088389	1200	27.54702668518163	0.0	690253	3291.2938846611623	0.8610408300327139	1.2
1653.200445501463	1200	28.085000272107674	0.0	598727	3462.0264130739542	0.8610408300327139	1.2
1655.6636202659329	1200	29.62182550763781	0.0	487812	2463.1747644698657	0.8610408300327139	1.2
1657.924510067066	1200	31.36093570650479	0.0	575591	2260.889801133017	0.8610408300327139	1.2
1661.4474030781562	1850	31.838042695414394	0.0	908665	3522.8930110903966	0.8610408300327139	1.2000000000000002
1665.337931234868	1850	31.947514538702617	0.0	930577	3890.528156711779	0.8610408300327139	1.85
1669.1679440444375	1850	32.11750172913311	0.0	858450	3830.012809569502	0.8610408300327139	1.85
1673.263084772475	1850	32.02236100109568	0.0	1025005	4095.1407280374347	0.8610408300327139	1.85
1677.3067778033003	1850	31.978667970270298	0.0	886255	4043.6930308253823	0.8610408300327139	1.85
1683.5267281040972	1850	29.758717669473324	0.0	973972	6219.950300796972	0.8610408300327139	1.85
1690.040492244301	1850	27.24495352926929	0.0	958994	6513.764140204035	0.8610408300327139	1.85
1697.217627072185	2850	24.067818701385367	0.0	1483527	7177.134827883923	0.8610408300327139	1.85
1703.27068882188	2850	22.01475695169055	0.0	1231456	6053.061749694817	0.8610408300327139	2.85
1708.1909434366264	2850	21.094502336944082	0.0	1364537	4920.254614746469	0.8610408300327139	2.85
1709.5854936306634	750	23.699952142907044	0.0	450283	1394.5501940370361	0.8610408300327139	0.75
1712.4215124353636	1850	24.86393333820696	0.0	957685	2836.018804700085	0.8610408300327139	0.75
1715.0161521531763	1850	26.26929362039421	0.0	877771	2594.6397178127504	0.8610408300327139	1.85
1717.7698026807984	1850	27.51564309277207	0.0	933276	2753.650527622139	0.8610408300327139	1.85
1722.0683891157375	2850	27.21705665783299	0.0	1472558	4298.586434939077	0.8610408300327139	1.85
1725.2249071723468	2850	28.060538601223726	0.0	1224260	3156.5180566092668	0.8610408300327139	2.85
1730.1678546238363	2850	27.117591149734196	0.0	1388403	4942.947451489528	0.8610408300327139	2.85
1734.484039449507	2850	26.801406324063457	0.0	1638769	4316.184825670737	0.8610408300327139	2.85
1740.920210352828	2850	24.36523542074232	0.0	1348011	6436.170903321137	0.8610408300327139	2.85
1745.0441661854306	2850	24.24127958813969	0.0	1429765	4123.955832602633	0.8610408300327139	2.85
1748.9553778077184	2850	24.33006796585195	0.0	1354548	3911.2116222877403	0.8610408300327139	2.85
1753.3344162592962	2850	23.951029514274097	0.0	1519951	4379.03845157785	0.8610408300327139	2.85
1757.4390088247676	2850	23.846436948802772	0.0	1422919	4104.592565471323	0.8610408300327139	2.85
1761.7839742537253	2850	23.501471519845136	0.0	1578343	4344.965428957636	0.8610408300327139	2.85
1765.088682883607	2850	24.196762889963328	0.0	1231445	3304.7086298818085	0.8610408300327139	2.85
1769.0208695428707	2850	24.26457623069955	0.0	1471065	3932.1866592637775	0.8610408300327139	2.85
1773.0068980173507	2850	24.278547756219503	0.0	1491626	3986.0284744800474	0.8610408300327139	2.85
1776.6451059040141	2850	24.640339869556247	0.0	1358801	3638.2078866632532	0.8610408300327139	2.85
1780.7503609650803	2850	24.5350848084901	0.0	1537156	4105.2550610661465	0.8610408300327139	2.85
1784.328992219382	2850	24.956453554188375	0.0	1336050	3578.631254301727	0.8610408300327139	2.85
1788.1146687030932	2850	25.170777070477108	0.0	1415116	3785.676483711269	0.8610408300327139	2.85
1792.0391591853754	2850	25.246286588195023	0.0	1468126	3924.490482282083	0.8610408300327139	2.85
1796.062199488865	2850	25.223246284705358	0.0	1505760	4023.040303489666	0.8610408300327139	2.85
1799.6092499692982	2850	25.676195804272034	0.0	1323990	3547.0504804333245	0.8610408300327139	2.85
1803.3127509750025	2850	25.972694798567755	0.0	1383735	3703.501005704278	0.8610408300327139	2.85
1807.2695502125075	2850	26.015895561062756	0.0	1480464	3956.799237504997	0.8610408300327139	2.85
1811.4020810066263	2850	25.883364766944098	0.0	1547572	4132.530794118657	0.8610408300327139	2.85
1814.3352863471293	2850	26.95015942644102	0.0	1141971	2933.205340503079	0.8610408300327139	2.85
1818.0773276085115	2850	27.20811816505883	0.0	1498470	3742.041261382191	0.8610408300327139	2.85
1827.260390669916	2850	22.025055103654356	0.0	1561263	9183.063061404475	0.8610408300327139	2.85
1831.119102555764	2850	22.166343217806613	0.0	1341201	3858.71188584774	0.8610408300327139	2.85
1835.4186882504748	2850	21.866757523095604	0.0	1497683	4299.585694711011	0.8610408300327139	2.85
1839.3249580017232	2850	21.960487771847294	0.0	1358081	3906.2697512483105	0.8610408300327139	2.85
1843.877011724784	2850	21.408434048786454	0.0	1587293	4552.053723060837	0.8610408300327139	2.85
1848.1624793825567	2850	21.122966391013964	0.0	1492672	4285.467657772488	0.8610408300327139	2.85
1852.4677860845898	2850	20.817659688980864	0.0	1439896	4305.306702033101	0.8610408300327139	2.85
1856.4902107077958	2850	20.795235065774953	0.0	1139291	4022.4246232059118	0.8610408300327139	2.85
1861.8066202483687	2850	19.47882552520204	0.0	1499009	5316.409540572913	0.8610408300327139	2.85
1866.431976518247	2850	18.85346925532376	0.0	1427478	4625.356269878281	0.8610408300327139	2.85
1870.9771199443585	2850	18.308325829212247	0.0	1402287	4545.143426111508	0.8610408300327139	2.85
1875.3223378485936	2850	17.963107924976974	0.0	1339500	4345.217904235271	0.8610408300327139	2.85
1880.265542805608	2850	17.019902967962697	0.0	1527299	4943.204957014277	0.8610408300327139	2.85
1884.621911731195	2850	16.66353404237571	0.0	1343002	4356.368925586992	0.8610408300327139	2.85
1889.756011856986	2850	15.529433916584418	0.0	1587250	5134.100125791291	0.8610408300327139	2.85
1894.5005936244295	2850	14.784852149141164	0.0	1464921	4744.581767443253	0.8610408300327139	2.85
1899.304420367107	2850	13.981025406463718	0.0	1483527	4803.8267426774455	0.8610408300327139	2.85
1903.3056060180797	2850	13.979839755491005	0.0	1231456	4001.185650972714	0.8610408300327139	2.85
1907.7305464013507	2850	13.55489937222002	0.0	1364537	4424.940383270984	0.8610408300327139	2.85
1909.2443314805391	750	16.04111429303169	0.0	450283	1513.7850791883318	0.8610408300327139	0.75
1911.270146496176	1200	18.015299277394945	0.0	611087	2025.8150156367444	0.8610408300327139	0.75
1913.1684794184841	1200	20.116966355087026	0.0	571051	1898.3329223079174	0.8610408300327139	1.2
1915.2152909603324	1200	22.070154813238613	0.0	617681	2046.8115418484108	0.8610408300327139	1.2
1918.4691257351203	1850	22.816320038450556	0.0	996749	3253.8347747880566	0.8610408300327139	1.2000000000000002
1921.0998438567558	1850	24.185601916814946	0.0	801058	2630.7181216356084	0.8610408300327139	1.85
1924.0631725544442	1850	25.222273219126553	0.0	905515	2963.328697688392	0.8610408300327139	1.85
1927.5199610125323	1850	25.765484761038646	0.0	1060487	3456.788458087906	0.8610408300327139	1.85
1930.315540393587	1850	26.969905379984016	0.0	852833	2795.5793810546315	0.8610408300327139	1.85
1933.3055302853868	1850	27.979915488184265	0.0	913888	2989.989891799749	0.8610408300327139	1.85
1937.698663829057	2850	27.58678194451418	0.0	1354548	4393.133543670085	0.8610408300327139	1.85
1942.6184713831892	2850	26.666974390381814	0.0	1519951	4919.807554132366	0.8610408300327139	2.85
1947.2293109465163	2850	26.05613482705479	0.0	1422919	4610.839563327024	0.8610408300327139	2.85
1951.6736661545233	2850	25.611779619047716	0.0	1578343	4444.355208007073	0.8610408300327139	2.85
1954.7473342121339	2850	26.53811156143721	0.0	1231445	3073.668057610507	0.8610408300327139	2.85
1959.8154082234091	2850	25.470037550161855	0.0	1471065	5068.0740112753565	0.8610408300327139	2.85
1965.5016615312768	2850	23.783784242294203	0.0	1491626	5686.253307867651	0.8610408300327139	2.85
1971.9632660045575	2850	21.322179769013395	0.0	1358801	6461.6044732808095	0.8610408300327139	2.85
1981.2176544919873	2850	16.067791281583585	0.0	1537156	9254.388487429813	0.8610408300327139	2.85
1988.059988956128	2850	13.225456817442895	0.0	1336050	6842.334464140689	0.8610408300327139	2.85
1992.516787206472	1850	12.768658567098926	0.0	891604	4456.798250343969	0.8610408300327139	0.8500000000000001
1995.1928826385408	1200	14.092563135029973	0.0	616206	2676.095432068952	0.8610408300327139	0.5499999999999999
1997.6678855442974	1200	15.617560229273327	0.0	656471	2475.0029057566453	0.8610408300327139	1.2
1999.7058075613	1200	17.579638212270744	0.0	536667	2037.9220170025812	0.8610408300327139	1.2
2001.928220442242	1200	19.357225331328692	0.0	587236	2222.4128809420513	0.8610408300327139	1.2
2008.8970045428603	1200	16.388441230710466	0.0	590335	6968.784100618228	0.8610408300327139	1.2
2014.3530339712238	1200	14.932411802346989	0.0	696376	5456.029428363476	0.8610408300327139	1.2
2017.5561606208107	1200	15.729285152759925	0.0	487160	3203.126649587064	0.8610408300327139	1.2
2020.9446729583244	1200	16.340772815246257	0.0	622896	3388.512337513666	0.8610408300327139	1.2
2024.0006125458353	1200	17.284833227735305	0.0	641447	3055.9395875109567	0.8610408300327139	1.2
2026.4732500068355	1200	18.8121957667351	0.0	570392	2472.6374610002013	0.8610408300327139	1.2
2029.6517606997954	1200	19.633685073775254	0.0	620283	3178.51069295985	0.8610408300327139	1.2
2032.6941178575285	1200	20.591327916042296	0.0	584349	3042.3571577329567	0.8610408300327139	1.2
2037.9979031642831	1200	19.28754260928756	0.0	670129	5303.785306754737	0.8610408300327139	1.2
2043.972105867944	1850	17.3133399056268	0.0	1026056	5974.20270366076	0.8610408300327139	1.2000000000000002
2048.546503840964	1850	16.738941932606625	0.0	943942	4574.397973020179	0.8610408300327139	1.85
2050.8729013481598	1200	18.41254442541102	0.0	487812	2326.397507195603	0.8610408300327139	0.5499999999999999
2057.4833082120726	1200	15.8021375614978	0.0	575591	6610.40686391322	0.8610408300327139	1.2
2060.654686682029	1200	16.630759091541584	0.0	605884	3171.3784699562116	0.8610408300327139	1.2
2063.7322957942847	1200	17.55314997928562	0.0	587506	3077.6091122559665	0.8610408300327139	1.2
2066.7047881197664	1200	18.58065765380408	0.0	566904	2972.492325481538	0.8610408300327139	1.2
2069.545067868249	1200	19.740377905321445	0.0	641452	2840.2797484826347	0.8610408300327139	1.2
2073.7157863667526	1200	19.56965940681784	0.0	599477	4170.718498503604	0.8610408300327139	1.2
2077.782610519797	1200	19.50283525377338	0.0	634861	4066.824153044463	0.8610408300327139	1.2
2080.470333898022	1200	20.815111875548375	0.0	630203	2687.723378225003	0.8610408300327139	1.2
2086.4065411166494	1200	18.87890465692121	0.0	638661	5936.207218627166	0.8610408300327139	1.2
2092.373926094234	1850	16.911519679336855	0.0	830730	5967.384977584356	0.8610408300327139	1.2000000000000002
2102.1654499199612	2850	11.119995853609453	0.0	1364537	9791.523825727403	0.8610408300327139	1.85
2105.693568570936	750	11.591877202634537	0.0	450283	3528.1186509749155	0.8610408300327139	0.75
2108.581545890429	750	12.703899883141803	0.0	398865	2887.9773194927357	0.8610408300327139	0.75
2112.815601467321	750	12.469844306249996	0.0	350812	4234.0555768918075	0.8610408300327139	0.75
2116.0616010131666	750	13.223844760403713	0.0	382355	3245.999545846281	0.8610408300327139	0.75
2122.4682968126895	750	10.81714896088101	0.0	411561	6406.695799522704	0.8610408300327139	0.75
2124.9643059701766	750	12.32113980339363	0.0	318564	2496.00915748738	0.8610408300327139	0.75
2127.14762024524	750	14.13782552833014	0.0	352642	2183.3142750634884	0.8610408300327139	0.75
2129.835049522284	750	15.45039625128627	0.0	437162	2687.429277043871	0.8610408300327139	0.75
2133.4046720248475	750	15.880773748722554	0.0	374758	3569.622502563716	0.8610408300327139	0.75
2136.0863504739777	750	17.199095299592216	0.0	362795	2681.6784491303365	0.8610408300327139	0.75
2138.6511315460407	750	18.63431422752916	0.0	353220	2564.781072063057	0.8610408300327139	0.75
2141.9735294775464	750	19.311916296023313	0.0	405134	3322.3979315058486	0.8610408300327139	0.75
2145.663929577908	750	19.62151619566159	0.0	386351	3690.400100361718	0.8610408300327139	0.75
2147.811889071329	750	21.473556702240476	0.0	434409	2147.959493421116	0.8610408300327139	0.75
2149.496423873539	750	23.789021900030974	0.0	337059	1684.534802209503	0.8610408300327139	0.75
2153.8555427545557	1200	23.429903019014077	0.0	587876	4359.118881016895	0.8610408300327139	0.75
2157.768485899621	1200	23.516959873948768	0.0	617242	3912.9431450653115	0.8610408300327139	1.2
2161.8630380144787	1200	23.42240775909076	0.0	581493	4094.552114858007	0.8610408300327139	1.2
2165.42623681258	1200	23.859208960989395	0.0	639204	3563.1987981013644	0.8610408300327139	1.2
2168.386891924904	1200	24.89855384866548	0.0	586839	2960.6551123239137	0.8610408300327139	1.2
2171.586373644086	1200	25.69907212948297	0.0	601738	3199.4817191825086	0.8610408300327139	1.2
2174.786121912039	1200	26.499323861529962	0.0	616206	3199.748267953009	0.8610408300327139	1.2
2177.7661080326843	1200	27.519337740884716	0.0	656471	2979.9861206452492	0.8610408300327139	1.2
2180.216855333644	1200	29.068590439925003	0.0	536667	2450.747300959713	0.8610408300327139	1.2
2185.8329587990584	1850	27.45248697451046	0.0	897976	5616.103465414546	0.8610408300327139	1.2000000000000002
2190.638299496188	1850	26.647146277380738	0.0	905935	4805.340697129719	0.8610408300327139	1.85
2197.3597761903434	1850	23.92566958322579	0.0	1076599	6721.4766941549515	0.8610408300327139	1.85
2200.2274921374187	1200	25.057953636150533	0.0	487160	2867.715947075256	0.8610408300327139	0.5499999999999999
2203.6830096543745	1200	25.602436119194667	0.0	622896	3455.517516955866	0.8610408300327139	1.2
2206.9402727552956	1200	26.345173018273698	0.0	641447	3257.2631009209695	0.8610408300327139	1.2
2208.931999924226	1200	28.353445849343192	0.0	570392	1991.7271689305067	0.8610408300327139	1.2
2212.0152103196956	1200	29.27023545387374	0.0	620283	3083.2103954694485	0.8610408300327139	1.2
2215.4331228350234	1850	29.852322938546017	0.0	885062	3417.912515327724	0.8610408300327139	1.2000000000000002
2220.6307733689387	1850	28.65467240463064	0.0	1035329	5197.650533915377	0.8610408300327139	1.85
2225.4187837781387	1850	27.86666199543031	0.0	1026056	4788.01040920033	0.8610408300327139	1.85
2229.7730694145657	1850	27.512376359003447	0.0	943942	4354.285636426863	0.8610408300327139	1.85
2233.157434125975	1850	28.128011647593866	0.0	728962	3384.3647114095797	0.8610408300327139	1.85
2237.4920232011095	1850	27.79342257245993	0.0	938587	4334.589075133934	0.8610408300327139	1.85
2241.711540744587	1850	27.57390502898184	0.0	908665	4219.517543478092	0.8610408300327139	1.85
2246.7983954945094	1850	26.487050279059556	0.0	930577	5086.854749922284	0.8610408300327139	1.85
2251.1545684144207	1850	26.13087735914804	0.0	858450	4356.172919911515	0.8610408300327139	1.85
2255.8069103534344	1850	25.478535420134776	0.0	1025005	4652.341939013267	0.8610408300327139	1.85
2258.653419775366	1850	26.632025998203268	0.0	886255	2846.509421931507	0.8610408300327139	1.85
2261.770459783036	1850	27.514985990532935	0.0	973972	3117.040007670333	0.8610408300327139	1.85
2264.287900937007	1850	28.997544836561854	0.0	958994	2517.4411539710827	0.8610408300327139	1.85
2267.779687040795	2850	29.505758732773952	0.0	1483527	3491.786103787902	0.8610408300327139	1.85
2272.4777104658856	4300	28.80773530768339	0.0	1961140	4698.023425090565	0.8610408300327139	2.8499999999999996
2279.424581110276	4300	25.860864663293356	0.0	2155012	6946.870644390035	0.8610408300327139	4.3
2280.603412748501	750	28.682033025068428	0.0	450283	1178.8316382249302	0.8610408300327139	0.75
2281.6705384378392	1200	31.614907335729818	0.0	611087	1067.125689338609	0.8610408300327139	0.75
2283.2425494154963	2850	34.0428963580727	0.0	1300868	1572.0109776571185	0.8610408300327139	1.2000000000000002
2285.4515578645332	4300	35.83388790903559	0.0	2160877	2209.008449037109	0.8610408300327139	2.8499999999999996
2290.715594549199	4300	34.569851224369984	0.0	2233056	5264.036684665613	0.8610408300327139	4.3
2294.6547368700717	4300	34.63070890349708	0.0	1941625	3939.1423208729034	0.8610408300327139	4.3
2299.6668699904717	4300	33.61857578309738	0.0	2157535	5012.133120399703	0.8610408300327139	4.3
2303.8652392410772	4300	33.42020653249201	0.0	2290172	4198.36925060536	0.8610408300327139	4.3
2306.1953004844695	4300	35.090145289099326	0.0	2055469	2330.0612433926885	0.8610408300327139	4.3
2308.6498607912554	4300	36.635584982313546	0.0	2169201	2454.560306785782	0.8610408300327139	4.3
2311.109151169199	4300	38.17629460436994	0.0	2173522	2459.290377943605	0.8610408300327139	4.3
2313.490643315903	4300	39.79480245766598	0.0	2102452	2381.4921467039617	0.8610408300327139	4.3
2315.989277245683	4300	41.29616852788638	0.0	2209463	2498.633929779598	0.8610408300327139	4.3
2318.56006419102	4300	42.7253815825489	0.0	2275376	2570.7869453374788	0.8610408300327139	4.3
2320.8353152833197	4300	44.450130490249066	0.0	2005399	2275.251092299837	0.8610408300327139	4.3
2323.2715748889677	4300	46.0138708846011	0.0	2152483	2436.259605647969	0.8610408300327139	4.3
2325.858029852931	4300	47.427415920637856	0.0	2289689	2586.4549639632423	0.8610408300327139	4.3
2328.192516849087	4300	49.09292892448167	0.0	2059512	2334.4869961561876	0.8610408300327139	4.3
2330.7034800525184	4300	50.58196572105001	0.0	2220726	2510.9632034316605	0.8610408300327139	4.3
2333.1565306456623	4300	52.1289151279061	0.0	2156729	2453.050593143913	0.8610408300327139	4.3
2335.4883641864512	4300	53.79708158711745	0.0	2039773	2331.833540788645	0.8610408300327139	4.3
2337.971105028048	4300	55.31434074552051	0.0	2176469	2482.7408415969435	0.8610408300327139	4.3
2340.62310989438	4300	56.66233587918855	0.0	2221506	2652.0048663319612	0.8610408300327139	4.3
2345.7858690817393	4300	55.49957669182908	0.0	2044075	5162.759187359474	0.8610408300327139	4.3
2349.702557780379	4300	55.582887993189395	0.0	2186790	3916.68869863968	0.8610408300327139	4.3
2352.559117080712	4300	56.726328692856576	0.0	2105231	2856.559300332817	0.8610408300327139	4.3
2355.668921289495	4300	57.616524484073395	0.0	2395588	3109.804208783183	0.8610408300327139	4.3
2358.243056061552	4300	59.0423897120164	0.0	1972048	2574.1347720569893	0.8610408300327139	4.3
2361.522795115733	4300	59.762650657835344	0.0	2134614	2779.7390541810637	0.8610408300327139	4.3
2365.096858031142	4300	59.945568788834485	0.0	2164140	2817.0818690008623	0.8610408300327139	4.3
2368.8711332874404	4300	59.69292180388918	0.0	2113193	2752.6469849453083	0.8610408300327139	4.3
2372.3587248444833	4300	59.89644007604475	0.0	2147852	2796.4817278444284	0.8610408300327139	4.3
2375.9601277213274	4300	59.545293607221474	0.0	2191074	2851.146468823272	0.8610408300327139	4.3
2379.7987160581483	4300	59.57312763282135	0.0	2286761	2972.1659744001226	0.8610408300327139	4.3
2387.841071511872	4300	55.53077217909774	0.0	2307787	8042.3554537236105	0.8610408300327139	4.3
2393.4536371075646	4300	53.918206583405464	0.0	2143948	5612.56559569227	0.8610408300327139	4.3
2397.8590159592945	4300	53.51282773167576	0.0	1919781	4405.378851729699	0.8610408300327139	4.3
2406.9955454498445	4300	48.37629824112583	0.0	2147467	9136.529490549936	0.8610408300327139	4.3
2414.5284828241774	4300	44.84336086679298	0.0	2133870	7532.937374332846	0.8610408300327139	4.3
2421.9405458301862	4300	41.43129786078406	0.0	2146120	7412.06300600892	0.8610408300327139	4.3
2427.1154710498868	4300	40.25637264108372	0.0	2108491	5174.925219700344	0.8610408300327139	4.3
2431.641071317357	4300	39.7307723736136	0.0	2184571	4525.600267470121	0.8610408300327139	4.3
2436.0391931290774	4300	39.33265056189297	0.0	2121928	4398.121811720626	0.8610408300327139	4.3
2440.635063954399	4300	38.736779736571435	0.0	2219102	4595.870825321531	0.8610408300327139	4.3
2445.0393355337437	4300	38.33250815722674	0.0	2124950	4404.271579344701	0.8610408300327139	4.3
2471.0853642467423	4300	16.286479444228284	0.0	2246506	26046.028712998454	0.8610408300327139	4.3
2477.614273490432	2850	13.757570200538227	0.0	1231456	6528.909243690057	0.8610408300327139	1.4000000000000001
2484.4179970260166	2850	10.953846664953929	0.0	1364537	6803.723535584297	0.8610408300327139	2.85
2485.8436974686397	750	13.5281462223305	0.0	450283	1425.7004426234282	0.8610408300327139	0.75
2487.675312255604	1200	15.696531435366571	0.0	611087	1831.6147869639292	0.8610408300327139	0.75
2489.342261224588	1200	18.02958246638224	0.0	571051	1666.9489689843274	0.8610408300327139	1.2
2492.015832352172	1850	19.35601133879851	0.0	933276	2673.5711275837316	0.8610408300327139	1.2000000000000002
2494.865794751128	1850	20.50604893984262	0.0	996749	2849.962398955889	0.8610408300327139	1.85
2497.2633690720927	1850	22.108474618877626	0.0	801058	2397.5743209649936	0.8610408300327139	1.85
2500.4256346716766	1850	22.94620901929372	0.0	905515	3162.265599583909	0.8610408300327139	1.85
2504.4385546995777	1850	22.933288991392082	0.0	1060487	4012.920027901635	0.8610408300327139	1.85
2507.481293932751	1850	23.890549758218743	0.0	852833	3042.7392331733377	0.8610408300327139	1.85
2511.081146179307	1850	24.290697511663307	0.0	913888	3599.852246555435	0.8610408300327139	1.85
2515.5876947325287	1850	23.784148958441623	0.0	939819	4506.5485532216835	0.8610408300327139	1.85
2518.950977069677	1850	24.42086662129343	0.0	917428	3363.282337148195	0.8610408300327139	1.85
2522.373508466038	1850	24.99833522493237	0.0	946851	3422.531396361061	0.8610408300327139	1.85
2524.103021932331	1850	27.268821758639238	0.0	1036454	1729.5134662931316	0.8610408300327139	1.85
2525.3385875876093	1850	30.033256103360856	0.0	821631	1235.5656552783835	0.8610408300327139	1.85
2527.9243515217677	1850	31.447492169202718	0.0	923170	2585.7639341581394	0.8610408300327139	1.85
2529.264576232959	1850	34.1072674580113	0.0	966699	1340.2247111914153	0.8610408300327139	1.85
2533.1148481353057	4300	34.256995555664886	0.0	2059512	3850.2719023464165	0.8610408300327139	1.8499999999999996
2540.611160591612	4300	30.76068309935841	0.0	2220726	7496.312456306478	0.8610408300327139	4.3

