511846.7852632152	750	4.0	1.4188804962043364	450283	1418.8804962043364	1	-5.351186133678646
511849.4472137786	1200	5.338049436590897	0.0	611087	2661.950563409104	0.0	0.75
511851.90304541204	1200	6.882217803164969	0.0	571051	2455.8316334259266	0.0	1.2
511855.02801123256	1200	7.757251982670578	0.0	617681	3124.965820494392	0.0	1.2
511859.624860597	1850	7.160402618225165	0.0	996749	4596.849364445413	0.0	1.2000000000000002
511864.9132874303	1850	5.871975784980434	0.0	801058	5288.42683324473	0.0	1.85
511868.50272529974	1850	6.282537915542222	0.0	905515	3589.437869438212	0.0	1.85
511872.49302309257	1850	6.292240122672894	0.0	1060487	3990.297792869329	0.0	1.85
511875.30723196064	1850	7.478031254607505	0.0	852833	2814.2088680653874	0.0	1.85
511878.01531904476	1850	8.769944170503571	0.0	913888	2708.0870841039336	0.0	1.85
511880.7663916511	1850	10.018871564193148	0.0	939819	2751.072606310424	0.0	1.85
511885.16626545554	2850	9.618997759732785	0.0	1519951	4399.873804460363	0.0	1.85
511889.3336342486	2850	9.4516289666643	0.0	1422919	4167.368793068485	0.0	2.85
511894.34911295027	2850	8.436150265024162	0.0	1578343	5015.478701640139	0.0	2.85
511898.9813320072	2850	7.803931208073202	0.0	1231445	4632.21905695096	0.0	2.85
511903.92593474133	2850	6.859328473969702	0.0	1471065	4944.6027341035	0.0	2.85
511909.1045087438	2850	5.680754471484121	0.0	1491626	5178.57400248558	0.0	2.85
511913.5333607898	2850	5.251902425462785	0.0	1358801	4428.852046021336	0.0	2.85
511918.5310021158	2850	4.254261099524101	0.0	1537156	4997.641325938685	0.0	2.85
511921.57199184207	1850	5.213271373217615	0.0	923755	3040.989726306486	0.0	0.8500000000000001
511924.90104812593	1850	5.884215089415769	0.0	891604	3329.0562838018454	0.2910456323955654	1.85
511928.499926034	1850	6.285337181300202	0.0	955231	3598.877908115568	0.2910456323955654	1.85
511931.7450848239	1850	7.040178391429537	0.0	968026	3245.158789870665	0.2910456323955654	1.85
511934.88114970113	1850	7.9041135141974666	0.0	874175	3136.06487723207	0.2910456323955654	1.85
511939.5515001035	1850	7.233763111861139	0.0	897976	4670.3504023363275	0.2910456323955654	1.85
511944.4074846712	1850	6.377778544114709	0.0	905935	4855.98456774643	0.2910456323955654	1.85
511949.14608639065	1850	5.639176824657699	0.0	1076599	4738.6017194570095	0.2910456323955654	1.85
511952.4837780238	1850	6.301485191555385	0.0	758197	3337.691633102314	0.2910456323955654	1.85
511955.9357581548	1850	6.849505060553761	0.0	972798	3451.9801310016246	0.2910456323955654	1.85
511959.9191906696	1850	6.866072545792648	0.0	975811	3983.4325147611125	0.2910456323955654	1.85
511963.51846784	1850	7.266795375415035	0.0	873429	3599.277170377613	0.2910456323955654	1.85
511966.8071182132	1850	7.978145002108331	0.0	954453	3288.6503733067034	0.2910456323955654	1.85
511971.00097210455	1850	7.784291110780548	0.0	885062	4193.8538913277835	0.2910456323955654	1.85
511976.9532933472	1850	5.8319698681649275	0.0	1035329	5952.32124261562	0.2910456323955654	1.85
511981.36401446234	1850	5.421248753001179	0.0	1026056	4410.721115163748	0.2910456323955654	1.85
511986.4626345632	1850	4.322628652144943	0.0	943942	5098.620100856237	0.2910456323955654	1.85
511988.42272988544	1200	6.3625333299061175	0.0	487812	1960.0953222388255	0.2910456323955654	0.5499999999999999
511991.4591573631	1200	7.3261058522515015	0.0	575591	3036.427477654616	0.2910456323955654	1.2
511994.23912282375	1200	8.546140391573473	0.0	605884	2779.965460678027	0.2910456323955654	1.2
511998.29992605187	1200	8.485337163497755	0.0	587506	4060.8032280757175	0.2910456323955654	1.2
512001.0184497503	1200	9.766813465036439	0.0	566904	2718.5236984613166	0.2910456323955654	1.2
512003.73235972633	1200	11.052903489041142	0.0	641452	2713.909975995297	0.2910456323955654	1.2
512006.5586115314	1200	12.226651683975879	0.0	599477	2826.251805065263	0.2910456323955654	1.2
512012.39793882356	1850	10.38732439174754	0.0	973972	5839.327292228339	0.2910456323955654	1.2000000000000002
512017.9612742329	1850	8.823988982449931	0.0	958994	5563.33540929761	0.2910456323955654	1.85
512023.73741204647	1850	7.047851168814356	0.0	982064	5776.137813635575	0.2910456323955654	1.85
512028.66233205074	1850	6.122931164572684	0.0	830730	4924.920004241672	0.2910456323955654	1.85
512033.4168021565	1850	5.368461058778147	0.0	846370	4754.470105794537	0.2910456323955654	1.85
512035.678234195	750	7.1070290203014395	0.0	450283	2261.432038476708	0.2910456323955654	0.75
512039.36583595694	1200	7.419427258369577	0.0	611087	3687.601761931862	0.2910456323955654	0.75
512042.44021101797	1200	8.34505219731032	0.0	571051	3074.375061059257	0.2910456323955654	1.2
512046.3343443065	1200	8.450918908786582	0.0	617681	3894.13328852374	0.2910456323955654	1.2
512051.9327458141	1200	6.852517401176789	0.0	652874	5598.401507609792	0.2910456323955654	1.2
512055.8509177286	1200	6.934345486683633	0.0	520315	3918.171914493156	0.2910456323955654	1.2
512057.71533237625	750	9.069930839031311	0.0	352642	1864.4146476523229	0.2910456323955654	0.3
512060.6095746547	750	10.175688560564325	0.0	437162	2894.2422784669848	0.2910456323955654	0.75
512062.5614029046	750	12.223860310611549	0.0	374758	1951.8282499527756	0.2910456323955654	0.75
512065.3261958536	1200	13.459067361628554	0.0	560821	2764.7929489829967	0.2910456323955654	0.75
512068.30787880736	1200	14.477384407848493	0.0	607410	2981.6829537800604	0.2910456323955654	1.2
512071.2258729231	1200	15.559390292151104	0.0	594078	2917.994115697388	0.2910456323955654	1.2
512074.46171839675	1200	16.323544818507298	0.0	624282	3235.845473643808	0.2910456323955654	1.2
512080.28692472685	1850	14.498338488399742	0.0	1036454	5825.206330107553	0.2910456323955654	1.2000000000000002
512085.953141619	1850	12.832121596282532	0.0	821631	5666.216892117211	0.2910456323955654	1.85
512089.83568055445	1850	12.949582660808563	0.0	923170	3882.5389354739696	0.2910456323955654	1.85
512093.8635653911	1850	12.921697824142376	0.0	966699	4027.8848366661887	0.2910456323955654	1.85
512100.7617668859	1850	10.023496329367944	0.0	885714	6898.20149477443	0.2910456323955654	1.85
512107.4587636338	1850	7.326499581473841	0.0	987708	6696.996747894104	0.2910456323955654	1.85
512109.8213898877	1200	8.963873327556804	0.0	586839	2362.6262539170352	0.2910456323955654	0.5499999999999999
512113.54486127733	1200	9.24040193788875	0.0	601738	3723.471389668055	0.2910456323955654	1.2
512116.23606406216	1200	10.549199153030852	0.0	616206	2691.2027848578987	0.2910456323955654	1.2
512120.02150483977	1200	10.763758375411282	0.0	656471	3785.4407776195685	0.2910456323955654	1.2
512122.2911958521	1200	12.494067363095802	0.0	536667	2269.691012315482	0.2910456323955654	1.2
512124.4925411807	1200	14.292722034552522	0.0	587236	2201.3453285432793	0.2910456323955654	1.2
512127.88977234205	1850	14.895490873201622	0.0	905935	3397.231161350901	0.2910456323955654	1.2000000000000002
512134.79760461015	2850	11.987658605055822	0.0	1547572	6907.8322681457985	0.2910456323955654	1.85
512137.8674106467	1850	12.917852568545147	0.0	758197	3069.806036510674	0.2910456323955654	0.8500000000000001
512141.35536538943	1850	13.429897825815981	0.0	972798	3487.9547427291677	0.2910456323955654	1.85
512144.87940408627	1850	13.905859128905638	0.0	975811	3524.038696910342	0.2910456323955654	1.85
512148.0420945612	1850	14.743168654004553	0.0	873429	3162.690474901086	0.2910456323955654	1.85
512151.4907520844	1850	15.294511130793431	0.0	954453	3448.6575232111204	0.2910456323955654	1.85
512154.6945002049	1850	16.090763010342993	0.0	885062	3203.748120450437	0.2910456323955654	1.85
512158.41678287316	1850	16.36848034202349	0.0	1035329	3722.2826683195053	0.2910456323955654	1.85
512164.02086847625	2850	14.764394738923402	0.0	1492672	5604.0856031000885	0.2910456323955654	1.85
512169.3913683198	2850	13.393894895379518	0.0	1439896	5370.499843543885	0.2910456323955654	2.85
512174.009209514	2850	12.776053701174975	0.0	1139291	4617.841194204542	0.2910456323955654	2.85
512180.57337421033	2850	10.211889004837118	0.0	1499009	6564.164696337857	0.2910456323955654	2.85
512187.17208260676	2850	7.613180608487331	0.0	1427478	6598.708396349787	0.2910456323955654	2.85
512191.2161858433	1850	7.569077371922136	0.0	930577	4044.103236565194	0.2910456323955654	0.8500000000000001
512194.7062698735	1850	8.078993341712886	0.0	858450	3490.0840302092497	0.2910456323955654	1.85
512198.553954374	1850	8.231308841216466	0.0	1025005	3847.6845004964216	0.2910456323955654	1.85
512201.85093907797	1850	8.934324137271332	0.0	886255	3296.984703945133	0.2910456323955654	1.85
512206.9062503407	1850	7.879012874529835	0.0	973972	5055.3112627414985	0.2910456323955654	1.85
512212.49136897805	1850	6.2938942371865005	0.0	958994	5585.118637343334	0.2910456323955654	1.85
512216.32064519305	1850	6.464618022172496	0.0	982064	3829.2762150140056	0.2910456323955654	1.85
512220.8772230376	1850	5.908040177637125	0.0	830730	4556.57784453537	0.2910456323955654	1.85
512226.09378477593	2850	4.691478439354318	0.0	1364537	5216.561738282807	0.2910456323955654	1.85
512227.72062166274	750	7.064641552504623	0.0	450283	1626.8368868496957	0.2910456323955654	0.75
512229.89176562	1200	8.893497595259861	0.0	611087	2171.143957244761	0.2910456323955654	0.75
512232.94919151074	1850	9.836071704490944	0.0	877771	3057.425890768919	0.2910456323955654	1.2000000000000002
512237.5652270938	1850	9.22003612141687	0.0	933276	4616.035583074074	0.2910456323955654	1.85
512244.6882246066	1850	6.097038608624389	0.0	996749	7122.997512792481	0.2910456323955654	1.85
512248.76642468304	1850	6.018838532246552	0.0	801058	4078.200076377837	0.2910456323955654	1.85
512251.75315268873	1200	7.032110526534757	0.0	561791	2986.7280057117937	0.2910456323955654	0.5499999999999999
512258.81158630375	1200	4.0	0.026323088499344522	709534	7058.433615034102	0.2910456323955654	1.0868107194528185
512261.5575643482	750	5.254021955523401	0.0	374758	2745.9780444765993	0.2910456323955654	0.3
512264.21843921853	750	6.593147085218063	0.0	362795	2660.8748703053375	0.2910456323955654	0.75
512267.8168124489	750	6.9947738547981295	0.0	353220	3598.3732304199325	0.2910456323955654	0.75
512271.32780579646	750	7.483780507285025	0.0	405134	3510.9933475131047	0.2910456323955654	0.75
512275.6114185491	750	7.200167754645985	0.0	386351	4283.61275263904	0.2910456323955654	0.75
512279.76306123997	750	7.048525063720927	0.0	434409	4151.642690925059	0.2910456323955654	0.75
512282.3189250729	750	8.492661230771933	0.0	337059	2555.8638329489936	0.2910456323955654	0.75
512286.49650762836	750	8.315078675272071	0.0	366214	4177.582555499862	0.2910456323955654	0.75
512289.3422505737	750	9.469335729943955	0.0	360831	2845.742945328114	0.2910456323955654	0.75
512292.24848629866	750	10.563100004937102	0.0	372963	2906.2357250068544	0.2910456323955654	0.75
512295.6709982138	750	11.140588089764986	0.0	405596	3422.511915172116	0.2910456323955654	0.75
512298.8472450598	750	11.964341243832017	0.0	350713	3176.246845932969	0.2910456323955654	0.75
512301.8311419841	750	12.9804443195066	0.0	386472	2983.8969243254182	0.2910456323955654	0.75
512305.32073109236	750	13.490855211295786	0.0	399894	3489.5891082108137	0.2910456323955654	0.75
512308.0471177647	750	14.764468538913182	0.0	401853	2726.386672382604	0.2910456323955654	0.75
512311.061356363	750	15.750229940600759	0.0	343800	3014.2385983124213	0.2910456323955654	0.75
512313.2384360632	750	17.573150240364715	0.0	359903	2177.079700236044	0.2910456323955654	0.75
512316.4876263367	750	18.32395996688261	0.0	379700	3249.1902734821	0.2910456323955654	0.75
512319.70060972124	750	19.1109765823576	0.0	425781	3212.983384525011	0.2910456323955654	0.75
512322.5400956344	750	20.27149066919678	0.0	277716	2839.4859131608214	0.2910456323955654	0.75
512326.3833920608	1200	20.42819424280954	0.0	622896	3843.296426387243	0.2910456323955654	0.75
512329.89016587625	1200	20.921420427334347	0.0	641447	3506.7738154751946	0.2910456323955654	1.2

