355275.71888049954	750	4.0	5.36343585349939	450283	5363.43585349939	1	-22.312774170047376
355277.64707611664	300	6.071804382935299	0.0	155580	1928.1956170647004	1.3231565841944122	-0.15000000000000002
355279.5100450392	300	8.208835460363902	0.0	139857	1862.9689225713973	1.3231565841944122	0.3
355281.5185887036	300	10.200291795947	0.0	155432	2008.5436644169004	1.3231565841944122	0.3
355283.5689923308	300	12.14988816870721	0.0	163442	2050.4036272397925	1.3231565841944122	0.3
355285.1621376603	300	14.55674283915139	0.0	126289	1593.1453295558201	1.3231565841944122	0.3
355287.0738404065	300	16.645040092985273	0.0	153295	1911.702746166117	1.3231565841944122	0.3
355289.1964804619	300	18.522400037581086	0.0	173849	2122.640055404189	1.3231565841944122	0.3
355291.08484606945	300	20.634034430029324	0.0	150710	1888.3656075517601	1.3231565841944122	0.3
355292.7685775474	300	22.950302952093036	0.0	139105	1683.7314779362907	1.3231565841944122	0.3
355294.4645544593	300	25.254326040132444	0.0	141840	1695.976911960591	1.3231565841944122	0.3
355296.310007531	300	27.408872968402388	0.0	156148	1845.4530717300543	1.3231565841944122	0.3
355298.6684041808	300	29.05047631869694	0.0	160746	2358.396649705451	1.3231565841944122	0.3
355300.8446102529	300	30.874270246626285	0.0	179801	2176.206072070656	1.3231565841944122	0.3
355302.5292997828	300	33.18958071665976	0.0	140051	1684.689529966525	1.3231565841944122	0.3
355304.2005958538	300	35.51828464565003	0.0	138313	1671.2960710097316	1.3231565841944122	0.3
355305.939213948	300	37.77966655150028	0.0	143509	1738.6180941497487	1.3231565841944122	0.3
355307.7637958868	300	39.95508461261639	0.0	150616	1824.5819388838843	1.3231565841944122	0.3
355312.5875303069	750	39.13135019255179	0.0	405596	4823.734420064598	1.3231565841944122	0.3
355316.73891086795	750	38.979969631502506	0.0	350713	4151.380561049284	1.3231565841944122	0.75
355321.4251437197	750	38.29373677968878	0.0	386472	4686.23285181373	0.2765915269442614	0.75
355326.2882435299	750	37.430636969482975	0.0	399894	4863.099810205804	0.2765915269442614	0.75
355331.05418094184	750	36.66469955760747	0.0	401853	4765.937411875503	0.2765915269442614	0.75
355335.45937422896	750	36.25950627046235	0.0	343800	4405.193287145116	0.2765915269442614	0.75
355342.5816811839	1200	33.13719931556904	0.0	587236	7122.306954893314	0.2765915269442614	0.75
355349.7224763378	1200	29.996404161636303	0.0	590335	7140.7951539327405	0.2765915269442614	1.2
355357.83598628145	1200	25.882894217980084	0.0	696376	8113.509943656219	0.2765915269442614	1.2
355363.54948079947	1200	24.169399699960195	0.0	487160	5713.494518019887	0.2765915269442614	1.2
355370.96548019035	1200	20.753400309110262	0.0	622896	7415.9993908499355	0.2765915269442614	1.2
355378.6467288848	1200	17.07215161471741	0.0	641447	7681.2486943928525	0.2765915269442614	1.2
355385.3848860458	1200	14.33399445367071	0.0	570392	6738.157161046698	0.2765915269442614	1.2
355390.5277571672	750	13.191123332308115	0.0	400322	5142.871121362595	0.2765915269442614	0.3
355395.06276593555	750	12.65611456391257	0.0	369834	4535.008768395544	0.2765915269442614	0.75
355399.8966590708	750	11.82222142864773	0.0	412837	4833.89313526484	0.2765915269442614	0.75
355404.70772972616	750	11.011150773290403	0.0	401088	4811.070655357327	0.2765915269442614	0.75
355408.9786844223	750	10.740196077086527	0.0	365161	4270.954696203877	0.2765915269442614	0.75
355412.9177353497	750	10.801145149775067	0.0	321064	3939.0509273114576	0.2765915269442614	0.75
355417.2050852433	750	10.513795256171539	0.0	361565	4287.349893603529	0.2765915269442614	0.75

