2.313753447479667	750	4.0	2.313753447479667	450283	2313.7534474796666	1	-9.199139824162566
4.0639092051575085	750	6.249844242322157	0.0	398865	1750.1557576778425	0.7888497988315293	0.75
5.594213065903875	750	8.719540381575793	0.0	350812	1530.303860746366	0.7888497988315293	0.75
7.542426124669426	750	10.771327322810242	0.0	382355	1948.2130587655506	0.7888497988315293	0.75
10.336362628438053	1200	11.977390819041615	0.0	652874	2793.936503768628	0.7888497988315293	0.75
14.140698784835346	1200	12.173054662644322	0.0	520315	3804.3361563972917	0.7888497988315293	1.2
16.062824619514103	1200	14.250928827965565	0.0	561791	1922.1258346787588	0.7888497988315293	1.2
17.52784489124006	1200	16.78590855623961	0.0	709534	1465.020271725955	0.7888497988315293	1.2
18.762611674693677	1200	19.551141772785996	0.0	584846	1234.766783453615	0.7888497988315293	1.2
20.88395434616004	1850	21.429799101319635	0.0	913888	2121.342671466363	0.7888497988315293	1.2000000000000002
23.371938677651954	1850	22.94181476982772	0.0	939819	2487.9843314919162	0.7888497988315293	1.85
27.16845673997204	2850	23.14529670750763	0.0	1519951	3796.5180623200877	0.7888497988315293	1.85
30.126650165454745	2850	24.187103282024925	0.0	1422919	2958.1934254827047	0.7888497988315293	2.85
33.122003724622274	2850	25.191749722857395	0.0	1578343	2995.353559167527	0.7888497988315293	2.85
37.84633866775171	4300	24.46741477972795	0.0	2005399	4724.334943129444	0.7888497988315293	2.8499999999999996
43.30172877097628	4300	23.012024676503376	0.0	2152483	5455.390103224573	0.7888497988315293	4.3
48.49682223802973	4300	21.816931209449933	0.0	2289689	5195.093467053446	0.7888497988315293	4.3
53.45825474770603	4300	20.855498699773637	0.0	2059512	4961.432509676295	0.7888497988315293	4.3
56.82481060272045	4300	21.488942844759215	0.0	2220726	3366.5558550144215	0.7888497988315293	4.3
61.256452135747516	4300	21.05730131173215	0.0	2156729	4431.641533027065	0.7888497988315293	4.3
65.74801279915305	2850	20.565740648326617	0.0	1415116	4491.560663405535	1.278916330418311	1.4000000000000001
68.67118204957826	2850	21.642571397901406	0.0	1468126	2923.1692504252082	1.278916330418311	2.85
71.76835823663203	2850	22.545395210847644	0.0	1505760	3097.176187053763	1.278916330418311	2.85
75.5512002305811	2850	22.76255321689856	0.0	1323990	3782.841993949086	1.278916330418311	2.85
78.29634483520279	2850	24.017408612276867	0.0	1383735	2745.1446046216925	1.278916330418311	2.85
80.83902208294575	2850	25.474731364533916	0.0	1480464	2542.6772477429513	1.278916330418311	2.85
83.4292318296777	2850	26.884521617801944	0.0	1547572	2590.2097467319713	1.278916330418311	2.85
85.64857799314487	2850	28.665175454334797	0.0	1141971	2219.346163467148	1.278916330418311	2.85
88.08779067764574	2850	30.22596276983392	0.0	1498470	2439.212684500875	1.278916330418311	2.85
92.92368181446137	4300	29.390071633018277	0.0	2164140	4835.891136815644	1.278916330418311	2.8499999999999996
97.2474401277527	4300	29.06631331972696	0.0	2113193	4323.758313291317	1.278916330418311	4.3
102.89166529413644	4300	27.422088153343203	0.0	2147852	5644.225166383755	1.278916330418311	4.3
107.04534858660749	4300	27.26840486087215	0.0	2191074	4153.683292471053	1.278916330418311	4.3
111.7262931119324	4300	26.587460335547235	0.0	2286761	4680.944525324916	1.278916330418311	4.3
117.32590019661461	4300	24.98785325086502	0.0	2307787	5599.607084682215	1.278916330418311	4.3
123.76514076321418	4300	22.548612684265454	0.0	2143948	6439.240566599568	1.278916330418311	4.3
128.24063418387038	4300	22.073119263609232	0.0	1919781	4475.49342065622	1.278916330418311	4.3
130.93243634384658	2850	23.381317103633048	0.0	1499009	2691.8021599761805	1.278916330418311	1.4000000000000001
133.1655597191592	2850	25.14819372832041	0.0	1427478	2233.1233753126407	1.278916330418311	2.85
135.30521448094962	2850	27.008538966529986	0.0	1402287	2139.6547617904216	1.278916330418311	2.85
137.5835433107399	2850	28.7302101367397	0.0	1339500	2278.328829790288	1.278916330418311	2.85
142.12577279807965	4300	28.187980649399982	0.0	2184571	4542.2294873397195	1.278916330418311	2.8499999999999996
146.24986544135285	4300	28.063888006126785	0.0	2121928	4124.092643273198	1.278916330418311	4.3
149.74036981256245	4300	28.5733836349172	0.0	2219102	3490.504371209586	1.278916330418311	4.3
152.83670968145682	4300	29.477043766022835	0.0	2124950	3096.3398688943635	1.278916330418311	4.3
156.6692152211095	4300	29.644538226370138	0.0	2246506	3832.5055396526986	1.278916330418311	4.3
162.11403117527752	4300	28.19972227220214	0.0	1961140	5444.815954167997	1.278916330418311	4.3
167.21491355979242	4300	27.09883988768724	0.0	2155012	5100.882384514897	1.278916330418311	4.3
168.09398749504393	750	30.21976595243573	0.0	450283	879.0739352515125	1.278916330418311	0.75
171.66251943560982	2850	30.651234011869825	0.0	1431809	3568.5319405659066	1.278916330418311	0.75
173.46491731897717	2850	32.84883612850249	0.0	1300868	1802.397883367333	1.278916330418311	2.85
176.71501611304382	2850	33.59873733443583	0.0	1520281	3250.0987940666478	1.278916330418311	2.85
179.67814642597423	2850	34.63560702150542	0.0	1472558	2963.1303129304156	1.278916330418311	2.85
182.81449978921376	4300	35.49925365826588	0.0	1941625	3136.35336323954	1.278916330418311	2.8499999999999996
187.02770763637986	4300	35.286045811099775	0.0	2157535	4213.207847166101	1.278916330418311	4.3
191.51654221014192	4300	34.797211237337734	0.0	2290172	4488.83457376205	1.278916330418311	4.3
194.1315246004266	4300	36.18222884705306	0.0	2055469	2614.982390284666	1.278916330418311	4.3
197.5823079780807	4300	36.731445469398935	0.0	2169201	3450.7833776541297	1.278916330418311	4.3
200.22003403531002	4300	38.09371941216959	0.0	2173522	2637.726057229338	1.278916330418311	4.3
203.2862955984214	4300	39.027457849058244	0.0	2102452	3066.261563111352	1.278916330418311	4.3
206.24251060444337	4300	40.07124284303625	0.0	2209463	2956.2150060219965	1.278916330418311	4.3
210.6514366125577	4300	39.66231683492193	0.0	2275376	4408.926008114311	1.278916330418311	4.3
214.71822122032367	4300	39.595532227155935	0.0	2005399	4066.784607765997	1.278916330418311	4.3
219.1371869387657	4300	39.17656650871391	0.0	2152483	4418.965718442023	1.278916330418311	4.3
223.1741572804814	4300	39.139596166998174	0.0	2289689	4036.9703417157384	1.278916330418311	4.3
226.91640268661408	4300	39.39735076086551	0.0	2059512	3742.24540613267	1.278916330418311	4.3
230.94532048450958	4300	39.36843296296999	0.0	2220726	4028.9177978955104	1.278916330418311	4.3
234.97924088557787	4300	39.33451256190171	0.0	2156729	4033.9204010682774	1.278916330418311	4.3
239.803971550307	4300	38.50978189717256	0.0	2039773	4824.730664729154	1.278916330418311	4.3
244.80984958057536	4300	37.50390386690418	0.0	2176469	5005.878030268372	1.278916330418311	4.3
248.91687896583088	4300	37.39687448164868	0.0	2221506	4107.029385255504	1.278916330418311	4.3
252.48954549404115	4300	37.824207953438396	0.0	2044075	3572.6665282102817	1.278916330418311	4.3
257.17732815951666	4300	37.13642528796286	0.0	2186790	4687.782665475544	1.278916330418311	4.3
260.02498625918105	4300	38.2887671882985	0.0	2105231	2847.6580996643497	1.278916330418311	4.3
265.3532782115202	4300	36.96047523595928	0.0	2395588	5328.291952339216	1.278916330418311	4.3
268.2429072289092	4300	38.0708462185703	0.0	1972048	2889.6290173889774	1.278916330418311	4.3
271.6652707911458	4300	38.648482656333734	0.0	2134614	3422.3635622365723	1.278916330418311	4.3
275.4634505324216	4300	38.850302915057924	0.0	2164140	3798.179741275807	1.278916330418311	4.3
282.30439334141613	4300	36.00936010606339	0.0	2113193	6840.942808994537	1.278916330418311	4.3
300.3027717101223	4300	22.010981737357223	0.0	2147852	17998.378368706166	1.278916330418311	4.3
304.1447473841331	1850	22.169006063346398	0.0	885062	3841.9756740108255	1.278916330418311	-0.6000000000000001
308.0865636588847	1850	22.2271897885948	0.0	1035329	3941.816274751598	1.278916330418311	1.85
311.9265623422608	1850	22.387191105218708	0.0	1026056	3839.998683376089	1.278916330418311	1.85
315.43430145032164	1850	22.87945199715788	0.0	943942	3507.739108060827	1.278916330418311	1.85
318.1613831096717	1850	24.1523703378078	0.0	728962	2727.081659350084	1.278916330418311	1.85
321.93789796656523	1850	24.375855480914275	0.0	938587	3776.5148568935265	1.278916330418311	1.85
325.87608328325234	1850	24.437670164227143	0.0	908665	3938.1853166871297	1.278916330418311	1.85
329.9073068006617	1850	24.406446646817802	0.0	930577	4031.2235174093416	1.278916330418311	1.85
333.15356007461173	1850	25.160193372867756	0.0	858450	3246.2532739500475	1.278916330418311	1.85
337.11023238348724	1850	25.20352106399225	0.0	1025005	3956.6723088755075	1.278916330418311	1.85
341.024648414955	1850	25.28910503252447	0.0	886255	3914.4160314677774	1.278916330418311	1.85
345.31857538969786	1850	24.995178057781608	0.0	973972	4293.926974742861	1.278916330418311	1.85
349.1755185693244	1850	25.138234878155064	0.0	958994	3856.9431796265467	1.278916330418311	1.85
354.887910326079	2850	23.425843121400483	0.0	1483527	5712.391756754582	1.278916330418311	1.85
359.64328369185256	2850	22.67046975562691	0.0	1231456	4755.373365773574	1.278916330418311	2.85
368.1657707578063	2850	18.14798268967318	0.0	1364537	8522.487065953728	1.278916330418311	2.85
371.53680178866637	750	18.776951658813168	0.0	450283	3371.031030860017	1.278916330418311	0.75
378.5155523585445	1200	15.798201088934999	0.0	611087	6978.750569878169	1.278916330418311	0.75
382.6114095252684	750	15.702343922211053	0.0	350812	4095.8571667239453	1.278916330418311	0.3
389.2365045757512	750	13.077248871728267	0.0	382355	6625.095050482787	1.278916330418311	0.75
392.5529335237478	750	13.76081992373165	0.0	411561	3316.428947996615	1.278916330418311	0.75
394.94965852499786	750	15.3640949224816	0.0	318564	2396.7250012500526	1.278916330418311	0.75
397.6168880219174	750	16.69686542556205	0.0	352642	2667.229496919548	1.278916330418311	0.75
401.5105986102083	750	16.803154837271155	0.0	437162	3893.7105882908922	1.278916330418311	0.75
404.531849778936	750	17.781903668543446	0.0	374758	3021.2511687277083	1.278916330418311	0.75
410.3815113968467	750	15.932242050632809	0.0	362795	5849.661617910638	1.278916330418311	0.75
413.0023736588449	750	17.31137978863466	0.0	353220	2620.8622619981475	1.278916330418311	0.75
415.6151955400983	750	18.698557907381197	0.0	405134	2612.821881253466	1.278916330418311	0.75
417.97683099485573	750	20.336922452623778	0.0	386351	2361.6354547574183	1.278916330418311	0.75
420.6222778974539	750	21.691475550025583	0.0	434409	2645.4469025981957	1.278916330418311	0.75
422.6928143908112	750	23.620939056668295	0.0	337059	2070.5364933572864	1.278916330418311	0.75
424.9355287268127	750	25.37822472066675	0.0	366214	2242.714336001546	1.278916330418311	0.75
427.14645320423244	750	27.16730024324706	0.0	360831	2210.924477419689	1.278916330418311	0.75
430.51086441027354	1200	27.802889037205926	0.0	581493	3364.411206041135	1.278916330418311	0.75
437.9277078195843	1200	24.38604562789513	0.0	639204	7416.843409310797	1.278916330418311	1.2
441.64974064673635	1200	24.664012800743144	0.0	586839	3722.032827151983	1.278916330418311	1.2
445.82040198795056	1200	24.49335145952892	0.0	601738	4170.661341214225	1.278916330418311	1.2
449.7475947318234	1200	24.566158715656034	0.0	616206	3927.1927438728867	1.278916330418311	1.2
453.268916135133	1200	25.04483731234645	0.0	656471	3521.321403309588	1.278916330418311	1.2
456.31039978785685	1200	26.00335365962259	0.0	536667	3041.483652723859	1.278916330418311	1.2
459.63093780172943	1200	26.682815645750022	0.0	587236	3320.538013872565	1.278916330418311	1.2
462.96857699350153	1200	27.34517645397796	0.0	590335	3337.6391917720657	1.278916330418311	1.2
466.8913810789944	1200	27.42237236848504	0.0	696376	3922.804085492922	1.278916330418311	1.2
496.1170269238116	1200	4.0	1.8032734763321279	487160	29225.645844817165	1.278916330418311	-6.554075948228149
500.1628663737967	300	4.0	0.045839449985099236	153605	4045.8394499850992	1.278916330418311	-0.7971096349359268
505.5960242223629	300	4.0	1.4331578485661776	149029	5433.157848566178	1.278916330418311	-5.862578748834563
511.1542716679978	300	4.0	1.5582474456349045	157421	5558.247445634905	1.278916330418311	-6.400464016230089
515.3659104631071	300	4.0	0.21163879510920924	157488	4211.638795109209	1.278916330418311	-0.6100468189695998
518.9796959661862	300	4.386214496920896	0.0	143881	3613.785503079104	1.278916330418311	0.3
523.7967778751774	300	4.0	0.43086741207032175	163444	4817.081908991218	1.278916330418311	-1.5527298719023834
526.6942192213533	300	5.1025586538240715	0.0	179328	2897.441346175928	1.278916330418311	0.3
531.6027775525662	300	4.194000322611225	0.0	159914	4908.5583312128465	1.278916330418311	0.3
533.2443807670122	300	6.552397108165129	0.0	131610	1641.6032144460955	1.278916330418311	0.3
534.6876634418928	300	9.109114433284496	0.0	124011	1443.2826748806324	1.278916330418311	0.3
536.3534822723371	300	11.443295602840175	0.0	144254	1665.8188304443215	1.278916330418311	0.3
538.7227217170445	300	13.07405615813291	0.0	149991	2369.239444707266	1.278916330418311	0.3
541.1445035831852	300	14.652274291992265	0.0	147968	2421.781866140644	1.278916330418311	0.3
543.3063339365417	300	16.490443938635728	0.0	161857	2161.8303533565363	1.278916330418311	0.3
545.5324625900624	300	18.26431528511498	0.0	145210	2226.128653520749	1.278916330418311	0.3
547.7848928707924	300	20.011885004384915	0.0	172312	2252.430280730063	1.278916330418311	0.3
552.7413781099613	300	19.055399765216112	0.0	167025	4956.485239168805	1.278916330418311	0.3
554.0005598943933	300	21.796217980784085	0.0	160064	1259.1817844320271	1.278916330418311	0.3
555.8441844117034	750	23.952593463473992	0.0	331053	1843.62451731009	1.278916330418311	0.3
560.1886865048393	1850	23.608091370338066	0.0	846370	4344.502093135929	1.278916330418311	0.75
562.5374729646661	750	25.259304910511364	0.0	450283	2348.7864598267015	1.278916330418311	0.75
564.6271857703878	750	27.169592104789682	0.0	398865	2089.712805721684	1.278916330418311	0.75
567.5844713367327	1200	28.212306538444743	0.0	571051	2957.2855663449377	1.278916330418311	0.75
574.3298817436272	1200	25.46689613155021	0.0	617681	6745.410406894535	1.278916330418311	1.2
578.7184705643	1200	25.078307310877467	0.0	652874	4388.588820672744	1.278916330418311	1.2
582.0232980773534	1200	25.773479797824038	0.0	520315	3304.8275130534275	1.278916330418311	1.2
585.8533990339569	1200	25.94337884122058	0.0	561791	3830.1009566034595	1.278916330418311	1.2
590.7597762236272	1200	25.03700165155016	0.0	709534	4906.377189670421	1.278916330418311	1.2
593.8653252418594	1200	25.931452633318045	0.0	584846	3105.5490182321164	1.278916330418311	1.2
596.9958407399301	1200	26.80093713524732	0.0	560821	3130.5154980707216	1.278916330418311	1.2
599.8639922483723	1200	27.932785626805153	0.0	607410	2868.151508442171	1.278916330418311	1.2
602.6294089346387	1200	29.1673689405387	0.0	594078	2765.4166862664483	1.278916330418311	1.2
605.5313570622176	1200	30.26542081295985	0.0	624282	2901.9481275788544	1.278916330418311	1.2
608.7184870233601	1200	31.078290851817282	0.0	687371	3187.129961142569	1.278916330418311	1.2
611.1991209609541	1200	32.597656914223236	0.0	526950	2480.6339375940465	1.278916330418311	1.2
614.0434747761276	1200	33.75330309904968	0.0	587876	2844.3538151735493	1.278916330418311	1.2
618.6691579963551	1850	33.127619878822195	0.0	966699	4625.683220227488	1.278916330418311	1.2000000000000002
622.91402758629	1850	32.882750288887195	0.0	885714	4244.869589934995	1.278916330418311	1.85
632.4678212500029	1850	27.328956625174346	0.0	987708	9553.793663712851	1.278916330418311	1.85
640.1339637477472	1850	23.662814127429883	0.0	923755	7666.142497744461	1.278916330418311	1.85
643.7694942238636	1200	24.02728365131351	0.0	601738	3635.53047611637	1.278916330418311	0.5499999999999999
647.128783379318	1200	24.66799449585918	0.0	616206	3359.28915545433	1.278916330418311	1.2
650.6652829864133	1200	25.13149488876379	0.0	656471	3536.4996070953907	1.278916330418311	1.2
653.5709817219874	1200	26.225796153189695	0.0	536667	2905.6987355740957	1.278916330418311	1.2
656.8653120674167	1200	26.93146580776059	0.0	587236	3294.330345429105	1.278916330418311	1.2
666.520973782444	1200	21.275804092733182	0.0	590335	9655.661715027405	1.278916330418311	1.2
678.2961209927548	1200	13.500656882422437	0.0	696376	11775.147210310746	1.278916330418311	1.2
682.5934353204143	750	13.203342554763054	0.0	277716	4297.314327659383	1.278916330418311	0.3
685.2117703757485	750	14.585007499428814	0.0	400396	2618.335055334241	1.278916330418311	0.75
687.0839726950156	750	16.712805180161734	0.0	400508	1872.2023192670824	1.278916330418311	0.75
688.7669347592022	750	19.02984311597521	0.0	358218	1682.9620641865224	1.278916330418311	0.75
690.6383047614333	750	21.158473113743952	0.0	400322	1871.3700022312587	1.278916330418311	0.75
692.3732463669539	750	23.42353150822341	0.0	369834	1734.9416055205443	1.278916330418311	0.75
694.3266759253883	750	25.470101949789093	0.0	412837	1953.4295584343172	1.278916330418311	0.75
696.5340555293084	750	27.26272234586893	0.0	401088	2207.379603920163	1.278916330418311	0.75
699.789716751076	1200	28.00706112410137	0.0	598727	3255.6612217675606	1.278916330418311	0.75
702.4570823649749	1200	29.339695510202418	0.0	487812	2667.3656138989513	1.278916330418311	1.2
705.5900297321363	1200	30.20674814304107	0.0	575591	3132.9473671613478	1.278916330418311	1.2
708.8836518398572	1200	30.91312603532016	0.0	605884	3293.622107720909	1.278916330418311	1.2
712.0797966299799	1200	31.7169812451975	0.0	587506	3196.1447901226643	1.278916330418311	1.2
715.1666679574212	1200	32.63010991775624	0.0	566904	3086.8713274412503	1.278916330418311	1.2
718.6489435221197	1200	33.14783435305774	0.0	641452	3482.275564698511	1.278916330418311	1.2
721.9085827604396	1200	33.88819511473785	0.0	599477	3259.639238319889	1.278916330418311	1.2
725.3558995156764	1200	34.44087835950119	0.0	634861	3447.316755236653	1.278916330418311	1.2
728.778510136112	1200	35.01826773906553	0.0	630203	3422.610620435661	1.278916330418311	1.2
741.4908679846192	2850	26.305909890558347	0.0	1483527	12712.357848507183	1.278916330418311	1.2000000000000002
772.0217649090073	2850	4.0	4.224987033829631	1231456	30530.896924387976	1.278916330418311	-15.317444245467412
778.1130306531434	300	4.0	2.0912657441361953	118421	6091.265744136195	1.278916330418311	-11.242442699785638
788.6968274831619	750	4.0	6.583796830018515	450283	10583.796830018515	1.278916330418311	-27.56032636907961
791.179202758755	300	5.517624724406941	0.0	155580	2482.375275593059	1.278916330418311	-0.15000000000000002
793.418792673388	300	7.278034809773836	0.0	139857	2239.589914633105	1.278916330418311	0.3
795.7104350628777	300	8.98639242028429	0.0	155432	2291.6423894895465	1.278916330418311	0.3
797.9544213153646	300	10.742406167797325	0.0	163442	2243.986252486964	1.278916330418311	0.3
799.4405689331019	300	13.25625855006005	0.0	126289	1486.147617737277	1.278916330418311	0.3
801.0035614722623	300	15.693266010899578	0.0	153295	1562.992539160472	1.278916330418311	0.3
802.8710074962676	300	17.825819986894224	0.0	173849	1867.4460240053534	1.278916330418311	0.3
805.3719987844247	750	19.324828698737026	0.0	374758	2500.9912881571977	1.278916330418311	0.3
812.0552368571282	750	16.64159062603359	0.0	362795	6683.238072703435	1.278916330418311	0.75
819.0309785486326	750	13.665848934529203	0.0	353220	6975.741691504387	1.278916330418311	0.75
825.5633932706104	750	11.133434212551395	0.0	405134	6532.41472197781	1.278916330418311	0.75
826.9706899215794	300	13.726137561582444	0.0	160746	1407.2966509689502	1.278916330418311	-0.15000000000000002
828.1102345784607	300	16.586592904701117	0.0	179801	1139.5446568813284	1.278916330418311	0.3
829.3964679968584	300	19.300359486303364	0.0	140051	1286.2334183977516	1.278916330418311	0.3
830.675018135163	300	22.0218093479988	0.0	138313	1278.5501383045635	1.278916330418311	0.3
831.3620193065278	300	25.334808176634034	0.0	143509	687.0011713647708	1.278916330418311	0.3
833.0195439069063	750	27.677283576255526	0.0	372963	1657.5246003785062	1.278916330418311	0.3
834.8105618012881	750	29.886265681873617	0.0	405596	1791.0178943819071	1.278916330418311	0.75
837.0772589224331	1200	31.619568560728688	0.0	586839	2266.6971211449327	1.278916330418311	0.75
839.1344705342924	1200	33.56235694886942	0.0	601738	2057.2116118592658	1.278916330418311	1.2
841.6939257073211	1850	35.0029017758407	0.0	955231	2559.4551730287167	1.278916330418311	1.2000000000000002
844.0205274194951	1850	36.67630006366669	0.0	968026	2326.601712174018	1.278916330418311	1.85
846.26388126803	1850	38.43294621513181	0.0	874175	2243.3538485348777	1.278916330418311	1.85
849.6590141988953	1850	39.03781328426653	0.0	897976	3395.1329308652803	1.278916330418311	1.85
852.5982614292202	1850	40.09856605394164	0.0	905935	2939.2472303248906	1.278916330418311	1.85
856.7974514373741	1850	39.899376045787726	0.0	1076599	4199.190008153912	1.278916330418311	1.85
861.3635529264959	2850	39.333274556665934	0.0	1141971	4566.101489121794	1.278916330418311	1.85
864.7181269555978	2850	39.97870052756407	0.0	1498470	3354.574029101864	1.278916330418311	2.85
867.4922919205577	2850	41.204535562604086	0.0	1561263	2774.1649649599826	1.278916330418311	2.85
869.7096140903006	2850	42.98721339286116	0.0	1341201	2217.3221697429262	1.278916330418311	2.85
872.1763041383598	2850	44.52052334480192	0.0	1497683	2466.6900480592353	1.278916330418311	2.85
875.7479739445614	4300	44.94885353860038	0.0	2191074	3571.6698062015407	1.278916330418311	2.8499999999999996
879.4721294307291	4300	45.22469805243275	0.0	2286761	3724.155486167624	1.278916330418311	4.3
882.8426608363525	4300	45.85416664680938	0.0	2307787	3370.5314056233715	1.278916330418311	4.3
885.9222240423477	4300	46.77460344081414	0.0	2143948	3079.5632059952422	1.278916330418311	4.3
888.688158799706	4300	48.00866868345587	0.0	1919781	2765.9347573582722	1.278916330418311	4.3
891.7726453820713	4300	48.924182101090544	0.0	2147467	3084.486582365331	1.278916330418311	4.3
894.8381086201616	4300	49.85871886300031	0.0	2133870	3065.463238090228	1.278916330418311	4.3
897.9207106364655	4300	50.77611684669651	0.0	2146120	3082.602016303805	1.278916330418311	4.3
900.950666523349	4300	51.74616095981301	0.0	2108491	3029.9558868835043	1.278916330418311	4.3
904.0870647160683	4300	52.60976276709367	0.0	2184571	3136.3981927193354	1.278916330418311	4.3
907.1358200937972	4300	53.561007389364796	0.0	2121928	3048.7553777288786	1.278916330418311	4.3
910.3205300539037	4300	54.37629742925827	0.0	2219102	3184.7099601065206	1.278916330418311	4.3
913.3735134632866	4300	55.3233140198754	0.0	2124950	3052.9834093828727	1.278916330418311	4.3
916.5965639195698	4300	56.10026356359215	0.0	2246506	3223.050456283244	1.278916330418311	4.3
919.420363389429	4300	57.27646409373304	0.0	1961140	2823.799469859115	1.278916330418311	4.3
924.284409133253	4300	56.41241834990889	0.0	2155012	4864.045743824148	1.278916330418311	4.3
925.6296181882828	750	59.06720929487914	0.0	450283	1345.2090550297505	1.278916330418311	0.75
931.6750245270003	4300	57.02180295616163	0.0	2123065	6045.406338717513	1.278916330418311	0.75
937.8721830096897	4300	54.82464447347233	0.0	2177073	6197.158482689297	1.278916330418311	4.3
944.0238338319626	4300	52.672993651199405	0.0	2160877	6151.650822272932	1.278916330418311	4.3
950.3782938306491	4300	50.31853365251298	0.0	2233056	6354.459998686416	1.278916330418311	4.3
955.9138884932771	4300	48.78293898988495	0.0	1941625	5535.594662628035	1.278916330418311	4.3
962.0561489351405	4300	46.64067854802147	0.0	2157535	6142.260441863479	1.278916330418311	4.3
968.571093962991	4300	44.125733520170996	0.0	2290172	6514.945027850472	1.278916330418311	4.3
974.4265684782024	4300	42.27025900495957	0.0	2055469	5855.4745152114265	1.278916330418311	4.3
980.6016081474318	4300	40.09521933573024	0.0	2169201	6175.03966922933	1.278916330418311	4.3
990.2445633469003	4300	34.4522641362616	0.0	2173522	9642.955199468639	1.278916330418311	4.3

