7.242352224935569	750	4.0	7.242352224935569	450283	7242.352224935569	1	-30.392114567222947
9.263396208725093	300	5.978956016210478	0.0	155580	2021.043983789523	0.6271483381945112	-0.15000000000000002
10.984118336688562	300	8.258233888247009	0.0	139857	1720.7221279634684	0.6271483381945112	0.3
12.887557433720659	300	10.354794791214914	0.0	155432	1903.4390970320958	0.6271483381945112	0.3
14.884965257702333	300	12.35738696723324	0.0	163442	1997.4078239816756	0.6271483381945112	0.3
16.446515389754204	300	14.795836835181367	0.0	126289	1561.5501320518706	0.6271483381945112	0.3
18.307490161779654	300	16.93486206315592	0.0	153295	1860.9747720254497	0.6271483381945112	0.3
20.279714907345525	300	18.962637317590044	0.0	173849	1972.2247455658721	0.6271483381945112	0.3
22.00008782524688	300	21.24226439968869	0.0	150710	1720.3729179013546	0.6271483381945112	0.3
26.028857599979954	750	21.213494624955615	0.0	362795	4028.7697747330762	0.6271483381945112	0.3
29.953410198089678	750	21.28894202684589	0.0	353220	3924.552598109724	0.6271483381945112	0.75
34.44301036875551	750	20.79934185618006	0.0	405134	4489.600170665831	0.6271483381945112	0.75
37.601197056505626	750	21.641155168429943	0.0	386351	3158.1866877501166	0.6271483381945112	0.75
41.12949731396683	750	22.112854910968743	0.0	434409	3528.300257461203	0.6271483381945112	0.75
43.88504187330979	750	23.357310351625785	0.0	337059	2755.5445593429595	0.6271483381945112	0.75
46.87201624650624	750	24.37033597842933	0.0	366214	2986.974373196451	0.6271483381945112	0.75
49.81626084134655	750	25.426091383589025	0.0	360831	2944.244594840308	0.6271483381945112	0.75
54.51210089441149	1200	24.730251330524087	0.0	581493	4695.84005306494	0.6271483381945112	0.75
59.666045766111274	1200	23.576306458824302	0.0	639204	5153.944871699783	0.6271483381945112	1.2
63.5105284697747	1200	23.73182375516088	0.0	586839	3844.4827036634224	0.6271483381945112	1.2
66.57620561674514	1200	24.66614660819044	0.0	601738	3065.6771469704386	0.6583494528736459	1.2
69.71366944988524	1200	25.528682775050324	0.0	616206	3137.4638331401143	0.6583494528736459	1.2
72.90319442605336	1200	26.3391577988822	0.0	656471	3189.5249761681225	0.6583494528736459	1.2
75.41296013924698	1200	27.82939208568859	0.0	536667	2509.765713193614	0.6583494528736459	1.2
79.55855630236256	1850	27.683795922573008	0.0	897976	4145.596163115581	0.6583494528736459	1.2000000000000002
83.38443339826875	1850	27.857918826666808	0.0	905935	3825.8770959062003	0.6583494528736459	1.85
87.38432304104217	1850	27.8580291838934	0.0	1076599	3999.889642773408	0.6583494528736459	1.85
89.05199493345897	1850	30.19035729147659	0.0	758197	1667.6718924168101	0.6583494528736459	1.85
91.00901657559388	1850	32.23333564934169	0.0	972798	1957.0216421349003	0.6583494528736459	1.85
92.97185182570058	1850	34.27050039923499	0.0	975811	1962.835250106702	0.6583494528736459	1.85
95.63971004853097	2850	35.60264217640458	0.0	1341201	2667.858222830403	0.6583494528736459	1.85
120.51004748780115	4300	14.732304737134422	0.0	2147852	24870.33743927016	0.6583494528736459	2.8499999999999996

