124712.01344342447	750	4.0	2.0938176132811868	450283	2093.817613281187	1	-8.253415737109103
124714.90120784806	1200	5.112235576408935	0.0	611087	2887.7644235910643	0.19979920585429356	0.75
124717.47114644409	1200	6.5422969803745055	0.0	571051	2569.9385960344302	0.19979920585429356	1.2
124720.40162179786	1200	7.611821626618909	0.0	617681	2930.4753537555976	0.19979920585429356	1.2
124723.7600508743	1200	8.253392550172848	0.0	652874	3358.429076446061	0.19979920585429356	1.2
124726.38889036624	1200	9.62455305823362	0.0	520315	2628.839491939229	0.19979920585429356	1.2
124729.11201602042	1200	10.901427404055838	0.0	561791	2723.1256541777825	0.19979920585429356	1.2
124734.07983578414	1850	9.93360764033674	0.0	1060487	4967.819763719097	0.19979920585429356	1.2000000000000002
124738.15174266716	1850	9.861700757305428	0.0	852833	4071.9068830313113	0.19979920585429356	1.85
124742.30822816346	1850	9.70521526102961	0.0	913888	4156.48549627582	0.19979920585429356	1.85
124746.40458501384	1850	9.608858410645421	0.0	939819	4096.356850384186	0.19979920585429356	1.85
124750.5057962598	1850	9.50764716469785	0.0	917428	4101.211245947572	0.19979920585429356	1.85
124755.18672985747	1850	8.826713567032472	0.0	946851	4680.933597665377	0.19979920585429356	1.85
124760.09161112734	1850	7.921832297140864	0.0	1036454	4904.881269891607	0.19979920585429356	1.85
124764.17243077984	1850	7.841012644642273	0.0	821631	4080.819652498592	0.19979920585429356	1.85
124768.60866929543	1850	7.404774129050823	0.0	923170	4436.23851559145	0.19979920585429356	1.85
124773.39118974848	1850	6.6222536759951325	0.0	966699	4782.52045305569	0.19979920585429356	1.85
124777.96105257291	1850	6.05239085156282	0.0	885714	4569.862824432313	0.19979920585429356	1.85
124782.54453992579	1850	5.468903498690567	0.0	987708	4583.487352872253	0.19979920585429356	1.85
124787.10896453763	1850	4.904478886839907	0.0	923755	4564.42461185066	0.19979920585429356	1.85
124790.51270841013	1200	5.500735014339376	0.0	601738	3403.743872500532	0.23678199495778382	0.5499999999999999
124793.46080147233	1200	6.552641952127173	0.0	616206	2948.0930622122028	0.23678199495778382	1.2
124796.47547771927	1200	7.537965705192104	0.0	656471	3014.6762469350692	0.23678199495778382	1.2
124799.4090954668	1200	8.604347957657346	0.0	536667	2933.6177475347577	0.23678199495778382	1.2
124802.36542651623	1200	9.648016908227929	0.0	587236	2956.3310494294187	0.23678199495778382	1.2
124805.75721166245	1200	10.256231762012773	0.0	590335	3391.785146215155	0.23678199495778382	1.2
124809.40331646285	1200	10.61012696162972	0.0	696376	3646.1048003830524	0.23678199495778382	1.2
124811.63781530634	1200	12.375628118143505	0.0	487160	2234.4988434862144	0.23678199495778382	1.2
124814.85738615195	1200	13.156057272521508	0.0	622896	3219.5708456219963	0.23678199495778382	1.2
124817.92741225434	1200	14.08603117012974	0.0	641447	3070.0261023917674	0.23678199495778382	1.2
124821.09383887879	1200	14.91960454567728	0.0	570392	3166.4266244524597	0.23678199495778382	1.2
124827.43819802336	1850	12.57524540110321	0.0	954453	6344.359144574072	0.23678199495778382	1.2000000000000002
124831.54697640422	1850	12.466467020240241	0.0	885062	4108.778380862968	0.23678199495778382	1.85
124837.08497688727	1850	10.928466537192497	0.0	1035329	5538.000483047745	0.23678199495778382	1.85
124841.78411453131	1850	10.229328893161107	0.0	1026056	4699.137644031392	0.23678199495778382	1.85
124846.35959366894	1850	9.65384975552944	0.0	943942	4575.479137631666	0.23678199495778382	1.85

