948414.4314411543	750	4.0	3.055096727855891	450283	3055.096727855891	1	-12.386915929780331
948417.1515306071	750	5.279910547307053	0.0	398865	2720.089452692947	0.16367170302109324	0.75
948419.5276877679	750	6.903753386567962	0.0	350812	2376.1571607390915	0.16367170302109324	0.75
948423.8938046886	750	6.537636465877195	0.0	382355	4366.116920690767	0.16367170302109324	0.75
948426.6781573491	750	7.753283805377248	0.0	411561	2784.3526604999465	0.16367170302109324	0.75
948428.8448516192	750	9.58658953524163	0.0	318564	2166.6942701356174	0.16367170302109324	0.75
948431.2514714272	750	11.179969727244	0.0	352642	2406.61980799763	0.16367170302109324	0.75
948435.0852183839	1200	11.346222770504914	0.0	709534	3833.7469567390876	0.16367170302109324	0.75
948439.0325024346	1200	11.39893871980285	0.0	584846	3947.2840507020637	0.16367170302109324	1.2
948442.637019803	1200	11.794421351408445	0.0	560821	3604.5173683944035	0.16367170302109324	1.2
948446.7205652063	1200	11.710875948157538	0.0	607410	4083.5454032509083	0.16367170302109324	1.2
948450.7440455761	1200	11.687395578307747	0.0	594078	4023.4803698497917	0.16367170302109324	1.2
948454.9480339106	1200	11.483407243778249	0.0	624282	4203.988334529499	0.16367170302109324	1.2
948459.6222580319	1200	10.809183122565756	0.0	687371	4674.2241212124945	0.16367170302109324	1.2
948463.0922151611	1200	11.339225993282394	0.0	526950	3469.9571292833616	0.16367170302109324	1.2
948465.8337871331	1200	12.597654021233309	0.0	587876	2741.5719720490843	0.16367170302109324	1.2
948469.2099389366	1200	13.221502217725149	0.0	617242	3376.15180350816	0.16367170302109324	1.2
948473.1604446253	1200	13.270996529078776	0.0	581493	3950.505688646373	0.16367170302109324	1.2
948477.3656981682	1200	13.065742986197803	0.0	639204	4205.2535428809715	0.16367170302109324	1.2
948481.0741560301	1200	13.357285124255599	0.0	586839	3708.457861942205	0.16367170302109324	1.2
948484.0610011674	1200	14.370439986865366	0.0	601738	2986.845137390233	0.23974589667978827	1.2
948487.4800931544	1200	14.951347999958168	0.0	616206	3419.0919869071977	0.23974589667978827	1.2
948491.7268005215	1200	14.704640632757803	0.0	656471	4246.707367200366	0.23974589667978827	1.2
948495.1289505885	1200	15.302490565743327	0.0	536667	3402.150067014477	0.23974589667978827	1.2
948498.5993473403	1200	15.832093813895884	0.0	587236	3470.396751847443	0.23974589667978827	1.2
948502.5928688872	1200	15.838572267069704	0.0	590335	3993.5215468261795	0.23974589667978827	1.2
948506.9402747687	1200	15.491166385554294	0.0	696376	4347.405881515411	0.23974589667978827	1.2
948509.7917637358	1200	16.639677418509258	0.0	487160	2851.4889670450348	0.23974589667978827	1.2
948512.7993192779	1200	17.632121876442937	0.0	622896	3007.5555420663204	0.23974589667978827	1.2
948516.8033818747	1200	17.628059279599647	0.0	641447	4004.062596843291	0.23974589667978827	1.2
948520.4907389334	1200	17.940702220875625	0.0	570392	3687.3570587240233	0.23974589667978827	1.2
948526.6569459795	1850	15.77449517489009	0.0	954453	6166.207045985535	0.23974589667978827	1.2000000000000002
948531.8481185527	1850	14.583322601665898	0.0	885062	5191.172573224189	0.23974589667978827	1.85
948537.7965205745	1850	12.634920579871144	0.0	1035329	5948.4020217947555	0.23974589667978827	1.85
948544.3647462677	1850	10.066694886631286	0.0	1026056	6568.2256932398595	0.23974589667978827	1.85
948549.8003316725	1850	8.631109481748371	0.0	943942	5435.585404882914	0.23974589667978827	1.85
948552.2543072221	1200	10.177133932186688	0.0	487812	2453.9755495616823	0.23974589667978827	0.5499999999999999
948555.5167702939	1200	10.914670860375667	0.0	575591	3262.4630718110225	0.23974589667978827	1.2
948558.3198508543	1200	12.11159029993622	0.0	605884	2803.080560439448	0.23974589667978827	1.2
948561.2835607092	1200	13.147880445125047	0.0	587506	2963.7098548111717	0.23974589667978827	1.2
948564.2440978119	1200	14.187343342575183	0.0	566904	2960.537102549865	0.23974589667978827	1.2
948569.4832335664	1850	12.948207587972682	0.0	1025005	5239.135754602501	0.23974589667978827	1.2000000000000002
948574.0469988389	1850	12.384442315457676	0.0	886255	4563.7652725150065	0.23974589667978827	1.85
948579.6552808798	1850	10.776160274539142	0.0	973972	5608.282040918533	0.23974589667978827	1.85
948585.0436133646	1850	9.387827789811158	0.0	958994	5388.332484727984	0.23974589667978827	1.85
948591.0831024692	1850	7.348338685225034	0.0	982064	6039.489104586125	0.23974589667978827	1.85
948596.5031169637	1850	5.928324190746825	0.0	830730	5420.014494478209	0.23974589667978827	1.85
948601.501931026	1850	4.929510128356387	0.0	846370	4998.814062390438	0.23974589667978827	1.85
948604.2358707475	750	6.195570406927625	0.0	450283	2733.9397214287624	0.23974589667978827	0.75
948607.7565486138	1200	6.674892540646286	0.0	611087	3520.6778662813394	0.23974589667978827	0.75
948611.4012774585	1200	7.030163695889238	0.0	571051	3644.7288447570486	0.23974589667978827	1.2
948615.5335442119	1200	6.897896942587875	0.0	617681	4132.266753301363	0.23974589667978827	1.2
948618.3735832706	1200	8.05785788392703	0.0	652874	2840.0390586608455	0.23974589667978827	1.2
948621.2959024454	1200	9.135538709045852	0.0	520315	2922.3191748811782	0.23974589667978827	1.2
948624.0065482113	1200	10.424892943151159	0.0	561791	2710.6457658946933	0.23974589667978827	1.2
948629.3004055121	1200	9.131035642362153	0.0	709534	5293.8573007890045	0.23974589667978827	1.2
948633.1921113979	1200	9.239329756566118	0.0	584846	3891.705885796037	0.23974589667978827	1.2
948636.9731930158	1200	9.458248138568571	0.0	560821	3781.081617997546	0.23974589667978827	1.2
948641.0303132134	1200	9.401127941035291	0.0	607410	4057.1201975332797	0.23974589667978827	1.2
948645.0068922932	1200	9.424548861198462	0.0	594078	3976.57907983683	0.23974589667978827	1.2
948649.0158572973	1200	9.415583857139024	0.0	624282	4008.965004059437	0.23974589667978827	1.2
948653.5927221193	1200	8.838719035093836	0.0	687371	4576.86482204519	0.23974589667978827	1.2
948656.6097644675	1200	9.821676686965239	0.0	526950	3017.0423481285975	0.23974589667978827	1.2
948660.3053000361	1200	10.126141118317998	0.0	587876	3695.5355686472417	0.23974589667978827	1.2
948664.0077034596	1200	10.423737694819948	0.0	617242	3702.403423498048	0.23974589667978827	1.2
948666.8550764427	1200	11.576364711780966	0.0	581493	2847.372983038983	0.23974589667978827	1.2
948669.5521053408	1200	12.879335813766085	0.0	639204	2697.0288980148816	0.23974589667978827	1.2
948673.363106803	1200	13.068334351444209	0.0	586839	3811.0014623218754	0.23974589667978827	1.2
948676.3179286123	1200	14.113512542119775	0.0	601738	2954.821809324434	0.23974589667978827	1.2
948679.9112584211	1200	14.520182733252867	0.0	616206	3593.3298088669085	0.23974589667978827	1.2
948686.2714229546	1850	12.16001819976523	0.0	968026	6360.164533487638	0.23974589667978827	1.2000000000000002
948690.2418427913	1850	12.189598363135417	0.0	874175	3970.419836629812	0.23974589667978827	1.85
948694.6121162348	1850	11.819324919512844	0.0	897976	4370.273443622572	0.23974589667978827	1.85
948700.245677204	1850	10.185763950374877	0.0	905935	5633.560969137967	0.23974589667978827	1.85
948707.1018759743	1850	7.329565180120997	0.0	1076599	6856.198770253881	0.23974589667978827	1.85
948710.3387081068	1200	8.092733047674518	0.0	487160	3236.8321324464787	0.23974589667978827	0.5499999999999999
948714.4912191596	1200	7.940221994825328	0.0	622896	4152.5110528491905	0.23974589667978827	1.2
948718.785941101	1200	7.645500053370399	0.0	641447	4294.721941454929	0.23974589667978827	1.2
948724.207347218	1200	6.224093936541497	0.0	570392	5421.406116828902	0.23974589667978827	1.2
948728.309554491	1200	6.121886663594482	0.0	620283	4102.207272947015	0.23974589667978827	1.2
948730.8280098604	750	7.603431294068813	0.0	369834	2518.455369525669	0.23974589667978827	0.3
948733.4218266422	750	9.009614512162065	0.0	412837	2593.8167819067485	0.23974589667978827	0.75
948735.8983868023	750	10.533054352075087	0.0	401088	2476.560160086978	0.23974589667978827	0.75
948739.4895087004	1200	10.941932453921147	0.0	598727	3591.121898153941	0.23974589667978827	0.75
948742.3881257612	1200	12.043315393252461	0.0	487812	2898.6170606686837	0.23974589667978827	1.2
948745.4924808253	1200	12.938960329114812	0.0	575591	3104.3550641376496	0.23974589667978827	1.2
948748.8192223926	1200	13.612218761749322	0.0	605884	3326.7415673654896	0.23974589667978827	1.2
948751.2555709129	1200	15.175870241617938	0.0	587506	2436.3485201313833	0.23974589667978827	1.2
948754.3529277168	1200	16.078513437575733	0.0	566904	3097.3568040422056	0.23974589667978827	1.2
948760.313176851	1850	14.118264303375122	0.0	1025005	5960.24913420061	0.23974589667978827	1.2000000000000002
948764.2002625597	1850	14.231178594795757	0.0	886255	3887.085708579364	0.23974589667978827	1.85
948768.7885022069	1850	13.642938947545543	0.0	973972	4588.239647250215	0.23974589667978827	1.85
948774.5788431071	1850	11.852598047317548	0.0	958994	5790.340900227995	0.23974589667978827	1.85
948779.7761955839	1850	10.655245570601902	0.0	982064	5197.352476715644	0.23974589667978827	1.85
948786.7758910673	2850	7.6555500870035385	0.0	1231456	6999.695483598364	0.23974589667978827	1.85
948793.9752347593	2850	4.4562063950795645	0.0	1364537	7199.343691923974	0.23974589667978827	2.85
948797.0864935006	750	5.344947653805286	0.0	450283	3111.2587412742787	0.23974589667978827	0.75
948801.0721783218	1200	5.359262832684325	0.0	611087	3985.684821120961	0.23974589667978827	0.75
948803.9827878812	1200	6.448653273302928	0.0	571051	2910.609559381397	0.23974589667978827	1.2
948807.7559597008	1200	6.675481453603208	0.0	617681	3773.1718196997203	0.23974589667978827	1.2
948812.1755627819	1200	6.255878372570185	0.0	652874	4419.603081033023	0.23974589667978827	1.2
948815.6464361242	1200	6.785005030135669	0.0	520315	3470.8733424345164	0.23974589667978827	1.2
948819.3698345383	1200	7.0616066159420265	0.0	561791	3723.398414193642	0.23974589667978827	1.2
948824.1269008908	1200	6.304540263438844	0.0	709534	4757.066352503181	0.23974589667978827	1.2
948828.0363240566	1200	6.3951170977145955	0.0	584846	3909.423165724249	0.23974589667978827	1.2
948831.6110840569	1200	6.820357097420898	0.0	560821	3574.760000293698	0.23974589667978827	1.2
948835.66200206	1200	6.769439094336558	0.0	607410	4050.91800308434	0.23974589667978827	1.2
948839.6216662842	1200	6.809774870084653	0.0	594078	3959.664224251904	0.23974589667978827	1.2
948843.8441076071	1200	6.587333547120953	0.0	624282	4222.4413229637	0.23974589667978827	1.2
948848.2285404538	1200	6.202900700477122	0.0	687371	4384.432846643831	0.23974589667978827	1.2
948851.7281453892	1200	6.703295765073288	0.0	526950	3499.604935403834	0.23974589667978827	1.2
948854.2102058935	750	8.221235260775527	0.0	366214	2482.0605042977595	0.23974589667978827	0.3
948856.6687953327	750	9.76264582167329	0.0	360831	2458.5894391022366	0.23974589667978827	0.75
948860.1158014486	1200	10.315639705800317	0.0	581493	3447.0061158729727	0.23974589667978827	0.75
948862.6210238143	1200	11.8104173401064	0.0	639204	2505.222365693917	0.23974589667978827	1.2
948866.0264570153	1200	12.40498413912852	0.0	586839	3405.433200977882	0.23974589667978827	1.2
948869.8443418068	1200	12.587099347459956	0.0	601738	3817.884791668562	0.23974589667978827	1.2
948873.6808630755	1200	12.75057807886098	0.0	616206	3836.5212685989754	0.23974589667978827	1.2
948878.1247476445	1200	12.306693509776956	0.0	656471	4443.884569084025	0.23974589667978827	1.2
948881.6842845127	1200	12.747156641622015	0.0	536667	3559.5368681549426	0.23974589667978827	1.2
948885.4170195236	1200	13.014421630659962	0.0	587236	3732.735010962051	0.23974589667978827	1.2
948889.4717071613	1200	12.959733992981233	0.0	590335	4054.6876376787304	0.23974589667978827	1.2
948893.4071645181	1200	13.024276636117689	0.0	696376	3935.4573568635437	0.23974589667978827	1.2
948897.721000835	1200	12.710440319244077	0.0	487160	4313.836316873613	0.23974589667978827	1.2
948901.6182157499	1200	12.813225404299333	0.0	622896	3897.2149149447437	0.23974589667978827	1.2
948905.6169047122	1200	12.81453644196331	0.0	641447	3998.688962336023	0.23974589667978827	1.2
948909.4439417723	1200	12.987499381829453	0.0	570392	3827.037060133858	0.23974589667978827	1.2
948913.343137959	1200	13.088303195179124	0.0	620283	3899.196186650329	0.23974589667978827	1.2
948917.0972264017	1200	13.33421475247645	0.0	584349	3754.0884427026745	0.23974589667978827	1.2
948922.7690900761	1200	11.662351078082935	0.0	670129	5671.863674393514	0.23974589667978827	1.2
948926.8298137076	1200	11.601627446540533	0.0	690253	4060.7236315424025	0.23974589667978827	1.2
948930.4225243041	1200	12.008916849931119	0.0	598727	3592.7105966094146	0.23974589667978827	1.2
948933.4408119154	1200	12.990629238679864	0.0	487812	3018.287611251254	0.23974589667978827	1.2
948936.839743689	1200	13.591697465059312	0.0	575591	3398.931773620553	0.23974589667978827	1.2
948941.2437242626	1200	13.187716891473592	0.0	605884	4403.980573585718	0.23974589667978827	1.2
948945.0319072386	1200	13.399533915448522	0.0	587506	3788.182976025069	0.23974589667978827	1.2
948947.8365373145	1200	14.594903839592913	0.0	566904	2804.63007585561	0.23974589667978827	1.2
948951.29440485	1200	15.137036304040807	0.0	641452	3457.867535552107	0.23974589667978827	1.2
948955.1378819232	1200	15.293559230882366	0.0	599477	3843.4770731584404	0.23974589667978827	1.2
948958.1137027978	1200	16.317738356320042	0.0	634861	2975.820874562321	0.23974589667978827	1.2
948963.196089808	1850	15.23535134605604	0.0	958994	5082.387010264003	0.23974589667978827	1.2000000000000002
948973.0842018336	2850	9.347239320451047	0.0	1483527	9888.112025604994	0.23974589667978827	1.85
948980.5749697494	1850	5.856471404644117	0.0	830730	7490.767915806929	0.23974589667978827	0.8500000000000001
948986.2576303186	1850	4.1738108354345105	0.0	846370	5682.660569209607	0.23974589667978827	1.85
948989.3074566013	750	5.123984552803608	0.0	450283	3049.826282630902	0.23974589667978827	0.75
948993.3573307696	750	5.074110384455183	0.0	398865	4049.874168348425	0.23974589667978827	0.75
948997.7437192161	750	4.687721937987409	0.0	350812	4386.388446467774	0.23974589667978827	0.75
949000.3468168215	750	6.084624332598784	0.0	382355	2603.0976053886266	0.23974589667978827	0.75
949003.1320185212	750	7.299422632843643	0.0	411561	2785.2016997551395	0.23974589667978827	0.75
949005.3221256328	750	9.109315521307842	0.0	318564	2190.107111535802	0.23974589667978827	0.75
949007.7446874003	750	10.686753753743305	0.0	352642	2422.561767564537	0.23974589667978827	0.75
949010.6165080986	750	11.814933055498665	0.0	437162	2871.820698244641	0.23974589667978827	0.75
949014.760543497	1200	11.67089765704288	0.0	584846	4144.035398455784	0.23974589667978827	0.75
949018.5721922176	1200	11.859248936553929	0.0	560821	3811.64872048895	0.23974589667978827	1.2
949022.5888433259	1200	11.842597828276375	0.0	607410	4016.651108277554	0.23974589667978827	1.2
949026.6982531425	1200	11.733188011604446	0.0	594078	4109.4098166719305	0.23974589667978827	1.2
949032.9910845661	1200	9.44035658801654	0.0	624282	6292.831423587905	0.23974589667978827	1.2
949037.6465771735	1200	8.784863980620168	0.0	687371	4655.492607396372	0.23974589667978827	1.2
949044.9280575291	1200	5.503383624982089	0.0	526950	7281.480355638079	0.23974589667978827	1.2
949046.1956323539	750	8.235808800160008	0.0	366214	1267.574824822081	0.23974589667978827	0.3
949047.9851156643	750	10.446325489665766	0.0	360831	1789.4833104942427	0.23974589667978827	0.75
949050.4247741444	750	12.006667009590782	0.0	372963	2439.658480074984	0.23974589667978827	0.75
949053.7060188508	1200	12.725422303249522	0.0	639204	3281.244706341259	0.23974589667978827	0.75
949056.5391910376	1200	13.892250116401899	0.0	586839	2833.172186847623	0.23974589667978827	1.2
949061.4909719077	1850	12.940469246374459	0.0	891604	4951.780870027438	0.23974589667978827	1.2000000000000002
949067.2821647498	1850	11.149276404307427	0.0	955231	5791.192842067031	0.23974589667978827	1.85
949070.9200203532	1850	11.511420800988116	0.0	968026	3637.855603319311	0.23974589667978827	1.85
949076.6244937166	1850	9.806947437572639	0.0	874175	5704.473363415478	0.23974589667978827	1.85
949082.6376598817	1850	7.79378127245165	0.0	897976	6013.166165120989	0.23974589667978827	1.85
949086.5574145195	1200	7.8740266347127745	0.0	590335	3919.7546377388753	0.23974589667978827	0.5499999999999999
949090.4815494868	1200	7.9498916674092746	0.0	696376	3924.1349673034997	0.23974589667978827	1.2
949093.1485430086	1200	9.282898145613363	0.0	487160	2666.993521795913	0.23974589667978827	1.2
949097.2018420702	1200	9.229599083932237	0.0	622896	4053.299061681125	0.23974589667978827	1.2
949102.8120796419	1200	7.61936151231234	0.0	641447	5610.237571619897	0.23974589667978827	1.2

