843349.2647570627	750	4.0	4.736142853943908	450283	4736.1428539439075	0.7	-19.6154142719588
843352.440543394	750	4.82421366874867	0.0	398865	3175.78633125133	0.7	0.75
843354.6845611939	750	6.580195868785339	0.0	350812	2244.0177999633315	0.7	0.75
843358.4921060641	1200	6.772650998694266	0.0	617681	3807.544870091073	0.7	0.75
843362.1017883347	1200	7.162968728133966	0.0	652874	3609.6822705603	0.7	1.2
843364.5297377639	1200	8.735019298857797	0.0	520315	2427.949429276169	0.7	1.2
843367.1448498745	1200	10.11990718826616	0.0	561791	2615.112110591638	0.7	1.2
843370.4266602208	1200	10.838096841933577	0.0	709534	3281.8103463325815	0.7	1.2
843373.1458092593	1200	12.118947803534818	0.0	584846	2719.1490383987584	0.7	1.2
843377.479320666	1200	11.785436396810775	0.0	560821	4333.511406724043	0.7	1.2
843381.181302511	1200	12.083454551964213	0.0	607410	3701.9818448465635	0.7	1.2
843384.660153986	1200	12.604603076942505	0.0	594078	3478.851475021707	0.7	1.2
843388.3035726661	1200	12.96118439670976	0.0	624282	3643.4186802327454	0.7	1.2
843392.3071050788	1200	12.957651984033657	0.0	687371	4003.532412676102	0.7	1.2
843395.3949500488	1200	13.869807014054313	0.0	526950	3087.8449699793446	0.7	1.2
843398.8305622883	1200	14.43419477461684	0.0	587876	3435.6122394374743	0.7	1.2
843402.4337964565	1200	14.830960606365599	0.0	617242	3603.234168251239	0.7	1.2
843405.832974358	1200	15.431782704993175	0.0	581493	3399.1779013724245	0.7	1.2
843409.1580778259	1200	16.106679237105478	0.0	639204	3325.1034678876945	0.7	1.2
843412.2078983287	1200	17.05685873438935	0.0	586839	3049.820502716129	0.7	1.2
843415.3331183117	1200	17.931638751287686	0.0	601738	3125.219983101665	0.7	1.2
843418.1306769828	1200	19.134080080337306	0.0	616206	2797.55867095038	0.7	1.2
843422.1875842663	1850	19.07717279681241	0.0	968026	4056.9072835248962	0.7	1.2000000000000002
843425.7962345182	1850	19.468522544890124	0.0	874175	3608.6502519222863	0.7	1.85
843429.5009586735	1850	19.76379838940619	0.0	897976	3704.7241554839334	0.7	1.85
843433.2378097229	1850	20.02694734015951	0.0	905935	3736.8510492466803	0.7	1.85
843438.1194077773	1850	19.145349285700483	0.0	1076599	4881.598054459027	0.7	1.85
843440.2150183795	1850	21.049738683566375	0.0	758197	2095.610602134109	0.7	1.85
843443.7711994777	1850	21.493557585369395	0.0	972798	3556.181098196978	0.7	1.85
843446.7454712695	1850	22.51928579354617	0.0	975811	2974.2717918232215	0.7	1.85
843449.1003419729	1850	24.164415090071984	0.0	873429	2354.870703474189	0.7	1.85
843453.0810999966	2850	24.183657066476094	0.0	1497683	3980.7580235958885	0.7	1.85
843456.6982606356	2850	24.56649642738015	0.0	1358081	3617.1606390959423	0.7	2.85
843460.9124104561	2850	24.352346606925764	0.0	1587293	4214.149820454388	0.7	2.85
843464.8801171875	2850	24.384639875530052	0.0	1492672	3967.706731395711	0.7	2.85
843469.9275720789	2850	23.3371849840732	0.0	1439896	5047.454891456851	0.7	2.85
843475.1243327692	2850	22.140424293844962	0.0	1139291	5196.760690228238	0.7	2.85
843481.4659045922	2850	19.79885247082576	0.0	1499009	6341.571823019201	0.7	2.85
843488.0016614491	2850	17.263095613849238	0.0	1427478	6535.7568569765235	0.7	2.85
843495.6406404907	2850	13.62411657230011	0.0	1402287	7638.979041549125	0.7	2.85
843501.8047922034	2850	11.4599648596144	0.0	1339500	6164.151712685711	0.7	2.85
843507.3230530437	1850	9.94170401925475	0.0	1025005	5518.26084035965	0.7	0.8500000000000001
843513.4547006106	1850	7.810056452323273	0.0	886255	6131.647566931477	0.7	1.85
843518.9102665926	1850	6.354490470311701	0.0	973972	5455.5659820115725	0.7	1.85
843522.690965616	1200	6.573791447003559	0.0	630203	3780.699023308142	0.7	0.5499999999999999
843526.9001387605	1200	6.364618302512911	0.0	638661	4209.173144490648	0.7	1.2
843530.0285227925	1200	7.23623427054023	0.0	538612	3128.384031972682	0.7	1.2
843538.1835810444	2850	4.0	0.9188239814740764	1364537	8155.058252014306	0.7	-2.7509431203385284
843540.9941394237	750	5.1894416207197995	0.0	450283	2810.5583792802004	0.7	0.75
843543.3832283588	750	6.800352685548203	0.0	398865	2389.0889351715955	0.7	0.75
843545.4823601826	750	8.701220861868912	0.0	350812	2099.1318236792918	0.7	0.75
843548.3024907957	750	9.881090248713582	0.0	382355	2820.1306131553306	0.7	0.75
843552.5751152649	1200	9.608465779493077	0.0	652874	4272.624469220504	0.7	0.75
843555.2511737954	1200	10.932407248896931	0.0	520315	2676.0585305961463	0.7	1.2
843558.4576681716	1200	11.725912872703338	0.0	561791	3206.494376193593	0.7	1.2
843562.6155426458	1200	11.56803839858122	0.0	709534	4157.874474122121	0.7	1.2
843566.8124299131	1200	11.37115113131844	0.0	584846	4196.887267262779	0.7	1.2
843569.5882708608	1200	12.595310183598732	0.0	560821	2775.8409477197074	0.7	1.2
843572.3747212627	1200	13.808859781735727	0.0	607410	2786.4504018630046	0.7	1.2
843575.8581237574	1200	14.325457287030389	0.0	594078	3483.4024947053376	0.7	1.2
843580.4222052532	1200	13.761375791217098	0.0	624282	4564.081495813291	0.7	1.2
843584.4738550908	1200	13.709725953626766	0.0	687371	4051.6498375903316	0.7	1.2
843587.0317459282	1200	15.15183511615015	0.0	526950	2557.8908374766183	0.7	1.2
843589.6788219708	1200	16.504759073499002	0.0	587876	2647.076042651149	0.7	1.2
843593.1506137298	1200	17.03296731444754	0.0	617242	3471.791759051463	0.7	1.2
843596.4691176943	1200	17.714463350034475	0.0	581493	3318.503964413064	0.7	1.2
843601.7494892622	1200	16.43409178206204	0.0	639204	5280.371567972434	0.7	1.2
843606.0042145803	1200	16.179366463966826	0.0	586839	4254.725318095218	0.7	1.2
843609.6900928724	1200	16.493488171863476	0.0	601738	3685.8782921033485	0.7	1.2
843612.8852406476	1200	17.29834039674983	0.0	616206	3195.1477751136445	0.7	1.2
843615.9306027063	1200	18.25297833797941	0.0	656471	3045.3620587704195	0.7	1.2
843618.2974610905	1200	19.886119953879973	0.0	536667	2366.8583840994365	0.7	1.2
843621.2423892007	1200	20.941191843593174	0.0	587236	2944.9281102867994	0.7	1.2
843624.1032099259	1200	22.080371118428975	0.0	590335	2860.8207251641984	0.7	1.2
843630.6803725915	1850	19.503208452788705	0.0	1076599	6577.162665640268	0.7	1.2000000000000002
843634.9547421074	1850	19.22883893684694	0.0	758197	4274.369515941766	0.7	1.85
843641.3098623224	1850	16.873718721837896	0.0	972798	6355.120215009044	0.7	1.85
843647.6278426428	1850	14.55573840145275	0.0	975811	6317.980320385146	0.7	1.85
843655.0482010454	1850	11.135379998879895	0.0	873429	7420.358402572856	0.7	1.85
843663.4338227195	1200	6.74975832482995	0.0	620283	8385.621674049944	0.7	0.5499999999999999
843666.4075527103	750	7.776028333956327	0.0	369834	2973.7299908736245	0.7	0.3
843669.4988711311	750	8.684709913228144	0.0	412837	3091.3184207281824	0.7	0.75
843671.9337443435	750	10.249836700826743	0.0	401088	2434.8732124014005	0.7	0.75
843673.7865410597	750	12.397039984637717	0.0	365161	1852.796716189027	0.7	0.75
843675.425254079	750	14.758326965212001	0.0	321064	1638.7130194257154	0.7	0.75
843677.2605928055	750	16.922988238762887	0.0	361565	1835.3387264491155	0.7	0.75
843679.1773082906	750	19.00627275368741	0.0	378327	1916.7154850754762	0.7	0.75
843681.6450349522	1200	20.538546092106465	0.0	587506	2467.7266615809417	0.7	0.75
843683.9297263052	1200	22.25385473918309	0.0	566904	2284.6913529233757	0.7	1.2
843689.3389295366	1850	20.844651507780195	0.0	1025005	5409.203231402896	0.7	1.2000000000000002
843696.1891144121	1850	17.994466632267248	0.0	886255	6850.184875512949	0.7	1.85
843701.0458747558	1850	17.137706288463036	0.0	973972	4856.760343804213	0.7	1.85
843708.292558461	1850	13.891022583414125	0.0	958994	7246.68370504891	0.7	1.85
843713.4163317165	1850	12.767249327937535	0.0	982064	5123.773255476592	0.7	1.85
843717.800823344	1850	12.382757700410936	0.0	830730	4384.491627526599	0.7	1.85
843725.9391275969	2850	8.244453447499367	0.0	1364537	8138.304252911568	0.7	1.85
843728.7116818251	750	9.47189921922065	0.0	450283	2772.554228278717	0.7	0.75
843732.0752861801	1200	10.108294864214818	0.0	611087	3363.6043550058316	0.7	0.75
843735.5823560648	1200	10.601224979568665	0.0	571051	3507.069884646154	0.7	1.2
843740.3221262487	1200	9.861454795592905	0.0	617681	4739.770183975759	0.7	1.2
843744.2696066055	1200	9.913974438839325	0.0	652874	3947.4803567535805	0.7	1.2
843749.4071977447	1200	8.776383299634785	0.0	520315	5137.591139204541	0.7	1.2
843754.2307871983	1200	7.952793846083304	0.0	561791	4823.589453551481	0.7	1.2
843758.5732934026	1200	7.6102876418853675	0.0	709534	4342.506204197936	0.7	1.2
843762.0879243122	1200	8.095656732256927	0.0	584846	3514.6309096284413	0.7	1.2
843765.3532004853	1200	8.830380559169148	0.0	560821	3265.276173087777	0.7	1.2
843768.9324382509	1200	9.251142793628212	0.0	607410	3579.2377655409355	0.7	1.2
843772.9478807912	1200	9.235700253378546	0.0	594078	4015.4425402496663	0.7	1.2
843776.2805006356	1200	9.903080408942143	0.0	624282	3332.6198444364013	0.7	1.2
843780.5028815337	1200	9.680699510819338	0.0	687371	4222.380898122808	0.7	1.2
843783.4907381658	1200	10.692842878708259	0.0	526950	2987.856632111078	0.7	1.2
843786.6605431696	1200	11.523037874903554	0.0	587876	3169.805003804703	0.7	1.2
843790.6088062617	1200	11.574774782852788	0.0	617242	3948.2630920507677	0.7	1.2
843794.3958673542	1200	11.787713690289266	0.0	581493	3787.0610925635233	0.7	1.2
843798.9191383495	1200	11.264442695067876	0.0	639204	4523.270995221391	0.7	1.2
843802.9303357598	1200	11.253245284848024	0.0	586839	4011.197410219851	0.7	1.2
843809.1759724568	1200	9.007608587792685	0.0	601738	6245.636697055339	0.7	1.2
843813.969468619	1200	8.214112425564286	0.0	616206	4793.4961622284	0.7	1.2
843818.6678936004	1200	7.515687444048776	0.0	656471	4698.42498151551	0.7	1.2
843820.7192488144	750	9.464332230158634	0.0	343800	2051.3552138901414	0.7	0.3
843822.8316715433	750	11.351909501116301	0.0	359903	2112.422729042333	0.7	0.75
843824.7438855891	750	13.439695455376455	0.0	379700	1912.214045739846	0.7	0.75
843826.9021363009	750	15.281444743628507	0.0	425781	2158.250711747949	0.7	0.75
843831.2608794323	1200	14.922701612204165	0.0	487160	4358.743131424342	0.7	0.75
843837.5668402622	1200	12.616740782339944	0.0	622896	6305.96082986422	0.7	1.2
843842.5336484413	1200	11.649932603162984	0.0	641447	4966.80817917696	0.7	1.2
843845.8822274455	1200	12.301353598991893	0.0	570392	3348.5790041710925	0.7	1.2
843850.0457455419	1200	12.137835502571926	0.0	620283	4163.518096419966	0.7	1.2
843853.2641677073	1200	12.919413337206263	0.0	584349	3218.4221653656614	0.7	1.2
843856.4906907745	1200	13.692890269928618	0.0	670129	3226.5230672776443	0.7	1.2
843860.3362165185	1200	13.847364525982986	0.0	690253	3845.5257439456327	0.7	1.2
843863.5974300351	1200	14.586151009421442	0.0	598727	3261.213516561544	0.7	1.2
843866.331426261	1200	15.852154783543753	0.0	487812	2733.996225877691	0.7	1.2
843870.2539253931	1200	15.929655651390691	0.0	575591	3922.499132153062	0.7	1.2
843874.070262849	1200	16.113318195478268	0.0	605884	3816.3374559124245	0.7	1.2
843877.1746049155	1200	17.00897612898929	0.0	587506	3104.3420664889773	0.7	1.2
843880.1010527221	1200	18.082528322355042	0.0	566904	2926.447806634244	0.7	1.2
843883.708297261	1200	18.475283783422128	0.0	641452	3607.2445389329155	0.7	1.2
843887.0140160779	1200	19.1695649665194	0.0	599477	3305.718816902729	0.7	1.2
843893.3096993616	1850	16.873881682800274	0.0	973972	6295.683283719123	0.7	1.2000000000000002
843899.2012050543	1850	14.982375990083623	0.0	958994	5891.505692716651	0.7	1.85
843907.5225930025	1850	10.660988041816292	0.0	982064	8321.387948267331	0.7	1.85
843913.8198415872	1850	8.3637394571573	0.0	830730	6297.248584658994	0.7	1.85
843921.5232038514	2850	4.66037719288973	0.0	1364537	7703.362264267568	0.7	1.85
843923.9673547152	750	6.216226329115811	0.0	450283	2444.1508637739203	0.7	0.75
843925.8837732783	750	8.299807765976825	0.0	398865	1916.4185631389853	0.7	0.75
843927.4841986774	750	10.699382366975648	0.0	350812	1600.4253990011769	0.7	0.75
843929.221331995	750	12.962249049315206	0.0	382355	1737.1333176604421	0.7	0.75
843932.1308994327	1200	14.052681611634926	0.0	652874	2909.56743768028	0.7	0.75
843935.1746635871	1200	15.008917457218455	0.0	520315	3043.7641544164703	0.7	1.2
843937.9686903282	1200	16.214890716102463	0.0	561791	2794.026741115993	0.7	1.2
843941.3525184598	1200	16.83106258448768	0.0	709534	3383.828131614786	0.7	1.2
843944.1074829779	1200	18.07609806640123	0.0	584846	2754.96451808645	0.7	1.2
843950.6786792757	1850	15.504901768674646	0.0	913888	6571.196297726581	0.7	1.2000000000000002
843955.1727030991	1850	15.01087794514608	0.0	939819	4494.023823528567	0.7	1.85
843961.4940296203	1850	12.689551424038278	0.0	917428	6321.326521107801	0.7	1.85
843966.3996944362	1850	11.783886608106894	0.0	946851	4905.6648159313845	0.7	1.85
843971.6528726486	1850	10.530708395732596	0.0	1036454	5253.178212374299	0.7	1.85
843976.9366933891	1850	9.24688765532545	0.0	821631	5283.820740407145	0.7	1.85
843980.1277724487	1200	10.055808595680956	0.0	587876	3191.0790596444954	0.7	0.5499999999999999
843982.1687068957	1200	12.014874148666971	0.0	617242	2040.9344470139852	0.7	1.2
843984.0960692825	1200	14.087511761795206	0.0	581493	1927.3623868717668	0.7	1.2
843986.2067754598	1200	15.976805584527412	0.0	639204	2110.7061772677935	0.7	1.2
843988.1583939549	1200	18.025187089381664	0.0	586839	1951.618495145749	0.7	1.2
843991.6722846065	1850	18.511296437753902	0.0	891604	3513.89065162776	0.7	1.2000000000000002
843994.9961032994	1850	19.187477744873185	0.0	955231	3323.8186928807186	0.7	1.85
843998.2691240316	1850	19.914457012545263	0.0	968026	3273.0207323279205	0.7	1.85
844001.035631744	1850	21.1479493003218	0.0	874175	2766.5077122234597	0.7	1.85
844005.2638115488	2850	20.919769495432945	0.0	1383735	4228.179804888855	0.7	1.85
844010.293105189	2850	19.89047585527394	0.0	1480464	5029.293640159006	0.7	2.85
844014.1672466146	2850	20.016334429685195	0.0	1547572	3874.141425588749	0.7	2.85
844017.046986774	2850	21.13659427031231	0.0	1141971	2879.7401593728814	0.7	2.85
844020.8007461221	2850	21.38283492211916	0.0	1498470	3753.759348193152	0.7	2.85
844024.7084534111	2850	21.475127633192397	0.0	1561263	3907.707288926762	0.7	2.85
844028.0273524824	2850	22.156228561870645	0.0	1341201	3318.899071321755	0.7	2.85
844031.8096995243	2850	22.373881519981243	0.0	1497683	3782.347041889402	0.7	2.85
844035.3669520909	2850	22.816628953440063	0.0	1358081	3557.252566541176	0.7	2.85
844039.9101229471	2850	22.27345809723628	0.0	1587293	4543.170856203786	0.7	2.85
844050.1028774754	4300	16.08070356895741	0.0	2307787	10192.754528278869	0.7	2.8499999999999996
844058.2237767904	4300	11.959804253923675	0.0	2143948	8120.899315033734	0.7	4.3
844062.4569564777	2850	11.726624566506754	0.0	1139291	4233.179687416922	0.7	1.4000000000000001
844070.0989648127	2850	8.084616231485443	0.0	1499009	7642.008335021312	0.7	2.85
844073.4408896451	1850	8.742691399163864	0.0	908665	3341.9248323215797	0.7	0.8500000000000001
844076.011918155	1850	10.171662889314712	0.0	930577	2571.0285098491518	0.7	1.85
844078.38241937	1850	11.801161674183808	0.0	858450	2370.5012151309043	0.7	1.85
844080.6552002651	1850	13.528380779084584	0.0	1025005	2272.7808950992244	0.7	1.85
844082.6311549505	1850	15.552426093803867	0.0	886255	1975.9546852807184	0.7	1.85
844084.7947615612	1850	17.388819483141887	0.0	973972	2163.6066106619787	0.7	1.85
844088.0086494754	2850	18.174931568810106	0.0	1464921	3213.8879143317845	0.7	1.85
844092.8945728003	4300	17.289008244020685	0.0	2246506	4885.923324789418	0.7	2.8499999999999996
844097.3266046792	4300	16.856976365073894	0.0	1961140	4432.031878946792	0.7	4.3
844103.0346809505	4300	15.14890009392817	0.0	2155012	5708.0762711457255	0.7	4.3
844104.1106697487	750	18.072911295520218	0.0	450283	1075.9887984079505	0.7	0.75
844107.6355413557	2850	18.54803968854182	0.0	1431809	3524.8716069783986	0.7	0.75
844110.9001777571	2850	19.28340328711035	0.0	1300868	3264.636401431469	0.7	2.85
844114.7019559952	2850	19.481625049038048	0.0	1520281	3801.7782380722992	0.7	2.85
844118.3869042376	2850	19.79667680677279	0.0	1472558	3684.9482422652577	0.7	2.85
844121.4639976865	2850	20.71958335777067	0.0	1224260	3077.0934490021205	0.7	2.85
844124.9429272732	2850	21.24065377102039	0.0	1388403	3478.929586750275	0.7	2.85
844129.7550267581	2850	20.42855428622003	0.0	1638769	4812.099484800359	0.7	2.85
844133.7705852115	2850	20.41299583273611	0.0	1348011	4015.558453483917	0.7	2.85
844137.8902038974	2850	20.29337714687775	0.0	1429765	4119.618685858362	0.7	2.85
844142.218067619	2850	19.965513425238345	0.0	1354548	4327.863721639403	0.7	2.85
844146.1290742306	2850	20.054506813692182	0.0	1519951	3911.006611546165	0.7	2.85
844149.5654481867	2850	20.618132857433768	0.0	1422919	3436.373956258418	0.7	2.85
844153.4287658476	2850	20.754815196607595	0.0	1578343	3863.3176608261715	0.7	2.85
844157.2871508738	2850	20.89643017043592	0.0	1231445	3858.3850261716757	0.7	2.85
844161.1145261474	2850	21.06905489690601	0.0	1471065	3827.375273529909	0.7	2.85
844164.9942782928	2850	21.189302751518603	0.0	1491626	3879.752145387405	0.7	2.85
844168.5356734514	2850	21.64790759287659	0.0	1358801	3541.3951586420135	0.7	2.85
844172.5314082326	2850	21.65217281164113	0.0	1537156	3995.7347812354596	0.7	2.85
844176.0148477368	2850	22.16873330747263	0.0	1336050	3483.4395041685	0.7	2.85
844180.4600135844	2850	21.723567459887377	0.0	1415116	4445.165847585248	0.7	2.85
844184.9595911631	2850	21.223989881225503	0.0	1468126	4499.577578661876	0.7	2.85
844190.1295129678	2850	20.05406807642761	0.0	1505760	5169.921804797895	0.7	2.85
844195.3564642271	2850	18.827116817190127	0.0	1323990	5226.951259237481	0.7	2.85
844200.648371707	2850	17.535209337361895	0.0	1383735	5291.907479828232	0.7	2.85
844205.3575528896	2850	16.82602815475718	0.0	1480464	4709.181182604715	0.7	2.85
844210.4443203711	2850	15.739260673205393	0.0	1547572	5086.767481551786	0.7	2.85
844215.1801053829	2850	15.00347566147276	0.0	1141971	4735.785011732634	0.7	2.85
844220.9816155141	2850	13.20196553027898	0.0	1498470	5801.51013119378	0.7	2.85
844228.3448901997	2850	9.838690844736142	0.0	1561263	7363.274685542837	0.7	2.85
844232.3667169692	1850	9.816864075284702	0.0	873429	4021.82676945144	0.7	0.8500000000000001
844236.8582666465	1850	9.325314397968409	0.0	954453	4491.549677316294	0.7	1.85
844241.1161871648	1850	9.067393879686625	0.0	885062	4257.920518281783	0.7	1.85
844246.3521069901	1850	7.831474054332603	0.0	1035329	5235.919825354021	0.7	1.85
844251.1956392691	1850	6.987941775358064	0.0	1026056	4843.53227897454	0.7	1.85
844256.2452319096	1850	5.93834913492737	0.0	943942	5049.592640430694	0.7	1.85
844258.5419767663	1200	7.641604278050639	0.0	487812	2296.7448568767313	0.7	0.5499999999999999
844261.4907693819	1200	8.692811662548127	0.0	575591	2948.7926155025125	0.7	1.2
844264.665247	1200	9.518334044320149	0.0	605884	3174.4776182279775	0.7	1.2
844267.1182793122	1200	11.065301732329877	0.0	587506	2453.0323119902714	0.7	1.2
844269.9011434533	1200	12.282437591156967	0.0	566904	2782.8641411729104	0.7	1.2
844272.4474927196	1200	13.736088324912984	0.0	641452	2546.3492662439817	0.7	1.2
844274.7430444317	1200	15.440536612888575	0.0	599477	2295.551712024409	0.7	1.2
844278.1343695566	1850	16.04921148807279	0.0	973972	3391.3251248157853	0.7	1.2000000000000002
844286.449947365	1850	11.733633679712618	0.0	958994	8315.57780836017	0.7	1.85

