786053.6260519803	750	4.0	2.3035852781014396	450283	2303.5852781014396	0.75	-9.15541669583619
786054.7089304293	300	6.917121550948492	0.0	155580	1082.8784490515081	0.75	-0.15000000000000002
786055.3697860148	300	10.256265965464843	0.0	139857	660.8555854836486	0.75	0.3
786055.7767207964	300	13.849331183860404	0.0	155432	406.9347816044392	0.75	0.3
786056.2005037662	300	17.425548213976516	0.0	163442	423.78296988388973	0.75	0.3
786056.9505694654	750	20.675482514718727	0.0	318564	750.0656992577883	0.6499999999999999	0.3
786057.8239269909	750	23.802124989289705	0.0	352642	873.3575254290193	0.7	0.75
786059.0221498851	750	26.603902095074996	0.0	437162	1198.2228942147078	0.7	0.75
786059.8514855419	750	29.774566438154377	0.0	374758	829.3356569206215	0.7	0.75
786063.2256298608	4300	30.400422119325363	0.0	2169201	3374.144318829015	0.7	0.75
786070.8991193187	4300	26.726932661376928	0.0	2173522	7673.489457948436	0.7	4.3
786072.5477527987	4300	29.07829918136981	0.0	2102452	1648.6334800071156	0.7	4.3
786074.4707589921	4300	31.155292988019728	0.0	2209463	1923.0061933500845	0.7	4.3
786076.6947015196	4300	32.931350460439155	0.0	2275376	2223.9425275805706	0.7	4.3
786078.4469422464	4300	35.179109733621225	0.0	2005399	1752.240726817929	1.0	4.3
786080.1328195127	4300	37.49323246736965	0.0	2152483	1685.8772662515737	1.0	4.3
786082.0917852196	4300	39.53426676039872	0.0	2289689	1958.9657069709258	1.0	4.3
786083.9752910461	4300	41.65076093401423	0.0	2059512	1883.5058263844928	1.0	4.3
786085.724662928	4300	43.90138905200874	0.0	2220726	1749.3718820054933	1.0	4.3
786088.9394537652	4300	44.68659821483922	0.0	2156729	3214.790837169516	1.0	4.3
786090.7771130442	4300	46.848938935885265	0.0	2039773	1837.6592789539561	1.0	4.3
786097.4531668653	4300	44.17288511475006	0.0	2176469	6676.053821135203	1.0	4.3
786100.0880502481	4300	45.53800173183893	0.0	2221506	2634.883382911135	1.0	4.3
786103.163182116	4300	46.46286986392387	0.0	2044075	3075.131867915055	1.0	4.3
786104.6251013036	4300	49.000950676327726	0.0	2186790	1461.9191875961506	1.0	4.3
786117.7107358557	4300	39.9153161241566	0.0	2105231	13085.634552171125	1.0	4.3
786127.6913992927	4300	33.934652687139454	0.0	2395588	9980.663437017147	1.0	4.3
786129.82748481	4300	35.79856716984072	0.0	1972048	2136.085517298726	1.0	4.3
786131.6076226295	4300	38.01842935030901	0.0	2134614	1780.1378195317077	1.0	4.3
786137.9823598742	4300	35.64369210572616	0.0	2164140	6374.73724458286	1.0	4.3
786141.474447099	4300	36.15160488086635	0.0	2113193	3492.0872248598034	1.0	4.3
786143.5411507259	4300	38.08490125383067	0.0	2147852	2066.7036270356843	1.0	4.3
786145.6710637605	4300	39.95498821928252	0.0	2191074	2129.9130345481503	1.0	4.3
786147.2663040861	4300	42.35974789374811	0.0	2286761	1595.2403255344084	1.0	4.3
786153.1674764305	4300	40.458575549361456	0.0	2307787	5901.172344386649	1.0	4.3
786158.8099878525	4300	38.81606412740188	0.0	2143948	5642.511421959578	1.0	4.3
786163.8708939846	4300	37.755157995275084	0.0	1919781	5060.906132126796	1.0	4.3
786169.5225355149	4300	36.10351646489222	0.0	2147467	5651.641530382859	1.0	4.3
786175.1388993857	4300	34.487152594137484	0.0	2133870	5616.363870754741	1.0	4.3
786186.5411071621	4300	27.084944817662777	0.0	2146120	11402.207776474708	1.0	4.3
786188.8973803878	4300	28.728671592045547	0.0	2108491	2356.273225617233	1.0	4.3
786196.9668035181	4300	24.65924846159689	0.0	2184571	8069.423130448657	1.0	4.3
786210.2495280404	4300	15.376523939328063	0.0	2121928	13282.724522268827	1.0	4.3
786222.1608875846	4300	7.465164395215947	0.0	2219102	11911.359544112116	1.0	4.3
786235.3158775951	2850	4.0	5.689825615301441	1464921	13154.990010517387	1.0	-23.066250145796193
786239.5311440286	1850	4.0	0.21526643361542847	982064	4215.2664336154285	1.0	-0.07564566454634225
786241.267568513	1850	6.263575515573311	0.0	830730	1736.4244844266893	1.0	1.85
786245.0345587031	1850	6.496585325499753	0.0	846370	3766.990190073557	0.6499999999999999	1.85
786251.0336706535	750	4.49747337515671	0.0	450283	5999.111950343043	0.6499999999999999	0.75
786255.1894240994	750	4.341719929190897	0.0	398865	4155.753445965813	0.6499999999999999	0.75
786256.3003163646	750	7.230827663940856	0.0	350812	1110.8922652500416	0.6499999999999999	0.75
786262.7371572915	750	4.793986737078466	0.0	382355	6436.84092686239	0.6499999999999999	0.75
786265.0642688456	750	6.466875183010709	0.0	411561	2327.1115540677574	0.6499999999999999	0.75
786265.9064434395	750	9.624700589057797	0.0	318564	842.174593952911	0.6499999999999999	0.75
786266.8301507422	750	12.700993286409844	0.0	352642	923.7073026479529	0.6499999999999999	0.75
786271.5585920878	750	11.972551940752522	0.0	437162	4728.441345657322	0.6499999999999999	0.75
786272.716375238	750	14.814768790550938	0.0	374758	1157.7831502015858	0.6499999999999999	0.75
786278.4566733455	750	13.07447068308532	0.0	362795	5740.298107465618	0.6499999999999999	0.75
786282.188243683	750	13.342900345672737	0.0	353220	3731.570337412582	0.6499999999999999	0.75
786284.6256703208	750	14.905473707780892	0.0	405134	2437.4266378918446	0.6499999999999999	0.75
786290.2420190787	750	13.289124949950837	0.0	386351	5616.3487578300565	0.6499999999999999	0.75
786293.2611334306	1200	14.270010598097759	0.0	687371	3019.1143518530794	0.6499999999999999	0.75
786298.0239508664	1200	13.507193162243704	0.0	526950	4762.817435854054	0.6499999999999999	1.2
786299.3869281763	1200	16.144215852462228	0.0	587876	1362.9773097814782	0.6499999999999999	1.2
786303.7301185103	1200	15.801025518355324	0.0	617242	4343.190334106902	0.6499999999999999	1.2
786308.0229883314	1200	15.508155697284108	0.0	581493	4292.8698210712155	0.6499999999999999	1.2
786316.1287238532	1200	11.402420175623917	0.0	639204	8105.735521660192	0.6499999999999999	1.2

