23773.949999397464	750	4.0	3.791441730238546	450283	3791.441730238546	-15.553199440025747
23775.337045652035	300	6.6129537454278156	0.0	155580	1387.046254572185	-0.15000000000000002
23776.35427171651	300	9.595727680951125	0.0	139857	1017.2260644766923	0.3
23777.306859969605	300	12.643139427858042	0.0	155432	952.5882530930813	0.3
23779.947843167174	750	14.002156230288671	0.0	411561	2640.983197569373	0.3
23782.05703857962	750	15.892960817842239	0.0	318564	2109.1954124464314	0.75
23785.593627848488	1200	16.356371548976217	0.0	561791	3536.5892688660224	0.75
23788.328419417227	1200	17.62157998023701	0.0	709534	2734.7915687392065	1.2
23791.436115600074	1850	18.513883797384565	0.0	852833	3107.6961828524445	1.2000000000000002
23796.58584504111	1850	17.364154356349896	0.0	913888	5149.7294410346685	1.85
23799.802028358466	1200	18.147971038992942	0.0	607410	3216.183317356953	0.5499999999999999
23803.153246360616	1200	18.796753036844105	0.0	594078	3351.218002148838	1.2
23805.99591881187	1200	19.95408058559183	0.0	624282	2842.672451252275	1.2
23812.887546652542	1850	17.062452744921853	0.0	1036454	6891.627840669979	1.2000000000000002
23816.43788326088	1200	17.512116136579355	0.0	526950	3550.3366083424958	0.5499999999999999
23821.916969570226	1200	16.033029827234387	0.0	587876	5479.086309344968	1.2
23826.18739800904	750	15.762601388420789	0.0	360831	4270.428438813599	0.3
23828.030924528746	300	17.91907486871205	0.0	150616	1843.526519708743	-0.15000000000000002
23829.98591728583	300	19.964082111629413	0.0	165384	1954.992757082634	0.3
23833.501208819467	750	20.448790577989943	0.0	350713	3515.2915336394713	0.3
23836.48665055692	750	21.463348840538153	0.0	386472	2985.4417374517884	0.75
23840.940909274726	1200	21.009090122728335	0.0	616206	4454.258717809817	0.75
23844.83683057884	1200	21.113168818616185	0.0	656471	3895.921304112151	1.2
23849.05050489707	1200	20.899494500382723	0.0	536667	4213.674318233461	1.2
23852.951383259562	1200	20.998616137889147	0.0	587236	3900.878362493573	1.2
23855.85659696283	1200	22.09340243462189	0.0	590335	2905.213703267257	1.2
23862.560339881777	1850	19.38965951567246	0.0	1076599	6703.742918949434	1.2000000000000002
23866.671191694644	1200	19.27880770280814	0.0	487160	4110.851812864315	0.5499999999999999
23870.00800180676	750	19.94199759069188	0.0	400396	3336.8101121162626	0.3
23874.447976300533	750	19.5020230969158	0.0	400508	4439.97449377608	0.75
23878.362196289105	750	19.587803108346176	0.0	358218	3914.2199885696227	0.75
23882.678780330825	750	19.271219066623534	0.0	400322	4316.584041722644	0.75
23886.070952305825	750	19.879047091627335	0.0	369834	3392.1719749962012	0.75
23889.465835689538	750	20.484163707914657	0.0	412837	3394.8833837126767	0.75
23897.260596531334	1200	16.689402866117074	0.0	690253	7794.7608417975825	0.75
23899.19812452343	300	18.751874874021983	0.0	159914	1937.527992095093	-0.6000000000000001
23903.37625665722	750	18.573742740234216	0.0	321064	4178.132133787766	0.3
23904.648787032125	300	21.301212365329615	0.0	124011	1272.5303749045997	-0.15000000000000002
23909.98281719665	750	19.967182200800632	0.0	378327	5334.030164528984	0.3
23912.1256554858	300	21.82434391164982	0.0	149991	2142.8382891508127	-0.15000000000000002
23918.066312139807	750	19.883687257644254	0.0	345516	5940.6566540055655	0.3
23920.92579320609	300	21.02420619136003	0.0	161857	2859.4810662842247	-0.15000000000000002
23924.28644609087	300	21.66355330658037	0.0	145210	3360.6528847796617	0.3
23928.90828600948	300	21.041713387969985	0.0	172312	4621.839918610387	0.3
23932.88552123034	300	21.064478167110284	0.0	167025	3977.235220859702	0.3
23935.756238205457	300	22.193761191994813	0.0	160064	2870.716975115468	0.3
23937.374600818377	300	24.575398579073685	0.0	137507	1618.3626129211304	0.3
23940.387614087187	750	25.562385310265203	0.0	314107	3013.0132688084805	0.3

