22367.686206318805	750	4.0	1.4326655545084757	450283	1432.6655545084757	-5.410461884386445
22369.044910789395	750	6.641295529414785	0.0	398865	1358.7044705852145	0.75
22370.43375802827	750	9.252448290540524	0.0	350812	1388.8472388742618	0.75
22372.023663107528	750	11.662543211280328	0.0	382355	1589.9050792601952	0.75
22375.945717937586	1200	11.740488381224234	0.0	652874	3922.054830056096	0.75
22377.67814430154	1200	14.008062017272467	0.0	520315	1732.426363951767	1.2
22379.524615652947	1200	16.16159066586324	0.0	561791	1846.4713514092252	1.2
22382.867400885847	1850	16.81880543296269	0.0	1060487	3342.7852329005495	1.2000000000000002
22385.55577126004	1850	18.130435058771877	0.0	852833	2688.370374190814	1.85
22388.76071655802	1850	18.925489760788857	0.0	913888	3204.945297983022	1.85
22392.096478177835	1850	19.58972814097604	0.0	939819	3335.7616198128167	1.85
22396.87729641882	1850	18.808909899990702	0.0	917428	4780.818240985335	1.85
22400.49009985468	1850	19.19610646412766	0.0	946851	3612.803435863045	1.85
22404.41964020457	1850	19.26656611423948	0.0	1036454	3929.540349888181	1.85
22407.097317273387	1850	20.588889045425628	0.0	821631	2677.677068813852	1.85
22410.17027242267	1850	21.515933896139604	0.0	923170	3072.955149286026	1.85
22413.352428801	1850	22.333777517812024	0.0	966699	3182.1563783275765	1.85
22420.00603006645	2850	19.680176252360724	0.0	1358801	6653.601265451299	1.85
22424.938955304206	2850	18.74725101460656	0.0	1537156	4932.925237754162	2.85
22429.111938181573	2850	18.574268137241315	0.0	1336050	4172.982877365246	2.85
22433.929406412997	2850	17.75679990581661	0.0	1415116	4817.468231424704	2.85
22440.386006285134	2850	15.300200033676488	0.0	1468126	6456.599872140124	2.85
22446.228769099707	2850	13.457437219103019	0.0	1505760	5842.762814573468	2.85
22450.940208310443	2850	12.745998008367184	0.0	1323990	4711.439210735834	2.85
22455.566407276252	2850	12.119799042559766	0.0	1383735	4626.19896580742	2.85
22460.580250308303	2850	11.105956010504514	0.0	1480464	5013.843032055253	2.85
22467.57525636413	2850	8.110949954681626	0.0	1547572	6995.006055822888	2.85
22471.109132793088	2850	8.57707352572286	0.0	1141971	3533.8764289587657	2.85
22475.910410298446	2850	7.775796020366012	0.0	1498470	4801.2775053568475	2.85
22481.556054915665	2850	6.130151403143314	0.0	1561263	5645.644617222697	2.85
22486.08125589316	1850	5.604950425648862	0.0	873429	4525.200977494453	0.8500000000000001
22489.69934787214	1850	5.986858446667044	0.0	954453	3618.0919789818176	1.85
22493.111626541326	1850	6.574579777485143	0.0	885062	3412.278669181901	1.85
22495.35823871985	1200	8.327967598957695	0.0	670129	2246.6121785274477	0.5499999999999999
22497.573668058027	1200	10.112538260782458	0.0	690253	2215.429338175238	1.2
22500.85976847752	1850	10.8264378412897	0.0	943942	3286.100419492757	1.2000000000000002
22503.210093083846	1850	12.476113234960449	0.0	728962	2350.3246063292527	1.85
22510.306446903596	2850	9.379759415209799	0.0	1499009	7096.3538197506505	1.85
22514.805806091917	2850	8.88040022689027	0.0	1427478	4499.3591883195295	2.85
22517.766348699715	1850	9.91985761909071	0.0	930577	2960.5426077995603	0.8500000000000001
22520.567180599806	1850	11.11902571899928	0.0	858450	2800.8319000914294	1.85
22524.04124702619	1850	11.644959292613578	0.0	1025005	3474.0664263857025	1.85
22528.179436590548	1850	11.506769728254337	0.0	886255	4138.189564359241	1.85
22532.627962563227	1850	11.058243755576168	0.0	973972	4448.52597267817	1.85
22536.11728868477	1850	11.568917634033975	0.0	958994	3489.326121542194	1.85
22541.2006822556	2850	10.485524063204895	0.0	1483527	5083.393570829078	1.85
22545.387655816634	2850	10.29855050217089	0.0	1231456	4186.973561034005	2.85
22550.03610448328	2850	9.650101835524405	0.0	1364537	4648.4486666464845	2.85

