8805.182327659413	750	4.0	2.005422751396268	450283	2005.4227513962683	-7.873317831003952
8806.051357095665	300	7.130970563748243	0.0	155580	869.0294362517569	-0.15000000000000002
8806.909631072325	300	10.272696587087141	0.0	139857	858.2739766611019	0.3
8807.876686966982	300	13.305640692431139	0.0	155432	967.0558946560031	0.3
8808.900560384274	300	16.28176727513938	0.0	163442	1023.8734172917581	0.3
8809.706859467691	300	19.475468191721568	0.0	126289	806.2990834178133	0.3
8810.679706886795	300	22.502620772617533	0.0	153295	972.8474191040349	0.3
8811.705039019313	300	25.477288640100085	0.0	173849	1025.3321325174506	0.3
8812.600182217375	300	28.58214544203818	0.0	150710	895.1431980619049	0.3
8813.43985400979	300	31.742473649622927	0.0	139105	839.6717924152499	0.3
8814.302904251681	300	34.87942340773137	0.0	141840	863.050241891552	0.3
8815.12982854542	300	38.05249911399424	0.0	156148	826.9242937371395	0.3
8816.067676770246	300	41.114650889167386	0.0	160746	937.8482248268505	0.3
8817.114543713487	300	44.06778394592626	0.0	179801	1046.8669432411255	0.3
8817.98918307725	300	47.193144582164756	0.0	140051	874.6393637615028	0.3
8818.931273266098	300	50.251054393316	0.0	138313	942.0901888487646	0.3
8819.83464602587	300	53.347681633544305	0.0	143509	903.3727597716858	0.3
8820.70405182399	300	56.47827583542412	0.0	150616	869.405798120185	0.3
8821.530043049714	300	59.65228460970059	0.0	165384	825.9912257235337	0.3
8823.808042222587	300	59.97485401306127	0.0	140881	677.4305966393197	0.3
8825.004136131889	300	59.817091413279066	0.0	157671	1157.7625997822036	0.3
8826.515086246623	300	59.935781991570245	0.0	157812	881.3094217088252	0.3
8828.976057821532	750	59.6351165220289	0.0	401853	1800.6654695413386	0.3
8830.87354537847	750	59.661525858244225	0.0	343800	1473.590663784676	0.75
8833.142108308817	750	59.889192777647054	0.0	359903	1772.3330805971739	0.75
8835.71368457483	750	59.871519631515426	0.0	379700	2017.6731461316338	0.75
8838.546917602434	750	59.83685465860319	0.0	425781	2534.6649729122346	0.75
8840.364422253844	750	59.717386307745564	0.0	277716	1619.4683508576309	0.75
8843.373468925	750	59.686881203543436	0.0	400396	2530.505104202121	0.75
8845.626995307246	750	59.55438875294614	0.0	400508	2132.4924505973036	0.75
8849.372370410481	750	59.75721811470389	0.0	358218	2797.1706382422512	0.75
8853.301268397796	750	59.828320127389546	0.0	400322	3428.897987314342	0.75
8858.732957164033	750	58.39663136115311	0.0	369834	5431.6887662364325	0.75
8864.727688653173	750	56.40189987201223	0.0	412837	5994.731489140883	0.75
8869.85224083618	750	55.27734768900515	0.0	401088	5124.552183007086	0.75
8872.77812839052	750	56.35146013466419	0.0	365161	2925.8875543409567	0.75
8875.431713173217	750	57.69787535196818	0.0	321064	2653.584782696006	0.75
8878.34335769675	750	58.78623082843252	0.0	361565	2911.6445235356578	0.75
8882.064641748962	750	59.06494677622109	0.0	378327	3721.2840522114275	0.75
8887.020681026115	750	58.108907499067094	0.0	390680	4956.039277153999	0.75
8890.568920576696	750	58.56066794848701	0.0	345516	3548.239550580078	0.75
8894.325992120075	750	58.80359640510606	0.0	384505	3757.071543380947	0.75
8897.643936388298	750	59.48565213688294	0.0	372093	3317.94426822312	0.75
8901.487062109009	750	59.64252641617318	0.0	438281	3843.1257207097583	0.75
8905.932395967242	750	59.197192557940774	0.0	398987	4445.3338582324095	0.75
8912.00092010198	750	57.128668423201574	0.0	393804	6068.524134739201	0.75
8914.795693785765	300	58.333894739415456	0.0	137507	2794.773683786121	-0.15000000000000002
8917.158060688787	300	59.971527836393314	0.0	118421	2362.3669030221395	0.3

