21946.188211845627	750	4.0	2.7931852023610926	450283	2793.1852023610927	-11.260696370152697
21946.827574498708	300	7.360637346917347	0.0	155580	639.3626530826534	-0.15000000000000002
21948.12910849616	750	10.05910334946829	0.0	350812	1301.5339974490587	0.3
21950.087209141264	1200	12.101002704363095	0.0	617681	1958.1006451051946	0.75
21954.001848921078	1850	12.186362924548552	0.0	996749	3914.639779814542	1.2000000000000002
21957.513949080938	1850	12.674262764691749	0.0	801058	3512.100159856803	1.85
21961.244455087002	1850	12.943756758624826	0.0	905515	3730.506006066922	1.85
21968.35072626115	1850	9.837485584476475	0.0	1060487	7106.271174148352	1.85
21976.407448817194	1200	5.78076302843437	0.0	584846	8056.722556042106	0.5499999999999999
21978.78734311976	300	7.4008687258701125	0.0	139105	2379.8943025642575	-0.6000000000000001
21983.27253772389	750	6.915674121741124	0.0	353220	4485.194604128988	0.3
21984.47730134326	300	9.710910502365627	0.0	156148	1204.7636193754959	-0.15000000000000002
21988.483883734873	1200	9.704328110756283	0.0	624282	4006.5823916093436	0.29999999999999993
21992.001744017263	1200	10.186467828363512	0.0	687371	3517.8602823927718	1.2
21995.9366866876	1200	10.251525158027128	0.0	526950	3934.9426703363815	1.2
21998.643158777108	1200	11.545053068518698	0.0	587876	2706.472089508433	1.2
22002.45940072096	1850	11.728811124662752	0.0	966699	3816.241943855945	1.2000000000000002
22005.93897200441	1850	12.249239841213548	0.0	885714	3479.5712834492033	1.85
22008.74173040829	1850	13.446481437334144	0.0	987708	2802.758403879403	1.85
22013.152612542584	2850	13.035599303038985	0.0	1336050	4410.88213429516	1.85
22017.879169717722	2850	12.309042127902702	0.0	1415116	4726.557175136284	2.85
22020.996199475216	1850	13.192012370409989	0.0	955231	3117.0297574927113	0.8500000000000001
22027.531353724637	2850	10.656858120989563	0.0	1505760	6535.154249420427	1.85
22030.069119943295	1200	12.11909190233073	0.0	536667	2537.7662186588327	-0.44999999999999996
22034.17518031218	1850	12.013031533446108	0.0	897976	4106.060368884622	1.2000000000000002
22037.531010530394	1850	12.657201315231518	0.0	905935	3355.8302182145912	1.85
22042.313647668987	1850	11.874564176638048	0.0	1076599	4782.63713859347	1.85
22044.69668517919	1850	13.491526666431676	0.0	758197	2383.037510206369	1.85
22050.831754350318	2850	11.356457495305873	0.0	1498470	6135.069171125805	1.85
22055.091412742135	1850	11.09679910349023	0.0	975811	4259.658391815642	0.8500000000000001
22058.53543249794	1850	11.65277934768353	0.0	873429	3444.0197558067	1.85
22062.19091603222	1850	11.997295813402916	0.0	954453	3655.4835342806145	1.85
22065.790267119562	1850	12.397944726059254	0.0	885062	3599.3510873436608	1.85
22072.085997632905	1850	10.102214212717536	0.0	1035329	6295.73051334172	1.85
22074.348213498208	1200	11.839998347413164	0.0	690253	2262.2158653043716	0.5499999999999999
22077.474889000325	1850	12.713322845297258	0.0	943942	3126.675502115905	1.2000000000000002
22079.89293263659	1850	14.295279209033932	0.0	728962	2418.0436362633272	1.85
22084.953612100504	2850	13.234599745116775	0.0	1499009	5060.679463917158	1.85
22088.919840770563	2850	13.26837107505801	0.0	1427478	3966.2286700587642	2.85
22095.401424012325	2850	10.786787833291818	0.0	1402287	6481.583241766191	2.85
22098.773764670907	1200	11.414447174714223	0.0	566904	3372.340658577596	-0.44999999999999996
22103.785480766375	1850	10.40273107924403	0.0	1025005	5011.716095470194	1.2000000000000002
22107.97360437774	1200	10.214607467875464	0.0	599477	4188.123611368567	0.5499999999999999
22110.521690230133	1200	11.666521615485905	0.0	634861	2548.0858523895595	1.2
22113.283411582917	1850	12.904800262699752	0.0	958994	2761.721352786154	1.2000000000000002
22116.04276882296	1850	14.145443022657354	0.0	982064	2759.3572400423977	1.85
22120.545921093544	2850	13.642290752072068	0.0	1231456	4503.152270585286	1.85
22129.49795920232	2850	8.690252643297228	0.0	1364537	8952.03810877484	2.85

