12367.42088366612	750	4.0	3.5949223786930258	450283	3594.9223786930256	-14.70816622838001
12368.805205350049	300	6.615678316071856	0.0	155580	1384.3216839281442	-0.15000000000000002
12369.920003182462	300	9.50088048365893	0.0	139857	1114.7978324129251	0.3
12371.332513652933	300	12.088370013187337	0.0	155432	1412.510470471593	0.3
12372.933367839712	300	14.487515826408966	0.0	163442	1600.854186778372	0.3
12376.023122948816	750	15.397760717306015	0.0	318564	3089.755109102951	0.3
12378.831348749663	750	16.58953491645874	0.0	352642	2808.2258008472763	0.75
12382.758427249168	750	16.6624564169559	0.0	437162	3927.0784995028366	0.75
12385.536395780455	750	17.88448788566821	0.0	374758	2777.9685312876923	0.75
12388.241647204413	750	19.179236461709515	0.0	362795	2705.2514239586944	0.75
12395.858703470598	1850	15.562180195526892	0.0	939819	7617.056266182622	0.75
12403.167747096593	1850	12.253136569530533	0.0	917428	7309.04362599636	1.85
12406.482822870807	750	12.93806079531707	0.0	386351	3315.0757742134624	-0.3500000000000001
12410.125613005825	750	13.295270660298756	0.0	434409	3642.790135018313	0.75
12413.002459981493	750	14.418423684630085	0.0	337059	2876.846975668671	0.75
12416.60229028449	750	14.818593381633585	0.0	366214	3599.8303029965	0.75
12419.978370030483	750	15.442513635640498	0.0	360831	3376.079745993088	0.75
12423.592434559378	750	15.828449106746527	0.0	372963	3614.0645288939713	0.75
12428.297014752932	750	15.123868913191492	0.0	405596	4704.580193555035	0.75
12432.186536856212	750	15.234346809911656	0.0	350713	3889.522103279836	0.75
12435.731992944227	750	15.688890721896458	0.0	386472	3545.456088015198	0.75
12439.195159460149	750	16.225724205975304	0.0	399894	3463.1665159211548	0.75
12442.979456347888	750	16.44142731823467	0.0	401853	3784.2968877406333	0.75
12446.395971860558	750	17.024911805565417	0.0	343800	3416.5155126692507	0.75
12449.954772289386	750	17.4661113767381	0.0	359903	3558.8004288273155	0.75
12453.489678161775	750	17.931205504348807	0.0	379700	3534.905872389295	0.75
12457.577576765834	750	17.84330690029134	0.0	425781	4087.8986040574696	0.75
12460.782577638634	750	18.638306027492085	0.0	277716	3205.000872799253	0.75
12466.62327039547	750	16.79761327065563	0.0	400396	5840.692756836454	0.75
12470.694121453022	750	16.726762213106074	0.0	400508	4070.8510575495566	0.75
12474.193276232169	750	17.227607433958145	0.0	358218	3499.154779147929	0.75
12477.958394366464	750	17.4624892996629	0.0	400322	3765.11813429525	0.75
12481.892151191194	750	17.52873247493226	0.0	369834	3933.756824730641	0.75
12485.858326529144	750	17.56255713698314	0.0	412837	3966.175337949117	0.75
12488.900641972785	750	18.52024169334241	0.0	401088	3042.31544364073	0.75
12492.30012020697	750	19.120763459155373	0.0	365161	3399.4782341870355	0.75
12495.566309908529	750	19.854573757597574	0.0	321064	3266.189701557798	0.75
12499.333748610134	750	20.087135055992082	0.0	361565	3767.438701605492	0.75
12504.86830522553	750	18.552578440596754	0.0	378327	5534.5566153953305	0.75
12510.951488934312	750	16.469394731812805	0.0	390680	6083.183708783949	0.75
12517.553174663502	750	13.867709002621835	0.0	345516	6601.68572919097	0.75
12524.282674990025	750	11.138208676100763	0.0	384505	6729.5003265210735	0.75
12529.539599737427	750	9.88128392869969	0.0	372093	5256.924747401074	0.75
12531.294575313479	300	12.126308352647184	0.0	172312	1754.9755760525063	-0.15000000000000002
12533.083291383022	300	14.33759228310414	0.0	167025	1788.7160695430432	0.3
12536.721989116926	750	14.69889454920123	0.0	393804	3638.6977339029104	0.3
12540.055835550045	750	15.365048116082122	0.0	331053	3333.846433119107	0.75
12543.041374830314	750	16.379508835812743	0.0	314107	2985.5392802693787	0.75

