13061.086263961262	750	4.0	1.7227784527213061	450283	1722.7784527213062	-6.657947346701616
13061.788844997169	300	7.297418964093769	0.0	155580	702.5810359062316	-0.15000000000000002
13062.484586938399	300	10.601677022864166	0.0	139857	695.7419412296033	0.3
13063.302749893737	300	13.783514067526463	0.0	155432	818.162955337702	0.3
13064.200723857579	300	16.88554010368383	0.0	163442	897.9739638426336	0.3
13064.830908458798	300	20.255355502465427	0.0	126289	630.184601218403	0.3
13065.501863241958	300	23.584400719304828	0.0	153295	670.9547831605996	0.3
13066.186490254526	300	26.89977370673641	0.0	173849	684.6270125684167	0.3
13066.775231001031	300	30.311032960230392	0.0	150710	588.7407465060176	0.3
13067.326249962465	300	33.76001399879448	0.0	139105	551.0189614359158	0.3
13067.894047035868	300	37.19221692539196	0.0	141840	567.7970734025166	0.3
13068.514098570045	300	40.572165391215535	0.0	156148	620.0515341764243	0.3
13069.118155248645	300	43.968108712614296	0.0	160746	604.0566786012425	0.3
13069.753182051014	300	47.33308191024545	0.0	179801	635.0268023688456	0.3
13070.361540905957	300	50.724723055302626	0.0	140051	608.3588549428218	0.3
13071.055095144922	300	54.03116881633626	0.0	138313	693.5542389663575	0.3
13071.776156510716	300	57.310107450541715	0.0	143509	721.0613657945491	0.3
13072.817386519966	300	59.57582801855599	0.0	150616	734.2794319857302	0.3
13074.203287888076	300	59.77135259928348	0.0	165384	804.4754192725043	0.3
13077.203733685374	750	59.60684259395315	0.0	350713	2664.510005330342	0.3
13079.563005925467	750	59.94017447959083	0.0	386472	2166.6681143623114	0.75
13082.23663830519	750	59.87966026199446	0.0	399894	2060.5142175963692	0.75
13084.8266217465	750	59.90622768915215	0.0	401853	2473.4325728423087	0.75
13087.459601297602	750	59.863013343085555	0.0	343800	2043.214346066599	0.75
13089.629485816022	750	59.802953667293366	0.0	359903	2060.0596757921867	0.75
13093.569243928714	750	59.863195554602	0.0	379700	2939.758112691362	0.75
13096.530911706897	750	59.86215310981996	0.0	425781	2501.0424447820465	0.75
13099.174348105755	750	59.700747605691774	0.0	277716	2161.4055041281836	0.75
13102.523843270828	750	59.83201548956953	0.0	400396	2868.7321161222458	0.75
13106.542182235282	750	59.81367652511634	0.0	400508	3518.338964453189	0.75
13109.88238548171	750	59.77312594675496	0.0	358218	3040.5505783613876	0.75
13113.804452984203	750	59.85105844426171	0.0	400322	3922.067502493248	0.75
13118.11571241716	750	59.539799011304176	0.0	369834	4311.259432957536	0.75
13124.489657225844	750	57.16585420262172	0.0	412837	6373.944808682447	0.75
13128.505055129517	300	57.150456298947454	0.0	179328	4015.3979036742717	-0.15000000000000002
13131.2206898565	300	58.434821571965784	0.0	159914	2715.634726981671	0.3
13133.691221685684	300	59.964289742781304	0.0	131610	1970.531829184483	0.3
13137.788807431074	300	59.86670399739172	0.0	124011	2597.5857453895806	0.3
13141.94633190389	300	59.709179524575276	0.0	144254	2657.5244728164444	0.3
13145.695836264458	750	59.95967516400711	0.0	390680	3249.504360568164	0.3
13148.832008318488	750	59.97814080984995	0.0	345516	1981.5343541571622	0.75
13151.952032489267	750	59.81544758889565	0.0	384505	2662.6932209542974	0.75
13154.284417150591	750	59.55292076664655	0.0	372093	2262.526822249101	0.75
13157.928771999788	750	59.90856591745048	0.0	438281	3144.3548491960664	0.75
13161.817494269331	750	59.941311055314124	0.0	398987	2967.2548621363608	0.75
13165.96998270038	750	59.788822624264064	0.0	393804	3152.488431050056	0.75
13168.76364767317	750	59.54396810909874	0.0	331053	2244.854515165323	0.75
13170.52874330194	750	59.66582550452369	0.0	314107	1378.1426045750588	0.75

