4964.055687589418	750	4.0	6.212365695121308	450283	6212.365695121308	-25.963172489021623
4965.562776843433	300	6.492910745984942	0.0	155580	1507.089254015058	-0.15000000000000002
4967.13232434403	300	8.923363245387266	0.0	139857	1569.547500597674	0.3
4970.515305566634	300	9.54038202278418	0.0	155432	3382.981222603087	0.3
4972.921278608679	300	11.134408980739513	0.0	163442	2405.973042044665	0.3
4974.323107705291	300	13.732579884127976	0.0	126289	1401.8290966115378	0.3
4976.032853754095	300	16.02283383532257	0.0	153295	1709.746048805408	0.3
4982.016416882484	750	14.039270706933781	0.0	437162	5983.563128388787	0.3
4986.515149415321	750	13.540538174096831	0.0	374758	4498.73253283695	0.75
4989.133425205814	750	14.92226238360384	0.0	362795	2618.275790492992	0.75
4991.533898273537	750	16.521789315880714	0.0	353220	2400.473067723125	0.75
4994.70801107738	750	17.34767651203702	0.0	405134	3174.1128038436923	0.75
5000.08818035118	750	15.967507238237854	0.0	386351	5380.169273799165	0.75
5006.771801879466	750	13.283885709952509	0.0	434409	6683.621528285345	0.75
5014.299364730041	750	9.756322859377912	0.0	337059	7527.562850574597	0.75
5017.783264720483	300	10.272422868935951	0.0	138313	3483.8999904419593	-0.15000000000000002
5021.554662826321	300	10.501024763097647	0.0	143509	3771.3981058383047	0.3
5025.51560681822	300	10.540080771199172	0.0	150616	3960.9439918984754	0.3
5028.392844111413	300	11.662843478005646	0.0	165384	2877.2372931935247	0.3
5029.642852415884	300	14.412835173534186	0.0	140881	1250.0083044714609	0.3
5031.041362268684	300	17.014325320734525	0.0	157671	1398.509852799661	0.3
5032.487598604418	300	19.56808898499937	0.0	157812	1446.2363357351594	0.3
5034.041834363051	300	22.013853226366827	0.0	163927	1554.2357586325404	0.3
5036.852101239257	750	23.20358635016134	0.0	343800	2810.266876205486	0.3
5040.106878407564	750	23.948809181854106	0.0	359903	3254.777168307237	0.75
5043.204601807082	750	24.85108578233621	0.0	379700	3097.723399517897	0.75
5049.231772791192	1200	22.823914798226163	0.0	696376	6027.170984110047	0.75
5055.713545180179	1200	20.34214240923956	0.0	487160	6481.772388986602	1.2
5072.757847982994	1200	7.297839606424412	0.0	622896	17044.30280281515	1.2
5077.270411507101	300	6.785276082316742	0.0	149029	4512.563524107669	-0.6000000000000001
5081.51933526497	300	6.5363523244470825	0.0	157421	4248.92375786966	0.3
5084.754339543506	300	7.301348045912042	0.0	157488	3235.004278535041	0.3
5087.051105777275	300	9.004581812142863	0.0	143881	2296.7662337691772	0.3
5089.5255202996905	300	10.53016728972657	0.0	163444	2474.4145224162926	0.3
5092.199319177926	300	11.856368411491685	0.0	179328	2673.798878234886	0.3
5094.682644872741	300	13.373042716676744	0.0	159914	2483.3256948149415	0.3
5097.729111894738	300	14.326575694679947	0.0	131610	3046.467021996798	0.3
5099.919400536599	300	16.136287052819455	0.0	124011	2190.2886418604917	0.3
5102.254925593149	300	17.80076199626962	0.0	144254	2335.5250565498322	0.3
5104.376064049223	300	19.679623540195795	0.0	149991	2121.138456073824	0.3
5106.393717873793	300	21.66196971562529	0.0	147968	2017.6538245705058	0.3
5108.857392608639	300	23.198294980779075	0.0	161857	2463.674734846215	0.3
5112.492870494034	300	23.562817095384055	0.0	145210	3635.4778853950183	0.3
5115.267467601022	300	24.788219988396747	0.0	172312	2774.5971069873103	0.3
5120.495685880425	750	23.560001708993383	0.0	398987	5228.218279403366	0.3
5123.488249093376	750	24.567438496042787	0.0	393804	2992.5632129505975	0.75
5129.300619190807	1200	22.75506839861186	0.0	538612	5812.370097430925	0.75
5144.1713218583145	2850	11.884365731104275	0.0	1364537	14870.702667507585	1.2000000000000002

