2063.863144312487	750	4.0	1.8710689380755445	450283	1871.0689380755446	-7.295596433724841
2064.5313153425514	300	7.331828969935454	0.0	155580	668.1710300645457	-0.15000000000000002
2065.890703521367	750	9.972440791119935	0.0	350812	1359.3881788155206	0.3
2067.6417293678155	1200	12.22141494467128	0.0	617681	1751.0258464486533	0.75
2070.2319856254157	1850	13.631158687071267	0.0	996749	2590.256257600012	1.2000000000000002
2073.7834928068955	2850	14.079651505591555	0.0	1224260	3551.507181479713	1.85
2079.962447726292	2850	11.90069658619512	0.0	1388403	6178.954919396433	2.85
2083.1973774674593	1850	12.66576684502737	0.0	1060487	3234.929741167751	0.8500000000000001
2085.5584258852787	1850	14.304718427208357	0.0	852833	2361.0484178190127	1.85
2089.913064256392	2850	13.950080056095008	0.0	1429765	4354.6383711133485	1.85
2094.476976809974	2850	13.386167502512954	0.0	1354548	4563.912553582055	2.85
2098.600416220378	2850	13.262728092108684	0.0	1519951	4123.439410404269	2.85
2103.508137932778	2850	12.355006379709005	0.0	1422919	4907.721712399681	2.85
2107.326576505393	1850	12.536567807093878	0.0	1036454	3818.4385726151263	0.8500000000000001
2110.708906783881	1850	13.15423752860547	0.0	821631	3382.3302784884063	1.85
2116.917799989595	2850	10.94534432289146	0.0	1471065	6208.89320571401	1.85
2119.6421328324172	1200	12.221011480069405	0.0	617242	2724.332842822055	-0.44999999999999996
2126.055534194376	1850	9.807610118110997	0.0	885714	6413.4013619584075	1.2000000000000002
2131.1330446575425	1200	8.730099654944313	0.0	639204	5077.510463166684	0.5499999999999999
2132.9275808777365	750	10.93556343474979	0.0	350713	1794.5362201945234	0.3
2141.4666613080135	1200	6.3964830044730405	0.0	601738	8539.08043027675	0.75
2142.871570188747	300	8.99157412373944	0.0	157812	1404.9088807336004	-0.6000000000000001
2146.235167530151	750	9.627976782335272	0.0	401853	3363.5973414041673	0.3
2150.9546001923195	1200	8.908544120166715	0.0	536667	4719.432662168558	0.75
2154.0806837071123	750	9.78246060537389	0.0	359903	3126.0835147928256	0.3
2158.9953915105834	1200	8.867752801902963	0.0	590335	4914.707803470927	0.75
2162.7047189901655	750	9.15842532232093	0.0	425781	3709.3274795820316	0.3
2167.4058281815783	1200	8.457316130907769	0.0	487160	4701.10919141316	0.75
2171.689947889915	750	8.17319642257154	0.0	400396	4284.11970833623	0.3
2176.7388582162102	750	7.124286096276183	0.0	400508	5048.910326295356	0.75
2179.966378611995	750	7.896765700491388	0.0	358218	3227.5203957847953	0.75
2183.240065004912	750	8.623079307573928	0.0	400322	3273.6863929174615	0.75
2186.0063910874223	750	9.85675322506379	0.0	369834	2766.3260825101383	0.75
2191.3944441112917	1200	8.468700201193974	0.0	670129	5388.053023869817	0.75
2194.56423659943	750	9.298907713055938	0.0	401088	3169.792488138035	0.3
2199.437512887708	1200	8.425631424777658	0.0	598727	4873.276288278282	0.75
2201.99710333447	750	9.866040978016066	0.0	321064	2559.5904467615915	0.3
2206.5688025096774	1200	9.294341802808841	0.0	575591	4571.6991752072245	0.75
2211.57895130783	1200	8.28419300465671	0.0	605884	5010.14879815213	1.2
2215.696652890755	750	8.166491421731449	0.0	390680	4117.701582925261	0.3
2219.334437113184	750	8.52870719930258	0.0	345516	3637.7842224288693	0.75
2222.7802138771367	750	9.082930435349603	0.0	384505	3445.776763952978	0.75
2226.4310748919793	1200	9.432069420507315	0.0	599477	3650.861014842289	0.75
2231.0194835241573	1200	8.843660788329586	0.0	634861	4588.408632177729	1.2
2233.913463270225	750	9.949681042262233	0.0	398987	2893.9797460673535	0.3
2239.0159864061425	1200	8.847157906344348	0.0	638661	5102.523135917885	0.75
2241.467913477034	750	10.395230835453093	0.0	331053	2451.927070891256	0.3
2246.0409482472123	1200	9.822196065274388	0.0	550906	4573.034770178703	0.75

