3712.453509433385	750	4.0	4.997202366246414	450283	4997.202366246414	-20.73797017485958
3714.6068711836706	300	5.846638249714482	0.0	155580	2153.3617502855177	-0.15000000000000002
3717.7250232971587	300	6.728486136226441	0.0	139857	3118.1521134880413	0.3
3722.096640053534	300	6.35686937985117	0.0	155432	4371.6167563752715	0.3
3726.524862544606	300	5.928646888778943	0.0	163442	4428.222491072226	0.3
3729.5762195846346	300	6.877289848750208	0.0	126289	3051.3570400287354	0.3
3732.19759975399	300	8.255909679394989	0.0	153295	2621.38016935522	0.3
3733.9016185928513	300	10.551890840533298	0.0	173849	1704.0188388616891	0.3
3735.382268718487	300	13.071240714897634	0.0	150710	1480.6501256356646	0.3
3736.737284537512	300	15.716224895873086	0.0	139105	1355.0158190245468	0.3
3739.903102026984	750	16.550407406401042	0.0	353220	3165.8174894720437	0.3
3743.2051138857873	750	17.248395547598	0.0	405134	3302.0118588030414	0.75
3746.064117247538	750	18.389392185847125	0.0	386351	2859.0033617508734	0.75
3750.8613502099965	1200	17.592159223388947	0.0	687371	4797.23296245818	0.75
3752.6719947509387	750	19.781514682446534	0.0	337059	1810.644540942412	0.3
3755.4861841007114	1200	20.967325332674285	0.0	587876	2814.1893497722504	0.75
3758.511400198996	1200	21.94210923438941	0.0	617242	3025.2160982848773	1.2
3763.6543967586585	1850	20.799112674727276	0.0	885714	5142.996559662132	1.2000000000000002
3768.1166691946405	1200	20.33684023874513	0.0	639204	4462.27243598215	0.5499999999999999
3772.7385645251215	1200	19.71494490826454	0.0	586839	4621.895330480589	1.2
3776.963973595274	1200	19.489535838111692	0.0	601738	4225.409070152843	1.2
3781.8419800128445	1200	18.61152942054158	0.0	616206	4878.0064175701145	1.2
3788.2237090727035	750	16.2298003606825	0.0	401853	6381.729059859079	0.3
3793.609036679479	750	14.84447275390699	0.0	343800	5385.32760677551	0.75
3800.5146136729495	750	11.938895760436436	0.0	359903	6905.576993470553	0.75
3804.2946822872987	300	12.158827146087214	0.0	153938	3780.068614349222	-0.15000000000000002
3808.6314316864923	300	11.822077746893767	0.0	181901	4336.749399193447	0.3
3811.1678965059255	300	13.285612927460528	0.0	111155	2536.464819433238	0.3
3818.3889833339076	750	10.06452609947809	0.0	400396	7221.086827982437	0.3
3822.252720409169	300	10.200789024216581	0.0	149029	3863.7370752615107	-0.15000000000000002
3826.1378194795725	300	10.31568995381306	0.0	157421	3885.099070403521	0.3
3829.5662516009747	300	10.887257832411075	0.0	157488	3428.432121401985	0.3
3832.0962143592274	300	12.357295074158294	0.0	143881	2529.962758252782	0.3
3834.4614296025693	300	13.992079830816419	0.0	163444	2365.215243341874	0.3
3839.9857041520186	750	12.467805281367283	0.0	401088	5524.274549449136	0.3
3843.7314912208676	750	12.722018212518389	0.0	365161	3745.787068848894	0.75
3845.4246277859584	300	15.028881647427538	0.0	131610	1693.1365650908515	-0.15000000000000002
3850.681740675341	750	13.771768758044436	0.0	361565	5257.112889383101	0.3
3856.880095037949	750	11.573414395436476	0.0	378327	6198.354362607961	0.75
3858.0852690257584	300	14.368240407627214	0.0	149991	1205.1739878092617	-0.15000000000000002
3860.321667036188	750	16.131842397197524	0.0	345516	2236.398010429689	0.3
3863.067974199246	750	17.385535234139837	0.0	384505	2746.3071630576883	0.75
3865.602511926241	750	18.85099750714492	0.0	372093	2534.537726994913	0.75
3870.192496502581	1200	18.261012930804633	0.0	634861	4589.98457634029	0.75
3874.8015499930993	750	17.651959440286674	0.0	398987	4609.053490517955	0.3
3878.137286049662	750	18.31622338372375	0.0	393804	3335.7360565629283	0.75
3880.978652212971	750	19.474857220414474	0.0	331053	2841.366163309272	0.75
3884.824807937379	750	19.62870149600668	0.0	314107	3846.155724407794	0.75

