6.308048004947866	750	4.0	6.308048004947866	450283	6308.0480049478665	-26.374606421275825
9.337705714905436	300	4.9703422900424306	0.0	155580	3029.6577099575693	-0.15000000000000002
10.945284233933743	300	7.362763771014124	0.0	139857	1607.5785190283066	0.3
12.906224105409361	300	9.401823899538504	0.0	155432	1960.9398714756198	0.3
15.299630295755167	300	11.008417709192697	0.0	163442	2393.406190345805	0.3
16.734279005876086	300	13.573768999071778	0.0	126289	1434.6487101209204	0.3
18.213199515291777	300	16.094848489656087	0.0	153295	1478.92050941569	0.3
20.117548717232815	300	18.19049928771505	0.0	173849	1904.3492019410367	0.3
22.93252838990405	300	19.375519615043814	0.0	150710	2814.9796726712366	0.3
25.251104530062005	300	21.05694347488586	0.0	139105	2318.5761401579553	0.3
27.88986743120441	300	22.418180573743452	0.0	141840	2638.762901142407	0.3
31.338348445905744	300	22.96969955904212	0.0	156148	3448.48101470133	0.3
34.402111539469914	300	23.90593646547795	0.0	160746	3063.763093564172	0.3
37.191393463824156	300	25.116654541123705	0.0	179801	2789.2819243542426	0.3
38.85431074350934	300	27.453737261438516	0.0	140051	1662.9172796851883	0.3
40.133954364920115	300	30.174093640027746	0.0	138313	1279.6436214107712	0.3
41.83535032853018	300	32.47269767641768	0.0	143509	1701.3959636100665	0.3
43.80947315295947	300	34.498574851988394	0.0	150616	1974.1228244292884	0.3
46.424763478456214	300	35.88328452649166	0.0	165384	2615.2903254967396	0.3
48.72600558418695	300	37.58204242076092	0.0	140881	2301.2421057307383	0.3
50.038137760080936	300	40.26991024486693	0.0	157671	1312.1321758939914	0.3
51.2913456832115	300	43.01670232173636	0.0	157812	1253.207923130572	0.3
52.56556183358411	300	45.74248617136375	0.0	163927	1274.2161503726102	0.3
53.494147046002325	300	48.81390095894554	0.0	137654	928.5852124182097	0.3
54.55969934237514	300	51.748348662572724	0.0	146754	1065.5522963728145	0.3
55.5356218800156	300	54.77242612493227	0.0	153938	975.9225376404548	0.3
56.76693644660742	300	57.54111155834045	0.0	181901	1231.3145665918232	0.3
58.78190211435229	300	59.52614589059557	0.0	111155	1014.9656677448705	0.3
60.701176691916935	300	59.777459678039406	0.0	153605	1748.6862125561693	0.3
63.27120462201072	300	59.71273996704675	0.0	149029	1564.7197109926544	0.3
65.34961999312023	300	59.811186343342555	0.0	157421	1401.5536237041933	0.3
67.50708921418442	300	59.51088262561311	0.0	157488	1300.3037177294434	0.3
68.91037562089616	300	59.93282218822461	0.0	143881	1078.0604373884892	0.3
70.8272830940476	300	59.576981455360524	0.0	163444	1355.8407328640908	0.3
72.4648529092855	300	59.71372983208524	0.0	179328	1363.2516232752819	0.3
74.63668118607937	300	59.63497487546962	0.0	159914	1578.7549566156222	0.3
76.36976165668028	300	59.519971305058284	0.0	131610	1115.0035704113307	0.3
78.92522896270944	300	59.57627604013849	0.0	124011	1443.6952649197988	0.3
80.42132517349046	300	59.88911391240266	0.0	144254	1187.1621277358254	0.3
83.13406383331261	300	59.657211614264185	0.0	149991	1231.9022981384771	0.3
84.39158965066932	300	59.91386694842766	0.0	147968	1243.3446658365212	0.3
86.42821368869444	300	59.8276455386752	0.0	161857	1086.2214097524616	0.3
88.498618489984	300	59.63264442366675	0.0	145210	1195.0011150084565	0.3
90.36853776770582	300	59.675386670946395	0.0	172312	1457.2577527203468	0.3
91.9105620061231	300	59.86070527573848	0.0	167025	1314.6813952079178	0.3
94.47881967057143	300	59.86524789861901	0.0	160064	1495.4573771194696	0.3
97.62837688039747	750	59.68686941387041	0.0	331053	2678.3784847486054	0.3
101.80359600452161	750	59.51165028974627	0.0	314107	3175.219124124138	0.75

