23676.667094619184	750	4.0	5.558065529459364	450283	5558.065529459364	-23.149681776675266
23679.474813751036	300	5.192280868151962	0.0	155580	2807.719131848038	-0.15000000000000002
23680.860346085654	300	7.8067485335352504	0.0	139857	1385.5323346167118	0.3
23682.424890773178	300	10.24220384601217	0.0	155432	1564.5446875230796	0.3
23684.65164358179	300	12.015451037399814	0.0	163442	2226.7528086123575	0.3
23686.32570443984	300	14.34139017934634	0.0	126289	1674.0608580534742	0.3
23688.394050357583	300	16.273044261605317	0.0	153295	2068.3459177410227	0.3
23695.548382565183	750	13.118712054008757	0.0	437162	7154.33220759656	0.3
23698.512868619575	750	14.154225999614532	0.0	374758	2964.4860543942254	0.75
23701.119578483424	750	15.547516135764342	0.0	362795	2606.7098638501907	0.75
23703.726302800398	750	16.940791818790466	0.0	353220	2606.724316973878	0.75
23706.656386670096	750	18.01070794908931	0.0	405134	2930.0838697011563	0.75
23709.45146995991	750	19.215624659276457	0.0	386351	2795.083289812849	0.75
23712.36595970922	750	20.30113490996897	0.0	434409	2914.489749307492	0.75
23715.300559304353	750	21.366535314835232	0.0	337059	2934.599595133737	0.75
23717.840802133163	750	22.82629248602507	0.0	366214	2540.242828810163	0.75
23720.443157530437	750	24.223937088747146	0.0	360831	2602.3553972779255	0.75
23723.370047935197	750	25.297046683985986	0.0	372963	2926.890404761157	0.75
23726.568370848472	750	26.098723770712454	0.0	405596	3198.3229132735314	0.75
23734.667669670256	1850	21.99942494892882	0.0	923755	8099.2988217836355	0.75
23744.92079815193	1850	15.74629646725624	0.0	891604	10253.12848167258	1.85
23751.480121732624	1850	13.18697288656242	0.0	955231	6559.323580693818	1.85
23760.30979579489	1850	8.35729882429406	0.0	968026	8829.67406226836	1.85
23764.117907603293	750	8.5491870158895	0.0	343800	3808.111808404562	-0.3500000000000001
23765.654213338985	300	11.012881280198666	0.0	146754	1536.305735690834	-0.15000000000000002
23767.267758356644	300	13.399336262542745	0.0	153938	1613.545017655921	0.3
23769.082842846474	300	15.584251772710314	0.0	181901	1815.0844898324326	0.3
23771.35954100189	750	17.30755361729767	0.0	277716	2276.698155412643	0.3
23775.251360399896	750	17.415734219291895	0.0	400396	3891.8193980057777	0.75
23779.2255422756	750	17.441552343587485	0.0	400508	3974.181875704409	0.75
23782.24745628537	750	18.419638333816426	0.0	358218	3021.9140097710583	0.75
23786.55745928698	750	18.109635332206906	0.0	400322	4310.003001609518	0.75
23790.898125386546	750	17.768969232639634	0.0	369834	4340.6660995672755	0.75
23798.025876358457	750	14.641218260729817	0.0	412837	7127.750971909817	0.75
23804.063644944014	750	12.603449675174657	0.0	401088	6037.768585555159	0.75
23807.651280674025	750	13.015813945160751	0.0	365161	3587.6357300139057	0.75
23811.29920918559	750	13.367885433597413	0.0	321064	3647.928511563337	0.75
23815.10825182883	750	13.558842790357394	0.0	361565	3809.04264324002	0.75
23819.33768106926	750	13.329413549926771	0.0	378327	4229.429240430621	0.75
23823.529247303788	750	13.137847315401821	0.0	390680	4191.56623452495	0.75
23827.91375326528	750	12.753341353909024	0.0	345516	4384.505961492798	0.75
23832.790839724355	750	11.876254894836169	0.0	384505	4877.086459072853	0.75
23835.9967205874	750	12.67037403178931	0.0	372093	3205.8808630468584	0.75
23839.16658739464	750	13.500507224550958	0.0	438281	3169.8668072383525	0.75
23844.090261923942	750	12.57683269524642	0.0	398987	4923.67452930454	0.75
23848.214450135372	750	12.452644483815709	0.0	393804	4124.18821143071	0.75
23851.01594281	750	13.651151809186215	0.0	331053	2801.4926746294927	0.75
23853.712721337917	750	14.954373281271451	0.0	314107	2696.778527914764	0.75

