6989.525515171854	750	4.0	4.010168074006698	450283	4010.168074006698	-16.4937227182288
6990.699433264501	300	6.8260819073535774	0.0	155580	1173.9180926464226	-0.15000000000000002
6991.704447445105	300	9.821067726748996	0.0	139857	1005.0141806045834	0.3
6992.832666333638	300	12.692848838215301	0.0	155432	1128.218888533694	0.3
6995.23759529776	750	14.287919874092832	0.0	411561	2404.9289641224673	0.3
6996.972385542838	750	16.553129629014798	0.0	318564	1734.7902450780355	0.75
6998.793493556986	750	18.732021614867243	0.0	352642	1821.1080141475536	0.75
7001.055869286183	750	20.469645885670005	0.0	437162	2262.3757291972397	0.75
7003.032674951489	750	22.49284022036426	0.0	374758	1976.8056653057422	0.75
7007.700324238311	1850	21.825190933542512	0.0	913888	4667.649286821749	0.75
7011.402358370769	1850	22.123156801083425	0.0	939819	3702.03413245909	1.85
7016.905805231082	1850	20.619709940771116	0.0	917428	5503.446860312307	1.85
7021.927225811551	1850	19.598289360303315	0.0	946851	5021.420580467801	1.85
7026.81623706703	1850	18.70927810482371	0.0	1036454	4889.011255479609	1.85
7030.4971498570685	1850	19.028365314784956	0.0	821631	3680.912790038756	1.85
7034.562448600993	1850	18.96306657086072	0.0	923170	4065.2987439242365	1.85
7039.289443687082	1850	18.23607148477129	0.0	966699	4726.995086089429	1.85
7043.751391566136	1850	17.774123605717563	0.0	885714	4461.9478790537305	1.85
7048.989326987838	1850	16.53618818401608	0.0	987708	5237.935421701484	1.85
7055.066027351173	1850	14.459487820680671	0.0	923755	6076.700363335407	1.85
7059.992345446002	1850	13.53316972585064	0.0	891604	4926.318094830033	1.85
7065.856917847349	1850	11.668597324504358	0.0	955231	5864.572401346281	1.85
7071.272263226307	1850	10.253251945546719	0.0	968026	5415.345378957638	1.85
7073.280621120856	750	12.24489405099768	0.0	343800	2008.3578945490387	-0.3500000000000001
7075.689200581776	750	13.83631459007797	0.0	359903	2408.5794609197096	0.75
7078.704807532886	750	14.820707638967844	0.0	379700	3015.6069511101264	0.75
7082.575616874039	750	14.949898297814993	0.0	425781	3870.809341152851	0.75
7085.5479028914215	750	15.977612280432156	0.0	277716	2972.286017382835	0.75
7088.385862631554	750	17.139652540300368	0.0	400396	2837.9597401317883	0.75
7091.833055306025	750	17.692459865829615	0.0	400508	3447.192674470752	0.75
7096.741493583299	750	16.784021588555305	0.0	358218	4908.438277274313	0.75
7103.981663287765	750	13.543851884090024	0.0	400322	7240.16970446528	0.75
7107.90804480127	750	13.617470370584623	0.0	369834	3926.381513505401	0.75
7111.56186463764	750	13.963650534215361	0.0	412837	3653.819836369263	0.75
7115.712767130844	750	13.812748041010854	0.0	401088	4150.902493204507	0.75
7119.791524681472	750	13.733990490382968	0.0	365161	4078.7575506278868	0.75
7122.365827284595	750	15.159687887260564	0.0	321064	2574.3026031224053	0.75
7125.823109042457	750	15.702406129397891	0.0	361565	3457.2817578626714	0.75
7129.70707179851	750	15.818443373345666	0.0	378327	3883.962756052226	0.75
7133.639193387869	750	15.886321783985808	0.0	390680	3932.1215893598587	0.75
7137.307459333234	750	16.2180558386219	0.0	345516	3668.265945363906	0.75
7142.5923312970035	750	14.933183874852237	0.0	384505	5284.871963769665	0.75
7145.489457370005	750	16.03605780185096	0.0	372093	2897.1260730012773	0.75
7149.007478820399	750	16.518036351456256	0.0	438281	3518.021450394702	0.75
7153.691513589325	750	15.834001582530238	0.0	398987	4684.034768926018	0.75
7158.047817956673	750	15.477697215182848	0.0	393804	4356.3043673473885	0.75
7160.955918227108	750	16.569596944747754	0.0	331053	2908.1002704350935	0.75
7164.938151226256	750	16.587363945600032	0.0	314107	3982.2329991477254	0.75

