8278.537085165637	750	4.0	6.6911010369313795	450283	6691.10103693138	-28.021734458804932
8280.376147685942	300	6.160937479695716	0.0	155580	1839.0625203042848	-0.15000000000000002
8281.745169207283	300	8.791915958355675	0.0	139857	1369.0215213400395	0.3
8282.991928537273	300	11.545156628364916	0.0	155432	1246.7593299907599	0.3
8284.167850878197	300	14.369234287440888	0.0	163442	1175.9223409240274	0.3
8287.228854169223	750	15.308230996414862	0.0	318564	3061.0032910260247	0.3
8291.128614232039	750	15.408470933599185	0.0	352642	3899.7600628156774	0.75
8293.946714456892	300	16.590370708745784	0.0	173849	2818.100224853401	-0.15000000000000002
8297.469442742175	300	17.067642423462754	0.0	150710	3522.728285283027	0.3
8301.675171565661	300	16.861913599976088	0.0	139105	4205.728823486669	0.3
8304.792294783585	300	17.744790382051267	0.0	141840	3117.1232179248213	0.3
8309.507018384393	300	17.03006678124414	0.0	156148	4714.723600807122	0.3
8315.06831841548	300	15.468766750156538	0.0	160746	5561.300031087604	0.3
8320.421172576409	300	14.115912589227559	0.0	179801	5352.854160928979	0.3
8324.292210562675	300	14.244874602960808	0.0	140051	3871.03798626675	0.3
8327.948555226963	300	14.588529938672137	0.0	138313	3656.344664288672	0.3
8330.980455791294	300	15.55662937434204	0.0	143509	3031.9005643300975	0.3
8333.530593717387	300	17.006491448247388	0.0	150616	2550.137926094652	0.3
8336.266960091218	300	18.27012507441717	0.0	165384	2736.366373830219	0.3
8338.966093667379	300	19.57099149825591	0.0	140881	2699.1335761612604	0.3
8342.631778227436	300	19.905306938199253	0.0	157671	3665.684560056655	0.3
8346.64151206204	300	19.895573103594835	0.0	157812	4009.733834604422	0.3
8347.963822257632	300	22.57326290800352	0.0	163927	1322.3101955913125	0.3
8351.386383253153	1200	23.150701912482603	0.0	536667	3422.560995520917	0.29999999999999993
8355.035702204332	1200	23.50138296130451	0.0	587236	3649.3189511780915	1.2
8361.046383363046	1850	21.490701802590344	0.0	905935	6010.681158714166	1.2000000000000002
8365.880855243398	1200	20.65622992223689	0.0	696376	4834.471880353454	0.5499999999999999
8368.491487549058	1200	22.045597616577375	0.0	487160	2610.6323056595156	1.2
8374.314392000215	1850	20.222693165421102	0.0	972798	5822.904451156272	1.2000000000000002
8377.733405579424	1200	20.803679586211526	0.0	641447	3419.013579209577	0.5499999999999999
8382.109247073624	1850	20.427838092011203	0.0	873429	4375.84149420032	1.2000000000000002
8387.578569884472	1850	18.958515281163322	0.0	954453	5469.322810847878	1.85
8391.797149191934	1200	18.73993597370048	0.0	584349	4218.579307462844	0.5499999999999999
8398.240625734747	1200	16.29645943088851	0.0	670129	6443.476542811966	1.2
8400.503236388586	750	18.03384877704784	0.0	401088	2262.610653840675	0.3
8403.869584337264	1200	18.667500828369477	0.0	598727	3366.3479486783626	0.75
8406.627761606496	1200	19.909323559137647	0.0	487812	2758.17726923183	1.2
8409.860766064934	1200	20.676319100698176	0.0	575591	3233.00445843947	1.2
8414.589391491114	1200	19.947693674519776	0.0	605884	4728.625426178401	1.2
8418.294646408674	1200	20.24243875695765	0.0	587506	3705.254917562126	1.2
8421.055072857736	1200	21.482012307897907	0.0	566904	2760.4264490597407	1.2
8427.663358543141	1850	18.873726622491883	0.0	1025005	6608.2856854060265	1.2000000000000002
8431.66626791548	1200	18.87081725015339	0.0	599477	4002.909372338488	0.5499999999999999
8435.26995974371	1200	19.26712542192227	0.0	634861	3603.691828231126	1.2
8438.889971865528	1200	19.647113300103722	0.0	630203	3620.012121818545	1.2
8443.582957647373	1200	18.954127518258815	0.0	638661	4692.985781844911	1.2
8448.635837705413	1200	17.90124746022046	0.0	538612	5052.880058038356	1.2
8450.91118785507	750	19.62589731056375	0.0	314107	2275.350149656708	0.3

