23844.26184519346	750	4.0	12.266701258043659	450283	12266.701258043659	-51.99681540958773
23848.89376572372	300	4.0	0.6319205302601922	155580	4631.920530260192	-2.867258280118827
23851.94159739005	300	4.952168333667658	0.0	139857	3047.8316663323417	0.3
23855.21107382729	300	5.682691896429397	0.0	155432	3269.4764372382615	0.3
23858.568349248097	300	6.325416475623024	0.0	163442	3357.275420806372	0.3
23860.696114713144	300	8.19765101057458	0.0	126289	2127.765465048444	0.3
23865.308047693343	750	7.5857180303766025	0.0	352642	4611.9329801979775	0.3
23870.088969986	750	6.804795737714778	0.0	437162	4780.922292661825	0.75
23871.65407765832	300	9.239688065394551	0.0	150710	1565.107672320226	-0.15000000000000002
23877.3357095232	1200	7.558056200517172	0.0	560821	5681.6318648773795	0.29999999999999993
23881.67625191208	750	7.217513811633535	0.0	353220	4340.542388883638	0.3
23886.608274668666	750	6.285491055045177	0.0	405134	4932.022756588358	0.75
23889.180575382838	300	7.713190340876276	0.0	160746	2572.300714168902	-0.15000000000000002
23894.22970922436	750	6.664056499350989	0.0	434409	5049.133841525286	0.3
23895.656436142493	300	9.237329581219786	0.0	140051	1426.7269181312022	-0.15000000000000002
23902.255714882165	1200	6.638050841547988	0.0	587876	6599.278739671799	0.29999999999999993
23904.260417062575	300	8.633348661140937	0.0	143509	2004.7021804070505	-0.6000000000000001
23910.048157725036	750	6.845607998678865	0.0	372963	5787.740662462072	0.3
23911.562468362194	300	9.331297361519667	0.0	165384	1514.3106371591991	-0.15000000000000002
23915.55152423296	1200	9.342241490751887	0.0	586839	3989.0558707677797	0.29999999999999993
23919.921124814144	1200	8.972640909567625	0.0	601738	4369.6005811842615	1.2
23922.68650594034	750	10.207259783372061	0.0	399894	2765.3811261955634	0.3
23927.445114705763	1200	9.448651017948029	0.0	656471	4758.608765424033	0.75
23930.943020595365	1200	9.950745128348913	0.0	536667	3497.9058895991143	1.2
23935.017098957513	1200	9.876666766200227	0.0	587236	4074.078362148686	1.2
23939.379937285034	1200	9.513828438682228	0.0	590335	4362.838327517999	1.2
23943.4791178841	1200	9.41464783961525	0.0	696376	4099.180599066978	1.2
23946.72131644856	1200	10.172449275156934	0.0	487160	3242.1985644583156	1.2
23950.631697859364	1200	10.262067864348309	0.0	622896	3910.3814108086262	1.2
23954.851232499906	1200	10.042533223807837	0.0	641447	4219.534640540472	1.2
23958.78056814391	1200	10.113197579803703	0.0	570392	3929.335644004134	1.2
23963.152961660377	1200	9.740804063332202	0.0	620283	4372.393516471502	1.2
23968.55804200492	1200	8.335723718788518	0.0	584349	5405.080344543684	1.2
23971.27708389403	750	9.616681829680529	0.0	412837	2719.0418891079894	0.3
23980.29434651125	1200	4.5994192124583275	0.0	690253	9017.2626172222	0.75
23981.475533872257	300	7.418231851452655	0.0	159914	1181.187361005673	-0.6000000000000001
23983.289598714255	750	9.604167009453981	0.0	321064	1814.0648419986735	0.3
23986.786273352314	1200	10.10749237139389	0.0	575591	3496.6746380600907	0.75
23990.09744792917	1200	10.796317794538426	0.0	605884	3311.174576855463	1.2
23996.41973233795	1200	8.47403338576171	0.0	587506	6322.284408776717	1.2
24002.284656565327	750	6.6091091583842	0.0	345516	5864.92422737751	0.3
24005.11366693511	300	7.780098788597952	0.0	161857	2829.010369786248	-0.15000000000000002
24012.07605162461	750	4.817714099103164	0.0	372093	6962.384689494787	0.3
24013.53808814935	300	7.355677574360042	0.0	172312	1462.036524743123	-0.15000000000000002
24016.916931462412	750	7.976834261300844	0.0	398987	3378.8433130591975	0.3
24022.549582542983	750	6.344183180731356	0.0	393804	5632.651080569488	0.75
24024.39221887265	300	8.50154685106191	0.0	137507	1842.6363296694465	-0.15000000000000002
24027.331402064876	750	9.562363658839914	0.0	314107	2939.1831922219976	0.3

