2694.541880781584	750	4.0	1.5985734190571195	450283	1598.5734190571195	-6.123865701945613
2696.353683252425	750	6.188197529158977	0.0	398865	1811.8024708410228	0.75
2698.0886972927083	750	8.453183488875696	0.0	350812	1735.0140402832803	0.75
2699.885132726409	750	10.6567480551748	0.0	382355	1796.4354337008972	0.75
2702.0092469993338	750	12.53263378225028	0.0	411561	2124.1142729245203	0.75
2703.4395589650826	750	15.102321816501053	0.0	318564	1430.3119657492268	0.75
2704.6497876801027	750	17.89209310148141	0.0	352642	1210.2287150196412	0.75
2705.9675283462443	750	20.57435243533961	0.0	437162	1317.7406661418033	0.75
2708.9503645088803	1850	21.59151627270374	0.0	852833	2982.83616263587	0.75
2711.690315998393	1850	22.851564783190994	0.0	913888	2739.9514895127436	1.85
2715.1857729607777	1850	23.356107820806333	0.0	939819	3495.456962384663	1.85
2718.8083852480636	1850	23.733495533520646	0.0	917428	3622.6122872856886	1.85
2722.228759651695	1850	24.313121129889346	0.0	946851	3420.3744036313014	1.85
2725.8871368382324	1850	24.654743943351477	0.0	1036454	3658.37718653787	1.85
2729.2506835797344	1850	25.29119720184958	0.0	821631	3363.5467415018984	1.85
2732.8913099599213	1850	25.65057082166299	0.0	923170	3640.6263801865907	1.85
2737.003146140743	1850	25.538734640840833	0.0	966699	4111.836180822156	1.85
2740.351332127529	1850	26.190548654054783	0.0	885714	3348.1859867860517	1.85
2743.375798954768	1850	27.166081826815823	0.0	987708	3024.4668272389617	1.85
2747.3128362878083	1850	27.22904449377591	0.0	923755	3937.037333039912	1.85
2751.41850009648	1850	27.123380685103943	0.0	891604	4105.66380867197	1.85
2755.6120087018376	1850	26.929872079746243	0.0	955231	4193.508605357698	1.85
2759.479067360453	1850	27.062813421130823	0.0	968026	3867.058658615422	1.85
2763.019083747329	1850	27.522797034254424	0.0	874175	3540.0163868764007	1.85
2766.4776688143156	1850	28.064211967268385	0.0	897976	3458.5850669860406	1.85
2770.1029748075734	1850	28.438905974010524	0.0	905935	3625.305993257861	1.85
2773.580363902841	1850	28.96151687874307	0.0	1076599	3477.3890952674524	1.85
2777.840219356635	1850	28.701661424949343	0.0	758197	4259.855453793725	1.85
2781.689648319138	1850	28.852232462445702	0.0	972798	3849.428962503639	1.85
2785.391586553412	1850	29.15029422817174	0.0	975811	3701.9382342739623	1.85
2789.613825801499	1850	28.92805498008506	0.0	873429	4222.239248086681	1.85
2795.0924546795873	1850	27.44942610199633	0.0	954453	5478.628878088728	1.85
2799.5422724245045	1850	26.99960835707929	0.0	885062	4449.817744917042	1.85
2804.700565942289	1850	25.84131483929526	0.0	1035329	5158.293517784031	1.85
2809.7336568824007	1850	24.808223899183695	0.0	1026056	5033.090940111566	1.85
2813.7251313192914	1850	24.81674946229309	0.0	943942	3991.4744368906036	1.85
2816.914594014862	1850	25.62728676672252	0.0	728962	3189.462695570573	1.85
2820.2372732612175	1850	26.304607520367053	0.0	938587	3322.679246355467	1.85
2823.532440196266	1850	27.009440585318035	0.0	908665	3295.166935049016	1.85
2826.7379173228373	1850	27.80396345874706	0.0	930577	3205.477126570976	1.85
2835.347980021416	4300	23.19390076016853	0.0	2108491	8610.062698578531	1.8499999999999996
2844.2510153600683	4300	18.290865421515825	0.0	2184571	8903.035338652706	4.3
2853.068235482175	4300	13.473645299408947	0.0	2121928	8817.220122106877	4.3
2857.179422441229	1850	13.362458340355369	0.0	973972	4111.186959053578	-0.6000000000000001
2861.5547830841438	1850	12.987097697440202	0.0	958994	4375.360642915168	1.85
2865.8197561347683	1850	12.722124646815383	0.0	982064	4264.97305062482	1.85
2869.0995769952624	1850	13.442303786321347	0.0	830730	3279.820860494036	1.85
2873.2872938241076	1850	13.254586957476333	0.0	846370	4187.716828845014	1.85

