17752.390931076545	750	4.0	6.602941104200595	450283	6602.941104200595	-27.642646748062557
17754.01217924512	300	6.378751831422763	0.0	155580	1621.2481685772375	-0.15000000000000002
17755.64717003906	300	8.743761037482852	0.0	139857	1634.990793939913	0.3
17757.60910928263	300	10.78182179391646	0.0	155432	1961.9392435663906	0.3
17759.647060437193	300	12.743870639348641	0.0	163442	2037.9511545678201	0.3
17761.370414088567	300	15.020516987977592	0.0	126289	1723.353651371049	0.3
17764.342989619014	300	16.04794145752979	0.0	153295	2972.575530447798	0.3
17766.13691758314	300	18.254013493403146	0.0	173849	1793.9279641266485	0.3
17770.43291689386	750	17.958014182683293	0.0	374758	4295.999310719855	0.3
17773.394754948196	750	18.99617612834756	0.0	362795	2961.838054335731	0.75
17775.646824642776	750	20.744106433765356	0.0	353220	2252.0696945822056	0.75
17780.64955450446	1200	19.741376572079812	0.0	594078	5002.729861685542	0.75
17783.80080786396	750	20.59012321257827	0.0	386351	3151.253359501542	0.3
17789.272324276975	1200	19.11860679956218	0.0	687371	5471.516413016087	0.75
17794.236339514147	1200	18.1545915623914	0.0	526950	4964.015237170781	1.2
17797.585737035766	750	18.805194040772175	0.0	366214	3349.397521619227	0.3
17800.928511773367	750	19.462419303170567	0.0	360831	3342.7747376016086	0.75
17804.174113956477	750	20.216817120057893	0.0	372963	3245.6021831126723	0.75
17807.216227354173	750	21.174703722363205	0.0	405596	3042.1133976946903	0.75
17812.379723714042	1200	20.01120736249362	0.0	586839	5163.496359869583	0.75
17815.359664161388	750	21.031266915147913	0.0	386472	2979.940447345707	0.3
17820.290979850608	1200	20.099951225926464	0.0	616206	4931.31568922145	0.75
17825.567307939193	1200	18.8236231373394	0.0	656471	5276.328088587063	1.2
17828.926881659754	750	19.464049416779694	0.0	343800	3359.5737205597056	0.3
17834.657254333153	750	17.733676743381285	0.0	359903	5730.3726733984095	0.75
17836.700581582936	300	19.690349493596912	0.0	153938	2043.327249784373	-0.15000000000000002
17838.90568952	300	21.485241556531488	0.0	181901	2205.1079370654243	0.3
17842.05291331873	750	22.338017757802824	0.0	277716	3147.223798728666	0.3
17848.78523636326	750	19.60569471327595	0.0	400396	6732.323044526875	0.75
17850.940225102753	300	21.450705973782835	0.0	149029	2154.9887394931143	-0.15000000000000002
17852.760208922133	300	23.630722154402342	0.0	157421	1819.983819380492	0.3
17855.63301465114	750	24.757916425395393	0.0	400322	2872.80572900695	0.3
17860.680688643053	1200	23.710242433478705	0.0	584349	5047.673991916691	0.75
17868.816746416487	1200	19.574184660045997	0.0	670129	8136.057773432705	1.2
17877.783288370996	750	14.607642705537492	0.0	401088	8966.541954508506	0.3
17880.899755365313	300	15.491175711220354	0.0	159914	3116.466994317138	-0.15000000000000002
17883.23727000612	300	17.153661070412237	0.0	131610	2337.514640808119	0.3
17885.443126108956	300	18.947804967578172	0.0	124011	2205.8561028340646	0.3
17888.1140391003	300	20.276891976233408	0.0	144254	2670.912991344765	0.3
17889.61559907981	300	22.775331996725434	0.0	149991	1501.5599795079738	0.3
17892.60428660737	750	23.786644469165456	0.0	345516	2988.687527559981	0.3
17897.8071031951	1200	22.583827881432406	0.0	641452	5202.81658773305	0.75
17902.032355585474	1200	22.358575491059725	0.0	599477	4225.252390372681	1.2
17907.121755859513	1200	21.269175217021623	0.0	634861	5089.400274038099	1.2
17911.471163376715	1200	20.919767699818646	0.0	630203	4349.407517202977	1.2
17915.39271964579	1200	20.998211430742675	0.0	638661	3921.556269075972	1.2
17920.596310213732	1200	19.794620862799935	0.0	538612	5203.590567942742	1.2
17923.588377457363	750	20.802553619172496	0.0	314107	2992.067243627435	0.3

