10675.152949109617	750	4.0	1.9680897620528024	450283	1968.0897620528024	-7.71278597682705
10675.96036062843	300	7.192588481185374	0.0	155580	807.4115188146266	-0.15000000000000002
10676.868636067136	300	10.284313042479486	0.0	139857	908.2754387058885	0.3
10677.806207829142	300	13.346741280475316	0.0	155432	937.57176200417	0.3
10678.737236037226	300	16.415713072391444	0.0	163442	931.0282080838683	0.3
10679.25566963713	300	19.897279472487046	0.0	126289	518.4335999043986	0.3
10679.87458818079	300	23.27836092882712	0.0	153295	618.9185436599291	0.3
10680.573265759249	300	26.579683350368736	0.0	173849	698.6775784583807	0.3
10681.1777095919	300	29.97523951771587	0.0	150710	604.443832652869	0.3
10681.72569949249	300	33.42724961712674	0.0	139105	547.9899005891319	0.3
10682.274915989765	300	36.878033119851985	0.0	141840	549.2164972747571	0.3
10682.866513450686	300	40.28643565892943	0.0	156148	591.597460922559	0.3
10683.480869102359	300	43.67208000725567	0.0	160746	614.355651673755	0.3
10684.176228564207	300	46.97672054540715	0.0	179801	695.3594618485281	0.3
10685.321006587728	750	49.83194252188569	0.0	337059	1144.778023521455	0.3
10686.529740573884	750	52.623208535731564	0.0	366214	1208.733986154125	0.75
10687.778979252302	750	55.37396985731289	0.0	360831	1249.2386784186772	0.75
10689.208254236148	750	57.94469487346793	0.0	372963	1429.2749838449613	0.75
10692.772760798114	750	58.3801883115006	0.0	405596	3564.5065619673255	0.75
10698.06577720263	750	57.08717190698335	0.0	350713	5293.01640451726	0.75
10702.717379492897	750	56.435569616717046	0.0	386472	4651.602290266305	0.75
10704.866922138794	750	58.28602697082087	0.0	399894	2149.5426458961742	0.75
10706.758447775495	750	59.62129556238532	0.0	401853	1664.7314084355494	0.75
10708.489943480152	750	59.683944843291144	0.0	343800	1437.350719094173	0.75
10710.460895871583	750	59.805541140356745	0.0	359903	1378.4037029344051	0.75
10712.146795203334	750	59.81386584732978	0.0	379700	1491.6752930269638	0.75
10714.749640796075	750	59.7445550226208	0.0	425781	2069.3108247089776	0.75
10717.891127815014	750	59.68057886856652	0.0	277716	3063.9761540542795	0.75
10721.79486262718	750	59.776844056401615	0.0	400396	2903.7348121649075	0.75
10724.765408180521	750	59.73719420410497	0.0	400508	2539.6498522966363	0.75
10727.590053750506	750	59.5703192028365	0.0	358218	2166.8750012684773	0.75
10729.817197363207	750	59.64563277624401	0.0	400322	1924.6864265924949	0.75
10733.210866914153	1200	59.64502651272522	0.0	584349	2500.606263518789	0.75
10736.68241312876	1200	59.72578501578549	0.0	670129	3419.2414969397187	1.2
10741.217942683681	1200	59.19025546086422	0.0	690253	4535.52955492127	1.2
10744.486917460465	1200	59.51468521351813	0.0	598727	3175.570247346097	1.2
10747.359024738322	1200	59.67033387745686	0.0	487812	2344.3513360612656	1.2
10750.191944338392	1200	59.60775204356993	0.0	575591	2562.5818338869253	1.2
10753.73570544848	1200	59.53104039546757	0.0	605884	3076.7116481023604	1.2
10758.964063704878	1200	58.302682139070214	0.0	587506	5228.358256397357	1.2
10762.867765947176	1200	58.39897989677268	0.0	566904	3903.702242297534	1.2
10766.38636485796	1200	58.880380985989	0.0	641452	3518.598910783682	1.2
10769.359420801722	1200	59.90732504222764	0.0	599477	2973.055943761365	1.2
10773.447134980112	1200	59.588850355944864	0.0	634861	2818.474686282777	1.2
10778.41589268724	1200	58.6200926488172	0.0	630203	4968.757707127666	1.2
10781.53790091028	1200	59.498084425777606	0.0	638661	3122.008223039594	1.2
10785.086361388756	1850	59.54385688817777	0.0	830730	3454.227537599835	1.2000000000000002
10789.455129372289	1850	59.17508890464346	0.0	846370	4368.767983534307	1.85

