11282.446490740425	750	4.0	3.5013497766476167	450283	3501.3497766476166	-14.305804039584752
11283.414749030728	300	7.031741709697546	0.0	155580	968.258290302454	-0.15000000000000002
11284.101490322819	300	10.345000417606482	0.0	139857	686.7412920910647	0.3
11284.824780789952	300	13.621709950475047	0.0	155432	723.2904671314337	0.3
11286.644216008743	750	15.802274731681717	0.0	411561	1819.4352187933314	0.3
11288.126760431769	750	18.319730308656386	0.0	318564	1482.544423025333	0.75
11289.50744908948	750	20.93904165094457	0.0	352642	1380.6886577118112	0.75
11292.377239765265	1200	22.069250975160777	0.0	709534	2869.790675783795	0.75
11296.047264132823	1850	22.39922660760065	0.0	852833	3670.024367560125	1.2000000000000002
11299.506164085233	1200	22.940326655190052	0.0	560821	3458.899952410595	0.5499999999999999
11305.954079123412	1850	20.492411617012404	0.0	939819	6447.915038177651	1.2000000000000002
11310.261954106689	1200	20.184536633734872	0.0	594078	4307.874983277533	0.5499999999999999
11314.198386175607	1200	20.248104564817208	0.0	624282	3936.4320689176625	1.2
11318.108674854204	1200	20.337815886219627	0.0	687371	3910.2886785975825	1.2
11321.21692366891	1200	21.229567071513802	0.0	526950	3108.248814705823	1.2
11327.425091999121	1200	19.021398741302786	0.0	587876	6208.168330211019	1.2
11331.226467626395	750	19.220023114029406	0.0	360831	3801.375627273379	0.3
11337.457968969236	1200	16.988521771186935	0.0	581493	6231.50134284247	0.75
11342.524453771397	750	15.922036969027342	0.0	405596	5066.484802159592	0.3
11346.53468812796	750	15.911802612464154	0.0	350713	4010.2343565631877	0.75
11349.136077813464	750	17.310412926962353	0.0	386472	2601.389685501802	0.75
11351.328741550735	750	19.11774918969228	0.0	399894	2192.6637372700725	0.75
11354.5167609605	1200	19.929729779928405	0.0	656471	3188.019409763873	0.75
11357.439556325933	1200	21.006934414494065	0.0	536667	2922.7953654343405	1.2
11359.954615275232	1200	22.491875465195157	0.0	587236	2515.0589492989093	1.2
11367.661930382073	1850	18.784560358354756	0.0	905935	7707.315106840401	1.2000000000000002
11372.336118070161	750	18.11037267026688	0.0	425781	4674.187688087879	-0.3500000000000001
11373.723893855149	750	20.72259688527942	0.0	277716	1387.7757849874629	0.75
11377.51891628737	1200	20.927574453057733	0.0	622896	3795.022432221685	0.75
11380.841935566612	1200	21.60455517381526	0.0	641447	3323.019279242471	1.2
11384.297365969876	1200	22.149124770550625	0.0	570392	3455.4304032646364	1.2
11388.798049713005	1850	21.648441027422706	0.0	954453	4500.683743127922	1.2000000000000002
11391.93810995176	1850	22.50838078866845	0.0	885062	3140.0602387542513	1.85
11395.98201839079	1850	22.464472349637425	0.0	1035329	4043.9084390310263	1.85
11400.652848247366	1850	21.79364249306071	0.0	1026056	4670.829856576715	1.85
11403.063818189732	1200	23.382672550693563	0.0	598727	2410.9699423671473	0.5499999999999999
11406.010519467527	1850	24.435971272898346	0.0	728962	2946.701277795215	1.2000000000000002
11409.681588855972	1850	24.764901884451962	0.0	938587	3671.0693884463826	1.85
11412.961337518112	1850	25.48515322231234	0.0	908665	3279.748662139622	1.85
11417.923757118093	2850	24.5227336223315	0.0	1402287	4962.419599980843	1.85
11421.12827561643	1850	25.31821512399396	0.0	858450	3204.5184983375393	0.8500000000000001
11425.930212248764	2850	24.51627849165885	0.0	1527299	4801.936632335108	1.85
11429.196779970029	1850	25.24971077039352	0.0	886255	3266.567721265327	0.8500000000000001
11432.87110559297	1850	25.575385147452774	0.0	973972	3674.3256229407502	1.85
11438.11634011599	2850	24.330150624431266	0.0	1464921	5245.234523021507	1.85
11441.27873574705	1850	25.167754993371084	0.0	982064	3162.3956310601834	0.8500000000000001
11444.929527320399	2850	25.516963420023956	0.0	1231456	3650.7915733471286	1.85
11447.356421596438	1850	27.090069143983815	0.0	846370	2426.8942760401414	0.8500000000000001

