7365.069906931745	750	4.0	3.252274383373264	450283	3252.2743833732643	-13.234779848505035
7366.043766850907	300	7.026140080838887	0.0	155580	973.8599191611128	-0.15000000000000002
7366.920315872667	300	10.149591059078627	0.0	139857	876.5490217602593	0.3
7367.6825458717285	300	13.387361060017403	0.0	155432	762.2299990612255	0.3
7368.341966690843	300	16.727940240902885	0.0	163442	659.4208191145194	0.3
7368.861372427333	300	20.208534504412437	0.0	126289	519.4057364904484	0.3
7369.51216088387	300	23.557746047875842	0.0	153295	650.7884565365964	0.3
7370.273674536025	300	26.79623239572074	0.0	173849	761.5136521551012	0.3
7370.957580472538	300	30.112326459208106	0.0	150710	683.9059365126324	0.3
7371.58446679565	300	33.485440136096486	0.0	139105	626.8863231116242	0.3
7372.1136155735085	300	36.9562913582377	0.0	141840	529.1487778587866	0.3
7372.669303050826	300	40.40060388092008	0.0	156148	555.6874773176166	0.3
7373.956059736013	750	43.11384719573324	0.0	386351	1286.7566851868385	0.3
7375.622106044339	750	45.44780088740722	0.0	434409	1666.0463083260233	0.75
7377.023227861096	750	48.046679070651294	0.0	337059	1401.1218167559248	0.75
7378.882121209391	750	50.18778572235634	0.0	366214	1858.8933482949492	0.75
7380.44874143079	750	52.62116550095763	0.0	360831	1566.620221398715	0.75
7382.316758487715	750	54.75314844403285	0.0	372963	1868.01705692478	0.75
7384.415054466589	750	56.65485246515776	0.0	405596	2098.2959788750904	0.75
7385.634575929566	750	59.43533100218044	0.0	350713	1219.5214629773193	0.75
7387.043802064575	750	59.604189572822584	0.0	386472	1331.1414293578537	0.75
7389.165114687612	750	59.827575699979526	0.0	399894	1276.6138728430565	0.75
7393.038271909724	750	59.66834644492042	0.0	401853	3159.229255059105	0.75
7395.030465349139	750	59.77921367058875	0.0	343800	1389.1327743316635	0.75
7397.383142130181	750	59.73440561741016	0.0	359903	1544.80805317859	0.75
7399.171161724508	750	59.769330241378405	0.0	379700	1465.0753760317596	0.75
7401.554432358431	750	59.959167024014434	0.0	425781	1810.1632173639741	0.75
7403.606005195692	750	59.69993429461313	0.0	277716	1259.232729401304	0.75
7407.389489101256	750	59.84936233851145	0.0	400396	2850.571956101683	0.75
7410.408122657935	750	59.536501515853274	0.0	400508	2812.8608226581687	0.75
7413.977512562257	750	59.88969297840133	0.0	358218	3146.8085374519487	0.75
7417.504930179252	750	59.60727491528947	0.0	400322	2782.41806311185	0.75
7420.328248689554	750	59.93811540373037	0.0	369834	2169.1595115591012	0.75
7423.021510916291	750	59.9285637420332	0.0	412837	2009.5516616971715	0.75
7426.1506388638	750	59.755855084198465	0.0	401088	2172.7086578347335	0.75
7429.925652490418	750	59.6315579633772	0.0	365161	3624.2971208212693	0.75
7432.686319739573	750	59.57158255834692	0.0	321064	2559.975405030283	0.75
7435.349754949885	750	59.535210889554214	0.0	361565	2036.3716687927063	0.75
7436.880567771405	750	59.82333622095402	0.0	378327	1211.8746686001941	0.75
7438.985420147116	750	59.87537912380783	0.0	390680	1947.9570971461858	0.75
7441.172889609357	750	59.89509196047009	0.0	345516	1980.2871633377447	0.75
7443.896978798973	1200	59.89663858661398	0.0	641452	2498.4533738561063	0.75
7449.391283858894	1200	58.402333526691855	0.0	599477	5494.305059922127	1.2
7453.500260566882	1200	58.293356818703145	0.0	634861	4108.976707988713	1.2
7457.695007160091	1200	58.09861022549431	0.0	630203	4194.746593208837	1.2
7461.348332719235	1200	58.44528466635062	0.0	638661	3653.3255591436955	1.2
7463.297367148272	1200	59.54426226284345	0.0	538612	1901.022403507161	1.2
7465.930424752838	1200	59.7017394828256	0.0	550906	1842.5227800178548	1.2

