18446.841393107403	750	4.0	2.322935537655054	450283	2322.935537655054	-9.238622811916732
18447.91928327678	300	6.922109830622425	0.0	155580	1077.8901693775754	-0.15000000000000002
18449.440231728608	300	9.401161378798434	0.0	139857	1520.9484518239897	0.3
18450.90597722579	300	11.935415881617908	0.0	155432	1465.745497180527	0.3
18452.26831506935	300	14.57307803805945	0.0	163442	1362.3378435584586	0.3
18454.525561215603	750	16.315831891804006	0.0	318564	2257.2461462554425	0.3
18456.93472442257	750	17.9066686848401	0.0	352642	2409.163206963906	0.75
18461.488661359344	1200	17.352731748061892	0.0	709534	4553.936936778209	0.75
18465.82855903246	1200	17.012834074945378	0.0	584846	4339.897673116511	1.2
18468.618592002018	750	18.222801105386054	0.0	362795	2790.0329695593264	0.3
18471.63221538579	750	19.209177721615248	0.0	353220	3013.623383770804	0.75
18474.890356217136	750	19.95103689027026	0.0	405134	3258.1408313449883	0.75
18478.781978639206	1200	20.05941446819805	0.0	624282	3891.6224220722106	0.75
18483.445518095516	1200	19.39587501189066	0.0	687371	4663.539456307391	1.2
18487.741753812654	1200	19.09963929475589	0.0	526950	4296.235717134773	1.2
18490.193685868206	750	20.64770723919918	0.0	366214	2451.9320555567115	0.3
18498.360876217255	1200	16.480516890153282	0.0	617242	8167.190349045899	0.75
18499.766920490394	300	19.074472617012056	0.0	150616	1406.0442731412263	-0.6000000000000001
18502.202596932617	750	20.638796174790563	0.0	405596	2435.676442221491	0.3
18504.535255840576	1200	22.306137266831247	0.0	586839	2332.6589079593173	0.75
18510.026878488912	1850	20.814514618496293	0.0	891604	5491.622648334953	1.2000000000000002
18516.1369048873	1200	18.70448822011112	0.0	616206	6110.026398385173	0.5499999999999999
18518.450060797666	750	20.391332309745458	0.0	401853	2313.1559103656627	0.3
18520.97758146775	1200	21.86381163966165	0.0	536667	2527.5206700838053	0.75
18524.661130176137	1850	22.180262931269723	0.0	897976	3683.5487083919297	1.2000000000000002
18528.590079090194	1850	22.251314017214845	0.0	905935	3928.9489140548803	1.85
18533.06327780093	1850	21.77811530647443	0.0	1076599	4473.198710740417	1.85
18536.225894141	1850	22.61549896640621	0.0	758197	3162.6163400682153	1.85
18540.357044039516	1850	22.48434906789019	0.0	972798	4131.1498985160215	1.85
18544.458691656615	1850	22.382701450793412	0.0	975811	4101.647617096779	1.85
18547.854702174558	1850	22.986690932851115	0.0	873429	3396.0105179422985	1.85
18553.894573278983	2850	20.946819828427262	0.0	1497683	6039.871104423851	1.85
18557.429950886704	1850	21.411442220705375	0.0	885062	3535.377607721887	0.8500000000000001
18561.816851477204	1850	21.024541630203498	0.0	1035329	4386.9005905018785	1.85
18566.4805363914	1850	20.360856716008712	0.0	1026056	4663.684914194785	1.85
18571.57763770011	1850	19.263755407298312	0.0	943942	5097.101308710401	1.85
18575.36829166204	1200	19.473101445372592	0.0	487812	3790.6539619257205	0.5499999999999999
18580.411549528395	1200	18.429843579015614	0.0	575591	5043.2578663569775	1.2
18582.43864157326	750	20.402751534151147	0.0	378327	2027.0920448644686	0.3
18587.04906661348	1850	19.79232649392688	0.0	930577	4610.425040224269	0.75
18591.61405458263	1850	19.22733852477947	0.0	858450	4564.987969147408	1.85
18595.17356704127	1200	19.66782606613828	0.0	641452	3559.512458641191	0.5499999999999999
18598.093563518378	1200	20.7478295890302	0.0	599477	2919.9964771080786	1.2
18603.718583305137	1850	19.122809802274784	0.0	973972	5625.019786755417	1.2000000000000002
18607.149847823628	1200	19.691545283784148	0.0	630203	3431.264518490635	0.5499999999999999
18611.65926674161	1200	19.182126365799004	0.0	638661	4509.4189179851455	1.2
18614.902831483163	1200	19.93856162424696	0.0	538612	3243.564741552042	1.2
18617.539310311557	1200	21.30208279585243	0.0	550906	2636.47882839453	1.2

