17992.67994138887	750	4.0	7.229722006325715	450283	7229.722006325715	-30.337804627200573
17995.16250935561	300	5.517432033254713	0.0	155580	2482.567966745287	-0.15000000000000002
17997.413187331615	300	7.266754057251941	0.0	139857	2250.6779760027725	0.3
18005.893629239294	750	4.0	1.2136878504294237	382355	8480.441907681365	-4.918857756846522
18009.437658999002	300	4.455970240291253	0.0	163442	3544.0297597087465	-0.15000000000000002
18011.84034391579	300	6.053285323506552	0.0	126289	2402.684916784701	0.3
18013.791450674817	300	8.102178564476507	0.0	153295	1951.1067590300454	0.3
18019.123457181693	750	6.770172057599891	0.0	437162	5332.006506876616	0.3
18020.583946287003	300	9.309682952289604	0.0	150710	1460.4891053102865	-0.15000000000000002
18024.800619912283	1200	9.093009327011684	0.0	560821	4216.673625277921	0.29999999999999993
18030.856792647817	1200	7.036836591477107	0.0	607410	6056.172735534576	1.2
18034.54615183096	750	7.34747740833183	0.0	405134	3689.3591831452773	0.3
18037.507119053138	750	8.386510186155267	0.0	386351	2960.967222176563	0.75
18041.37601026638	750	8.517618972912624	0.0	434409	3868.891213242644	0.75
18044.81838760344	750	9.075241635847078	0.0	337059	3442.377337065546	0.75
18053.6326435484	1200	4.260985690890819	0.0	587876	8814.25594495626	0.75
18055.87794264426	300	6.015686595030958	0.0	143509	2245.2990958598602	-0.6000000000000001
18058.55487872068	300	7.338750518612614	0.0	150616	2676.936076418344	0.3
18065.174118693136	750	4.719510546155797	0.0	405596	6619.239972456818	0.3
18066.391646268923	300	7.50198297037036	0.0	140881	1217.5275757854365	-0.15000000000000002
18069.718582798017	750	8.175046441274842	0.0	386472	3326.9365290955175	0.3
18075.411123164893	750	6.48250607440342	0.0	399894	5692.5403668714225	0.75
18078.406894255477	300	7.486734983819039	0.0	163927	2995.771090584382	-0.15000000000000002
18086.746396324008	750	4.0	0.8527670847119425	343800	8339.502068530981	-3.366898464261353
18088.91813419112	300	5.828262132885522	0.0	146754	2171.7378671144775	-0.15000000000000002
18091.05837341783	300	7.68802290617881	0.0	153938	2140.239226706711	0.3
18097.178272039782	750	5.568124284225978	0.0	425781	6119.898621952832	0.3
18098.32651176278	300	8.419884561225098	0.0	111155	1148.2397230008798	-0.15000000000000002
18101.949208001122	750	8.797188322886356	0.0	400396	3622.696238338743	0.3
18106.31798844444	750	8.428407879567832	0.0	400508	4368.780443318523	0.75
18110.510167367276	750	8.236228956731054	0.0	358218	4192.178922836779	0.75
18114.26137600762	750	8.485020316385446	0.0	400322	3751.208640345608	0.75
18117.44761726954	750	9.298779054469017	0.0	369834	3186.241261916428	0.75
18128.12331697418	1200	4.0	1.376920650171618	670129	10675.699704640636	-5.1707587957379575
18131.968997687934	300	4.1543192862433465	0.0	179328	3845.6807137566543	-0.6000000000000001
18135.74947786722	300	4.373839106958607	0.0	159914	3780.480179284739	0.3
18138.68157340801	300	5.441743566169088	0.0	131610	2932.095540789519	0.3
18141.29940532988	300	6.823911644296292	0.0	124011	2617.831921872797	0.3
18143.528599228306	300	8.594717745866303	0.0	144254	2229.1938984299895	0.3
18148.418831085633	750	7.704485888540493	0.0	390680	4890.23185732581	0.3
18151.874695979823	750	8.248620994349903	0.0	345516	3455.864894190589	0.75
18154.739389821814	750	9.383927152360613	0.0	384505	2864.6938419892904	0.75
18159.92229762034	1200	8.201019353836852	0.0	599477	5182.907798523763	0.75
18164.699334963054	750	7.423982011119197	0.0	438281	4777.037342717655	0.3
18167.669849949165	750	8.453467025006345	0.0	398987	2970.5149861128525	0.75
18171.201707506687	750	8.921609467484853	0.0	393804	3531.857557521493	0.75
18174.27803716331	750	9.845279810862671	0.0	331053	3076.3296566221825	0.75
18181.920653530335	1200	6.202663443840549	0.0	550906	7642.616367022121	0.75

