13262.044150706623	750	4.0	4.043612194844198	450283	4043.6121948441983	-16.63753243783005
13263.700609113734	300	6.343541592888147	0.0	155580	1656.458407111853	-0.15000000000000002
13264.969300241473	300	9.07485046514876	0.0	139857	1268.6911277393874	0.3
13266.147264962285	300	11.896885744338519	0.0	155432	1177.9647208102417	0.3
13267.25738697197	300	14.786763734651103	0.0	163442	1110.122009687414	0.3
13268.032252737528	300	18.011897969094953	0.0	126289	774.8657655561504	0.3
13269.049418938504	300	20.99473176811839	0.0	153295	1017.1662009765631	0.3
13270.491776032855	300	23.552374673766554	0.0	173849	1442.3570943518337	0.3
13272.209539359204	300	25.83461134741873	0.0	150710	1717.763326347823	0.3
13273.849914866572	300	28.194235840051057	0.0	139105	1640.3755073676718	0.3
13275.408995313248	300	30.63515539337508	0.0	141840	1559.0804466759766	0.3
13276.91266635214	300	33.13148435448211	0.0	156148	1503.6710388929696	0.3
13278.922661013064	300	35.12148969355655	0.0	160746	2009.9946609255603	0.3
13281.431051237192	300	36.6130994694294	0.0	179801	2508.390224127149	0.3
13283.340285888693	300	38.70386481792988	0.0	140051	1909.2346514995165	0.3
13285.161534657553	300	40.882616049069945	0.0	138313	1821.2487688599358	0.3
13286.766009278359	300	43.278141428263055	0.0	143509	1604.4746208068873	0.3
13288.087587177553	300	45.95656352906689	0.0	150616	1321.5778991961633	0.3
13289.134803516088	300	48.90934719053318	0.0	165384	1047.2163385337085	0.3
13290.04453664786	300	51.99961405876167	0.0	140881	909.7331317715054	0.3
13291.04811371055	300	54.99603699607016	0.0	157671	1003.5770626915189	0.3
13292.276112811966	300	57.76803789465513	0.0	157812	1227.9991014150314	0.3
13294.157793558321	300	59.88635714830038	0.0	163927	1381.6807463547484	0.3
13295.719998699435	300	59.848882101015455	0.0	137654	1037.4750472849225	0.3
13298.548567407019	300	59.58196274643719	0.0	146754	2266.9193545782587	0.3
13299.67633684508	300	59.50390270871022	0.0	153938	1078.0600377269752	0.3
13303.4828814737	300	59.69735808008991	0.0	181901	1806.5446286203082	0.3
13306.500292704935	300	59.62177951709905	0.0	111155	1575.578562990867	0.3
13310.38827254744	300	59.73379967459727	0.0	153605	2387.979842501777	0.3
13312.40739929743	300	59.539142574025455	0.0	149029	1694.6571005718145	0.3
13314.675794717321	300	59.707179636339134	0.0	157421	1831.9629376863204	0.3
13317.39583760693	300	59.98037447553738	0.0	157488	1226.8051608017454	0.3
13320.43041039463	300	59.749706989040035	0.0	143881	2230.6674864973443	0.3
13324.321435330276	300	59.858682053396585	0.0	163444	2891.024935643448	0.3
13328.16395713012	300	59.67988617649746	0.0	179328	2178.795876899124	0.3
13331.950832145136	300	59.893011161482306	0.0	159914	3286.8750150151595	0.3
13335.983785846152	300	59.860057460465704	0.0	131610	3532.9537010165986	0.3
13338.933104222593	300	59.74717560128417	0.0	124011	2112.8818591815293	0.3
13341.064609188054	300	59.574641362883575	0.0	144254	1172.5342384006017	0.3
13343.368732129873	300	59.76206535095398	0.0	149991	1812.57601192959	0.3
13345.525094452865	300	59.96965757790296	0.0	147968	1292.4077730510244	0.3
13349.429446868613	300	59.88945866399977	0.0	161857	2580.198913903196	0.3
13352.436482967198	300	59.56301743262923	0.0	145210	2826.4412313705343	0.3
13353.666150855348	300	59.76848090316197	0.0	172312	794.5365294672572	0.3
13355.084526849445	300	59.50685856645461	0.0	167025	761.6223367073646	0.3
13356.423550450803	300	59.67572354647017	0.0	160064	831.1350199844425	0.3
13357.482554610833	300	59.62516574314214	0.0	137507	550.5578033280256	0.3
13358.007048548701	300	59.687141966558364	0.0	118421	438.0237765837731	0.3

