20329.942741051553	750	4.0	2.288238812003366	450283	2288.238812003366	-9.089426891614474
20331.061443088318	300	6.8812979632329325	0.0	155580	1118.7020367670673	-0.15000000000000002
20332.08757991023	300	9.855161141322627	0.0	139857	1026.136821910304	0.3
20333.091582437835	300	12.851158613717809	0.0	155432	1004.0025276048184	0.3
20334.114520973053	300	15.828220078499596	0.0	163442	1022.9385352182123	0.3
20335.892675376246	750	18.05006567530574	0.0	318564	1778.1544031938583	0.3
20337.217403116218	750	20.725337935336153	0.0	352642	1324.7277399695834	0.75
20340.362085996996	1200	21.580655054557408	0.0	709534	3144.6828807787447	0.75
20343.753480620027	1850	22.189260431527075	0.0	852833	3391.394623030335	1.2000000000000002
20346.273783495013	1200	23.668957556541734	0.0	560821	2520.3028749853393	0.5499999999999999
20350.55300903674	1850	23.389732014814413	0.0	939819	4279.225541727321	1.2000000000000002
20355.87147881414	1850	22.071262237414217	0.0	917428	5318.469777400198	1.85
20360.092887124374	1850	21.849853927179552	0.0	946851	4221.408310234661	1.85
20364.417338530035	1850	21.525402521520583	0.0	1036454	4324.451405658969	1.85
20366.95440415345	1200	22.98833689810272	0.0	526950	2537.0656234178655	0.5499999999999999
20371.028990267438	1850	22.913750784115603	0.0	923170	4074.586113987114	1.2000000000000002
20375.049375575865	1850	22.893365475685407	0.0	966699	4020.3853084301963	1.85
20379.435522065494	1850	22.507218986058707	0.0	885714	4386.1464896267025	1.85
20382.575689963174	1850	23.367051088380904	0.0	987708	3140.167897677802	1.85
20385.32058639593	1850	24.622154655624712	0.0	923755	2744.896432756193	1.85
20389.85249525746	1850	24.09024579409386	0.0	891604	4531.908861530848	1.85
20393.83020182521	1850	24.112539226342726	0.0	955231	3977.7065677511337	1.85
20398.65933022792	1850	23.283410823627246	0.0	968026	4829.12840271548	1.85
20402.81652179966	1850	23.126219251888067	0.0	874175	4157.191571739181	1.85
20406.419507618037	1850	23.523233433514335	0.0	897976	3602.9858183737306	1.85
20411.99871840329	1850	21.94402264826036	0.0	905935	5579.210785253973	1.85
20415.37665581746	1200	22.566085234089563	0.0	696376	3377.937414170798	0.5499999999999999
20419.67879964882	1850	22.26394140272781	0.0	758197	4302.14383136175	1.2000000000000002
20423.99706354954	1850	21.945677502006685	0.0	972798	4318.263900721124	1.85
20427.914012930527	1850	22.028728121019526	0.0	975811	3916.9493809871587	1.85
20431.013993824505	1850	22.92874722704334	0.0	873429	3099.980893976185	1.85
20434.386425643137	1850	23.556315408410505	0.0	954453	3372.4318186328337	1.85
20438.275703555377	1850	23.667037496172004	0.0	885062	3889.2779122384986	1.85
20443.726701741056	1850	22.216039310493194	0.0	1035329	5450.998185678811	1.85
20450.691114888803	1850	19.25162616274484	0.0	1026056	6964.4131477483525	1.85
20454.206276708897	1200	19.736464342648823	0.0	598727	3515.1618200960193	0.5499999999999999
20456.310423567662	1200	21.632317483887043	0.0	487812	2104.146858761779	1.2
20458.60649319957	1200	23.336247851974782	0.0	575591	2296.069631912263	1.2
20461.667208689174	1850	24.27553236237157	0.0	908665	3060.7154896032102	1.2000000000000002
20465.501517258166	1850	24.441223793380633	0.0	930577	3834.30856899094	1.85
20469.4085270724	1850	24.534213979149733	0.0	858450	3907.0098142309002	1.85
20473.472363162986	1850	24.470377888563576	0.0	1025005	4063.8360905861546	1.85
20476.961137580023	1850	24.981603471528565	0.0	886255	3488.774417035011	1.85
20482.690988682516	1850	23.251752369035486	0.0	973972	5729.8511024930785	1.85
20486.891444020697	1850	23.05129703085403	0.0	958994	4200.455338181456	1.85
20490.93891628703	1850	23.003824764523515	0.0	982064	4047.4722663305174	1.85
20494.16798860661	1850	23.774752444941562	0.0	830730	3229.0723195819533	1.85
20497.328706386656	1850	24.614034664893953	0.0	846370	3160.717780047608	1.85

