23318.767420401276	750	4.0	3.7572090788844412	450283	3757.209078884441	-15.405999039203095
23319.9981550152	300	6.76926538607515	0.0	155580	1230.7346139248493	-0.15000000000000002
23321.0634700432	300	9.703950358079696	0.0	139857	1065.3150279954539	0.3
23322.345200004518	300	12.422220396759094	0.0	155432	1281.729961320603	0.3
23327.67824392174	750	11.089176479538525	0.0	411561	5333.04391722057	0.3
23329.74863245635	300	13.018787944925805	0.0	126289	2070.388534612719	-0.15000000000000002
23331.883166122963	300	14.88425427831657	0.0	153295	2134.5336666092358	0.3
23333.542181662553	300	17.225238738727583	0.0	173849	1659.0155395889853	0.3
23336.30728171832	750	18.460138682957098	0.0	374758	2765.100055770486	0.3
23339.810291769558	750	18.957128631721947	0.0	362795	3503.0100512351523	0.75
23344.778781347482	750	17.988639053793783	0.0	353220	4968.48957792816	0.75
23348.125928259033	750	18.64149214224472	0.0	405134	3347.146911549065	0.75
23352.026136167307	750	18.74128423397138	0.0	386351	3900.2079082733358	0.75
23362.361118767003	750	12.406301634274275	0.0	434409	10334.982599697107	0.75
23366.623649177352	300	12.143771223923494	0.0	140051	4262.530410350782	-0.15000000000000002
23370.638352577465	300	12.129067823811104	0.0	138313	4014.703400112391	0.3
23374.25767307941	300	12.509747321869105	0.0	143509	3619.3205019419975	0.3
23377.310940895863	300	13.456479505415011	0.0	150616	3053.2678164540944	0.3
23381.875834326976	300	12.891586074303792	0.0	165384	4564.893431111218	0.3
23386.68281330598	300	12.084607095302669	0.0	140881	4806.978979001124	0.3
23392.422981039548	300	10.344439361735777	0.0	157671	5740.167733566892	0.3
23397.782887294503	300	8.984533106781976	0.0	157812	5359.906254953802	0.3
23402.227644741808	300	8.53977565947548	0.0	163927	4444.757447306495	0.3
23405.029657427476	300	9.737762973809117	0.0	137654	2802.0126856663633	0.3
23408.085821516186	300	10.681598885097696	0.0	146754	3056.1640887114204	0.3
23410.539650284358	300	12.22777011692752	0.0	153938	2453.828768170175	0.3
23412.870587196223	300	13.896833205062968	0.0	181901	2330.9369118645527	0.3
23414.478196659795	300	16.289223741490908	0.0	111155	1607.6094635720613	0.3
23423.249078322242	750	11.518342079043764	0.0	400396	8770.881662447142	0.3
23427.483918731326	300	11.2835016699583	0.0	149029	4234.840409085466	-0.15000000000000002
23432.538091857165	300	10.229328544121872	0.0	157421	5054.173125836426	0.3
23437.490553124797	300	9.276867276490277	0.0	157488	4952.4612676315965	0.3
23443.079494626283	300	7.687925775004186	0.0	143881	5588.941501486091	0.3
23447.2897265918	300	7.477693809488078	0.0	163444	4210.231965516108	0.3
23452.839825592273	300	5.927594809014932	0.0	179328	5550.099000473146	0.3
23458.62967448692	300	4.13774591436776	0.0	159914	5789.8488946471725	0.3
23463.079989938848	300	4.0	0.31256953755853556	131610	4450.315451926295	-1.0440490115017027
23466.707381340457	300	4.372608598393313	0.0	124011	3627.391401606687	0.3
23469.962583628687	300	5.117406310158937	0.0	144254	3255.2022882343776	0.3
23471.64973049229	300	7.430259446556041	0.0	149991	1687.1468636028953	0.3
23473.126875955106	300	9.953113983741881	0.0	147968	1477.1454628141603	0.3
23474.595855770993	300	12.484134167851423	0.0	161857	1468.9798158904596	0.3
23475.77977582541	300	15.300214113436777	0.0	145210	1183.9200544146438	0.3
23478.88577824851	750	16.19421169033213	0.0	438281	3106.0024231046486	0.3
23481.54458233687	750	17.535407601974	0.0	398987	2658.8040883581293	0.75
23483.977424390752	750	19.10256554809159	0.0	393804	2432.8420538824134	0.75
23487.58425554314	1200	19.495734395700524	0.0	538612	3606.8311523910634	0.75
23493.579832457883	1850	17.500157480960596	0.0	846370	5995.57691473993	1.2000000000000002

