7511.196182229376	750	4.0	1.5823407749373364	450283	1582.3407749373364	-6.054065332230546
7511.757922311143	300	7.438259918233034	0.0	155580	561.7400817669663	-0.15000000000000002
7513.361212733114	750	9.834969496261765	0.0	350812	1603.2904219712689	0.3
7515.830470239233	1200	11.365711990142966	0.0	617681	2469.2575061188	0.75
7519.682298415822	1850	11.513883813554445	0.0	996749	3851.828176588521	1.2000000000000002
7522.777471897929	1850	12.418710331447274	0.0	801058	3095.1734821071705	1.85
7526.703888747334	1850	12.492293482042852	0.0	905515	3926.41684940442	1.85
7530.694825890867	1850	12.501356338509567	0.0	1060487	3990.9371435332873	1.85
7534.488001912627	1850	12.708180316749997	0.0	852833	3793.1760217595684	1.85
7537.749631571394	1850	13.446550657982284	0.0	913888	3261.629658767713	1.85
7543.94014284687	2850	11.256039382506327	0.0	1354548	6190.511275475958	1.85
7547.805773447973	1850	11.390408781403513	0.0	917428	3865.6306011028123	0.8500000000000001
7552.245602351229	1850	10.95057987814792	0.0	946851	4439.828903255593	1.85
7554.858757266121	1200	12.337424963255266	0.0	687371	2613.1549148926547	0.5499999999999999
7558.575378967941	1850	12.62080326143567	0.0	821631	3716.6217018195957	1.2000000000000002
7562.464517423437	1850	12.731664805939475	0.0	923170	3889.1384554961955	1.85
7569.043782565343	1850	10.152399664034577	0.0	966699	6579.265141904898	1.85
7572.182923537625	1200	11.013258691752295	0.0	581493	3139.1409722822823	0.5499999999999999
7576.684627385995	1850	10.511554843383227	0.0	987708	4501.7038483690685	1.2000000000000002
7580.181763317731	1200	11.014418911647379	0.0	586839	3497.1359317358474	0.5499999999999999
7587.814727317431	1850	7.381454911946504	0.0	891604	7632.963999700875	1.2000000000000002
7590.537868951481	750	8.658313277897133	0.0	399894	2723.1416340493715	-0.3500000000000001
7594.620453131297	750	8.575729098081696	0.0	401853	4082.584179815436	0.75
7597.962772806347	750	9.233409423031484	0.0	343800	3342.319675050212	0.75
7602.415840082437	1200	8.780342146942008	0.0	587236	4453.067276089476	0.75
7605.651645131912	750	9.544537097466465	0.0	379700	3235.8050494755416	0.3
7611.005800475014	1200	8.190381754363958	0.0	696376	5354.155343102507	0.75
7615.76795547541	750	7.4282267539678255	0.0	277716	4762.155000396134	0.3
7623.6365655444115	750	4.0	0.4403833150337014	400396	7868.610069001526	-1.1436482546449158
7625.295082127882	300	6.341483416529184	0.0	149029	1658.5165834708157	-0.15000000000000002
7626.959977218221	300	8.676588326190219	0.0	157421	1664.8950903389664	0.3
7630.858075720418	750	8.778489823992938	0.0	400322	3898.0985021972783	0.3
7636.226549020869	750	7.410016523541731	0.0	369834	5368.473300451208	0.75
7639.3411349631415	750	8.295430581269274	0.0	412837	3114.5859422724566	0.75
7641.900599270113	750	9.735966274298162	0.0	401088	2559.4643069711124	0.75
7645.138951405237	1200	10.497614139173173	0.0	598727	3238.3521351249883	0.75
7648.530637183399	1200	11.105928361010928	0.0	487812	3391.6857781622434	1.2
7656.0912618573875	1850	7.5453036870227965	0.0	938587	7560.624673988133	1.2000000000000002
7658.42416937167	750	9.212396172739977	0.0	378327	2332.9075142828206	-0.3500000000000001
7661.71991211956	1200	9.916653424850455	0.0	587506	3295.74274788952	0.75
7665.00984839216	1200	10.626717152249391	0.0	566904	3289.936272601065	1.2
7669.2872205091035	1200	10.349345035306728	0.0	641452	4277.372116942665	1.2
7673.023899505344	1200	10.612666039066095	0.0	599477	3736.6789962406333	1.2
7677.413153073832	1200	10.223412470577689	0.0	634861	4389.253568488407	1.2
7681.97686407339	1200	9.65970147101955	0.0	630203	4563.710999558139	1.2
7684.994397383892	1200	10.642168160517311	0.0	638661	3017.533310502239	1.2
7689.807191501767	1200	9.829374042641852	0.0	538612	4812.79411787546	1.2
7693.909328474972	1200	9.727237069436931	0.0	550906	4102.136973204921	1.2

