8052.226463625358	750	4.0	4.799754461958953	450283	4799.754461958953	-19.888944186423497
8053.648453853137	300	6.578009772220171	0.0	155580	1421.9902277798294	-0.15000000000000002
8054.850462542047	300	9.376001083309369	0.0	139857	1202.0086889108015	0.3
8056.38065389487	300	11.845809730486824	0.0	155432	1530.1913528225455	0.3
8058.10239533879	300	14.124068286566814	0.0	163442	1721.7414439200097	0.3
8059.3953793037335	300	16.831084321623113	0.0	126289	1292.9839649437026	0.3
8060.712140559777	300	19.514323065579724	0.0	153295	1316.7612560433888	0.3
8062.690369935327	300	21.536093690030583	0.0	173849	1978.229375549142	0.3
8066.141561847527	300	22.08490177783134	0.0	150710	3451.191912199239	0.3
8069.5891672728285	300	22.63729635252904	0.0	139105	3447.6054253022985	0.3
8072.936774217275	300	23.289689408083053	0.0	141840	3347.6069444459904	0.3
8076.078287233596	300	24.148176391762494	0.0	156148	3141.5130163205604	0.3
8078.858633612247	300	25.367830013110833	0.0	160746	2780.3463786516572	0.3
8081.193202799807	300	27.033260825550737	0.0	179801	2334.5691875600974	0.3
8082.561156957132	300	29.665306668226346	0.0	140051	1367.9541573243926	0.3
8084.078428475629	300	32.14803514972852	0.0	138313	1517.2715184978235	0.3
8086.08112693267	300	34.14533669268884	0.0	143509	2002.6984570396776	0.3
8088.116699007669	300	36.10976461768891	0.0	150616	2035.5720749999327	0.3
8090.454784374917	300	37.771679250441245	0.0	165384	2338.0853672476655	0.3
8092.602958241571	300	39.623505383786714	0.0	140881	2148.1738666545266	0.3
8095.640450363566	300	40.58601326179257	0.0	157671	3037.492121994143	0.3
8099.1854719903085	300	41.0409916350496	0.0	157812	3545.0216267429732	0.3
8102.094952532926	300	42.13151109243273	0.0	163927	2909.4805426168664	0.3
8104.950887778828	300	43.2755758465308	0.0	137654	2855.9352459019296	0.3
8107.97255028201	300	44.25391334334848	0.0	146754	3021.6625031823223	0.3
8110.464788408462	300	45.76167521689631	0.0	153938	2492.2381264521728	0.3
8113.221110199836	300	47.00535342552232	0.0	181901	2756.3217913739873	0.3
8115.183094015809	300	49.04336960955008	0.0	111155	1961.9838159722353	0.3
8118.1266118703315	300	50.09985175502686	0.0	153605	2943.517854523227	0.3
8120.248872970161	300	51.977590655197695	0.0	149029	2122.2610998291602	0.3
8122.2032398095025	300	54.02322381585551	0.0	157421	1954.366839342183	0.3
8124.036981297612	300	56.18948232774638	0.0	157488	1833.7414881091297	0.3
8125.724629683352	300	58.501833942006165	0.0	143881	1687.6483857402145	0.3
8128.460307300926	300	59.766156324432984	0.0	163444	1735.6776175731898	0.3
8132.324678769644	300	59.80076968268661	0.0	179328	2465.3866417463714	0.3
8135.09742422876	300	59.858889333214655	0.0	159914	1941.8803494719577	0.3
8137.489673407632	300	59.833197374901275	0.0	131610	1525.6919583133763	0.3
8140.156438313388	300	59.518093532301506	0.0	124011	1315.1038425997667	0.3
8142.746722025832	300	59.963782226758205	0.0	144254	1554.311305543302	0.3
8144.412816619542	300	59.93872105700368	0.0	149991	1525.061169754528	0.3
8145.65008425929	300	59.73060394460714	0.0	147968	1208.1171123965491	0.3
8152.579346651293	750	56.801341552604136	0.0	384505	6929.262392003002	0.3
8158.711807598296	750	54.66888060560103	0.0	372093	6132.460947003107	0.75
8164.7051327740655	750	52.675555429832556	0.0	438281	5993.32517576847	0.75
8168.223306397536	750	53.15738180636136	0.0	398987	3518.173623471198	0.75
8171.72149284325	750	53.6591953606474	0.0	393804	3498.186445713956	0.75
8177.275901579271	750	52.10478662462753	0.0	331053	5554.408736019878	0.75
8181.136646522479	750	52.24404168141944	0.0	314107	3860.744943208092	0.75

