1422.0303762546225	750	4.0	4.549356298858494	450283	4549.356298858494	-18.812232085091523
1423.5171853306133	300	6.513190924009408	0.0	155580	1486.8090759905917	-0.15000000000000002
1424.4381282941047	300	9.59224796051802	0.0	139857	920.942963491389	0.3
1425.5945059411386	300	12.435870313484033	0.0	155432	1156.3776470339874	0.3
1428.686535547369	750	13.343840707253666	0.0	411561	3092.029606230367	0.3
1431.3763550146648	750	14.654021239957672	0.0	318564	2689.819467295993	0.75
1434.7340136386576	750	15.296362615964641	0.0	352642	3357.658623993031	0.75
1438.5976207705046	750	15.43275548411765	0.0	437162	3863.6071318469913	0.75
1441.8351637284543	750	16.195212526167996	0.0	374758	3237.5429579496536	0.75
1444.947856867654	750	17.082519386968265	0.0	362795	3112.693139199729	0.75
1448.1213923833502	750	17.908983871272078	0.0	353220	3173.535515696188	0.75
1452.0468036698471	750	17.983572584775384	0.0	405134	3925.411286496694	0.75
1456.1060544669394	750	17.924321787682874	0.0	386351	4059.25079709251	0.75
1461.5180694991104	750	16.51230675551216	0.0	434409	5412.015032170715	0.75
1464.3429222683112	750	17.687453986311144	0.0	337059	2824.8527692010134	0.75
1467.3161707533695	750	18.714205501252746	0.0	366214	2973.2484850583996	0.75
1471.0950075869182	750	18.935368667703944	0.0	360831	3778.836833548799	0.75
1475.3988180976025	750	18.631558157019647	0.0	372963	4303.810510684297	0.75
1480.2072981541348	750	17.82307810048746	0.0	405596	4808.480056532187	0.75
1483.1576176700132	750	18.87275858460897	0.0	350713	2950.319515878493	0.75
1486.0609087046373	750	19.96946754998499	0.0	386472	2903.291034623981	0.75
1488.7944461016816	750	21.235930152940703	0.0	399894	2733.537397044288	0.75
1491.9106829924299	750	22.11969326219227	0.0	401853	3116.2368907484292	0.75
1494.5812936076895	750	23.449082646932794	0.0	343800	2670.6106152594784	0.75
1497.3503177638106	750	24.680058490811742	0.0	359903	2769.024156121053	0.75
1504.0569058018054	1850	21.973470452816763	0.0	905935	6706.588037994978	0.75
1512.498891423159	1850	17.53148483146311	0.0	1076599	8441.985621353657	1.85
1519.0840969609433	1850	14.946279293679053	0.0	758197	6585.205537784054	1.85
1532.009813709624	1850	6.020562544998173	0.0	972798	12925.716748680881	1.85
1533.9181775604102	300	8.11219869421204	0.0	149029	1908.3638507861335	-1.25
1536.357625662071	300	9.672750592551191	0.0	157421	2439.4481016608493	0.3
1538.7024633454887	300	11.327912909133705	0.0	157488	2344.837683417486	0.3
1540.6345302927366	300	13.395845961885806	0.0	143881	1932.0669472478976	0.3
1542.5934130988671	300	15.436963155755397	0.0	163444	1958.8828061304102	0.3
1546.8644968209915	750	15.165879433630943	0.0	401088	4271.083722124453	0.3
1550.883353949993	750	15.147022304629226	0.0	365161	4018.857129001716	0.75
1553.7443742243074	750	16.28600203031492	0.0	321064	2861.020274314309	0.75
1556.6090357714204	750	17.421340483201917	0.0	361565	2864.661547113001	0.75
1559.5546442565492	750	18.475731998073137	0.0	378327	2945.6084851287774	0.75
1563.3560742092384	750	18.674302045384	0.0	390680	3801.429952689137	0.75
1566.8981862411515	750	19.13219001347095	0.0	345516	3542.1120319130487	0.75
1570.5962571302468	750	19.43411912437567	0.0	384505	3698.0708890952787	0.75
1575.4556364770426	750	18.574739777579854	0.0	372093	4859.379346795816	0.75
1581.684594442565	750	16.345781812057503	0.0	438281	6228.95796552235	0.75
1589.6499538124845	750	12.380422442138096	0.0	398987	7965.359369919407	0.75
1594.8827814563635	750	11.147594798258927	0.0	393804	5232.82764387917	0.75
1598.4052242616128	750	11.625151993009723	0.0	331053	3522.442805249205	0.75
1602.8464727953447	750	11.18390345927797	0.0	314107	4441.248533731754	0.75

