4477.65180751651	750	4.0	2.342534869962582	450283	2342.534869962582	-9.322899940839102
4478.722495591641	300	6.929311924870432	0.0	155580	1070.6880751295678	-0.15000000000000002
4480.026030182888	300	9.625777333623237	0.0	139857	1303.5345912471955	0.3
4481.148287578295	300	12.503519938216048	0.0	155432	1122.257395407189	0.3
4482.911113799355	750	14.740693717156368	0.0	411561	1762.8262210596802	0.3
4484.143874660089	750	17.507932856422414	0.0	318564	1232.7608607339573	0.75
4485.405863872364	750	20.24594364414743	0.0	352642	1261.9892122749807	0.75
4486.9201950912075	750	22.73161242530336	0.0	437162	1514.331218844073	0.75
4489.54709926367	1850	24.104708252841064	0.0	852833	2626.9041724622953	0.75
4492.464805943277	1850	25.187001573233815	0.0	913888	2917.706679607252	1.85
4495.711756305069	1850	25.940051211442	0.0	939819	3246.9503617918135	1.85
4499.508655900832	1850	26.143151615678757	0.0	917428	3796.899595763242	1.85
4504.284476636208	1850	25.367330880303133	0.0	946851	4775.820735375626	1.85
4508.242124024816	1850	25.40968349169476	0.0	1036454	3957.6473886083736	1.85
4510.944544865918	1850	26.707262650592035	0.0	821631	2702.420841102725	1.85
4513.829256438837	1850	27.82255107767423	0.0	923170	2884.711572917806	1.85
4516.848949253759	1850	28.802858262751116	0.0	966699	3019.6928149231144	1.85
4519.634264231397	1850	30.01754328511358	0.0	885714	2785.3149776375403	1.85
4522.826433585525	1850	30.825373930985457	0.0	987708	3192.16935412812	1.85
4526.8131229659375	1850	30.83868455057239	0.0	923755	3986.6893804130714	1.85
4530.977062923862	1850	30.67474459264827	0.0	891604	4163.939957924118	1.85
4534.859645568352	1850	30.792161948157588	0.0	955231	3882.5826444906816	1.85
4538.727581067183	1850	30.924226449326756	0.0	968026	3867.93549883083	1.85
4541.782428915696	1850	31.869378600813786	0.0	874175	3054.847848512972	1.85
4545.393918375716	1850	32.25788914079461	0.0	897976	3611.4894600191765	1.85
4550.133110257356	1850	31.518697259155118	0.0	905935	4739.1918816394955	1.85
4556.42698221104	1850	29.22482530546998	0.0	1076599	6293.871953685135	1.85
4560.301969162447	1850	29.34983835406342	0.0	758197	3874.98695140656	1.85
4565.8451628189005	1850	27.806644697609745	0.0	972798	5543.193656453676	1.85
4571.78300246929	1850	25.868805047219904	0.0	975811	5937.83965038984	1.85
4577.994143616684	1850	23.65766389982573	0.0	873429	6211.141147394168	1.85
4584.425730590401	1850	21.226076926108618	0.0	954453	6431.586973717116	1.85
4591.262788963813	1850	18.38901855269631	0.0	885062	6837.058373412308	1.85
4599.73635416743	1850	13.915453349078888	0.0	1035329	8473.565203617423	1.85
4614.089295200277	1850	4.0	0.4374876837677402	1026056	14352.941032846627	-0.03119704020128289
4617.59984509794	300	4.48945010233752	0.0	159914	3510.5498976624795	-1.25
4619.020082060552	300	7.069213139725163	0.0	131610	1420.2369626123573	0.3
4621.394343627689	300	8.694951572588547	0.0	124011	2374.2615671366157	0.3
4624.0158963135245	300	10.073398886752328	0.0	144254	2621.5526858362196	0.3
4627.229007442414	300	10.86028775786312	0.0	149991	3213.1111288892075	0.3
4629.56514479745	300	12.524150402827425	0.0	147968	2336.1373550356957	0.3
4631.144024283542	300	14.945270916735105	0.0	161857	1578.8794860923201	0.3
4633.8536086643235	750	16.235686535953395	0.0	372093	2709.584380781708	0.3
4636.288852414348	750	17.800442785928777	0.0	438281	2435.2437500246183	0.75
4639.175670877672	750	18.91362432260523	0.0	398987	2886.8184633235464	0.75
4645.0190617642875	1850	17.070233435989028	0.0	982064	5843.390886616203	0.75
4651.2978078826445	1850	14.79148731763252	0.0	830730	6278.7461183565065	1.85
4657.143550257966	1850	12.94574494231121	0.0	846370	5845.74237532131	1.85

