4574.185366850326	750	4.0	3.998697299309292	450283	3998.697299309292	-16.444398387029956
4575.5673454434145	300	6.61802140691262	0.0	155580	1381.9785930873804	-0.15000000000000002
4578.612227282331	750	7.573139567996108	0.0	350812	3044.8818389165117	0.3
4582.011215148781	750	8.174151701546043	0.0	382355	3398.9878664500648	0.75
4592.1096667843	750	4.0	1.924299933973345	411561	10098.451635519388	-7.524489716085384
4594.856445075131	300	5.253221709169329	0.0	126289	2746.778290830671	-0.15000000000000002
4597.141902549003	300	6.96776423529689	0.0	153295	2285.457473872438	0.3
4599.38318588219	300	8.72648090211019	0.0	173849	2241.283333186701	0.3
4601.580308997682	300	10.529357786619299	0.0	150710	2197.1231154908915	0.3
4603.563430252476	300	12.546236531824535	0.0	139105	1983.1212547947634	0.3
4605.435409913489	300	14.674256870811664	0.0	141840	1871.979661012871	0.3
4607.270184292009	300	16.839482492291133	0.0	156148	1834.774378520534	0.3
4612.181574105229	750	15.928092679071947	0.0	386351	4911.389813219186	0.3
4616.077971490159	750	16.031695294141883	0.0	434409	3896.397384930064	0.75
4619.811404622372	750	16.298262161928633	0.0	337059	3733.4331322132484	0.75
4622.747248973403	750	17.362417810897472	0.0	366214	2935.8443510311567	0.75
4626.585459241494	750	17.52420754280623	0.0	360831	3838.2102680912412	0.75
4630.6676750044135	750	17.441991779887758	0.0	372963	4082.2157629184712	0.75
4634.90075436796	750	17.2089124163414	0.0	405596	4233.07936354636	0.75
4638.384904173096	750	17.724762611204017	0.0	350713	3484.1498051373837	0.75
4643.0056271960675	750	17.104039588232624	0.0	386472	4620.723022971394	0.75
4649.5856723007655	750	14.523994483535356	0.0	399894	6580.045104697268	0.75
4656.963012842105	750	11.146653942195847	0.0	401853	7377.340541339509	0.75
4661.278570864282	750	10.83109592001807	0.0	343800	4315.558022177777	0.75
4666.395974666029	750	9.713692118271632	0.0	359903	5117.403801746437	0.75
4671.9577896614055	750	8.151877122895128	0.0	379700	5561.814995376505	0.75
4676.905217252756	750	7.204449531544015	0.0	425781	4947.427591351112	0.75
4678.309778434413	300	9.799888349887958	0.0	111155	1404.5611816560574	-0.15000000000000002
4679.781113474858	300	12.32855330944297	0.0	153605	1471.3350404449877	0.3
4681.1575483308225	300	14.952118453478551	0.0	149029	1376.434855964419	0.3
4684.548948998792	750	15.560717785508215	0.0	358218	3391.4006679703366	0.3
4687.666780971178	750	16.44288581312268	0.0	400322	3117.8319723855343	0.75
4692.6542026850175	750	15.455464099283082	0.0	369834	4987.421713839598	0.75
4698.691224483983	750	13.418442300317023	0.0	412837	6037.0217989660605	0.75
4701.913370287245	750	14.196296497055048	0.0	401088	3222.1458032619753	0.75
4704.6434309479	750	15.466235836400353	0.0	365161	2730.060660654696	0.75
4706.9163260197965	750	17.193340764504065	0.0	321064	2272.895071896287	0.75
4709.076203391656	750	19.03346339264443	0.0	361565	2159.877371859636	0.75
4711.615308899623	750	20.49435788467755	0.0	378327	2539.1055079668777	0.75
4715.1628827484965	750	20.946784035804114	0.0	390680	3547.573848873438	0.75
4717.824123207855	750	22.28554357644621	0.0	345516	2661.240459357903	0.75
4722.8023106437595	1200	21.30735614054203	0.0	641452	4978.18743590418	0.75
4727.486508232733	1200	20.623158551568274	0.0	599477	4684.197588973754	1.2
4733.340269762518	1200	18.769397021783284	0.0	634861	5853.761529784992	1.2
4737.970895382981	1200	18.13877140131972	0.0	630203	4630.6256204635665	1.2
4744.90358856845	1850	15.206078215851099	0.0	982064	6932.69318546862	1.2000000000000002
4752.249548434607	1850	11.860118349692945	0.0	830730	7345.959866158155	1.85
4771.04003470917	2850	4.0	6.930367924869301	1364537	18790.486274562245	-27.95058207693799

