16830.900433854848	750	4.0	0.8872836624630916	450283	887.2836624630917	-3.065319748591294
16832.173824898222	1200	6.726608956627221	0.0	611087	1273.3910433727794	0.75
16834.031965568898	1850	8.86846828595021	0.0	877771	1858.1406706770113	1.2000000000000002
16836.161057037167	1850	10.739376817678385	0.0	933276	2129.091468271825	1.85
16839.08474765492	2850	11.815686199922702	0.0	1472558	2923.6906177556825	1.85
16841.426022337168	2850	13.474411517676844	0.0	1224260	2341.27468224586	2.85
16846.16616570737	4300	12.734268147473106	0.0	2157535	4740.1433702037375	2.8499999999999996
16851.365746267347	4300	11.534687587497181	0.0	2290172	5199.580559975924	4.3
16856.22832592999	4300	10.672107924854162	0.0	2055469	4862.57966264302	4.3
16861.808500236253	4300	9.091933618592964	0.0	2169201	5580.174306261197	4.3
16866.742876962224	4300	8.15755689262658	0.0	2173522	4934.376725966385	4.3
16889.34214615679	4300	4.0	14.441712301940996	2102452	22599.269194567576	-57.79936289834628
16889.900377531536	300	7.441768625250962	0.0	160746	558.2313747490377	-3.7
16890.48524594894	300	10.856900207846332	0.0	179801	584.86841740463	0.3
16890.970779885796	300	14.371366270992445	0.0	140051	485.53393685388613	0.3
16891.397991062433	300	17.94415509435346	0.0	138313	427.2111766389839	0.3
16891.837219876794	300	21.5049262799944	0.0	143509	439.2288143590611	0.3
16893.400146889056	1200	23.941999267729237	0.0	581493	1562.9270122651649	0.29999999999999993
16896.218399175392	1850	25.123746981396028	0.0	987708	2818.25228633321	1.2000000000000002
16899.176029942893	1850	26.166116213892753	0.0	923755	2957.630767503272	1.85
16903.10136595324	2850	26.240780203546084	0.0	1415116	3925.3360103466694	1.85
16907.44197561405	2850	25.900170542738095	0.0	1468126	4340.6096608079915	2.85
16917.91805119921	4300	19.424094957576816	0.0	2221506	10476.075585161278	2.8499999999999996
16921.957863810974	2850	19.384282345810995	0.0	1323990	4039.8126117658207	1.4000000000000001
16926.5723359429	2850	18.769810213886355	0.0	1383735	4614.47213192464	2.85
16932.262553136192	2850	17.079593020591528	0.0	1480464	5690.217193294826	2.85
16936.993049755343	2850	16.349096401442438	0.0	1547572	4730.496619149089	2.85
16941.38914160851	2850	15.953004548272846	0.0	1141971	4396.091853169593	2.85
16944.920058588297	2850	16.422087568485846	0.0	1498470	3530.9169797869995	2.85
16948.375058261165	2850	16.967087895617144	0.0	1561263	3454.999672868705	2.85
16951.438123576347	2850	17.9040225804333	0.0	1341201	3063.065315183845	2.85
16954.870540035023	2850	18.471606121757407	0.0	1497683	3432.416458675893	2.85
16958.019278073334	2850	19.322868083447194	0.0	1358081	3148.7380383102127	2.85
16963.31712514886	4300	18.025021007920188	0.0	2286761	5297.847075527007	2.8499999999999996
16968.417996722692	4300	16.924149434089507	0.0	2307787	5100.87157383068	4.3
16973.250108558957	4300	16.092037597824255	0.0	2143948	4832.111836265254	4.3
16977.4620241748	4300	15.880121981979777	0.0	1919781	4211.915615844476	4.3
16982.3494511045	4300	14.992695052282121	0.0	2147467	4887.426929697657	4.3
16988.687141851762	4300	12.655004305019721	0.0	2133870	6337.690747262399	4.3
16993.20640803424	4300	12.13573812254053	0.0	2146120	4519.266182479192	4.3
16997.372086642226	4300	11.970059514552505	0.0	2108491	4165.678607988027	4.3
17002.06511547128	4300	11.277030685499904	0.0	2184571	4693.0288290526005	4.3
17006.58010216137	4300	10.762043995409185	0.0	2121928	4514.986690090718	4.3
17011.957985577654	4300	9.38416057912527	0.0	2219102	5377.883416283915	4.3
17017.13411698904	4300	8.208029167739493	0.0	2124950	5176.131411385776	4.3
17022.180019688087	4300	7.162126468688575	0.0	2246506	5045.902699050917	4.3
17036.928820446876	4300	4.0	7.58667429009817	1961140	14748.800758786745	-28.322699447422128
17041.418051834622	750	4.0	0.48923138774393193	314107	4489.231387743932	-4.903694967298907

