15889.283103280635	750	4.0	4.955564253110452	450283	4955.564253110451	-20.55892628837494
15892.38497347749	300	4.898129803144833	0.0	155580	3101.870196855167	-0.15000000000000002
15896.91704272796	300	4.366060552675044	0.0	139857	4532.06925046979	0.3
15901.377600799628	300	4.0	0.09449751899309194	155432	4460.558071668135	-0.10633933167029536
15905.580175207751	300	4.0	0.20257440812354435	163442	4202.574408123544	-0.5710699549312408
15908.141811688321	300	5.4383635194307365	0.0	126289	2561.6364805692638	0.3
15911.68656008393	300	5.893615123821788	0.0	153295	3544.7483956089477	0.3
15915.860903286295	300	5.719271921455934	0.0	173849	4174.343202365854	0.3
15919.574591289089	300	6.005583918662889	0.0	150710	3713.6880027930442	0.3
15924.244719577358	300	5.335455630391578	0.0	139105	4670.128288271311	0.3
15929.7804139385	300	4.0	0.20023873074991025	141840	5535.694361141488	-0.5610265422246141
15933.198757490374	300	4.5816564481259725	0.0	156148	3418.343551874027	0.3
15935.848829758306	300	5.931584180193429	0.0	160746	2650.0722679325436	0.3
15938.025369494753	300	7.755044443746576	0.0	179801	2176.5397364468536	0.3
15940.140761463523	300	9.639652474976108	0.0	140051	2115.3919687704674	0.3
15942.759962058804	300	11.020451879694862	0.0	138313	2619.200595281248	0.3
15945.43022488287	300	12.350189055631322	0.0	143509	2670.2628240635395	0.3
15946.861148793776	300	14.919265144724124	0.0	150616	1430.9239109071982	0.3
15948.089233998899	300	17.691179939601383	0.0	165384	1228.0852051227403	0.3
15949.185858378605	300	20.594555559893635	0.0	140881	1096.6243797077523	0.3
15952.844040324475	750	20.936373614024685	0.0	386472	3658.1819458689506	0.3
15956.545960224974	750	21.234453713527824	0.0	399894	3701.9199004968605	0.75
15960.2250482948	750	21.555365643701666	0.0	401853	3679.088069826156	0.75
15962.623835314287	750	23.15657862421447	0.0	343800	2398.7870194871944	0.75
15975.6747589041	1200	14.105655034399811	0.0	587236	13050.92358981466	0.75
15984.308026505907	750	9.47238743259566	0.0	379700	8633.267601804151	0.3
15987.063436236764	300	10.71697770173923	0.0	181901	2755.4097308564315	-0.15000000000000002
15988.335351108335	300	13.445062830167956	0.0	111155	1271.914871571275	0.3
15990.360114935635	300	15.420299002868298	0.0	153605	2024.763827299658	0.3
15992.466698775528	300	17.31371516297414	0.0	149029	2106.5838398941546	0.3
15994.144251229585	300	19.63616270891679	0.0	157421	1677.5524540573556	0.3
15999.292950335019	750	18.487463603484102	0.0	400322	5148.699105432688	0.3
16002.031516045898	750	19.74889789260472	0.0	369834	2738.56571087938	0.75
16004.91307093061	750	20.867343007893147	0.0	412837	2881.5548847115724	0.75
16007.695884828987	750	22.084529109516165	0.0	401088	2782.813898376984	0.75
16011.850262428172	1200	21.930151510330123	0.0	598727	4154.377599186041	0.75
16019.370742109944	1200	18.409671828557276	0.0	487812	7520.47968177285	1.2
16023.195088035129	1200	18.585325903373874	0.0	575591	3824.3459251834	1.2
16026.62868631594	1200	19.151727622562056	0.0	605884	3433.5982808118206	1.2
16030.091632063419	1200	19.688781875083976	0.0	587506	3462.9457474780797	1.2
16034.431540847978	1200	19.348873090524755	0.0	566904	4339.908784559222	1.2
16038.796784482085	1200	18.98362945641844	0.0	641452	4365.24363410631	1.2
16042.92017364088	1200	18.860240297623257	0.0	599477	4123.389158795186	1.2
16046.785695524066	1200	18.994718414435898	0.0	634861	3865.521883187356	1.2
16057.580348676858	1850	12.200065261644339	0.0	958994	10794.65315279156	1.2000000000000002
16065.996979500884	1200	7.783434437619184	0.0	638661	8416.630824025155	0.5499999999999999
16071.5153938594	750	6.265020079104213	0.0	331053	5518.414358514971	0.3
16075.103696632914	750	6.6767173055885545	0.0	314107	3588.302773515658	0.75

