18375.603831861485	750	4.0	1.1482833162359447	450283	1148.2833162359448	-4.187618259814562
18376.057550262176	300	7.546281599307435	0.0	155580	453.71840069256433	-0.15000000000000002
18376.47101249654	300	11.132819364945245	0.0	139857	413.46223436218986	0.3
18376.922961433283	300	14.680870428200617	0.0	155432	451.94893674463	0.3
18378.08523838283	750	17.518593478652956	0.0	411561	1162.2769495476584	0.3
18379.400121042756	750	20.20371081872959	0.0	318564	1314.8826599233673	0.75
18382.62188411708	1200	20.981947744401932	0.0	561791	3221.7630743276554	0.75
18385.817194918913	1200	21.786636942571	0.0	709534	3195.3108018309317	1.2
18389.005867679218	1850	22.59796418226692	0.0	852833	3188.6727603040786	1.2000000000000002
18392.707511429497	1200	22.896320431987544	0.0	560821	3701.6437502793788	0.5499999999999999
18396.006334295223	1850	23.597497566260586	0.0	939819	3298.8228657269556	1.2000000000000002
18398.438771748893	1850	25.165060112591465	0.0	917428	2432.4374536691203	1.85
18402.087169762133	2850	25.516662099348988	0.0	1422919	3648.398013242478	1.85
18409.13069354132	2850	22.473138320165702	0.0	1578343	7043.523779183288	2.85
18416.747522076923	1850	18.856309784561553	0.0	821631	7616.82853560415	0.8500000000000001
18423.19043025555	1200	16.41340160593704	0.0	587876	6442.908178624513	0.5499999999999999
18426.378050478976	750	17.225781382509123	0.0	360831	3187.620223427917	0.3
18428.228284560744	750	19.375547300740998	0.0	372963	1850.2340817681254	0.75
18430.707588428013	1200	20.896243433471238	0.0	639204	2479.303867269757	0.75
18432.612074974648	1200	22.99175688683684	0.0	586839	1904.4865466343997	1.2
18435.40461919119	1850	24.199212670293274	0.0	891604	2792.544216543569	1.2000000000000002
18438.50741946615	1850	25.09641239533547	0.0	955231	3102.800274957803	1.85
18441.871065402935	1850	25.73276645854879	0.0	968026	3363.6459367866782	1.85
18446.001166084963	2850	25.602665776519746	0.0	1323990	4130.100682029048	1.85
18450.397954230924	2850	25.20587763056175	0.0	1383735	4396.788145957994	2.85
18453.729999239684	1850	25.87383262180163	0.0	905935	3332.0450087601184	0.8500000000000001
18459.069133580786	2850	24.53469828070021	0.0	1547572	5339.134341101421	1.85
18461.251640716448	1850	26.352191145038088	0.0	758197	2182.5071356621233	0.8500000000000001
18464.514832701774	2850	27.0889991597134	0.0	1498470	3263.1919853246864	1.85
18470.374843857815	4300	25.228988003672946	0.0	2164140	5860.011156040455	2.8499999999999996
18474.029218145843	2850	25.57461371564228	0.0	1341201	3654.3742880306654	1.4000000000000001
18478.282588535425	2850	25.321243326060557	0.0	1497683	4253.37038958172	2.85
18481.90934392447	2850	25.69448793701484	0.0	1358081	3626.755389045716	2.85
18485.35589747922	2850	26.247934382265488	0.0	1587293	3446.5535547493523	2.85
18489.000194231325	2850	26.603637630164098	0.0	1492672	3644.2967521013884	2.85
18493.09830329204	2850	26.50552856944821	0.0	1439896	4098.109060715891	2.85
18496.026743625192	2850	27.57708823629551	0.0	1139291	2928.4403331526996	2.85
18502.33622895829	4300	25.26760290319811	0.0	2147467	6309.485333097402	2.8499999999999996
18504.98751724943	1850	26.616314612061505	0.0	908665	2651.2882911366037	-0.6000000000000001
18508.925887802772	2850	26.677944058718577	0.0	1402287	3938.370553342929	1.85
18515.235877016155	2850	24.36795484533447	0.0	1339500	6309.9892133841095	2.85
18520.238444602397	1850	23.365387259094636	0.0	1025005	5002.567586239833	0.8500000000000001
18523.016373962677	1850	24.587457898811717	0.0	886255	2777.929360282917	1.85
18526.02414842159	1850	25.579683439897895	0.0	973972	3007.774458913824	1.85
18530.365007399243	2850	25.238824462248488	0.0	1464921	4340.8589776494055	1.85
18534.75161838118	2850	24.85221348031023	0.0	1483527	4386.610981938256	2.85
18539.2004458046	2850	24.403386056891	0.0	1231456	4448.827423419227	2.85
18542.503690023994	1850	25.100141837500146	0.0	846370	3303.244219390858	0.8500000000000001

