11517.594090111656	750	4.0	4.2446647119615655	450283	4244.664711961565	-17.50205826143473
11519.00887824519	300	6.5852118664659365	0.0	155580	1414.7881335340633	-0.15000000000000002
11520.272569577532	300	9.321520534123353	0.0	139857	1263.6913323425845	0.3
11523.532540546965	750	10.061549564689788	0.0	382355	3259.9709694335643	0.3
11526.294115323813	750	11.299974787841178	0.0	411561	2761.574776848609	0.75
11528.590559600565	750	13.003530511089089	0.0	318564	2296.4442767520886	0.75
11531.569627072146	750	14.0244630395088	0.0	352642	2979.0674715802884	0.75
11536.687869925641	1200	12.906220186014131	0.0	709534	5118.242853494669	0.75
11542.22662023318	1200	11.36746987847508	0.0	584846	5538.750307539052	1.2
11546.648963054098	1200	10.945127057556764	0.0	560821	4422.342820918317	1.2
11551.966607362008	1200	9.627482749646893	0.0	607410	5317.644307909871	1.2
11556.853048771578	1200	8.741041340075915	0.0	594078	4886.441409570978	1.2
11561.506404770558	1200	8.08768534109519	0.0	624282	4653.355998980725	1.2
11565.584407603195	1200	8.009682508459429	0.0	687371	4078.002832635761	1.2
11569.580815606685	1200	8.0132745049695	0.0	526950	3996.4080034899293	1.2
11574.322360626633	1200	7.271729485021715	0.0	587876	4741.5450199477855	1.2
11578.878063427834	1200	6.716026683820017	0.0	617242	4555.702801201698	1.2
11582.201964486203	750	7.392125625452518	0.0	372963	3323.9010583674985	0.3
11585.506941312966	750	8.087148798689348	0.0	405596	3304.976826763169	0.75
11589.203714111187	750	8.390376000467185	0.0	350713	3696.7727982221636	0.75
11592.532245537135	750	9.061844574517211	0.0	386472	3328.5314259499733	0.75
11596.334047688702	750	9.260042422951122	0.0	399894	3801.8021515660917	0.75
11601.213945070385	750	8.380145041267275	0.0	401853	4879.897381683847	0.75
11608.87498447735	750	4.719105634302801	0.0	343800	7661.0394069644735	0.75
11611.04095875304	300	6.553131358612442	0.0	146754	2165.9742756903597	-0.15000000000000002
11613.72925806977	300	7.86483204188134	0.0	153938	2688.299316731102	0.3
11617.006524534041	300	8.587565577610023	0.0	181901	3277.2664642713166	0.3
11618.686280904882	300	10.907809206768885	0.0	111155	1679.7563708411385	0.3
11620.948085074191	300	12.646005037459052	0.0	153605	2261.8041693098326	0.3
11623.482710261398	300	14.111379850252648	0.0	149029	2534.625187206405	0.3
11626.19342991289	300	15.400660198762347	0.0	157421	2710.719651490301	0.3
11627.883172296986	300	17.7109178146665	0.0	157488	1689.7423840958472	0.3
11629.18231995721	300	20.41177015444237	0.0	143881	1299.14766022413	0.3
11632.231292982646	750	21.362797129006577	0.0	412837	3048.973025435794	0.3
11635.3023276985	750	22.29176241315049	0.0	401088	3071.0347158560858	0.75
11638.159619098906	750	23.434471012745494	0.0	365161	2857.291400404996	0.75
11641.277517030787	1200	24.316573080865094	0.0	487812	3117.8979318803977	0.75
11644.898805081792	1200	24.695285029859722	0.0	575591	3621.2880510053737	1.2
11649.449573515843	1200	24.144516595808355	0.0	605884	4550.768434051365	1.2
11653.395176794142	1200	24.198913317511273	0.0	587506	3945.6032782970847	1.2
11657.007879300096	1200	24.586210811556896	0.0	566904	3612.7025059543776	1.2
11666.599956270325	1850	18.99413384132563	0.0	1025005	9592.076970231266	1.2000000000000002
11674.642210284812	1850	14.951879826839868	0.0	886255	8042.254014485764	1.85
11679.808098313446	1200	13.785991798206545	0.0	634861	5165.888028633323	0.5499999999999999
11687.00045115949	1200	10.593638952161912	0.0	630203	7192.352846044633	1.2
11693.468565706353	1200	8.125524405298204	0.0	638661	6468.11454686371	1.2
11696.94899302264	1200	8.645097089012296	0.0	538612	3480.427316285908	1.2
11701.649819490221	1850	7.944270621428754	0.0	846370	4700.826467583541	1.2000000000000002

