25917.10730106372	750	4.0	3.974865311257283	450283	3974.865311257283	-16.341920838406317
25918.284420087144	300	6.822880976576757	0.0	155580	1177.1190234232433	-0.15000000000000002
25919.1666099101	300	9.94069115362493	0.0	139857	882.1898229518268	0.3
25922.51916736821	1200	10.588133695511662	0.0	617681	3352.5574581132673	0.29999999999999993
25925.45526702968	1200	11.652034034043133	0.0	652874	2936.0996614685287	1.2
25928.84750871744	1850	12.259792346283076	0.0	801058	3392.2416877600576	1.2000000000000002
25934.265467624387	1850	10.841833439334223	0.0	905515	5417.958906948855	1.85
25937.64812565489	1200	11.459175408832449	0.0	709534	3382.6580305017737	0.5499999999999999
25941.954312536833	1850	11.152988526892106	0.0	852833	4306.186881940343	1.2000000000000002
25946.422014280943	1850	10.685286782780915	0.0	913888	4467.701744111191	1.85
25949.831651029745	1200	11.275650033978403	0.0	607410	3409.6367488025116	0.5499999999999999
25954.470722804945	1850	10.636578258775218	0.0	917428	4639.071775203186	1.2000000000000002
25957.606143451256	1200	11.501157612464162	0.0	624282	3135.4206463110577	0.5499999999999999
25962.045189124357	1850	11.062111939361074	0.0	1036454	4439.045673103088	1.2000000000000002
25965.89339973957	1850	11.213901324149054	0.0	821631	3848.2106152120186	1.85
25970.98957480576	1850	10.117726257957157	0.0	923170	5096.175066191897	1.85
25974.02395695888	1200	11.083344104834788	0.0	617242	3034.38215312237	0.5499999999999999
25977.90109157339	1850	11.206209490328161	0.0	885714	3877.134614506627	1.2000000000000002
25981.700564434163	1850	11.406736629553114	0.0	987708	3799.472860775047	1.85
25984.774785969897	1850	12.332515093818081	0.0	923755	3074.2215357350315	1.85
25988.17364843358	1850	12.933652630135006	0.0	891604	3398.862463683076	1.85
25992.10817239868	1850	12.99912866503546	0.0	955231	3934.5239650995472	1.85
25995.874370647547	1850	13.232930416169252	0.0	968026	3766.1982488662084	1.85
26002.584108401505	2850	10.523192662209977	0.0	1323990	6709.737753959272	1.85
26005.395886749255	1200	11.711414314458429	0.0	587236	2811.7783477515495	-0.44999999999999996
26009.407319448288	1850	11.699981615425092	0.0	905935	4011.4326990333366	1.2000000000000002
26013.79854785049	1850	11.308753213223376	0.0	1076599	4391.228402201716	1.85
26022.49287765529	1850	6.614423408422976	0.0	758197	8694.3298048004	1.85
26023.559007513624	300	9.54829355008839	0.0	153605	1066.129858334584	-1.25
26027.403068186177	1200	9.704232877537516	0.0	641447	3844.0606725508746	0.29999999999999993
26031.114160547662	1200	9.99314051605037	0.0	570392	3711.092361487144	1.2
26034.539851554393	1200	10.567449509319676	0.0	620283	3425.691006730694	1.2
26037.91320733468	1200	11.194093729030708	0.0	584349	3373.355780288968	1.2
26044.80808295469	1850	8.299218109023276	0.0	1035329	6894.875620007433	1.2000000000000002
26048.56208615979	750	8.545214903924801	0.0	401088	3754.0032050984732	-0.3500000000000001
26054.131549096634	750	6.975751967081138	0.0	365161	5569.462936843664	0.75
26056.09071474414	300	9.01658631957333	0.0	131610	1959.1656475078082	-0.15000000000000002
26060.620191529717	1200	8.48710953399696	0.0	575591	4529.4767855763685	0.29999999999999993
26063.664671331448	750	9.442629732268898	0.0	378327	3044.479801728063	0.3
26069.567154206838	1200	7.540146856875552	0.0	587506	5902.482875393347	0.75
26074.110452412853	750	6.996848650860026	0.0	345516	4543.2982060155255	0.3
26075.8240915085	300	9.283209555214187	0.0	161857	1713.6390956458388	-0.15000000000000002
26081.519219909198	1200	7.5880811545160425	0.0	599477	5695.128400698145	0.29999999999999993
26084.574848227374	750	8.532452836339697	0.0	438281	3055.6283181763447	0.3
26087.098504204183	750	10.00879685953137	0.0	398987	2523.655976808326	0.75
26091.159963105973	1200	9.947337957740805	0.0	638661	4061.4589017905655	0.75
26095.522096236382	1200	9.585204827333833	0.0	538612	4362.133130406972	1.2
26100.71811483743	1200	8.389186226284465	0.0	550906	5196.018601049367	1.2

