12059.728949397466	750	4.0	1.6438931885945212	450283	1643.8931885945212	-6.31874071095644
12060.421127408348	300	7.307821989116605	0.0	155580	692.1780108833948	-0.15000000000000002
12061.066164943295	300	10.662784454170623	0.0	139857	645.0375349459815	0.3
12061.8639297511	300	13.865019646365415	0.0	155432	797.7648078052083	0.3
12062.767566769036	300	16.961382628430822	0.0	163442	903.637017934592	0.3
12063.4065453055	300	20.322404091966877	0.0	126289	638.9785364639445	0.3
12064.133848367486	300	23.595101029980157	0.0	153295	727.303061986719	0.3
12064.926364829364	300	26.802584568103715	0.0	173849	792.5164618764439	0.3
12065.62403113499	300	30.10491826247531	0.0	150710	697.6663056284052	0.3
12066.345434768971	300	33.383514628496094	0.0	139105	721.4036339792171	0.3
12067.099010718615	300	36.62993867885232	0.0	141840	753.5759496437745	0.3
12067.943947000598	300	39.78500239686887	0.0	156148	844.9362819834502	0.3
12068.917702044082	300	42.81124735338413	0.0	160746	973.7550434847392	0.3
12070.514393090254	300	45.21455630721261	0.0	179801	1596.6910461715245	0.3
12071.329935181227	300	48.39901421623976	0.0	140051	815.5420909728515	0.3
12072.171248337763	300	51.55770105970343	0.0	138313	841.3131565363258	0.3
12073.001576951614	300	54.727372445852	0.0	143509	830.3286138514331	0.3
12073.740644897456	300	57.98830450001117	0.0	150616	739.0679458408321	0.3
12074.527718581498	300	59.772562016581745	0.0	165384	715.7424834294204	0.3
12075.728882714247	300	59.56764552666348	0.0	140881	704.9164899182651	0.3
12076.960442472013	300	59.87498950259661	0.0	157671	692.6560240668692	0.3
12078.513806389694	300	59.63275935815463	0.0	157812	742.2301444419768	0.3
12080.133209815971	300	59.79362455068456	0.0	163927	839.1348074700695	0.3
12082.160455456638	300	59.64513602545566	0.0	137654	1148.488525228895	0.3
12083.47926291512	300	59.62011086823499	0.0	146754	1025.0251572206764	0.3
12085.12788622953	300	59.8626903998096	0.0	153938	1257.4204684253823	0.3
12086.444805494855	300	59.55983211863874	0.0	181901	1302.8582811708588	0.3
12088.39819166409	300	59.87516957374877	0.0	111155	684.6625448899757	0.3
12090.391715702697	300	59.82276939046759	0.0	153605	1552.4001832811798	0.3
12092.575370655262	300	59.87650375604844	0.0	149029	1446.2656344191478	0.3
12094.530662593488	300	59.697552474608436	0.0	157421	1678.9512814400077	0.3
12098.232965177802	300	59.99524989029321	0.0	157488	1702.3025843152266	0.3
12099.295640730763	300	59.60823374866344	0.0	143881	887.0161416297706	0.3
12100.421496031735	300	59.508135765693275	0.0	163444	600.0979829701595	0.3
12103.728646444873	750	59.83743920857444	0.0	401088	2670.6965571188366	0.3
12107.167835153388	750	59.81107186337764	0.0	365161	3026.367345196795	0.75
12109.74526805006	750	59.668766115800565	0.0	321064	1642.305747577074	0.75
12111.297299156024	750	59.6753140372159	0.0	361565	1493.4520785846653	0.75
12113.000481439727	750	59.8280125139539	0.0	378327	1347.3015232619962	0.75
12115.060183747624	750	59.63610166872472	0.0	390680	1691.9108452291816	0.75
12116.698548357452	750	59.97081508574675	0.0	345516	1165.286582977969	0.75
12118.376238872472	750	59.50350891316043	0.0	384505	1467.306172586312	0.75
12119.531496851803	750	59.58107200871211	0.0	372093	922.4369044483193	0.75
12121.159798130415	750	59.62333199734773	0.0	438281	1457.7400113643864	0.75
12123.137717111424	750	59.56965312646634	0.0	398987	1553.6788708813845	0.75
12125.078841463199	750	59.72121093414253	0.0	393804	1348.442192323814	0.75
12127.059980475144	750	59.62198249839561	0.0	331053	1599.2284357469186	0.75
12129.130407246821	750	59.747724390657105	0.0	314107	1874.2581077385112	0.75

