17557.61108937302	750	4.0	2.8598146493896546	450283	2859.8146493896547	-11.547202992375514
17558.487320903514	300	7.123768469505115	0.0	155580	876.2315304948851	-0.15000000000000002
17559.157193559364	300	10.45389581365579	0.0	139857	669.8726558493264	0.3
17560.871288943636	750	12.73980042938143	0.0	382355	1714.0953842743581	0.3
17563.02524748874	750	14.585841884281523	0.0	411561	2153.9585450999075	0.75
17566.83119856711	1850	14.779890805907522	0.0	801058	3805.9510783739997	0.75
17569.880715443745	1850	15.73037392927154	0.0	905515	3049.516876635982	1.85
17573.45417971994	1850	16.156909653072027	0.0	1060487	3573.464276199511	1.85
17577.630645527526	1850	15.980443845488532	0.0	852833	4176.465807583499	1.85
17581.65141304328	1850	15.959676329736315	0.0	913888	4020.767515752218	1.85
17586.655956565304	1850	14.95513280770956	0.0	939819	5004.543522026753	1.85
17591.56324187995	1850	14.04784749306245	0.0	917428	4907.28531464711	1.85
17597.255786710273	1850	12.355302662739813	0.0	946851	5692.544830322636	1.85
17602.44524163018	1850	11.165847742834874	0.0	1036454	5189.45491990494	1.85
17605.94414419699	1850	11.6669451760231	0.0	821631	3498.9025668117733	1.85
17609.688065183524	1850	11.923024189490032	0.0	923170	3743.9209865330677	1.85
17613.8453255542	1850	11.765763818814001	0.0	966699	4157.26037067603	1.85
17619.251558786327	1850	10.359530586683647	0.0	885714	5406.233232130354	1.85
17620.957179155903	750	12.653910217111834	0.0	405596	1705.6203695718116	-0.3500000000000001
17622.495472035498	750	15.115617337516744	0.0	350713	1538.2928795950907	0.75
17624.34271852185	750	17.268370851165972	0.0	386472	1847.2464863507712	0.75
17625.809164105416	750	19.801925267598243	0.0	399894	1466.4455835677295	0.75
17630.162499633752	1850	19.448589739260576	0.0	968026	4353.335528337665	0.75
17633.552290149215	1850	20.05879922379767	0.0	874175	3389.7905154629057	1.85
17637.086878857182	1850	20.524210515830625	0.0	897976	3534.5887079670465	1.85
17640.12605816287	1850	21.485031210144726	0.0	905935	3039.1793056859	1.85
17644.543644405985	1850	21.067444967032962	0.0	1076599	4417.586243111762	1.85
17647.831512841694	1850	21.779576531321315	0.0	758197	3287.868435711647	1.85
17651.701647716178	1850	21.90944165683735	0.0	972798	3870.1348744839656	1.85
17655.640156428057	1850	21.970932944959852	0.0	975811	3938.5087118774986	1.85
17658.702257436074	1850	22.908831936943564	0.0	873429	3062.1010080162896	1.85
17662.727826753704	1850	22.883262619310987	0.0	954453	4025.5693176325763	1.85
17666.732771178256	1850	22.878318194758375	0.0	885062	4004.944424552611	1.85
17671.38566313209	1850	22.225426240924946	0.0	1035329	4652.89195383343	1.85
17674.589212972845	1850	23.021876400169212	0.0	1026056	3203.5498407557334	1.85
17678.518479097635	1850	23.092610275379577	0.0	943942	3929.2661247896326	1.85
17682.14238445979	1850	23.468704913225636	0.0	728962	3623.905362153943	1.85
17685.185319200198	1850	24.425770172817664	0.0	938587	3042.934740407972	1.85
17688.848425133358	1850	24.762664239659912	0.0	908665	3663.1059331577517	1.85
17692.597819738985	1850	25.013269634035254	0.0	930577	3749.3946056246605	1.85
17696.860761749333	1850	24.75032762368753	0.0	858450	4262.942010347724	1.85
17702.414202643362	1850	23.19688672965648	0.0	1025005	5553.440894031048	1.85
17707.110978814406	1850	22.500110558612704	0.0	886255	4696.776171043773	1.85
17712.732489235183	1850	20.878600137836177	0.0	973972	5621.510420776531	1.85
17719.817416634243	1850	17.79367273877575	0.0	958994	7084.927399060428	1.85
17731.291559034453	1850	10.319530338567228	0.0	982064	11474.14240020852	1.85
17732.72846360527	750	12.88262576774773	0.0	331053	1436.9045708194994	-0.3500000000000001
17734.358185125802	750	15.25290424721632	0.0	314107	1629.72152053141	0.75

