2152.023397487997	750	4.0	2.100206826790785	450283	2100.2068267907853	-8.280889355200376
2153.086083236185	300	6.937314251812226	0.0	155580	1062.6857481877737	-0.15000000000000002
2154.006584225953	300	10.016813262044606	0.0	139857	920.5009897676201	0.3
2155.0077712230086	300	13.01562626498846	0.0	155432	1001.1869970561445	0.3
2156.0351905801967	300	15.988206907800523	0.0	163442	1027.419357187939	0.3
2156.6207016044787	300	19.402695883518515	0.0	126289	585.5110242820078	0.3
2157.551099148719	300	22.472298339278005	0.0	153295	930.3975442405095	0.3
2158.3724671785703	300	25.65093030942689	0.0	173849	821.3680298511142	0.3
2159.049646735585	300	28.97375075241165	0.0	150710	677.1795570152378	0.3
2159.6872508391402	300	32.336146648856605	0.0	139105	637.6041035550452	0.3
2160.390849318064	300	35.632548169933116	0.0	141840	703.5984789234984	0.3
2161.2136974661917	300	38.80970002180511	0.0	156148	822.8481481280081	0.3
2161.9644624330767	300	42.058935054920234	0.0	160746	750.764966884871	0.3
2162.7632837520937	300	45.26011373590369	0.0	179801	798.821319016547	0.3
2163.403836321763	300	48.61956116623452	0.0	140051	640.5525696691694	0.3
2164.9229316990513	750	51.100465788945534	0.0	366214	1519.0953772889864	0.3
2166.643882579988	750	53.37951490800939	0.0	360831	1720.9508809361428	0.75
2168.6261322784717	750	55.39726520952567	0.0	372963	1982.2496984837207	0.75
2170.9023219953033	750	57.12107549269382	0.0	405596	2276.189716831853	0.75
2172.52912610361	750	59.49427138438774	0.0	350713	1626.804108306085	0.75
2174.5347375369574	750	59.81443328401559	0.0	386472	1679.8381003721433	0.75
2176.071525924689	750	59.903925770937306	0.0	399894	1410.5075130782827	0.75
2178.067932039568	750	59.538863165124646	0.0	401853	1365.0626058126559	0.75
2180.310345659834	750	59.99332818107428	0.0	343800	1545.5349840503643	0.75
2182.755634297381	750	59.844123166109085	0.0	359903	1649.2050149652011	0.75
2184.500484285838	750	59.624739940221545	0.0	379700	1719.3832258875443	0.75
2186.629330545101	750	59.65305019667475	0.0	425781	1971.6897435467956	0.75
2188.2224039020066	750	59.950091842829906	0.0	277716	1202.9583538448446	0.75
2191.1045376662096	750	59.939082438408946	0.0	400396	2011.0094044209611	0.75
2193.3639951789564	750	59.8049158857763	0.0	400508	2134.166552632639	0.75
2195.6489012450793	750	59.55510821832196	0.0	358218	2249.8076674543377	0.75
2197.246511145797	750	59.613852581747636	0.0	400322	1441.2556365743328	0.75
2199.2073995210103	750	59.62158545466232	0.0	369834	1492.2671270853102	0.75
2201.194871947239	750	59.79715988946236	0.0	412837	1824.4255651999645	0.75
2202.9952506677746	750	59.70849394065861	0.0	401088	1588.6659488037508	0.75
2206.713807150869	750	59.98993745756438	0.0	365161	2718.5564830942303	0.75
2210.5289585691735	750	59.867496351975106	0.0	321064	3622.4411055892742	0.75
2215.906753684453	750	58.48970123669549	0.0	361565	5377.795115279613	0.75
2221.742776305466	750	56.65367861568257	0.0	378327	5836.022621012922	0.75
2224.8185941095944	750	57.577860811554004	0.0	390680	3075.817804128564	0.75
2227.1869241788336	750	59.20953074231493	0.0	345516	2368.3300692390712	0.75
2229.2345191323357	750	59.756071255301755	0.0	384505	1953.4594870131752	0.75
2231.3649458813165	300	59.82792560955595	0.0	145210	928.1456457458124	-0.15000000000000002
2232.9873837755513	300	59.85284719005588	0.0	172312	975.0784195000682	0.3
2233.9552547948374	300	59.61759145128029	0.0	167025	735.255738775587	0.3
2234.9134776156525	300	59.92978771412789	0.0	160064	687.8037371524058	0.3
2235.4366672306796	300	59.978402362945815	0.0	137507	451.38535118207255	0.3
2236.1410294277844	300	59.967123424815995	0.0	118421	511.2789381298241	0.3

