6400.103336471258	750	4.0	2.7720774829579558	450283	2772.077482957956	-11.169933176719208
6401.187360195885	300	6.915976275372986	0.0	155580	1084.0237246270135	-0.15000000000000002
6402.1750461838255	300	9.928290287432564	0.0	139857	987.6859879404237	0.3
6405.156081545167	1200	10.947254926090903	0.0	617681	2981.0353613416605	0.29999999999999993
6407.1879786229465	1200	12.915357848310517	0.0	652874	2031.8970777803838	1.2
6410.546008350227	1850	13.557328121030267	0.0	801058	3358.02972728025	1.2000000000000002
6416.368218637045	2850	11.735117834211366	0.0	1388403	5822.210286818901	1.85
6422.364226426131	1850	9.73911004512554	0.0	1060487	5996.007789085826	0.8500000000000001
6427.252342903182	1200	8.850993568074996	0.0	584846	4888.116477050546	0.5499999999999999
6431.091443587989	750	9.011892883268466	0.0	362795	3839.100684806529	0.3
6435.18585846443	1200	8.91747800682663	0.0	607410	4094.414876441836	0.75
6439.1295015092965	750	8.973834961959772	0.0	405134	3943.6430448668575	0.3
6446.96957805594	750	5.133758415317029	0.0	386351	7840.076546642743	0.75
6448.763800673393	300	7.339535797862693	0.0	179801	1794.2226174543362	-0.15000000000000002
6450.823849489995	750	9.279486981260794	0.0	337059	2060.0488166018986	0.3
6453.405164565132	1200	10.698171906124385	0.0	587876	2581.3150751364096	0.75
6455.842005636394	1200	12.261330834862445	0.0	617242	2436.8410712619393	1.2
6459.710307449029	1850	12.393029022227699	0.0	885714	3868.3018126347442	1.2000000000000002
6467.06910825875	1850	9.034228212506546	0.0	987708	7358.800809721154	1.85
6468.776220498518	1200	11.327115972738374	0.0	586839	1707.1122397681713	0.5499999999999999
6471.282628995184	1850	12.820707476072876	0.0	891604	2506.4084966654987	1.2000000000000002
6473.661884189848	1850	14.44145228140885	0.0	955231	2379.2551946640247	1.85
6478.198996355417	2850	13.904340115839263	0.0	1505760	4537.112165569588	1.85
6489.381662426546	2850	6.721674044709982	0.0	1323990	11182.66607112928	2.85
6491.270114147204	300	8.833222324052102	0.0	146754	1888.45172065788	-2.25
6494.354925939689	750	9.748410531567773	0.0	379700	3084.8117924843273	0.3
6505.661668499516	1200	4.0	1.5583320282600908	696376	11306.742559827864	-5.95082772151839
6509.681588426682	300	4.0	0.01991992716449431	111155	4019.9199271644943	-0.6856556868073256
6511.697210361731	300	5.984378064949807	0.0	153605	2015.621935050193	0.3
6513.087397764637	300	8.594190662044205	0.0	149029	1390.1874029056005	0.3
6515.503257239827	750	10.17833118685482	0.0	358218	2415.859475189386	0.3
6518.594397206954	1200	11.0871912197274	0.0	620283	3091.1399671274203	0.75
6521.781973045599	1850	11.899615381082661	0.0	885062	3187.5758386447374	1.2000000000000002
6525.626070822606	1850	12.055517604075646	0.0	1035329	3844.0977770070153	1.85
6531.073532973739	1850	10.608055452943386	0.0	1026056	5447.462151132261	1.85
6533.538699707358	1200	12.142888719325022	0.0	598727	2465.166733618365	0.5499999999999999
6536.4859232150775	1850	13.19566521160569	0.0	728962	2947.2235077193313	1.2000000000000002
6542.581843710087	2850	11.099744716595385	0.0	1499009	6095.920495010306	1.85
6546.824161531686	1850	10.857426894996351	0.0	908665	4242.317821599034	0.8500000000000001
6549.681515744481	1200	12.000072682202239	0.0	587506	2857.3542127941128	0.5499999999999999
6553.128947545969	1850	12.552640880713263	0.0	858450	3447.4318014889755	1.2000000000000002
6556.560380773116	1850	13.121207653566024	0.0	1025005	3431.433227147237	1.85
6560.902735689901	2850	12.778852736779779	0.0	1343002	4342.354916786246	1.85
6565.241542982479	1850	12.440045444202777	0.0	973972	4338.807292577003	0.8500000000000001
6569.683881776336	1850	11.997706650345043	0.0	958994	4442.338793857734	1.85
6574.536781769011	1850	11.144806657670895	0.0	982064	4852.899992674146	1.85
6577.660016818555	1850	12.021571608126829	0.0	830730	3123.235049544065	1.85
6580.566701282677	1850	13.114887144004904	0.0	846370	2906.6844641219245	1.85

