20056.083128228427	750	4.0	2.184991174137217	450283	2184.991174137217	-8.645462048790034
20056.763299596347	300	7.319828632077841	0.0	155580	680.1713679221592	-0.15000000000000002
20058.249294221	750	9.83383400742072	0.0	350812	1485.9946246571205	0.3
20059.902422770774	750	12.180705457648827	0.0	382355	1653.1285497718932	0.75
20065.600103240733	1200	10.483024987691605	0.0	652874	5697.680469957219	0.75
20069.085963111494	300	10.997165116929047	0.0	126289	3485.8598707625583	-0.6000000000000001
20073.94074632364	300	10.142381904784925	0.0	153295	4854.783212144123	0.3
20078.344923032	300	9.738205196423614	0.0	173849	4404.17670836131	0.3
20081.023466234616	300	11.059661993805749	0.0	150710	2678.5432026178655	0.3
20082.644546817686	300	13.438581410735694	0.0	139105	1621.0805830700554	0.3
20084.09088845784	300	15.992239770582106	0.0	141840	1446.3416401535865	0.3
20088.32739373938	750	15.755734489040485	0.0	405134	4236.505281541621	0.3
20094.174055550742	750	13.909072677676663	0.0	386351	5846.661811363822	0.75
20095.664320582004	300	16.41880764641732	0.0	179801	1490.2650312593432	-0.15000000000000002
20097.577074472476	750	18.506053755945473	0.0	337059	1912.7538904718497	0.3
20100.481065414293	1200	19.602062814126327	0.0	587876	2903.990941819145	0.75
20105.602966558687	1850	18.480161669733103	0.0	966699	5121.90114439322	1.2000000000000002
20108.97132178884	1200	19.11180643957885	0.0	581493	3368.355230154254	0.5499999999999999
20113.85929052532	1200	18.22383770309775	0.0	639204	4887.968736481101	1.2
20118.884829371724	750	17.198298856693278	0.0	350713	5025.538846404473	0.3
20120.657134843732	300	19.425993384682712	0.0	157671	1772.3054720105629	-0.15000000000000002
20124.469655206583	750	19.613473021831165	0.0	399894	3812.5203628515455	0.3
20126.630974927546	750	21.45215330086946	0.0	401853	2161.31972096171	0.75
20130.25716393615	1850	21.825964292263414	0.0	874175	3626.18900860604	0.75
20134.778438122314	1850	21.304690106098374	0.0	897976	4521.274186165044	1.85
20139.687614135204	1850	20.395514093205012	0.0	905935	4909.17601289336	1.85
20145.280350446246	1850	18.802777782164274	0.0	1076599	5592.73631104074	1.85
20147.13334707432	1200	20.949781154093387	0.0	487160	1852.9966280708854	0.5499999999999999
20151.116682154036	1850	20.96644607437601	0.0	972798	3983.335079717376	1.2000000000000002
20155.927873755354	1850	20.155254473060268	0.0	975811	4811.191601315743	1.85
20159.962991349337	1850	20.120136879079336	0.0	873429	4035.117593980933	1.85
20163.69668038735	1850	20.386447841064516	0.0	954453	3733.689038014818	1.85
20166.40238310811	1850	21.680745120307577	0.0	885062	2705.7027207569427	1.85
20173.43498989756	2850	18.64813833085487	0.0	1587293	7032.606789452709	1.85
20176.91338095209	1850	19.169747276325523	0.0	1026056	3478.3910545293443	0.8500000000000001
20179.89562329815	1850	20.187504930264296	0.0	943942	2982.242346061229	1.85
20183.522912140063	2850	20.560216088351503	0.0	1139291	3627.2888419127917	1.85
20188.52701140813	2850	19.55611682028881	0.0	1499009	5004.099268062691	2.85
20195.44654173861	2850	16.63658648980774	0.0	1427478	6919.5303304810695	2.85
20197.853160384184	1200	18.22996784423248	0.0	587506	2406.6186455752613	-0.44999999999999996
20201.000552036025	1850	19.082576192391638	0.0	858450	3147.391651840841	1.2000000000000002
20204.639979185096	1850	19.443149043319398	0.0	1025005	3639.4271490722404	1.85
20207.48312988878	1850	20.599998339637178	0.0	886255	2843.150703682218	1.85
20213.408564295223	2850	18.674563933191173	0.0	1587250	5925.434406446006	1.85
20220.850755124975	1850	15.232373103439611	0.0	958994	7442.190829751563	0.8500000000000001
20222.575146630657	750	17.507981597759695	0.0	393804	1724.3915056799158	-0.3500000000000001
20226.295341830155	1850	17.78778639825902	0.0	830730	3720.195199500676	0.75
20230.440782308437	1850	17.642345919978073	0.0	846370	4145.440478280947	1.85

