4420.149204261404	750	4.0	2.342534869962582	450283	2342.534869962582	-9.322899940839102
4421.219892336533	300	6.929311924870432	0.0	155580	1070.6880751295678	-0.15000000000000002
4422.523426927781	300	9.625777333623237	0.0	139857	1303.5345912471955	0.3
4423.645684323188	300	12.503519938216048	0.0	155432	1122.257395407189	0.3
4424.519955125342	300	15.629249136062022	0.0	163442	874.2708021540254	0.3
4425.74250460423	750	18.40669965717464	0.0	318564	1222.5494788873823	0.3
4427.106488720309	750	21.04271554109493	0.0	352642	1363.984116079716	0.75
4429.496409188834	1200	22.652795072569997	0.0	709534	2389.92046852493	0.75
4432.117640590536	1850	24.031563670867175	0.0	852833	2621.2314017028216	1.2000000000000002
4435.035664333286	1850	25.11353992811823	0.0	913888	2918.0237427489456	1.85
4439.613120130975	2850	24.53608413042852	0.0	1354548	4577.455797689708	1.85
4444.789648539872	1850	23.359555721532676	0.0	917428	5176.528408895844	0.8500000000000001
4448.637153456263	1850	23.512050805140994	0.0	946851	3847.5049163916865	1.85
4452.121829357508	1850	24.027374903895684	0.0	1036454	3484.6759012453062	1.85
4454.750466961909	1850	25.398737299494798	0.0	821631	2628.637604400886	1.85
4457.6699669628815	1850	26.479237298522143	0.0	923170	2919.500000972655	1.85
4462.28510586804	2850	25.864098393363754	0.0	1491626	4615.13890515839	1.85
4466.8194388339725	2850	25.329765427431003	0.0	1358801	4534.332965932752	2.85
4471.607446065451	1850	24.54175819595206	0.0	987708	4788.007231478945	0.8500000000000001
4477.205730451704	2850	22.943473809698823	0.0	1336050	5598.284386253237	1.85
4480.747939576854	1850	23.401264684548824	0.0	891604	3542.2091251499983	0.8500000000000001
4484.1438958917215	1850	24.00530836968129	0.0	955231	3395.9563148675347	1.85
4488.068131940399	1850	24.081072321003223	0.0	968026	3924.2360486780663	1.85
4492.907547299688	1850	23.241656961713772	0.0	874175	4839.415359289452	1.85
4498.015290422772	1850	22.133913838630136	0.0	897976	5107.743123083636	1.85
4502.705601811495	1850	21.443602449906447	0.0	905935	4690.311388723687	1.85
4506.549402992523	1200	21.599801268878608	0.0	696376	3843.8011810278417	0.5499999999999999
4509.546583508105	1200	22.60262075329665	0.0	487160	2997.180515581956	1.2
4515.512008824004	1850	20.63719543739797	0.0	972798	5965.425315898679	1.2000000000000002
4520.357432329913	1200	19.791771931489443	0.0	641447	4845.423505908531	0.5499999999999999
4523.885091653875	1200	20.264112607526776	0.0	570392	3527.659323962668	1.2
4528.546915586539	1200	19.602288674862123	0.0	620283	4661.823932664652	1.2
4533.133015767744	1200	19.01618849365822	0.0	584349	4586.100181203904	1.2
4538.770885469547	1200	17.378318791855452	0.0	670129	5637.869701802765	1.2
4541.947055318483	750	18.20214894291857	0.0	401088	3176.1698489368864	0.3
4545.7417960203065	750	18.407408241095137	0.0	365161	3794.7407018234285	0.75
4551.273604169013	1200	16.87560009238847	0.0	487812	5531.808148706668	0.75
4560.04707201813	750	12.102132243271804	0.0	361565	8773.467849116667	0.3
4561.705299859995	300	14.443904401406597	0.0	144254	1658.227841865208	-0.15000000000000002
4569.148627921644	750	11.000576339757176	0.0	390680	7443.328061649422	0.3
4571.771879871845	300	12.377324389556422	0.0	147968	2623.2519502007535	-0.15000000000000002
4573.469447425516	300	14.679756835886252	0.0	161857	1697.5675536701701	0.3
4576.222188790002	750	15.927015471399947	0.0	372093	2752.7413644863036	0.3
4578.647649233677	750	17.501555027724983	0.0	438281	2425.460443674966	0.75
4581.507354397259	750	18.64184986414204	0.0	398987	2859.705163582943	0.75
4584.062040843151	750	20.08716341824994	0.0	393804	2554.686445892099	0.75
4587.209275662912	1200	20.939928598489708	0.0	538612	3147.234819760235	0.75
4590.451266539375	1200	21.697937722026698	0.0	550906	3241.9908764630086	1.2

