23716.65098521197	750	4.0	6.835416697573638	450283	6835.416697573638	-28.642291799566642
23719.957523434037	300	4.693461777936518	0.0	155580	3306.5382220634815	-0.15000000000000002
23722.143840791978	300	6.507144419993679	0.0	139857	2186.3173579428385	0.3
23724.179656565822	300	8.471328646148999	0.0	155432	2035.8157738446798	0.3
23725.952966966383	300	10.698018245588635	0.0	163442	1773.310400560364	0.3
23727.950897536248	300	12.700087675722632	0.0	126289	1997.9305698660023	0.3
23730.91606808733	750	13.734917124643928	0.0	352642	2965.1705510787024	0.3
23734.31680790009	750	14.334177311883911	0.0	437162	3400.739812760018	0.75
23736.734687020828	750	15.916298191145946	0.0	374758	2417.879120737966	0.75
23739.167973625223	750	17.483011586747818	0.0	362795	2433.2866043981303	0.75
23741.8376631281	750	18.813322083872627	0.0	353220	2669.689502875188	0.75
23745.697537647506	1200	18.95344756446987	0.0	594078	3859.8745194027592	0.75
23749.571514387397	1200	19.07947082457746	0.0	624282	3873.9767398924096	1.2
23754.18410801475	1200	18.466877197221535	0.0	687371	4612.593627355925	1.2
23758.104319307437	1200	18.546665904535754	0.0	526950	3920.21129268578	1.2
23761.49276035137	750	19.1582248606006	0.0	366214	3388.4410439351554	0.3
23764.406598597263	750	20.24438661470996	0.0	360831	2913.8382458906403	0.75
23768.679963604867	1200	19.97102160710359	0.0	581493	4273.365007606371	0.75
23772.494651606277	1200	20.156333605693384	0.0	639204	3814.688001410206	1.2
23776.221400872997	1200	20.429584338971015	0.0	586839	3726.749266722369	1.2
23779.242228150186	1200	21.408757061785163	0.0	601738	3020.8272771858506	1.2
23782.464379185894	1200	22.18660602607864	0.0	616206	3222.151035706525	1.2
23787.383022820686	1850	21.26796239128529	0.0	968026	4918.643634793349	1.2000000000000002
23790.937445702355	1200	21.713539509615988	0.0	536667	3554.4228816693026	0.5499999999999999
23795.69329341106	1200	20.95769180091514	0.0	587236	4755.8477087008505	1.2
23800.23449265997	1200	20.416492552006762	0.0	590335	4541.199248908376	1.2
23808.210633453513	1200	16.440351758460892	0.0	696376	7976.140793545871	1.2
23810.198116442705	750	18.452868769268772	0.0	277716	1987.482989192121	0.3
23814.108086825567	1200	18.54289838640823	0.0	622896	3909.9703828605407	0.75
23818.937075790713	1200	17.71390942126212	0.0	641447	4828.988965146107	1.2
23822.05563309659	750	18.595352115388046	0.0	358218	3118.557305874074	0.3
23828.064378956406	1200	16.58660625556738	0.0	620283	6008.7458598206695	0.75
23832.322691064943	750	16.32829414703298	0.0	369834	4258.3121085343955	0.3
23835.844072270123	750	16.806912941849617	0.0	412837	3521.381205183367	0.75
23839.311918421638	750	17.339066790335867	0.0	401088	3467.84615151375	0.75
23842.794332776775	750	17.85665243519994	0.0	365161	3482.4143551359252	0.75
23847.424060313493	1200	17.22692489848012	0.0	487812	4629.727536719821	0.75
23850.3075376567	750	18.343447555274928	0.0	361565	2883.4773432051916	0.3
23853.14779074993	750	19.50319446204385	0.0	378327	2840.2530932310774	0.75
23856.927933399787	1200	19.72305181218446	0.0	587506	3780.1426498593937	0.75
23861.567056600754	1200	19.083928611221754	0.0	566904	4639.123200962702	1.2
23866.76357210509	750	17.88741310688286	0.0	384505	5196.515504338896	0.3
23869.403160181406	750	19.247825030567988	0.0	372093	2639.5880763148734	0.75
23874.919468754164	1200	17.73151645781139	0.0	634861	5516.308572756597	0.75
23878.408358965367	750	18.242626246609976	0.0	398987	3488.890211201415	0.3
23881.890641569855	750	18.760343642119288	0.0	393804	3482.2826044906883	0.75
23884.714251827925	750	19.93673338405036	0.0	331053	2823.610258068929	0.75
23890.98074642502	1200	17.670238786957096	0.0	550906	6266.494597093266	0.75

