23357.859060565228	750	4.0	5.558065529459364	450283	5558.065529459364	-23.149681776675266
23360.66677969708	300	5.192280868151962	0.0	155580	2807.719131848038	-0.15000000000000002
23362.052312031698	300	7.8067485335352504	0.0	139857	1385.5323346167118	0.3
23363.61685671922	300	10.24220384601217	0.0	155432	1564.5446875230796	0.3
23365.843609527834	300	12.015451037399814	0.0	163442	2226.7528086123575	0.3
23367.517670385885	300	14.34139017934634	0.0	126289	1674.0608580534742	0.3
23372.694646491636	750	13.16441407359571	0.0	352642	5176.976105750629	0.3
23378.520955525877	750	11.33810503935193	0.0	437162	5826.309034243779	0.75
23379.552506144708	300	14.306554420524655	0.0	150710	1031.5506188272752	-0.15000000000000002
23382.110284910937	750	15.748775654296209	0.0	362795	2557.7787662284463	0.3
23384.736133062324	750	17.1229275029054	0.0	353220	2625.8481513908077	0.75
23388.92263635063	1200	16.93642421459799	0.0	594078	4186.50328830741	0.75
23391.747873350578	750	18.111187214648947	0.0	386351	2825.2369999490447	0.3
23394.967976126332	750	18.891084438896183	0.0	434409	3220.1027757527663	0.75
23398.875313526652	1200	18.9837470385771	0.0	526950	3907.337400319081	0.75
23403.14936334949	1200	18.709697215739112	0.0	587876	4274.0498228379865	1.2
23405.96259463674	750	19.896465928485995	0.0	360831	2813.2312872531197	0.3
23410.60532755314	1200	19.253733012087483	0.0	581493	4642.732916398513	0.75
23416.704966982692	1200	17.154093582537772	0.0	639204	6099.639429549713	1.2
23422.104885403147	750	15.754175162084776	0.0	350713	5399.918420452996	0.3
23425.588613225525	750	16.27044733970319	0.0	386472	3483.7278223815856	0.75
23428.73078143673	750	17.12827912849883	0.0	399894	3142.1682112043623	0.75
23431.34063696787	750	18.518423597356698	0.0	401853	2609.8555311421296	0.75
23435.503926243142	1200	18.35513432208744	0.0	536667	4163.289275269258	0.75
23439.087337984885	750	18.77172258034377	0.0	359903	3583.411741743672	0.3
23445.048040449343	1200	16.811020115885327	0.0	590335	5960.702464458443	0.75
23449.404326250704	750	16.454734314526767	0.0	425781	4356.285801358561	0.3
23451.871176824126	750	17.987883741102046	0.0	277716	2466.8505734247196	0.75
23455.511429319104	750	18.347631246126088	0.0	400396	3640.252494975958	0.75
23459.501380547645	750	18.357680017580137	0.0	400508	3989.951228545953	0.75
23462.686233606684	750	19.172826958540476	0.0	358218	3184.853059039657	0.75
23469.13693369379	1200	16.722126871436355	0.0	620283	6450.700087104123	0.75
23474.254238406706	750	15.604822158519058	0.0	369834	5117.3047129172965	0.3
23481.582474983352	750	12.276585581871538	0.0	412837	7328.236576647519	0.75
23486.403412314627	750	11.455648250595747	0.0	401088	4820.937331275793	0.75
23487.99704760944	300	13.86201295578417	0.0	159914	1593.6352948115766	-0.15000000000000002
23491.596458143064	750	14.262602422160072	0.0	321064	3599.410533624098	0.3
23495.380338314953	750	14.478722250269119	0.0	361565	3783.880171890952	0.75
23499.711297650094	750	14.147762915129888	0.0	378327	4330.9593351392305	0.75
23503.42718315351	750	14.431877411716444	0.0	390680	3715.8855034134435	0.75
23508.14360878748	750	13.715451777745688	0.0	345516	4716.425633970757	0.75
23513.094496515863	750	12.764564049364196	0.0	384505	4950.887728381491	0.75
23514.772051379183	300	15.08700918604458	0.0	145210	1677.5548633196165	-0.15000000000000002
23518.1601381232	750	15.69892244202576	0.0	438281	3388.086744018822	0.3
23521.30413948022	750	16.554921085004864	0.0	398987	3144.001357020899	0.75
23526.655228934225	750	15.203831631001151	0.0	393804	5351.0894540037125	0.75
23529.664066888	750	16.194993677223714	0.0	331053	3008.837953777438	0.75
23532.342599177133	750	17.51646138809058	0.0	314107	2678.5322891331343	0.75

