8157.6906015797695	750	4.0	2.7039540741785544	450283	2703.9540741785545	-10.877002518967783
8158.550828456384	300	7.139773123385195	0.0	155580	860.2268766148045	-0.15000000000000002
8159.30812505541	300	10.382476524359733	0.0	139857	757.2965990254636	0.3
8160.107347124658	300	13.583254455111563	0.0	155432	799.222069248169	0.3
8161.952667832518	750	15.737933747252242	0.0	411561	1845.3207078593198	0.3
8163.458434521028	750	18.232167058742743	0.0	318564	1505.7666885094986	0.75
8165.8866823631	750	19.803919216671318	0.0	352642	2428.247842071427	0.75
8171.395754057376	1200	18.29484752239543	0.0	709534	5509.071694275887	0.75
8178.198428173171	1200	15.4921734065995	0.0	584846	6802.6741157959295	1.2
8180.574533103755	750	17.11606847601653	0.0	362795	2376.104930582969	0.3
8182.867061471	750	18.82354010877075	0.0	353220	2292.528367245781	0.75
8186.347573455867	1200	19.343028123903284	0.0	594078	3480.511984867465	0.75
8189.680140458813	1200	20.010461120957615	0.0	624282	3332.5670029456696	1.2
8192.893104429008	1200	20.797497150762656	0.0	687371	3212.9639701949613	1.2
8195.387055385077	1200	22.303546194692263	0.0	526950	2493.9509560703927	1.2
8200.260329248174	1850	21.430272331595596	0.0	923170	4873.273863096668	1.2000000000000002
8206.268973736798	1200	19.421627842972374	0.0	617242	6008.644488623218	0.5499999999999999
8209.978580817085	1200	19.712020762685235	0.0	581493	3709.607080287138	1.2
8213.956631253943	1200	19.733970325829258	0.0	639204	3978.0504368559778	1.2
8217.548757829229	1200	20.141843750543114	0.0	586839	3592.1265752861455	1.2
8228.018854664957	1200	13.671746914813934	0.0	601738	10470.09683572918	1.2
8230.984708521908	750	14.705893057862747	0.0	399894	2965.8538569511848	0.3
8235.828712158105	750	13.861889421666731	0.0	401853	4844.003636196015	0.75
8238.088016090485	750	15.602585489284873	0.0	343800	2259.30393238186	0.75
8240.641190042672	750	17.04941153709944	0.0	359903	2553.1739521854342	0.75
8243.10888032795	750	18.58172125182011	0.0	379700	2467.690285279333	0.75
8245.83055722748	750	19.86004435229124	0.0	425781	2721.6768995288685	0.75
8248.984303018862	1200	20.70629856090958	0.0	487160	3153.7457913816593	0.75
8253.560012534825	1200	20.130589044946586	0.0	622896	4575.709515962997	1.2
8257.437329635819	1200	20.25327194395253	0.0	641447	3877.3171009940515	1.2
8261.615671297006	1200	20.074930282764793	0.0	570392	4178.341661187742	1.2
8267.175394799655	1200	18.515206780115918	0.0	620283	5559.723502648874	1.2
8271.059917483946	1200	18.63068409582469	0.0	584349	3884.5226842912257	1.2
8274.397744535261	750	19.29285704450882	0.0	412837	3337.8270513158686	0.3
8276.745292685548	750	20.94530889422367	0.0	401088	2347.5481502851558	0.75
8279.975451340208	1200	21.715150239563403	0.0	598727	3230.1586546602657	0.75
8290.739898874985	1850	14.950702704785973	0.0	728962	10764.447534777428	1.2000000000000002
8295.972855529655	750	13.71774605011456	0.0	361565	5232.956654671414	-0.3500000000000001
8301.188963009183	750	12.501638570587152	0.0	378327	5216.107479527407	0.75
8302.934542725352	300	14.75605885441907	0.0	149991	1745.5797161680816	-0.15000000000000002
8306.246307291214	750	15.444294288556982	0.0	345516	3311.7645658620872	0.3
8309.280621964124	750	16.409979615645483	0.0	384505	3034.3146729114997	0.75
8311.658346722972	750	18.03225485679853	0.0	372093	2377.7247588469513	0.75
8315.339138919531	1200	18.351462660239086	0.0	634861	3680.7921965594446	0.75
8318.585219946752	1200	19.10538163301906	0.0	630203	3246.0810272200238	1.2
8321.834638301636	1200	19.85596327813457	0.0	638661	3249.418354884489	1.2
8324.290635857724	1200	21.399965722046637	0.0	538612	2455.997556087937	1.2
8326.91233840664	1200	22.778263173130323	0.0	550906	2621.7025489163148	1.2

