8333.603439443572	750	4.0	6.6911010369313795	450283	6691.10103693138	-28.021734458804932
8335.442501963877	300	6.160937479695716	0.0	155580	1839.0625203042848	-0.15000000000000002
8336.811523485216	300	8.791915958355675	0.0	139857	1369.0215213400395	0.3
8338.058282815207	300	11.545156628364916	0.0	155432	1246.7593299907599	0.3
8339.23420515613	300	14.369234287440888	0.0	163442	1175.9223409240274	0.3
8342.295208447156	750	15.308230996414862	0.0	318564	3061.0032910260247	0.3
8346.194968509972	750	15.408470933599185	0.0	352642	3899.7600628156774	0.75
8355.795500429123	750	9.807939014447484	0.0	437162	9600.531919151701	0.75
8359.33190529681	300	10.271534146761358	0.0	150710	3536.404867686125	-0.15000000000000002
8363.242416308198	300	10.36102313537423	0.0	139105	3910.511011387126	0.3
8368.131260878381	300	9.472178565189937	0.0	141840	4888.844570184293	0.3
8373.32461085056	300	8.27882859301292	0.0	156148	5193.349972177019	0.3
8377.600339773448	300	8.003099670123687	0.0	160746	4275.728922889232	0.3
8382.538915132873	300	7.064524310699188	0.0	179801	4938.575359424499	0.3
8385.559273102228	300	8.044166341344262	0.0	140051	3020.357969354926	0.3
8387.943282625312	300	9.660156818259917	0.0	138313	2384.0095230843453	0.3
8390.322562892257	300	11.280876551314295	0.0	143509	2379.280266945622	0.3
8393.01301992267	300	12.590419520902906	0.0	150616	2690.4570304113895	0.3
8396.562572972729	300	13.040866470842847	0.0	165384	3549.5530500600603	0.3
8402.742697637186	750	10.860741806387443	0.0	350713	6180.124664455404	0.3
8403.870842690041	300	13.732596753530709	0.0	157671	1128.145052856735	-0.15000000000000002
8406.390290637026	750	15.213148806545734	0.0	399894	2519.447946984974	0.3
8409.02121055656	750	16.5822288870103	0.0	401853	2630.919919535436	0.75
8411.042180244924	750	18.561259198646468	0.0	343800	2020.9696883638303	0.75
8413.493655103066	750	20.10978434050532	0.0	359903	2451.4748581411473	0.75
8417.548313478039	1200	20.055125965530898	0.0	590335	4054.658374974422	0.75
8422.096275480737	1200	19.50716396283389	0.0	696376	4547.962002697009	1.2
8423.595380541296	750	22.00805890227585	0.0	277716	1499.1050605580394	0.3
8427.303259427628	1200	22.300180015943297	0.0	622896	3707.878886332553	0.75
8432.76216893244	1850	20.841270511131974	0.0	975811	5458.909504811321	1.2000000000000002
8435.625145992555	1200	21.978293451017123	0.0	570392	2862.9770601148525	0.5499999999999999
8440.716817925391	1850	20.88662151817957	0.0	954453	5091.671932837553	1.2000000000000002
8444.683514990935	1200	20.919924452636966	0.0	584349	3966.6970655426035	0.5499999999999999
8449.533299571865	1200	20.070139871705056	0.0	670129	4849.784580931913	1.2
8455.466101223514	1200	18.13733822005683	0.0	690253	5932.801651648225	1.2
8457.497487054887	750	20.105952388684134	0.0	365161	2031.3858313726955	0.3
8460.321741232432	1200	21.281698211138895	0.0	487812	2824.2541775452373	0.75
8463.488437455204	1200	22.115001988367798	0.0	575591	3166.696222771099	1.2
8469.968110732016	1850	19.63532871155683	0.0	908665	6479.673276810966	1.2000000000000002
8473.611713106391	1200	19.99172633717964	0.0	587506	3643.6023743771907	0.5499999999999999
8476.352392727835	1200	21.25104671573715	0.0	566904	2740.6796214424894	1.2
8480.502919614866	1200	21.100519828706755	0.0	641452	4150.526887030395	1.2
8484.552969514387	1200	21.050469929186793	0.0	599477	4050.049899519959	1.2
8488.574812103054	1200	21.02862734052058	0.0	634861	4021.842588666215	1.2
8491.957318067418	1200	21.646121376156362	0.0	630203	3382.505964364216	1.2
8496.183646786632	1200	21.419792656942867	0.0	638661	4226.328719213497	1.2
8500.861808312517	1200	20.741631131058334	0.0	538612	4678.161525884536	1.2
8505.342449143775	1200	20.260990299800817	0.0	550906	4480.640831257516	1.2

