10583.851014088188	750	4.0	3.5388403668140223	450283	3538.840366814022	-14.467013577300294
10585.303413158337	300	6.5476009298498035	0.0	155580	1452.399070150196	-0.15000000000000002
10586.64191724023	300	9.209096847957815	0.0	139857	1338.5040818919888	0.3
10588.011751787957	300	11.83926230022871	0.0	155432	1369.8345477291064	0.3
10589.568356835674	300	14.28265725251159	0.0	163442	1556.6050477171186	0.3
10593.026330639008	750	14.824683449178027	0.0	318564	3457.973803333563	0.3
10596.983140505019	750	14.867873583166274	0.0	352642	3956.8098660117525	0.75
10601.07210937284	750	14.778904715345165	0.0	437162	4088.9688678211096	0.75
10605.74664955038	750	14.10436453780702	0.0	374758	4674.540177538144	0.75
10608.541289466859	750	15.309724621326842	0.0	362795	2794.639916480181	0.75
10611.187503401168	750	16.663510687019755	0.0	353220	2646.2139343070835	0.75
10614.332278851523	750	17.51873523666412	0.0	405134	3144.775450355637	0.75
10617.702543444628	750	18.148470643560486	0.0	386351	3370.2645931036354	0.75
10622.18930911302	750	17.66170497516861	0.0	434409	4486.765668391875	0.75
10625.504775062003	750	18.34623902618468	0.0	337059	3315.46594898393	0.75
10628.761930020773	750	19.089084067414515	0.0	366214	3257.154958770167	0.75
10631.272473193954	750	20.57854089423391	0.0	360831	2510.5431731806057	0.75
10634.815370910957	1200	21.035643177231915	0.0	581493	3542.897717001992	0.75
10638.705011276284	1200	21.146002811904655	0.0	639204	3889.64036532726	1.2
10641.985449753714	1200	21.86556433447387	0.0	586839	3280.4384774307846	1.2
10648.183004471568	1850	19.668009616620967	0.0	891604	6197.554717852906	1.2000000000000002
10651.432453337764	1200	20.41856075042535	0.0	616206	3249.4488661956184	0.5499999999999999
10657.090066712975	1200	18.760947375214876	0.0	656471	5657.613375210473	1.2
10662.199491635723	1200	17.651522452467187	0.0	536667	5109.4249227476885	1.2
10666.784279296697	750	17.06673479149348	0.0	359903	4584.787660973707	0.3
10672.179074025806	750	15.671940062384488	0.0	379700	5394.794729108991	0.75
10678.037659062413	750	13.81335502577784	0.0	425781	5858.585036606649	0.75
10681.888800032642	750	13.962214055549486	0.0	277716	3851.140970228354	0.75
10687.405828363439	750	12.44518572475273	0.0	400396	5517.028330796756	0.75
10689.506824000402	300	14.344190087789485	0.0	149029	2100.995636963243	-0.15000000000000002
10694.029646682364	750	13.821367405827637	0.0	358218	4522.822681961848	0.3
10698.417256249086	750	13.433757839105459	0.0	400322	4387.609566722179	0.75
10704.244059728306	750	11.606954359885178	0.0	369834	5826.803479220282	0.75
10706.925215565492	300	12.925798522698601	0.0	163444	2681.1558371865767	-0.15000000000000002
10711.723981263967	750	12.127032824223715	0.0	401088	4798.765698474887	0.3
10713.008541232282	300	14.842472855909156	0.0	159914	1284.5599683145595	-0.15000000000000002
10715.484456018372	750	16.36655806982005	0.0	321064	2475.914786089106	0.3
10717.994162310722	750	17.856851777468208	0.0	361565	2509.706292351843	0.75
10720.452985291704	750	19.398028796486972	0.0	378327	2458.8229809812387	0.75
10724.479003833374	1200	19.372010254818296	0.0	587506	4026.0185416686754	0.75
10728.201694161662	1200	19.649319926528683	0.0	566904	3722.690328289615	1.2
10733.745384783573	1200	18.105629304618198	0.0	641452	5543.690621910485	1.2
10736.942164111211	750	18.90884997698063	0.0	372093	3196.7793276375687	0.3
10741.936026414971	1200	17.914987673220924	0.0	634861	4993.862303759705	0.75
10744.725312631612	750	19.12570145657948	0.0	398987	2789.28621664144	0.3
10748.395547644312	1200	19.455466443881008	0.0	638661	3670.2350126984734	0.75
10751.56825804735	1200	20.282756040843648	0.0	538612	3172.7104030373575	1.2
10754.596037238858	1200	21.25497684933425	0.0	550906	3027.779191509398	1.2

