16644.94460583715	750	4.0	3.478694088168143	450283	3478.694088168143	-14.208384579123015
16647.395023182384	750	5.54958265476585	0.0	398865	2450.4173452341497	0.75
16649.385332168535	750	7.559273668615107	0.0	350812	1990.3089861507428	0.75
16651.829177849355	750	9.115427987794604	0.0	382355	2443.8456808205033	0.75
16654.44184009274	750	10.502765744409848	0.0	411561	2612.6622433847565	0.75
16657.4725412798	750	11.472064557350226	0.0	318564	3030.7011870596216	0.75
16660.578429164383	750	12.366176672767752	0.0	352642	3105.8878845824747	0.75
16667.0954470236	750	9.849158813550602	0.0	437162	6517.017859217149	0.75
16672.84983121974	750	8.094774617409385	0.0	374758	5754.384196141218	0.75
16678.694868568655	750	6.249737268496914	0.0	362795	5845.03734891247	0.75
16681.70605352261	300	7.2385523145410335	0.0	141840	3011.184953955881	-0.15000000000000002
16684.033305544213	300	8.911300292935332	0.0	156148	2327.252021605702	0.3
16686.903791749366	300	10.040814087783826	0.0	160746	2870.4862051515065	0.3
16688.309333328703	300	12.6352725084453	0.0	179801	1405.541579338524	0.3
16689.232659213478	300	15.711946623670173	0.0	140051	923.325884775129	0.3
16690.127723150836	300	18.81688268631202	0.0	138313	895.0639373581503	0.3
16692.477272072578	750	20.46733376457181	0.0	360831	2349.5489217402096	0.3
16696.685840022936	750	20.25876581421193	0.0	372963	4208.567950359881	0.75
16702.73357809955	750	18.211027737598613	0.0	405596	6047.738076613318	0.75
16705.758233586133	750	19.186372251015435	0.0	350713	3024.655486583178	0.75
16709.361730711877	750	19.582875125272885	0.0	386472	3603.497125742552	0.75
16714.603841408407	750	18.340764428745125	0.0	399894	5242.110696527757	0.75
16717.995626125306	750	18.9489797118422	0.0	401853	3391.784716902925	0.75
16720.71947488469	750	20.225130952460233	0.0	343800	2723.8487593819664	0.75
16723.86601005062	750	21.078595786528517	0.0	359903	3146.535165931715	0.75
16728.825635303117	1200	20.118970534032442	0.0	590335	4959.625252496075	0.75
16735.50474192011	1200	17.439863917037286	0.0	696376	6679.10661699516	1.2
16739.935798980987	1200	17.00880685615979	0.0	487160	4431.057060877495	1.2
16745.393545546696	1200	15.551060290449994	0.0	622896	5457.746565709797	1.2
16751.406057953016	1200	13.538547884130377	0.0	641447	6012.512406319615	1.2
16756.993643545797	1200	11.950962291350352	0.0	570392	5587.585592780027	1.2
16763.79591223934	1200	9.14869359780691	0.0	620283	6802.268693543444	1.2
16769.77439399073	1200	7.170211846418649	0.0	584349	5978.48175138826	1.2
16774.550341833525	750	6.394264003623048	0.0	412837	4775.9478427956	0.3
16778.548226005976	750	6.396379831171893	0.0	401088	3997.8841724511553	0.75
16781.979899609803	750	6.964706227341577	0.0	365161	3431.673603830316	0.75
16785.913121919097	750	7.03148391805139	0.0	321064	3933.2223092901872	0.75
16789.313189746717	750	7.631416090426439	0.0	361565	3400.067827624951	0.75
16792.564421071962	750	8.380184765185346	0.0	378327	3251.2313252410927	0.75
16796.926215789405	750	8.018390047741727	0.0	390680	4361.7947174436185	0.75
16800.869042908987	750	8.07556292815827	0.0	345516	3942.8271195834577	0.75
16803.792509204857	750	9.152096632288574	0.0	384505	2923.466295869695	0.75
16806.535030626186	750	10.40957521095969	0.0	372093	2742.5214213288846	0.75
16810.041084561406	750	10.903521275737923	0.0	438281	3506.053935221767	0.75
16814.551380350294	750	10.393225486848442	0.0	398987	4510.295788889481	0.75
16821.804521361828	1200	7.140084475317462	0.0	638661	7253.14101153098	0.75
16826.386077760897	1200	6.558528076245967	0.0	538612	4581.5563990714945	1.2
16830.013150192382	1200	6.93145564476115	0.0	550906	3627.0724314848167	1.2

