20039.573000319135	750	4.0	4.146410706663652	450283	4146.4107066636525	-17.079566038653706
20040.693302821288	300	6.879697497844862	0.0	155580	1120.3025021551377	-0.15000000000000002
20041.72224598291	300	9.850754336222511	0.0	139857	1028.9431616223508	0.3
20045.939727879435	1200	9.633272439699223	0.0	617681	4217.481896523287	0.29999999999999993
20051.08012132453	1200	8.492878994606627	0.0	652874	5140.393445092594	1.2
20053.518375517546	750	10.054624801586192	0.0	318564	2438.254193020437	0.3
20059.47367300207	1200	8.099327317062755	0.0	561791	5955.297484523436	0.75
20068.547635157072	750	4.0	0.9746348379379424	437162	9073.962155000698	-3.890929803133152
20071.700394655578	300	4.847240501492984	0.0	150710	3152.7594985070155	-0.15000000000000002
20073.65903464706	300	6.888600510013675	0.0	139105	1958.6399914793094	0.3
20075.706514387344	300	8.84112076972934	0.0	141840	2047.4797402843358	0.3
20081.090995711103	750	7.456639445968206	0.0	405134	5384.481323761133	0.3
20084.563100813873	750	7.984534343198587	0.0	386351	3472.1051027696194	0.75
20088.46582409102	750	8.081811066052044	0.0	434409	3902.723277146543	0.75
20091.43998794779	750	9.107647209284165	0.0	337059	2974.163856767878	0.75
20100.1277610736	1200	4.419874083472887	0.0	587876	8687.773125811278	0.75
20103.19334069299	300	5.354294464083881	0.0	143509	3065.579619389006	-0.6000000000000001
20105.08489316978	300	7.462741987295047	0.0	150616	1891.5524767888342	0.3
20110.243395005815	750	6.304240151260878	0.0	405596	5158.501836034169	0.3
20112.094940860887	300	8.452694296189716	0.0	140881	1851.5458550711626	-0.15000000000000002
20117.676909852948	750	6.870725304126013	0.0	386472	5581.968992063702	0.3
20120.79672510793	300	7.750910049142473	0.0	157812	3119.8152549835395	-0.15000000000000002
20126.101455729073	750	6.446179428001391	0.0	401853	5304.730621141082	0.3
20129.277910301607	300	7.269724855464776	0.0	137654	3176.4545725366143	-0.15000000000000002
20139.685325435366	750	4.0	3.137690278293753	359903	10407.41513375853	-13.192068196663136
20142.538567997002	300	5.146757438365692	0.0	153938	2853.242561634308	-0.15000000000000002
20144.423321788214	300	7.262003647151766	0.0	181901	1884.7537912139262	0.3
20148.144924176595	750	7.540401258770548	0.0	277716	3721.6023883812177	0.3
20152.553556456765	750	7.131768978600638	0.0	400396	4408.632280169911	0.75
20157.802430229705	750	5.882895205664326	0.0	400508	5248.873772936312	0.75
20159.43094209059	300	8.254383344777747	0.0	157421	1628.5118608865778	-0.15000000000000002
20163.684713801824	750	8.000611633545306	0.0	400322	4253.771711232442	0.3
20168.4431368979	750	7.24218853746837	0.0	369834	4758.4230960769355	0.75
20173.692974216283	750	5.992351219084555	0.0	412837	5249.837318383815	0.75
20176.08530213656	300	7.600023298808982	0.0	179328	2392.327920275573	-0.15000000000000002
20181.17189099267	750	6.513434442697469	0.0	365161	5086.5888561115125	0.3
20183.312692689447	300	8.372632745918283	0.0	131610	2140.801696779186	-0.15000000000000002
20187.095825860517	750	8.589499574851414	0.0	361565	3783.133171066869	0.3
20191.02122412253	750	8.664101312834429	0.0	378327	3925.398262016984	0.75
20193.684566545293	750	10.000758890073211	0.0	390680	2663.3424227612168	0.75
20198.142565684437	1200	9.542759750926798	0.0	566904	4457.999139146413	0.75
20203.346953012042	1200	8.338372423324143	0.0	641452	5204.387327602655	1.2
20206.482023758548	750	9.203301676817611	0.0	372093	3135.0707465065316	0.3
20212.167887056876	1200	7.5174383784901195	0.0	634861	5685.863298327492	0.75
20215.76470483379	750	7.920620601575858	0.0	398987	3596.817776914261	0.3
20219.514260995817	750	8.171064439548394	0.0	393804	3749.556162027465	0.75
20222.345336348313	750	9.339989087051642	0.0	331053	2831.0753524967527	0.75
20226.77051892088	1200	8.914806514484523	0.0	550906	4425.182572567119	0.75

