11262.030377029718	750	4.0	2.322935537655054	450283	2322.935537655054	-9.238622811916732
11263.108267199095	300	6.922109830622425	0.0	155580	1077.8901693775754	-0.15000000000000002
11264.629215650919	300	9.401161378798434	0.0	139857	1520.9484518239897	0.3
11266.0949611481	300	11.935415881617908	0.0	155432	1465.745497180527	0.3
11267.457298991658	300	14.57307803805945	0.0	163442	1362.3378435584586	0.3
11268.337305435149	300	17.693071594569034	0.0	126289	880.0064434904134	0.3
11269.515983640751	300	20.514393388967083	0.0	153295	1178.6782056019515	0.3
11270.838355054817	300	23.192021974900797	0.0	173849	1322.3714140662876	0.3
11271.867440285652	300	26.16293674406334	0.0	150710	1029.0852308374551	0.3
11272.806331436923	300	29.22404559279393	0.0	139105	938.8911512694084	0.3
11273.755052203293	300	32.27532482642519	0.0	141840	948.7207663687391	0.3
11274.7928510121	300	35.23752601761785	0.0	156148	1037.7988088073346	0.3
11275.971531529365	300	38.05884550035283	0.0	160746	1178.6805172650295	0.3
11277.164021581539	300	40.86635544817981	0.0	179801	1192.4900521730146	0.3
11278.158985904358	300	43.87139112536013	0.0	140051	994.9643228196861	0.3
11279.153476529416	300	46.87690050030324	0.0	138313	994.4906250568797	0.3
11280.27041702736	300	49.75996000235912	0.0	143509	1116.9404979441251	0.3
11283.278191446014	750	50.752185583704694	0.0	372963	3007.774418654422	0.3
11286.630064148858	750	51.400312880860426	0.0	405596	3351.872702844276	0.75
11289.592116148815	750	52.438260880904174	0.0	350713	2962.0519999562434	0.75
11292.169662470078	750	53.860714559640485	0.0	386472	2577.546321263691	0.75
11294.74754067487	750	55.282836354847575	0.0	399894	2577.8782047929103	0.75
11297.573149554071	750	56.45722747564581	0.0	401853	2825.6088792017727	0.75
11299.856752137906	750	58.173624891811414	0.0	343800	2283.6025838343944	0.75
11302.786521490518	750	59.24385553919935	0.0	359903	2929.769352612063	0.75
11306.053384564917	750	59.97699246479978	0.0	379700	2766.863074399577	0.75
11311.979063973607	750	58.05131305611054	0.0	425781	5925.679408689243	0.75
11315.280807599898	750	58.74956942981962	0.0	277716	3301.743626290908	0.75
11318.336683274627	750	59.6936937550914	0.0	400396	2555.8756747282223	0.75
11319.989900205777	750	59.616706290447674	0.0	400508	1576.987464643721	0.75
11323.805965152591	750	59.80064134363503	0.0	358218	2316.0649468126494	0.75
11327.990661427013	750	59.61594506921375	0.0	400322	4184.69627442127	0.75
11331.66005032939	750	59.7347459285457	0.0	369834	2881.199140668051	0.75
11334.406264018244	750	59.740733941124425	0.0	412837	1994.0119874212742	0.75
11336.347186876827	750	59.65637331484858	0.0	401088	1584.3606262758442	0.75
11338.732011933555	750	59.937241940788255	0.0	365161	1719.1313740603214	0.75
11340.238806345209	750	59.526691528643845	0.0	321064	1410.5504121444085	0.75
11341.907918990735	750	59.58525731528706	0.0	361565	1441.4342133567875	0.75
11344.463566840363	750	59.88627260180805	0.0	378327	1698.984713479012	0.75
11346.837828950544	750	59.64747305754066	0.0	390680	1738.799544267391	0.75
11348.374395132485	750	59.67692123062613	0.0	345516	1470.5518269145346	0.75
11350.238494074481	750	59.56787898014348	0.0	384505	1609.04225048264	0.75
11352.63235457595	750	59.97347706066585	0.0	372093	1594.4019194776351	0.75
11355.418900346744	750	59.914933490263444	0.0	438281	2058.543570402405	0.75
11357.92243946	750	59.6471650003313	0.0	398987	1767.7684899321432	0.75
11360.079549797216	750	59.591495195884384	0.0	393804	2055.6698044469167	0.75
11363.536437081822	750	59.81877175296648	0.0	331053	2272.7234429179093	0.75
11367.799163417641	750	59.556045417149065	0.0	314107	3762.7263358174096	0.75

