574.5000532469422	750	4.0	5.259051639025879	450283	5259.051639025879	-21.86392204781128
576.0452793095915	300	6.454773937350686	0.0	155580	1545.2260626493135	-0.15000000000000002
577.5081899762899	300	8.991863270652232	0.0	139857	1462.9106666984549	0.3
578.8627144109006	300	11.637338836041588	0.0	155432	1354.5244346106435	0.3
580.2761211458131	300	14.223932101129046	0.0	163442	1413.4067349125414	0.3
581.5467621655409	300	16.953291081401293	0.0	126289	1270.6410197277503	0.3
583.0841046672559	300	19.41594857968636	0.0	153295	1537.3425017149304	0.3
584.5932511049989	300	21.90680214194333	0.0	173849	1509.1464377430323	0.3
586.1221498436072	300	24.37790340333504	0.0	150710	1528.898738608293	0.3
587.5668924765133	300	26.933160770428977	0.0	139105	1444.7426329060604	0.3
588.8932339992707	300	29.606819247671588	0.0	141840	1326.3415227573894	0.3
590.0851376364045	300	32.41491561053786	0.0	156148	1191.9036371337295	0.3
591.2338671065787	300	35.26618614036368	0.0	160746	1148.729470174182	0.3
592.7379081494279	300	37.762145097514484	0.0	179801	1504.0410428491957	0.3
594.4278508460847	300	40.07220240085768	0.0	140051	1689.9426966568092	0.3
595.4390575612451	300	43.060995685697165	0.0	138313	1011.2067151605135	0.3
596.276251769579	300	46.22380147736342	0.0	143509	837.1942083337397	0.3
597.1031015652104	300	49.39695168173197	0.0	150616	826.8497956314565	0.3
597.9642176710847	300	52.535835575857604	0.0	165384	861.1161058743588	0.3
598.7070124635953	300	55.793040783346925	0.0	140881	742.7947925106861	0.3
599.8113715426466	300	58.688681704295675	0.0	157671	1104.3590790512442	0.3
601.5323518940855	300	59.76837646254135	0.0	157812	920.3052417543321	0.3
603.1992279748998	300	59.87527601992646	0.0	163927	893.1004426148882	0.3
604.5966214664268	300	59.963467031262695	0.0	137654	911.8089886637584	0.3
607.1650674365449	300	59.67203637868527	0.0	146754	1791.4306525774273	0.3
608.8096023073689	300	59.73827656389352	0.0	153938	933.7598147917416	0.3
610.48206920965	300	59.83743064556911	0.0	181901	900.84591832442	0.3
611.7746452622179	300	59.51695313031359	0.0	111155	820.477515255519	0.3
613.1334440055869	300	59.778603032035186	0.0	153605	738.3500982784005	0.3
615.3885195170835	750	59.611289536882225	0.0	400508	2167.3134951529573	0.3
617.1550621818611	750	59.91689927461526	0.0	358218	1694.3902622669668	0.75
621.1264855990985	750	59.532263786351905	0.0	400322	2384.6354882633527	0.75
625.0819817349866	750	59.57676765046384	0.0	369834	2455.4961358880605	0.75
628.9996493999977	750	59.65909998545268	0.0	412837	2917.6676650111663	0.75
632.576134389547	750	59.76583332221465	0.0	401088	3393.2666632380287	0.75
635.8030232406824	750	59.858998031202546	0.0	365161	2406.835291012103	0.75
638.9798262313657	750	59.655623301622576	0.0	321064	2703.3747295799703	0.75
641.9095424751141	750	59.67247939614998	0.0	361565	2483.1439054725893	0.75
645.1978985299999	750	59.886587490145054	0.0	378327	2285.8919060049293	0.75
647.7447785189933	750	59.97937954158872	0.0	390680	1907.2079485563283	0.75
650.2394782292165	750	59.516865701695664	0.0	345516	1962.51383989306	0.75
653.6210440835074	750	59.53217572871536	0.0	384505	2984.6899729803063	0.75
656.7390443275975	750	59.92161350932557	0.0	372093	2610.5622193897934	0.75
660.9944747218659	750	59.66618311505708	0.0	438281	3755.430394268488	0.75
664.7606504975917	750	59.90000733933129	0.0	398987	3766.17577572579	0.75
668.8426681343985	750	59.81798970252443	0.0	393804	4082.017636806861	0.75
671.6558264594058	750	59.646941489271526	0.0	331053	2671.0482132528978	0.75
675.2526962675116	750	59.814561703095826	0.0	314107	2832.379786175708	0.75

