5327.568777104727	750	4.0	5.127185897414645	450283	5127.185897414644	-21.29689935888297
5329.462058605981	300	6.106718498746048	0.0	155580	1893.2815012539522	-0.15000000000000002
5331.105020508286	300	8.463756596441497	0.0	139857	1642.961902304551	0.3
5332.943977155445	300	10.624799949282068	0.0	155432	1838.9566471594298	0.3
5334.970237352175	300	12.598539752552488	0.0	163442	2026.2601967295793	0.3
5338.519737964171	750	13.049039140556447	0.0	318564	3549.500611996041	0.3
5342.880487765897	750	12.688289338830781	0.0	352642	4360.749801725666	0.75
5346.690888053627	750	12.877889051100693	0.0	437162	3810.400287730088	0.75
5350.711154648044	750	12.857622456683192	0.0	374758	4020.2665944175014	0.75
5354.688441711604	750	12.88033539312233	0.0	362795	3977.287063560862	0.75
5359.058185088343	750	12.510592016384232	0.0	353220	4369.7433767381	0.75
5364.583772367953	750	10.985004736774256	0.0	405134	5525.587279609976	0.75
5368.397391713778	750	11.171385390949107	0.0	386351	3813.6193458251487	0.75
5371.781390403728	750	11.787386700999376	0.0	434409	3383.9986899497303	0.75
5373.813854174194	750	13.754922930533615	0.0	337059	2032.4637704657591	0.75
5376.6955828729615	750	14.87319423176601	0.0	366214	2881.728698767606	0.75
5379.319634708817	750	16.249142395910404	0.0	360831	2624.0518358556083	0.75
5382.130287008698	750	17.438490096029344	0.0	372963	2810.652299881057	0.75
5387.500773511529	1200	16.068003593198863	0.0	639204	5370.48650283048	0.75
5392.27975028832	1200	15.289026816407409	0.0	586839	4778.9767767914545	1.2
5400.728849237738	1200	10.839927866989575	0.0	601738	8449.098949417836	1.2
5408.328690361056	750	7.24008674367105	0.0	399894	7599.841123318524	0.3
5411.111119580808	300	8.457657523919158	0.0	163927	2782.4292197518903	-0.15000000000000002
5414.023448184208	300	9.54532892051899	0.0	137654	2912.328603400168	0.3
5417.528157753181	300	10.040619351545642	0.0	146754	3504.7095689733483	0.3
5420.047791961245	300	11.520985143481935	0.0	153938	2519.6342080637055	0.3
5423.538428450475	300	12.030348654251753	0.0	181901	3490.6364892301826	0.3
5425.68744610604	300	13.88133099868764	0.0	111155	2149.0176555641137	0.3
5428.650427751518	300	14.91834935320995	0.0	153605	2962.98164547769	0.3
5431.303799782047	300	16.264977322682117	0.0	149029	2653.372030527834	0.3
5433.770893114573	300	17.797883990155956	0.0	157421	2467.0933325261612	0.3
5436.453409409287	300	19.115367695441513	0.0	157488	2682.516294714441	0.3
5439.5303972680595	300	20.038379836668593	0.0	143881	3076.9878587729218	0.3
5444.415277250761	300	19.15349985396725	0.0	163444	4884.879982701341	0.3
5450.7017707484165	300	16.867006356311755	0.0	179328	6286.493497655497	0.3
5455.2117442975405	300	16.357032807188364	0.0	159914	4509.973549123392	0.3
5458.506855520411	300	17.061921584318508	0.0	131610	3295.111222869855	0.3
5461.117224395938	300	18.451552708791045	0.0	124011	2610.368875527462	0.3
5463.562965375104	300	20.0058117296251	0.0	144254	2445.7409791659466	0.3
5465.477952380453	300	22.090824724276988	0.0	149991	1914.9870053481138	0.3
5467.383306645392	300	24.185470459337704	0.0	147968	1905.3542649392828	0.3
5469.954938161088	300	25.613838943641497	0.0	161857	2571.6315156962037	0.3
5472.242452920248	300	27.326324184481553	0.0	145210	2287.514759159946	0.3
5480.5591653765505	750	23.009611728178893	0.0	438281	8316.71245630266	0.3
5487.755564100374	750	19.813213004355656	0.0	398987	7196.398723823237	0.75
5492.323681456608	750	19.24509564812184	0.0	393804	4568.117356233821	0.75
5497.3147384613085	1200	18.254038643420962	0.0	538612	4991.057004700877	0.75
5509.445778529921	1850	10.122998574808822	0.0	846370	12131.04006861214	1.2000000000000002

