14253.230736602934	750	4.0	3.666539248000215	450283	3666.5392480002147	-15.016118766400924
14254.162984422008	300	7.067752180926023	0.0	155580	932.2478190739762	-0.15000000000000002
14257.137388533078	750	8.093348069854693	0.0	350812	2974.4041110713297	0.3
14260.206516899163	750	9.024219703769914	0.0	382355	3069.1283660847807	0.75
14264.45529090805	1200	8.775445694883947	0.0	652874	4248.774008885966	0.75
14266.896017831968	750	10.334718770965457	0.0	318564	2440.7269239184907	0.3
14270.329206919614	1200	10.901529683320001	0.0	561791	3433.189087645457	0.75
14274.818384332826	1200	10.412352270107517	0.0	709534	4489.177413212484	1.2
14277.641759592381	1200	11.588977010553982	0.0	584846	2823.375259553534	1.2
14285.271942846744	1850	7.958793756189515	0.0	913888	7630.183254364469	1.2000000000000002
14289.418934522875	750	7.811802080059296	0.0	353220	4146.991676130218	-0.3500000000000001
14293.186910454846	750	8.043826148088966	0.0	405134	3767.9759319703294	0.75
14296.281199823276	750	8.949536779658269	0.0	386351	3094.2893684306987	0.75
14298.683325436363	750	10.547411166570036	0.0	434409	2402.125613088232	0.75
14302.44151491253	1200	10.789221690402387	0.0	526950	3758.189476167648	0.75
14306.894930369677	1200	10.335806233256447	0.0	587876	4453.415457145939	1.2
14311.984880054579	1200	9.245856548355587	0.0	617242	5089.949684900862	1.2
14326.065983820452	1200	4.0	4.835247217517337	581493	14081.103765872924	-19.59156303532455
14329.774855881571	300	4.2911279388801145	0.0	165384	3708.872061119886	-0.6000000000000001
14331.762950755838	300	6.303033064613263	0.0	140881	1988.0948742668509	0.3
14333.268568211684	300	8.79741560876715	0.0	157671	1505.6174558461146	0.3
14336.99869877023	750	9.067285050219892	0.0	399894	3730.1305585472564	0.3
14342.389333269637	1200	7.676650550813079	0.0	656471	5390.634499406813	0.75
14344.987010405033	750	9.078973415416867	0.0	343800	2597.6771353962117	0.3
14349.02579210074	1200	9.040191719711132	0.0	587236	4038.7816957057357	0.75
14352.19631256244	1200	9.869671258009273	0.0	590335	3170.5204617018585	1.2
14355.623733030563	1200	10.44225078988761	0.0	696376	3427.4204681216656	1.2
14357.972596897165	1200	12.093386923287035	0.0	487160	2348.863866600573	1.2
14363.9514870192	1850	10.114496801251287	0.0	972798	5978.890122035748	1.2000000000000002
14368.520993770642	1200	9.544990049808293	0.0	641447	4569.506751442995	0.5499999999999999
14372.924524974344	1200	9.14145884610644	0.0	570392	4403.531203701854	1.2
14377.184405959317	1200	8.88157786113384	0.0	620283	4259.880984972599	1.2
14380.166089979366	750	9.899893841084968	0.0	369834	2981.6840200488714	0.3
14390.19108867921	1200	4.0	0.12510485875886843	670129	10024.998699843836	0.21204910733686572
14393.351473957986	300	4.839614721224416	0.0	179328	3160.3852787755836	-0.6000000000000001
14396.277392087399	300	5.913696591812672	0.0	159914	2925.918129411744	0.3
14398.787367479848	300	7.403721199362579	0.0	131610	2509.9753924500933	0.3
14407.574149503978	750	4.0	1.3830608247670462	361565	8786.782024129625	-5.647161546498299
14410.663352774549	300	4.910796729429338	0.0	144254	3089.203270570662	-0.15000000000000002
14413.130701263839	300	6.443448240139968	0.0	149991	2467.3484892893694	0.3
14415.985681156568	300	7.588468347410756	0.0	147968	2854.979892729212	0.3
14425.334981152457	750	4.0	1.7608316484780036	384505	9349.29999588876	-7.271576088455415
14428.357888671626	300	4.977092480830224	0.0	145210	3022.907519169776	-0.15000000000000002
14431.608942828023	300	5.726038324431917	0.0	172312	3251.054156398308	0.3
14434.305622023045	300	7.0293591294113265	0.0	167025	2696.67919502059	0.3
14439.408330652892	750	5.926650499563382	0.0	393804	5102.708629847944	0.3
14440.915714933428	300	8.419266219028431	0.0	137507	1507.3842805349514	-0.15000000000000002
14444.51557737169	750	8.819403780764947	0.0	314107	3599.8624382634835	0.3

