15291.8313614117	750	4.0	1.5754002818435975	450283	1575.4002818435974	-6.024221211927469
15292.67398316905	300	7.157378242649309	0.0	155580	842.6217573506916	-0.15000000000000002
15293.346372628792	300	10.484988782908305	0.0	139857	672.3894597410048	0.3
15294.615914640759	750	13.215446770941526	0.0	382355	1269.5420119667801	0.3
15298.765911334021	1850	13.065450077679232	0.0	996749	4149.996693262294	0.75
15301.511735516224	1200	14.319625895476007	0.0	520315	2745.8241822032255	0.5499999999999999
15305.859831499578	1200	13.971529912122048	0.0	561791	4348.09598335396	1.2
15310.175310032915	750	13.656051378785879	0.0	437162	4315.478533336169	0.3
15311.295751068363	300	16.535610343338785	0.0	150710	1120.4410354470924	-0.15000000000000002
15313.161771703135	750	18.669589708566583	0.0	362795	1866.0206347722017	0.3
15315.966847813568	1200	19.864513598133257	0.0	607410	2805.076110433327	0.75
15320.780379155378	1850	19.050982256323753	0.0	917428	4813.531341809505	1.2000000000000002
15323.662736683209	1200	20.168624728493164	0.0	624282	2882.3575278305916	0.5499999999999999
15329.153260222385	1850	18.678101189317523	0.0	1036454	5490.52353917564	1.2000000000000002
15331.81432372035	1200	20.017037691354155	0.0	526950	2661.063497963367	0.5499999999999999
15336.188041650605	1850	19.643319761098667	0.0	923170	4373.717930255486	1.2000000000000002
15341.893181859425	1850	17.93817955227805	0.0	966699	5705.140208820616	1.85
15345.12603715748	1200	18.70532425422093	0.0	581493	3232.8552980571226	0.5499999999999999
15348.272673918877	1200	19.558687492826017	0.0	639204	3146.6367613949114	1.2
15352.560440191493	1850	19.27092122020937	0.0	923755	4287.766272616648	1.2000000000000002
15357.210917458813	1850	18.620443952889577	0.0	891604	4650.477267319791	1.85
15360.069185236433	1200	19.76217617527074	0.0	616206	2858.2677776188375	0.5499999999999999
15364.35144368408	1850	19.479917727623256	0.0	968026	4282.258447647485	1.2000000000000002
15368.408500075662	1850	19.42286133603892	0.0	874175	4057.0563915843345	1.85
15373.22064839094	1850	18.610713020762546	0.0	897976	4812.148315276377	1.85
15376.786586151848	1200	19.044775259853914	0.0	590335	3565.937760908629	0.5499999999999999
15380.573134493925	1200	19.258226917777638	0.0	696376	3786.5483420762794	1.2
15382.692538537118	1200	21.13882287458379	0.0	487160	2119.404043193845	1.2
15386.267099719416	1850	21.564261692285818	0.0	972798	3574.5611822979745	1.2000000000000002
15393.459665571012	2850	18.37169584069146	0.0	1561263	7192.565851594359	1.85
15398.760128685093	1850	17.071232726610123	0.0	873429	5300.463114081335	0.8500000000000001
15403.411006874803	1200	16.420354536899254	0.0	620283	4650.87818971087	0.5499999999999999
15404.651420162707	750	19.179941248995323	0.0	369834	1240.4132879039257	0.3
15412.634190982335	2850	15.197170429368343	0.0	1587293	7982.7708196269805	0.75
15416.232643317948	1200	15.598718093755744	0.0	690253	3598.4523356125997	-0.44999999999999996
15419.164185454045	1200	16.667175957659207	0.0	598727	2931.5421360965333	1.2
15421.646656279976	1200	18.184705131728457	0.0	487812	2482.470825930751	1.2
15424.084819683569	1200	19.746541728135295	0.0	575591	2438.16340359316	1.2
15428.080182288879	1850	19.751179122824915	0.0	908665	3995.36260531038	1.2000000000000002
15435.443573615108	1850	16.38778779659605	0.0	930577	7363.391326228864	1.85
15437.751709064787	750	18.07965234691647	0.0	345516	2308.1354496795843	-0.3500000000000001
15440.872409807016	1200	18.958951604689194	0.0	641452	3120.7007422272745	0.75
15446.215686699323	1850	17.61567471238097	0.0	886255	5343.276892308227	1.2000000000000002
15448.731846234788	1200	19.099515176915315	0.0	634861	2516.1595354656515	0.5499999999999999
15454.345487997029	1850	17.485873414674934	0.0	958994	5613.6417622403815	1.2000000000000002
15458.537132699323	1200	17.29422871238213	0.0	638661	4191.644702292806	0.5499999999999999
15460.636457762228	1200	19.19490364947575	0.0	538612	2099.325062906378	1.2
15464.984051643227	1850	18.84730976847765	0.0	846370	4347.593880998103	1.2000000000000002

