25000.547144242835	750	4.0	6.308048004947866	450283	6308.0480049478665	-26.374606421275825
25003.57680195279	300	4.9703422900424306	0.0	155580	3029.6577099575693	-0.15000000000000002
25005.18438047182	300	7.362763771014124	0.0	139857	1607.5785190283066	0.3
25007.145320343294	300	9.401823899538504	0.0	155432	1960.9398714756198	0.3
25009.53872653364	300	11.008417709192697	0.0	163442	2393.406190345805	0.3
25010.97337524376	300	13.573768999071778	0.0	126289	1434.6487101209204	0.3
25012.452295753177	300	16.094848489656087	0.0	153295	1478.92050941569	0.3
25018.92903230271	750	13.618111940125937	0.0	437162	6476.736549530151	0.3
25021.562652477427	300	14.984491765404071	0.0	150710	2633.620174721866	-0.15000000000000002
25024.75459209855	300	15.792552144284182	0.0	139105	3191.9396211198896	0.3
25027.54602715812	300	17.00111708471003	0.0	141840	2791.4350595741494	0.3
25030.19308423275	300	18.3540600100866	0.0	156148	2647.0570746234357	0.3
25032.294378626895	300	20.252765615938817	0.0	160746	2101.294394147783	0.3
25037.030535021746	750	19.516609221088665	0.0	434409	4736.156394850155	0.3
25042.373085323125	750	18.174058919708592	0.0	337059	5342.550301380068	0.75
25043.558900970165	300	20.988243272670136	0.0	138313	1185.8156470384577	-0.15000000000000002
25047.94364547247	1200	20.60349877036464	0.0	617242	4384.744502305498	0.29999999999999993
25052.281764618496	1200	20.265379624336937	0.0	581493	4338.119146027703	1.2
25058.519024958397	1200	18.028119284435462	0.0	639204	6237.260339901473	1.2
25061.277999470374	750	19.269144772459775	0.0	350713	2758.9745119756863	0.3
25066.0667276187	1200	18.480416624132808	0.0	601738	4788.728148326964	0.75
25068.6784671072	750	19.86867713563619	0.0	399894	2611.7394884966193	0.3
25073.889974869417	1200	18.657169373421574	0.0	656471	5211.507762214618	0.75
25076.312983381333	750	20.23416086150762	0.0	343800	2423.008511913955	0.3
25081.23251918588	1200	19.31462505695919	0.0	587236	4919.535804548429	0.75
25084.806196601436	750	19.74094764140146	0.0	379700	3573.677415557733	0.3
25088.24006877564	750	20.307075467192554	0.0	425781	3433.8721742089024	0.75
25092.58663673074	1200	19.960507512097664	0.0	487160	4346.567955094887	0.75
25095.986122799524	750	20.561021443312566	0.0	400396	3399.4860687851005	0.3
25101.098444476636	1200	19.448699766198995	0.0	641447	5112.3216771135685	0.75
25104.730109458258	1200	19.81703478458178	0.0	570392	3631.6649816172176	1.2
25109.02396082102	1200	19.523183421818285	0.0	620283	4293.851362763491	1.2
25113.674032044502	1200	18.873112198336116	0.0	584349	4650.0712234821685	1.2
25117.128198152892	750	19.41894608994757	0.0	412837	3454.1661083885447	0.3
25119.9728326163	750	20.574311626540595	0.0	401088	2844.634463406975	0.75
25125.048969249227	1200	19.498174993615475	0.0	598727	5076.136632925123	0.75
25127.969369883507	750	20.57777435933382	0.0	321064	2920.400634281653	0.3
25131.547148384325	750	20.999995858515405	0.0	361565	3577.7785008184155	0.75
25134.82964139494	750	21.71750284790019	0.0	378327	3282.4930106152156	0.75
25141.151244754412	1200	19.395899488427848	0.0	587506	6321.603359472342	0.75
25147.04410277654	750	17.503041466297844	0.0	345516	5892.858022130004	0.3
25151.079741239428	300	17.46740300341112	0.0	161857	4035.638462886723	-0.15000000000000002
25153.08147525521	300	19.465668987631513	0.0	145210	2001.7340157796066	0.3
25155.212346640274	300	21.334797602568557	0.0	172312	2130.871385062956	0.3
25161.609246978416	750	18.93789726442568	0.0	398987	6396.900338142878	0.3
25164.16582326044	300	20.381320982403476	0.0	160064	2556.576282022204	-0.15000000000000002
25166.559159479315	300	21.987984763525045	0.0	137507	2393.3362188784295	0.3
25168.339035219644	300	24.208109023199118	0.0	118421	1779.8757403259267	0.3

