20085.738148614768	750	4.0	4.746018619318359	450283	4746.018619318359	-19.65788006306894
20087.03930370576	300	6.698844909008274	0.0	155580	1301.1550909917264	-0.15000000000000002
20088.22719148318	300	9.510957131585016	0.0	139857	1187.8877774232599	0.3
20089.613070295174	300	12.125078319591939	0.0	155432	1385.8788119930766	0.3
20091.012283440155	300	14.725865174612448	0.0	163442	1399.2131449794917	0.3
20092.040105234206	300	17.698043380560325	0.0	126289	1027.8217940521236	0.3
20096.60022847861	1200	17.137920136159618	0.0	561791	4560.123244400708	0.29999999999999993
20102.15403708836	1200	15.58411152640453	0.0	709534	5553.808609755086	1.2
20107.915824537686	1200	13.822324077079877	0.0	584846	5761.787449324655	1.2
20113.586742086136	1200	12.151406528630309	0.0	560821	5670.917548449568	1.2
20117.763341099162	1200	11.974807515601675	0.0	607410	4176.5990130286345	1.2
20121.770324206776	1200	11.96782440798602	0.0	594078	4006.983107615655	1.2
20126.338049760292	1200	11.400098854469688	0.0	624282	4567.725553516331	1.2
20131.793530448966	1200	9.94461816579886	0.0	687371	5455.480688670828	1.2
20135.67054003499	1200	10.067608579774271	0.0	526950	3877.009586024589	1.2
20140.827436223914	1200	8.910712390851375	0.0	587876	5156.896188922897	1.2
20146.125026978287	1200	7.613121636475494	0.0	617242	5297.590754375881	1.2
20153.405455639557	1200	4.3326929752065535	0.0	581493	7280.42866126894	1.2
20155.409418554493	300	6.328730060270589	0.0	165384	2003.9629149359641	-0.6000000000000001
20157.17726948828	300	8.560879126484236	0.0	140881	1767.8509337863525	0.3
20159.067706598704	300	10.670442016058804	0.0	157671	1890.4371104254337	0.3
20160.780433693133	300	12.957714921629213	0.0	157812	1712.7270944295908	0.3
20162.36531883535	300	15.3728297794128	0.0	163927	1584.8851422164125	0.3
20165.766365021143	750	15.971783593619278	0.0	343800	3401.046185793522	0.3
20169.72600801915	750	16.012140595607722	0.0	359903	3959.6429980115568	0.75
20174.3586695973	750	15.379479017461945	0.0	379700	4632.661578145776	0.75
20180.24730845794	750	13.49084015681933	0.0	425781	5888.638860642615	0.75
20184.149672341176	750	13.588476273586028	0.0	277716	3902.363883233302	0.75
20197.56478603275	750	4.173362582009	0.0	400396	13415.113691577028	0.75
20203.12905682994	300	4.0	1.3909082151796748	149029	5564.270797188675	-6.130905325272602
20208.641444197616	300	4.0	1.5123873676756165	157421	5512.387367675617	-6.203265681005151
20213.51860748847	300	4.0	0.8771632908508891	157488	4877.163290850889	-3.471802150658823
20217.396566065738	300	4.122041422730758	0.0	143881	3877.9585772692417	0.3
20223.17265482623	300	4.0	1.654047337763637	163444	5776.0887604943955	-6.812403552383639
20227.47625141243	300	4.0	0.3035965861975019	179328	4303.596586197502	-1.005465320649258
20230.097075037076	300	5.379176375352015	0.0	159914	2620.8236246479846	0.3
20232.510553486245	300	6.9656979261816705	0.0	131610	2413.478449170345	0.3
20234.938172606377	300	8.538078806051557	0.0	124011	2427.619120130113	0.3
20238.084656454797	300	9.39159495762918	0.0	144254	3146.4838484223765	0.3
20242.777357565108	300	8.698893847318818	0.0	149991	4692.701110310364	0.3
20246.393858392377	300	9.082393020049434	0.0	147968	3616.5008272693826	0.3
20251.499188164526	300	7.977063247899494	0.0	161857	5105.32977214994	0.3
20254.47163697713	300	9.00461443529627	0.0	145210	2972.448812603223	0.3
20256.231628011712	300	11.244623400714763	0.0	172312	1759.9910345815076	0.3
20257.192082222173	300	14.284169190254092	0.0	167025	960.4542104606725	0.3
20257.809563994528	300	17.666687417899972	0.0	160064	617.4817723541174	0.3
20258.697548580894	750	20.778702831532417	0.0	331053	887.984586367555	0.3
20261.803378735967	2850	21.672872676461207	0.0	1364537	3105.8301550712104	0.75

