17924.851430399856	750	4.0	1.26305294249572	450283	1263.05294249572	-4.681127652731596
17925.292335344835	300	7.559095055021564	0.0	155580	440.9049449784362	-0.15000000000000002
17926.770206509693	1200	10.081223890163042	0.0	571051	1477.8711648585222	0.29999999999999993
17930.652279401264	1850	10.199150998593192	0.0	933276	3882.0728915698496	1.2000000000000002
17933.118424275155	1200	11.733006124702547	0.0	652874	2466.144873890645	0.5499999999999999
17934.99250673123	1200	13.858923668633416	0.0	520315	1874.082456069131	1.2
17938.110048767947	1850	14.74138163191429	0.0	905515	3117.542036719125	1.2000000000000002
17941.934568736084	1850	14.91686166377664	0.0	1060487	3824.5199681376507	1.85
17944.794158488803	1850	16.057271911059257	0.0	852833	2859.5897527173847	1.85
17948.329359621188	1850	16.522070778673516	0.0	913888	3535.201132385742	1.85
17951.96347804523	1850	16.887952354633896	0.0	939819	3634.1184240396174	1.85
17955.84789197872	1850	17.00353842114622	0.0	917428	3884.413933487675	1.85
17959.676543282	1850	17.174887117864785	0.0	946851	3828.6513032814373	1.85
17963.768912782623	1850	17.08251761723711	0.0	1036454	4092.3695006276757	1.85
17966.63719318685	1850	18.21423721301091	0.0	821631	2868.2804042262005	1.85
17970.16479889677	1850	18.686631503090616	0.0	923170	3527.6057099202944	1.85
17973.597602780115	1850	19.253827619745564	0.0	966699	3432.8038833450505	1.85
17976.65657428047	1850	20.194856119388845	0.0	885714	3058.971500356717	1.85
17982.48056481049	2850	18.370865589369554	0.0	1537156	5823.990530019292	1.85
17986.878367022393	1850	17.9730633774663	0.0	923755	4397.802211903256	0.8500000000000001
17990.006123367006	1850	18.84530703285276	0.0	891604	3127.756344613543	1.85
17993.096861583217	1850	19.754568816639313	0.0	955231	3090.7382162134445	1.85
17997.726411653202	2850	19.12501874665656	0.0	1505760	4629.550069982752	1.85
18004.161879045245	2850	16.689551354615347	0.0	1323990	6435.467392041219	2.85
18006.738941091524	1200	18.112489308338635	0.0	587236	2577.0620462767106	-0.44999999999999996
18010.107520148802	1850	18.74391025105969	0.0	905935	3368.579057278939	1.2000000000000002
18014.89084003283	1850	17.960590367032626	0.0	1076599	4783.319884027067	1.85
18018.85968597588	1850	17.991744423984905	0.0	758197	3968.845943047718	1.85
18022.046640320663	1200	18.80479007920211	0.0	622896	3186.9543447827973	0.5499999999999999
18025.654718982147	1200	19.196711417720355	0.0	641447	3608.0786614817534	1.2
18027.007060463904	1200	21.844369935959644	0.0	570392	1352.3414817607134	1.2
18037.424160283543	4300	15.427270116321786	0.0	2147852	10417.099819637857	1.1999999999999997
18039.90656541052	1200	16.94486498934478	0.0	584349	2482.4051269770043	-1.9000000000000001
18044.187447612516	1850	16.663982787350577	0.0	1035329	4280.882201994203	1.2000000000000002
18047.705413597425	1850	17.14601680244331	0.0	1026056	3517.9659849072723	1.85
18051.08460885218	1850	17.766821547689414	0.0	943942	3379.195254753892	1.85
18053.579387387086	1850	19.27204301278296	0.0	728962	2494.7785349064557	1.85
18057.115241361647	1850	19.736189038222268	0.0	938587	3535.853974560693	1.85
18062.53059163396	1850	18.32083876590917	0.0	908665	5415.3502723131005	1.85
18064.72897103393	1200	20.122459365942298	0.0	587506	2198.379399966869	0.5499999999999999
18068.52321045488	1850	20.328219944989623	0.0	858450	3794.2394209526765	1.2000000000000002
18072.374926331977	1850	20.476504067892915	0.0	1025005	3851.7158770967058	1.85
18075.680809425518	1850	21.17062097435216	0.0	886255	3305.8830935407523	1.85
18078.624212703206	1850	22.227217696665328	0.0	973972	2943.403277686832	1.85
18083.002833356724	2850	21.848597043147734	0.0	1464921	4378.620653517593	1.85
18087.172042194023	2850	21.679388205845846	0.0	1483527	4169.208837301885	2.85
18090.816700501913	2850	22.03472989795939	0.0	1231456	3644.6583078864555	2.85
18095.767755196608	2850	21.08367520326051	0.0	1364537	4951.0546946988825	2.85

