2927.3281003195725	750	4.0	2.148641230861048	450283	2148.641230861048	-8.489157292702506
2928.4147930485788	300	6.913307270993737	0.0	155580	1086.6927290062629	-0.15000000000000002
2929.245622486215	300	10.082477833357409	0.0	139857	830.8294376363284	0.3
2930.0999128685326	300	13.228187451040194	0.0	155432	854.2903823172147	0.3
2930.9435042282225	300	16.38459609134981	0.0	163442	843.5913596903848	0.3
2931.7327660827127	300	19.595334236859383	0.0	126289	789.2618544904251	0.3
2932.9731734914535	300	22.354926828118813	0.0	153295	1240.4074087405702	0.3
2934.9737361684342	300	24.35436415113764	0.0	173849	2000.562676981171	0.3
2936.4941749675386	300	26.833925352033397	0.0	150710	1520.4387991042433	0.3
2937.5876567071878	300	29.740443612384276	0.0	139105	1093.481739649124	0.3
2938.3630874159617	300	32.96501290361016	0.0	141840	775.4307087741201	0.3
2939.1379269131694	300	36.190173406402295	0.0	156148	774.8394972078604	0.3
2939.9028358953296	300	39.425264424241576	0.0	160746	764.9089821607184	0.3
2940.7468654665554	300	42.58123485301559	0.0	179801	844.0295712259875	0.3
2941.4903153472856	300	45.83778497228548	0.0	140051	743.4498807301046	0.3
2942.297053430172	300	49.03104688939887	0.0	138313	806.73808288661	0.3
2943.0757022689354	300	52.25239805063572	0.0	143509	778.648838763155	0.3
2943.8438227143283	300	55.48427760524275	0.0	150616	768.1204453929648	0.3
2944.6867717673	300	58.641328552270885	0.0	165384	842.9490529718684	0.3
2945.94947719562	300	59.55863220600595	0.0	140881	1082.6963462649264	0.3
2947.627810145917	300	59.799470243285086	0.0	157671	759.1619627208736	0.3
2948.496507143375	300	59.62470727174402	0.0	157812	674.7629715410586	0.3
2949.5692108194044	300	59.63532233698772	0.0	163927	989.3849347563006	0.3
2950.9646089091384	300	59.50428272000748	0.0	137654	631.0396169802426	0.3
2951.9574048545455	300	59.79006404088075	0.0	146754	714.2186791267335	0.3
2953.2186352301087	300	59.518737476689246	0.0	153938	771.3265641915086	0.3
2954.771977561979	300	59.957018206889934	0.0	181901	1061.7192697993087	0.3
2956.742705726188	300	59.80746565107106	0.0	111155	649.5525558188775	0.3
2957.7601388208	300	59.92933689841012	0.0	153605	878.1287526609445	0.3
2958.4764591016383	300	59.85082892896636	0.0	149029	578.5079694437616	0.3
2960.3024005602233	300	59.85676434107122	0.0	157421	994.0645878951364	0.3
2961.2396293714055	300	59.58908841852526	0.0	157488	767.6759225459584	0.3
2962.069964092992	300	59.59869749729999	0.0	143881	490.3909212252676	0.3
2962.668071092086	300	59.5496159026835	0.0	163444	549.0815946164864	0.3
2964.563083256427	300	59.60662250365153	0.0	179328	1442.9933990319696	0.3
2965.869692240048	300	59.59432731824596	0.0	159914	1012.2951854055724	0.3
2968.1550433654966	300	59.80380865937945	0.0	131610	1290.5186588665124	0.3
2971.519019152931	300	59.89423705615317	0.0	124011	909.571603226279	0.3
2974.521213611633	750	59.610341890306124	0.0	378327	2283.8951658470487	0.3
2978.047162715099	750	59.586516942100666	0.0	390680	3523.8249482054603	0.75
2984.8793284071203	750	56.754351250079566	0.0	345516	6832.165692021103	0.75
2989.2305134041253	750	56.403166253074694	0.0	384505	4351.18499700487	0.75
2991.3536660667482	750	58.28001359045196	0.0	372093	2123.1526626227333	0.75
2993.659948675199	750	59.973730982001015	0.0	438281	1806.2826084509468	0.75
2995.646907011583	750	59.77770692873893	0.0	398987	1696.0240532620776	0.75
3000.3023044236534	750	59.1223095166685	0.0	393804	4655.397412070431	0.75
3003.5644471587657	750	59.65940397270886	0.0	331053	2962.9055439596427	0.75
3005.004505604921	750	59.648993369206885	0.0	314107	1010.4106035019746	0.75

