16302.692462035073	750	4.0	1.5754002818435975	450283	1575.4002818435974	-6.024221211927469
16303.535083792423	300	7.157378242649309	0.0	155580	842.6217573506916	-0.15000000000000002
16304.904934369191	750	9.78752766588118	0.0	350812	1369.8505767681293	0.3
16306.99355918979	1200	11.698902845282603	0.0	617681	2088.6248205985758	0.75
16311.852405811831	1850	10.840056223241762	0.0	996749	4858.846622040842	1.2000000000000002
16315.27252065931	1200	11.419941375764877	0.0	520315	3420.1148474768856	0.5499999999999999
16323.032135010926	1850	7.660327024147237	0.0	905515	7759.61435161764	1.2000000000000002
16325.101068263886	750	9.591393771187219	0.0	437162	2068.9332529600183	-0.3500000000000001
16328.101932254456	1200	10.590529780618155	0.0	584846	3000.863990569063	0.75
16331.027022333607	1200	11.66543970146743	0.0	560821	2925.0900791507256	1.2
16335.401067460612	1850	11.291394574461483	0.0	939819	4374.045127005947	1.2000000000000002
16340.362389529218	1850	10.330072505855005	0.0	917428	4961.322068606478	1.85
16343.46571830302	1200	11.226743732053883	0.0	624282	3103.3287738011227	0.5499999999999999
16348.285307868813	1850	10.407154166261241	0.0	1036454	4819.589565792641	1.2000000000000002
16351.799119574665	1200	10.893342460406634	0.0	526950	3513.8117058546063	0.5499999999999999
16355.168151948315	1200	11.524310086756758	0.0	587876	3369.032373649878	1.2
16359.79943570452	1850	10.893026330552726	0.0	966699	4631.283756204031	1.2000000000000002
16362.514795364294	1200	12.177666670778546	0.0	581493	2715.3596597741803	0.5499999999999999
16367.690627188413	1850	11.00183484666094	0.0	987708	5175.831824117608	1.2000000000000002
16371.960384196014	1850	10.732077839057755	0.0	923755	4269.757007603184	1.85
16374.501777417485	1200	12.190684617587358	0.0	601738	2541.3932214703973	0.5499999999999999
16378.994039652773	1850	11.698422382299926	0.0	955231	4492.2622352874305	1.2000000000000002
16384.061407110632	1850	10.631054924439923	0.0	968026	5067.367457860003	1.85
16387.41451788177	1200	11.277944153300556	0.0	536667	3353.110771139366	0.5499999999999999
16392.03809765628	1850	10.654364378791268	0.0	897976	4623.579774509288	1.2000000000000002
16394.62899394	1200	12.063468095072633	0.0	590335	2590.8962837186355	0.5499999999999999
16398.562154399096	1850	12.130307635976628	0.0	1076599	3933.160459096004	1.2000000000000002
16402.018195188524	1850	12.674266846545995	0.0	758197	3456.0407894306322	1.85
16407.026141185263	1850	11.666320849809493	0.0	972798	5007.945996736503	1.85
16414.270682285234	1850	8.421779749838054	0.0	975811	7244.5410999714395	1.85
16415.531420426105	750	11.16104160896691	0.0	358218	1260.7381408711424	-0.3500000000000001
16419.41513494456	1850	11.2773270905128	0.0	954453	3883.7145184541087	0.75
16424.69175063975	1850	10.000711395321996	0.0	885062	5276.615695190805	1.85
16428.352713592718	1200	10.339748442354209	0.0	670129	3660.9629529677886	0.5499999999999999
16431.859177730585	1200	10.83328430448776	0.0	690253	3506.464137866447	1.2
16434.29545841065	1200	12.397003624426965	0.0	598727	2436.280680060796	1.2
16437.523035602513	1850	13.169426432562275	0.0	728962	3227.57719186469	1.2000000000000002
16447.80312959898	2850	6.88933243609743	0.0	1499009	10280.093996464846	1.85
16449.301910573125	300	9.390551461947341	0.0	144254	1498.7809741500873	-2.25
16451.70755804937	1200	10.984903985705143	0.0	587506	2405.647476242198	0.29999999999999993
16454.976534829617	1200	11.71592720545864	0.0	566904	3268.976780246502	1.2
16459.756795126294	1850	10.935666908781641	0.0	1025005	4780.260296677	1.2000000000000002
16463.215282943926	1200	11.477179091147027	0.0	599477	3458.487817634614	0.5499999999999999
16469.60421167569	1850	9.088250359383391	0.0	973972	6388.928731763635	1.2000000000000002
16471.932887977004	1200	10.759574058071783	0.0	630203	2328.676301311608	0.5499999999999999
16475.524230080413	1200	11.16823195465877	0.0	638661	3591.3421034130133	1.2
16479.159620318438	1850	11.532841716636396	0.0	830730	3635.390238022373	1.2000000000000002
16482.898705385916	1850	11.793756649157764	0.0	846370	3739.0850674786334	1.85

