16649.316347022712	750	4.0	1.9120480482224669	450283	1912.0480482224668	-7.471806607356607
16651.165772664503	750	6.150574358208762	0.0	398865	1849.425641791238	0.75
16652.69216628164	750	8.62418074107329	0.0	350812	1526.3936171354708	0.75
16656.17416135994	750	9.142185662770313	0.0	382355	3481.995078302978	0.75
16663.560384176657	750	5.755962846053477	0.0	411561	7386.222816716835	0.75
16664.606516294687	300	8.709830728024041	0.0	126289	1046.1321180294372	-0.15000000000000002
16665.85719552355	300	11.45915149916207	0.0	153295	1250.6792288619713	0.3
16667.058545951928	300	14.257801070784405	0.0	173849	1201.3504283776654	0.3
16670.56047739265	750	14.755869630062774	0.0	374758	3501.931440721629	0.3
16673.79786767595	750	15.51847934676566	0.0	362795	3237.3902832971144	0.75
16675.920266041157	750	17.396080981556036	0.0	353220	2122.398365209625	0.75
16678.333959598152	750	18.98238742456038	0.0	405134	2413.6935569956563	0.75
16680.208815529793	750	21.107531492921584	0.0	386351	1874.855931638795	0.75
16682.345967095065	750	22.970379927650637	0.0	434409	2137.1515652709486	0.75
16686.554018464518	1850	22.76232855819663	0.0	821631	4208.051369454007	0.75
16693.96953948317	1850	19.346807539545665	0.0	923170	7415.521018650964	1.85
16708.449135554143	1850	8.867211468571378	0.0	966699	14479.596070974287	1.85
16712.083707909744	300	9.232639112972599	0.0	150616	3634.572355598779	-1.25
16715.07906247049	300	10.237284552225669	0.0	165384	2995.354560746931	0.3
16717.075479606377	300	12.240867416337395	0.0	140881	1996.4171358882745	0.3
16718.8608936141	300	14.455453408615865	0.0	157671	1785.4140077215286	0.3
16720.2694950993	300	17.04685192341548	0.0	157812	1408.6014852003825	0.3
16722.89865608061	750	18.417690942104034	0.0	401853	2629.160981311449	0.3
16725.75747023439	750	19.558876788324575	0.0	343800	2858.8141537794577	0.75
16729.266157550348	750	20.050189472367784	0.0	359903	3508.68731595679	0.75
16735.300751624178	750	18.015595398539684	0.0	379700	6034.594073828101	0.75
16740.372909473004	750	16.943437549710872	0.0	425781	5072.157848828815	0.75
16742.71596499164	750	18.600382031078663	0.0	277716	2343.0555186322113	0.75
16745.47118314818	750	19.845163874535107	0.0	400396	2755.2181565435544	0.75
16747.276829900275	750	22.039517122440106	0.0	400508	1805.6467520950018	0.75
16751.41321247056	1850	21.903134552154757	0.0	873429	4136.38257028535	0.75
16755.849905379986	1850	21.46644164272908	0.0	954453	4436.692909425674	1.85
16759.373755839526	1850	21.942591183188323	0.0	885062	3523.850459540759	1.85
16763.61654383018	1850	21.69980319253709	0.0	1035329	4242.787990651235	1.85
16768.14998618855	1850	21.16636083416609	0.0	1026056	4533.442358371001	1.85
16772.11209420949	1850	21.204252813226386	0.0	943942	3962.1080209397014	1.85
16775.509186624367	1850	21.807160398347623	0.0	728962	3397.0924148787626	1.85
16788.996282407985	1850	12.320064614730972	0.0	938587	13487.09578361665	1.85
16793.343419776273	750	11.972927246443085	0.0	378327	4347.1373682878875	-0.3500000000000001
16796.200312410867	750	13.116034611846738	0.0	390680	2856.8926345963487	0.75
16798.077295232986	750	15.239051789731876	0.0	345516	1876.9828221148598	0.75
16800.081914813458	750	17.23443220925762	0.0	384505	2004.6195804742597	0.75
16804.929785985594	1850	16.386561037124718	0.0	886255	4847.871172132902	0.75
16809.729601256775	1850	15.586745765942156	0.0	973972	4799.81527118256	1.85
16814.49702389522	1850	14.819323127499318	0.0	958994	4767.422638442838	1.85
16819.88212514749	1850	13.434221875227294	0.0	982064	5385.101252272023	1.85
16824.540834311083	1850	12.775512711636985	0.0	830730	4658.70916359031	1.85
16826.55437290637	750	14.761974116351883	0.0	314107	2013.5385952851009	-0.3500000000000001

