4957.4551273223315	750	4.0	5.127185897414645	450283	5127.185897414644	-21.29689935888297
4959.3484088235855	300	6.106718498746048	0.0	155580	1893.2815012539522	-0.15000000000000002
4960.991370725889	300	8.463756596441497	0.0	139857	1642.961902304551	0.3
4962.830327373049	300	10.624799949282068	0.0	155432	1838.9566471594298	0.3
4964.856587569779	300	12.598539752552488	0.0	163442	2026.2601967295793	0.3
4966.065238145145	300	15.389889177186298	0.0	126289	1208.6505753661886	0.3
4970.433944770159	750	15.021182552172487	0.0	352642	4368.7066250138105	0.3
4974.8740386901145	750	14.581088632216039	0.0	437162	4440.093919956449	0.75
4978.485080809289	750	14.970046513041675	0.0	374758	3611.042119174365	0.75
4982.523400188658	750	14.931727133671572	0.0	362795	4038.319379370102	0.75
4986.315197218357	750	15.13993010397293	0.0	353220	3791.7970296986423	0.75
4991.576481992533	750	13.878645329796512	0.0	405134	5261.284774176415	0.75
4996.742487790127	750	12.712639532203358	0.0	386351	5166.005797593154	0.75
5000.285768667153	750	13.169358655176623	0.0	434409	3543.280877026734	0.75
5002.6067229478285	750	14.848404374501028	0.0	337059	2320.954280675596	0.75
5005.079450459336	750	16.375676862993696	0.0	366214	2472.7275115073303	0.75
5007.843871480077	750	17.611255842253392	0.0	360831	2764.421020740305	0.75
5010.587274673682	750	18.867852648647276	0.0	372963	2743.4031936061156	0.75
5015.6204378942975	1200	17.83468942803258	0.0	639204	5033.163220614696	0.75
5018.6796495976805	750	18.775477724650454	0.0	350713	3059.2117033821246	0.3
5024.021279212511	1200	17.433848109819685	0.0	601738	5341.6296148307665	0.75
5030.304822033972	750	15.150305288358679	0.0	399894	6283.542821461007	0.3
5037.903751143448	750	11.551376178882975	0.0	401853	7598.929109475703	0.75
5040.089289897297	300	13.365837425034467	0.0	137654	2185.538753848509	-0.15000000000000002
5047.77301321334	750	9.682114108990998	0.0	359903	7683.723316043469	0.3
5050.3593034387095	300	11.095823883621863	0.0	153938	2586.290225369136	-0.15000000000000002
5053.846828115447	300	11.608299206883132	0.0	181901	3487.524676738731	0.3
5055.995845771012	300	13.459281551319018	0.0	111155	2149.0176555641137	0.3
5062.9773186219445	750	10.477808700386005	0.0	400396	6981.472850933013	0.3
5065.272026798255	300	12.183100524076162	0.0	149029	2294.708176309842	-0.15000000000000002
5074.249307550486	750	7.20581977184438	0.0	358218	8977.280752231782	0.3
5079.773149467292	300	5.681977855039546	0.0	157488	5523.841916804835	-0.15000000000000002
5083.975300453211	300	5.479826869119523	0.0	143881	4202.150985920022	0.3
5088.141075888187	300	5.314051434143966	0.0	163444	4165.775434975557	0.3
5091.661088072901	300	5.794039249428992	0.0	179328	3520.012184714975	0.3
5094.170447395872	300	7.284679926459014	0.0	159914	2509.3593229699773	0.3
5095.6601504111495	300	9.794976911181315	0.0	131610	1489.7030152777002	0.3
5097.461444010807	300	11.993683311523514	0.0	124011	1801.293599657802	0.3
5099.762094416197	300	13.693032906133322	0.0	144254	2300.6504053901913	0.3
5106.047459398685	750	11.407667923645917	0.0	390680	6285.364982487404	0.3
5109.412195063101	300	12.042932259230287	0.0	147968	3364.73566441563	-0.15000000000000002
5112.9592567254585	300	12.495870596871875	0.0	161857	3547.061662358413	0.3
5115.513994799337	300	13.941132522994033	0.0	145210	2554.7380738778406	0.3
5121.236977946098	750	12.21814937623292	0.0	438281	5722.983146761113	0.3
5122.918866759284	300	14.53626056304688	0.0	167025	1681.88881318604	-0.15000000000000002
5126.557338832648	750	14.897788489682602	0.0	393804	3638.472073364279	0.3
5130.267681641672	750	15.187445680658017	0.0	331053	3710.3428090245857	0.75
5134.401203328834	750	15.053923993496692	0.0	314107	4133.521687161325	0.75

