7629.120998123703	750	4.0	8.793419615156727	450283	8793.419615156727	-37.06170434517393
7632.12135943096	300	4.999638692742964	0.0	155580	3000.361307257036	-0.15000000000000002
7634.750096062009	300	6.370902061693952	0.0	139857	2628.7366310490115	0.3
7637.229357026463	300	7.89164109724028	0.0	155432	2479.2609644536724	0.3
7639.639343741837	300	9.481654381865631	0.0	163442	2409.9867153746472	0.3
7641.634829208421	300	11.486168915281535	0.0	126289	1995.4854665840983	0.3
7643.911154797611	300	13.209843326092562	0.0	153295	2276.3255891889726	0.3
7650.166491556961	750	10.95450656674186	0.0	437162	6255.336759350701	0.3
7652.280168069069	300	12.840830054633448	0.0	150710	2113.6765121084118	-0.15000000000000002
7654.144453928914	300	14.97654419478896	0.0	139105	1864.2858598444866	0.3
7659.418432762903	750	13.702565360799984	0.0	353220	5273.978833988978	0.3
7665.928694134613	750	11.192303989090563	0.0	405134	6510.261371709418	0.75
7668.124178063031	300	12.996820060672986	0.0	160746	2195.4839284175778	-0.15000000000000002
7674.208129595791	750	10.912868527912455	0.0	434409	6083.951532760531	0.3
7676.893998495926	300	12.22699962777737	0.0	140051	2685.8689001350854	-0.15000000000000002
7679.71499112025	300	13.406007003453805	0.0	138313	2820.9926243235645	0.3
7685.152029916653	750	11.96896820705038	0.0	360831	5437.038796403424	0.3
7687.3137986233905	300	13.807199500313505	0.0	150616	2161.768706736875	-0.15000000000000002
7693.254204526069	750	11.866793597635464	0.0	405596	5940.405902678042	0.3
7695.55365776899	300	13.567340354714194	0.0	140881	2299.4532429212713	-0.15000000000000002
7701.646371938654	750	11.474626185049834	0.0	386472	6092.714169664359	0.3
7704.240969442235	300	12.880028681468524	0.0	157812	2594.59750358131	-0.15000000000000002
7710.674266968577	750	10.446731155126695	0.0	401853	6433.297526341828	0.3
7713.004283654764	300	12.116714468940556	0.0	137654	2330.01668618614	-0.15000000000000002
7715.506323856651	300	13.614674267052628	0.0	146754	2502.040201887929	0.3
7721.192163178909	750	11.928834944794186	0.0	379700	5685.839322258442	0.3
7723.817543368797	300	13.303454754907222	0.0	181901	2625.3801898869638	-0.15000000000000002
7726.977437061784	750	14.143561061919813	0.0	277716	3159.8936929874067	0.3
7730.8279500716335	750	14.29304805206955	0.0	400396	3850.513009850265	0.75
7734.654546441729	750	14.466451681974675	0.0	400508	3826.5963700948732	0.75
7739.0367517905015	750	14.084246333201856	0.0	358218	4382.205348772819	0.75
7743.728335493378	750	13.392662630325106	0.0	400322	4691.583702876751	0.75
7748.168774670764	750	12.952223452939478	0.0	369834	4440.439177385628	0.75
7750.549075717608	300	14.57192240609567	0.0	163444	2380.3010468438083	-0.15000000000000002
7757.84686810051	750	11.274130023192845	0.0	401088	7297.792382902824	0.3
7759.961016874356	300	13.15998124934787	0.0	159914	2114.148773844974	-0.15000000000000002
7763.912334093301	750	13.208664030402437	0.0	321064	3951.3172189454335	0.3
7765.38402341656	300	15.736974707143373	0.0	124011	1471.689323259063	-0.15000000000000002
7770.277815008143	750	14.843183115560924	0.0	378327	4893.791591582451	0.3
7775.013188386107	750	14.107809737596952	0.0	390680	4735.373377963972	0.75
7778.788565470174	750	14.332432653530006	0.0	345516	3775.377084066946	0.75
7783.22728093681	750	13.893717186894902	0.0	384505	4438.715466635103	0.75
7787.962397230323	750	13.158600893380532	0.0	372093	4735.116293514371	0.75
7793.440735639696	750	11.680262484008228	0.0	438281	5478.338409372304	0.75
7795.582076588067	300	13.538921535637254	0.0	167025	2141.3409483709743	-0.15000000000000002
7800.328214970212	750	12.792783153492705	0.0	393804	4746.138382144549	0.3
7804.309711503431	750	12.81128662027407	0.0	331053	3981.4965332186343	0.75
7805.845523688232	300	15.275474435473173	0.0	118421	1535.8121848008957	-0.15000000000000002

