14001.55201122202	750	4.0	4.799754461958953	450283	4799.754461958953	-19.888944186423497
14002.974001449798	300	6.578009772220171	0.0	155580	1421.9902277798294	-0.15000000000000002
14004.17601013871	300	9.376001083309369	0.0	139857	1202.0086889108015	0.3
14005.706201491532	300	11.845809730486824	0.0	155432	1530.1913528225455	0.3
14007.427942935452	300	14.124068286566814	0.0	163442	1721.7414439200097	0.3
14010.368645802442	750	15.1833654195765	0.0	318564	2940.702866990315	0.3
14016.891793773173	750	12.660217448846371	0.0	352642	6523.147970730128	0.75
14026.281514413511	750	7.270496808507509	0.0	437162	9389.720640338863	0.75
14028.642339856682	300	8.909671365336088	0.0	150710	2360.825443171421	-0.15000000000000002
14030.349570084869	300	11.202441137150654	0.0	139105	1707.2302281854334	0.3
14031.747913850037	300	13.804097371980374	0.0	141840	1398.3437651702804	0.3
14033.497788109897	300	16.05422311212039	0.0	156148	1749.8742598599838	0.3
14035.834358388334	300	17.717652833682063	0.0	160746	2336.570278438327	0.3
14041.884548577797	750	15.667462644219217	0.0	434409	6050.190189462846	0.3
14048.867592062958	750	12.684419159057569	0.0	337059	6983.043485161649	0.75
14056.110079694618	750	9.441931527398271	0.0	366214	7242.487631659296	0.75
14058.4472655252	300	11.104745696816163	0.0	143509	2337.1858305821083	-0.15000000000000002
14060.754001259	300	12.79800996301717	0.0	150616	2306.735733798994	0.3
14063.496731370273	300	14.055279851745016	0.0	165384	2742.7301112721543	0.3
14066.1493641273	300	15.402647094717933	0.0	140881	2652.6327570270832	0.3
14068.56569644315	300	16.986314778866117	0.0	157671	2416.3323158518165	0.3
14070.578422176835	300	18.97358904517912	0.0	157812	2012.7257336869932	0.3
14075.110448419957	750	18.441562802058208	0.0	401853	4532.026243120912	0.3
14078.914425530176	750	18.637585691838968	0.0	343800	3803.9771102192394	0.75
14083.29660179148	750	18.255409430535067	0.0	359903	4382.176261303903	0.75
14087.568112157987	750	17.983899064028936	0.0	379700	4271.510366506129	0.75
14092.120780998226	750	17.431230223789875	0.0	425781	4552.668840239063	0.75
14095.129246490293	750	18.422764731723742	0.0	277716	3008.465492066133	0.75
14099.08411268968	750	18.46789853233598	0.0	400396	3954.8661993877613	0.75
14102.592568118973	750	18.959443103043444	0.0	400508	3508.455429292539	0.75
14109.42323069735	750	16.128780524664965	0.0	358218	6830.662578378478	0.75
14115.451719403129	750	14.100291818886824	0.0	400322	6028.488705778141	0.75
14121.170467994432	750	12.381543227583396	0.0	369834	5718.748591303429	0.75
14125.847090607433	750	11.704920614583232	0.0	412837	4676.622613000163	0.75
14129.21257053954	750	12.339440682475297	0.0	401088	3365.4799321079354	0.75
14133.578184666638	750	11.973826555378063	0.0	365161	4365.614127097234	0.75
14138.681076319397	750	10.870934902619615	0.0	321064	5102.891652758448	0.75
14143.652561769337	750	9.899449452680344	0.0	361565	4971.48544993927	0.75
14150.498984910033	750	7.053026311983376	0.0	378327	6846.423140696967	0.75
14156.342894976538	750	5.209116245478443	0.0	390680	5843.910066504934	0.75
14158.453409278602	300	7.098601943414826	0.0	147968	2110.514302063617	-0.15000000000000002
14161.314025456772	300	8.237985765244199	0.0	161857	2860.6161781706264	0.3
14163.133811766782	300	10.418199455231994	0.0	145210	1819.7863100122054	0.3
14164.409061125536	300	13.142950096478561	0.0	172312	1275.2493587534339	0.3
14165.612263401368	300	15.939747820644538	0.0	167025	1203.2022758340236	0.3
14168.181555033407	750	17.37045618860739	0.0	393804	2569.2916320371473	0.3
14172.361592448118	1200	17.19041877389512	0.0	538612	4180.037414712268	0.75
14183.541042364746	2850	10.010968857268173	0.0	1364537	11179.449916626949	1.2000000000000002

