22705.694102843914	750	4.0	7.862962959107444	450283	7862.962959107444	-33.06074072416201
22707.259431962768	300	6.434670881144126	0.0	155580	1565.3291188558746	-0.15000000000000002
22708.662205978002	300	9.03189686591194	0.0	139857	1402.7740152321862	0.3
22714.991857012377	1200	6.702245831538366	0.0	617681	6329.6510343735745	0.29999999999999993
22718.63453648314	300	7.059566360774201	0.0	163442	3642.6794707641648	-0.6000000000000001
22722.415284684666	750	7.278818159246974	0.0	318564	3780.748201527227	0.3
22725.134935273654	750	8.559167570258708	0.0	352642	2719.6505889882656	0.75
22729.76747186236	750	7.926630981552724	0.0	437162	4632.536588705985	0.75
22733.7748818302	750	7.919221013714405	0.0	374758	4007.4099678383186	0.75
22737.74797369094	750	7.946129152972934	0.0	362795	3973.0918607414706	0.75
22739.514081179186	750	10.180021664729203	0.0	353220	1766.1074882437301	0.75
22743.719197006958	1200	9.974905836955292	0.0	594078	4205.1158277739105	0.75
22748.331345262086	1200	9.36275758183061	0.0	624282	4612.148255124684	1.2
22752.49673262483	1200	9.197370219084169	0.0	687371	4165.387362746443	1.2
22754.69213551942	1200	11.001967324490064	0.0	526950	2195.402894594105	1.2
22758.829373002754	1850	10.86472984116013	0.0	923170	4137.237483329933	1.2000000000000002
22761.34838705439	1200	12.345715789523304	0.0	617242	2519.014051636828	0.5499999999999999
22764.823617418366	1850	12.870485425545244	0.0	885714	3475.2303639780594	1.2000000000000002
22770.00983819624	1850	11.684264647673093	0.0	987708	5186.220777872151	1.85
22775.472036796662	1850	10.222066047249038	0.0	923755	5462.198600424055	1.85
22778.71755741585	1200	10.97654542806053	0.0	601738	3245.5206191885077	0.5499999999999999
22785.05142325835	1200	8.642679585561552	0.0	616206	6333.865842498978	1.2
22791.417305842086	750	6.2767970018231125	0.0	401853	6365.88258373844	0.3
22793.724438476875	300	7.969664367035509	0.0	137654	2307.1326347876034	-0.15000000000000002
22798.601201606092	750	7.092901237818696	0.0	359903	4876.763129216814	0.3
22802.718252765077	750	6.975850078832071	0.0	379700	4117.051158986625	0.75
22804.118488398002	300	9.575614445910205	0.0	181901	1400.2356329218653	-0.15000000000000002
22806.89731543952	1200	10.796787404389852	0.0	487160	2778.8270415203538	0.29999999999999993
22809.27303865948	1200	12.42106418443126	0.0	622896	2375.7232199585906	1.2
22814.588259277796	1850	11.105843566117917	0.0	975811	5315.220618313343	1.2000000000000002
22820.694906328703	1850	8.99919651520844	0.0	873429	6106.647050909476	1.85
22824.439936582527	750	9.254166261386297	0.0	400322	3745.030253822145	-0.3500000000000001
22828.143495079188	1200	9.550607764723784	0.0	584349	3703.5584966625142	0.75
22833.054290991062	1200	8.639811852851157	0.0	670129	4910.795911872627	1.2
22836.595025176863	750	9.099077667048872	0.0	401088	3540.734185802284	0.3
22840.879138485096	1200	8.81496435881688	0.0	598727	4284.113308231992	0.75
22843.484159726384	750	10.209943117528205	0.0	321064	2605.021241288675	0.3
22847.738399180293	1200	9.955703663618937	0.0	575591	4254.2394539092675	0.75
22852.557263228948	1200	9.136839614963321	0.0	605884	4818.864048655616	1.2
22858.92477829469	1200	6.769324549221615	0.0	587506	6367.515065741706	1.2
22859.799132801458	300	9.894970042452657	0.0	147968	874.3545067689581	-0.6000000000000001
22862.97884649673	1200	10.715256347180754	0.0	641452	3179.7136952719025	0.29999999999999993
22865.833530474207	1200	11.86057236970493	0.0	599477	2854.6839774758237	1.2
22871.47186384514	1850	10.222238998772486	0.0	973972	5638.333370932443	1.2000000000000002
22885.808519071616	1200	4.0	4.114416227702917	630203	14336.655226475403	-17.141989779122543
22886.952962119292	300	6.855556952323135	0.0	160064	1144.4430476768648	-0.6000000000000001
22887.940472840102	300	9.868046231514397	0.0	137507	987.5107208087387	0.3
22890.7990691331	1200	11.009449938515136	0.0	550906	2858.59629299926	0.29999999999999993

