14588.848082739907	750	4.0	5.460500454044817	450283	5460.500454044817	-22.730151952392713
14590.147637365506	300	6.700445374400823	0.0	155580	1299.5546255991767	-0.15000000000000002
14591.285127068479	300	9.562955671427938	0.0	139857	1137.489702972886	0.3
14592.479439430475	300	12.368643309431896	0.0	155432	1194.3123619960415	0.3
14595.249411688003	750	13.598671051905258	0.0	411561	2769.972257526638	0.3
14598.046090552663	750	14.801992187243327	0.0	318564	2796.678864661932	0.75
14600.437643320045	750	16.410439419862005	0.0	352642	2391.5527673813217	0.75
14605.92953860889	1200	14.918544131015702	0.0	709534	5491.8952888463045	0.75
14608.807381650879	750	16.040701089027788	0.0	374758	2877.843041987915	0.3
14611.411897576261	750	17.43618516364463	0.0	362795	2604.5159253831594	0.75
14618.955696909521	1200	13.892385830384624	0.0	607410	7543.799333260006	0.75
14621.401788741607	300	15.44629399829741	0.0	156148	2446.091832087215	-0.6000000000000001
14623.721765130455	300	17.126317609450496	0.0	160746	2319.9763888469142	0.3
14626.938206267763	300	17.909876472141935	0.0	179801	3216.4411373085613	0.3
14628.605297905371	300	20.242784834533566	0.0	140051	1667.0916376083687	0.3
14631.739308071896	750	21.108774668007946	0.0	366214	3134.0101665256198	0.3
14639.085749210544	1200	17.76233352936066	0.0	617242	7346.441138647286	0.75
14640.761912620099	300	20.086170119806127	0.0	150616	1676.1634095545346	-0.6000000000000001
14646.454969166249	750	18.393113573656944	0.0	405596	5693.0565461491815	0.3
14647.678563707104	300	21.1695190328015	0.0	140881	1223.5945408554473	-0.15000000000000002
14652.984857211817	1200	19.863225528088446	0.0	601738	5306.293504713052	0.29999999999999993
14660.018171238888	750	16.82991150101659	0.0	399894	7033.314027071858	0.3
14662.387717456195	300	18.46036528370993	0.0	163927	2369.5462173066567	-0.15000000000000002
14663.77568544682	300	21.072397293083718	0.0	137654	1387.96799062621	0.3
14667.088304022991	750	21.759778716914283	0.0	359903	3312.618576169438	0.3
14671.157847860224	750	21.69023487968069	0.0	379700	4069.5438372335916	0.75
14675.006372876334	750	21.841709863569733	0.0	425781	3848.5250161109566	0.75
14678.220350565482	1200	22.627732174422807	0.0	487160	3213.977689146928	0.75
14682.040659489492	1200	22.80742325041261	0.0	622896	3820.308924010195	1.2
14688.51438971522	1850	20.333693024686195	0.0	975811	6473.730225726418	1.2000000000000002
14692.074188440421	1200	20.773894299482834	0.0	570392	3559.7987252033654	0.5499999999999999
14696.152042118378	1200	20.696040621525785	0.0	620283	4077.853677957046	1.2
14700.036183981054	1200	20.811898758849935	0.0	584349	3884.1418626758496	1.2
14703.59029770896	1200	21.25778503094287	0.0	670129	3554.1137279070663	1.2
14711.230119579997	1850	17.61796315990565	0.0	1026056	7639.82187103722	1.2000000000000002
14713.260603795257	750	19.58747894464618	0.0	365161	2030.4842152594663	-0.3500000000000001
14716.053267550222	1200	20.794815189679714	0.0	487812	2792.663754966466	0.75
14719.440553327355	1200	21.40752941254681	0.0	575591	3387.2857771329045	1.2
14723.098844912403	1200	21.749237827497875	0.0	605884	3658.291585048933	1.2
14726.795284514663	1200	22.05279822523764	0.0	587506	3696.439602260235	1.2
14731.506965461533	1200	21.341117278367115	0.0	566904	4711.680946870529	1.2
14738.23669941315	1200	18.6113833267494	0.0	641452	6729.7339516177135	1.2
14741.868823228573	750	18.979259511326273	0.0	372093	3632.1238154231282	0.3
14745.97387177721	750	18.874210962688878	0.0	438281	4105.048548637395	0.75
14749.724085472415	750	19.123997267485784	0.0	398987	3750.213695203091	0.75
14752.91130631578	750	19.93677642412009	0.0	393804	3187.220843365697	0.75
14756.284700312208	1200	20.56338242769149	0.0	538612	3373.393996428599	0.75
14759.578448719929	1200	21.269634019971086	0.0	550906	3293.748407720403	1.2

