7394.797372609634	750	4.0	0.848125509873515	450283	848.1255098735149	-2.8969396924561144
7395.59759015808	750	7.199782451554113	0.0	398865	800.2175484458868	0.75
7396.749593401924	1200	10.047779207709489	0.0	571051	1152.0032438446237	0.75
7398.735333634031	1850	12.062038975603311	0.0	933276	1985.7402321061777	1.2000000000000002
7400.573723397131	1850	14.223649212503245	0.0	996749	1838.389763100066	1.85
7402.991038564116	2850	15.806334045518874	0.0	1224260	2417.3151669843714	1.85
7405.690387723079	2850	17.10698488655524	0.0	1388403	2699.3491589636365	2.85
7409.904283450172	4300	16.893089159461685	0.0	2290172	4213.895727093555	2.8499999999999996
7413.682556775189	4300	17.114815834444922	0.0	2055469	3778.273325016762	4.3
7417.713652553375	4300	17.08372005625888	0.0	2169201	4031.0957781860416	4.3
7421.883885231892	4300	16.913487377741518	0.0	2173522	4170.232678517361	4.3
7426.1487136542455	4300	16.64865895538911	0.0	2102452	4264.828422352411	4.3
7428.7250384552735	2850	18.072334154360775	0.0	1422919	2576.324801028334	1.4000000000000001
7433.081624998063	4300	17.71574761157226	0.0	2275376	4356.586542788516	2.8499999999999996
7436.944907034527	4300	17.852465575108024	0.0	2005399	3863.282036464236	4.3
7441.007264587922	4300	17.790108021713248	0.0	2152483	4062.3575533947787	4.3
7445.807847067197	4300	16.989525542438816	0.0	2289689	4800.58247927443	4.3
7448.3386755316915	2850	18.458697077944116	0.0	1358801	2530.8284644947025	1.4000000000000001
7452.55637255395	4300	18.24100005568706	0.0	2220726	4217.697022257055	2.8499999999999996
7456.478860392874	4300	18.318512216762596	0.0	2156729	3922.4878389244614	4.3
7460.277872697202	4300	18.51949991243546	0.0	2039773	3799.0123043271333	4.3
7464.180096580053	4300	18.617276029583937	0.0	2176469	3902.2238828515246	4.3
7468.149493203583	4300	18.647879406053967	0.0	2221506	3969.3966235299717	4.3
7472.184028433452	4300	18.613344176184693	0.0	2044075	4034.5352298692756	4.3
7476.4452226598605	4300	18.352149949776386	0.0	2186790	4261.1942264083045	4.3
7480.702480749581	4300	18.094891860056023	0.0	2105231	4257.258089720362	4.3
7485.052524388772	4300	17.74484822086487	0.0	2395588	4350.043639191155	4.3
7488.65306027705	4300	18.14431233258683	0.0	1972048	3600.53588827804	4.3
7492.430878578634	4300	18.366494031002954	0.0	2134614	3777.818301583874	4.3
7496.694527205691	4300	18.10284540394668	0.0	2164140	4263.648627056275	4.3
7500.558966140234	4300	18.238406469403596	0.0	2113193	3864.438934543087	4.3
7504.549185743062	4300	18.248186866575555	0.0	2147852	3990.2196028280405	4.3
7508.8507604513625	4300	17.946612158275165	0.0	2191074	4301.57470830039	4.3
7513.232083620949	4300	17.56528898868822	0.0	2286761	4381.323169586948	4.3
7517.556704649875	4300	17.240667959761982	0.0	2307787	4324.62102892624	4.3
7521.440868954028	4300	17.356503655610258	0.0	2143948	3884.164304151723	4.3
7524.9803781947185	4300	17.816994414919645	0.0	1919781	3539.5092406906106	4.3
7529.077362817251	4300	17.720009792387366	0.0	2147467	4096.984622532281	4.3
7533.56744327737	4300	17.22992933226845	0.0	2133870	4490.080460118915	4.3
7536.100216164018	2850	18.697156445620298	0.0	1402287	2532.772886648153	1.4000000000000001
7539.795749314231	4300	19.001623295407843	0.0	2108491	3695.5331502124536	2.8499999999999996
7544.2534924531265	4300	18.5438801565121	0.0	2184571	4457.743138895746	4.3
7548.150623350158	4300	18.64674925948071	0.0	2121928	3897.1308970313876	4.3
7552.412161460355	4300	18.385211149283155	0.0	2219102	4261.538110197558	4.3
7556.863940648568	4300	17.9334319610702	0.0	2124950	4451.779188212952	4.3
7559.542718942216	2850	19.254653667421444	0.0	1483527	2678.7782936487565	1.4000000000000001
7563.278920466481	4300	19.51845214315612	0.0	1961140	3736.2015242653197	2.8499999999999996
7567.280181291482	4300	19.517191318155163	0.0	2155012	4001.2608250009603	4.3

