10058.613141525428	750	4.0	2.287148895543779	450283	2287.148895543779	-9.084740250838248
10059.63981680239	300	6.973324723036945	0.0	155580	1026.6752769630546	-0.15000000000000002
10060.521341191214	300	10.09180033421328	0.0	139857	881.5243888236656	0.3
10061.485626247773	300	13.127515277654599	0.0	155432	964.2850565586806	0.3
10063.591859853972	750	15.021281671455926	0.0	411561	2106.233606198674	0.3
10065.241856649345	750	17.371284876083312	0.0	318564	1649.9967953726145	0.75
10066.929673132227	750	19.683468393201704	0.0	352642	1687.8164828816084	0.75
10070.4949308174	1200	20.118210708028645	0.0	709534	3565.2576851730614	0.75
10075.678780481006	1200	18.934361044420164	0.0	584846	5183.849663608478	1.2
10083.36767170654	1200	15.245469818888461	0.0	560821	7688.891225531705	1.2
10089.491619100108	750	13.121522425318274	0.0	353220	6123.947393570188	0.3
10094.098953299525	300	12.514188225903272	0.0	156148	4607.3341994150005	-0.15000000000000002
10097.733018851364	300	12.880122674063806	0.0	160746	3634.0655518394674	0.3
10105.0166566934	750	9.596484832026242	0.0	434409	7283.637842037562	0.3
10107.237679963007	300	11.375461562419204	0.0	140051	2221.023269607037	-0.15000000000000002
10109.113540121582	300	13.499601403844835	0.0	138313	1875.8601585743693	0.3
10113.610917970555	750	13.002223554872266	0.0	360831	4497.37784897257	0.3
10118.332092321252	750	12.281049204174499	0.0	372963	4721.174350697767	0.75
10122.508881428219	300	12.104260097207797	0.0	165384	4176.7891069667	-0.15000000000000002
10125.173408745777	300	13.439732779649672	0.0	140881	2664.5273175581265	0.3
10134.12611561574	750	8.487025909686325	0.0	386472	8952.706869963347	0.3
10137.119741309854	300	9.493400215572292	0.0	157812	2993.625694114033	-0.15000000000000002
10141.256476455312	300	9.356665070115465	0.0	163927	4136.735145456827	0.3
10144.79333516264	300	9.819806362787302	0.0	137654	3536.8587073281633	0.3
10147.866299719117	300	10.746841806309119	0.0	146754	3072.9645564781813	0.3
10150.258344626503	300	12.35479689892309	0.0	153938	2392.0449073860304	0.3
10151.914212941401	300	14.698928584025094	0.0	181901	1655.8683148979942	0.3
10154.286719302023	750	16.326422223402332	0.0	277716	2372.506360622761	0.3
10157.075623448649	750	17.537518076775893	0.0	400396	2788.90414662644	0.75
10159.760191174802	750	18.85295035062132	0.0	400508	2684.567726154575	0.75
10163.205500010003	1200	19.407641515422533	0.0	570392	3445.3088351987844	0.75
10166.956125759565	1200	19.657015765860056	0.0	620283	3750.6257495624773	1.2
10170.347979263015	1200	20.265162262409547	0.0	584349	3391.8535034505053	1.2
10176.663444637834	1200	17.949696887592225	0.0	670129	6315.465374817321	1.2
10179.79596524912	750	18.81717627630416	0.0	401088	3132.520611288066	0.3
10182.957614698831	750	19.655526826593547	0.0	365161	3161.64944971061	0.75
10188.822247950513	1200	17.79089357491151	0.0	487812	5864.633251682035	0.75
10191.664484013763	750	18.94865751165931	0.0	361565	2842.2360632522023	0.3
10197.093873964583	1200	17.519267560839477	0.0	605884	5429.389950819829	0.75
10201.053737913555	1200	17.559403611868444	0.0	587506	3959.8639489710317	1.2
10206.143041838708	750	16.470099686715123	0.0	345516	5089.303925153324	0.3
10211.582810509533	750	15.030331015890564	0.0	384505	5439.768670824558	0.75
10218.588409510845	750	12.024732014578444	0.0	372093	7005.599001312122	0.75
10221.142576260556	300	13.470565264868995	0.0	172312	2554.1667497094477	-0.15000000000000002
10228.685188170959	750	9.927953354465728	0.0	398987	7542.611910403268	0.3
10231.873185695244	300	10.739955830179847	0.0	160064	3187.997524285881	-0.15000000000000002
10233.33738169376	300	13.275759831663912	0.0	137507	1464.1959985159335	0.3
10234.322797961491	300	16.290343563932048	0.0	118421	985.4162677318657	0.3

