4384.725211705291	750	4.0	5.4395307625425735	450283	5439.530762542574	-22.639982278933065
4387.118838573218	300	5.606373132073677	0.0	155580	2393.6268679263235	-0.15000000000000002
4389.2904646055285	300	7.4347470997634195	0.0	139857	2171.626032310258	0.3
4392.244964585695	300	8.480247119597157	0.0	155432	2954.4999801662616	0.3
4394.614777926825	300	10.110433778467936	0.0	163442	2369.8133411292224	0.3
4395.63089950097	300	13.094312204322456	0.0	126289	1016.1215741454799	0.3
4396.706166450915	300	16.019045254378536	0.0	153295	1075.2669499439207	0.3
4397.863833737788	300	18.861377967505376	0.0	173849	1157.667286873158	0.3
4400.551029935897	750	20.174181769396593	0.0	374758	2687.196198108784	0.3
4403.065202865035	750	21.66000884025886	0.0	362795	2514.172929137729	0.75
4405.659516641373	750	23.065695063919947	0.0	353220	2594.3137763389154	0.75
4408.565519504506	750	24.15969220078779	0.0	405134	2906.002863132155	0.75
4413.319132032475	750	23.40607967281803	0.0	386351	4753.612527969758	0.75
4416.778248110127	750	23.94696359516553	0.0	434409	3459.1160776524994	0.75
4420.015064538144	750	24.710147167148296	0.0	337059	3236.816428017236	0.75
4424.436552885928	750	24.28865881936368	0.0	366214	4421.488347784618	0.75
4430.212398266409	750	22.51281343888372	0.0	360831	5775.845380479959	0.75
4433.588511394407	750	23.136700310885434	0.0	372963	3376.113127998286	0.75
4437.561289810468	750	23.163921894823822	0.0	405596	3972.7784160616116	0.75
4440.926113365901	750	23.799098339391698	0.0	350713	3364.8235554321254	0.75
4443.618024920255	750	25.10718678503789	0.0	386472	2691.911554353811	0.75
4446.482016726337	750	26.243194978955657	0.0	399894	2863.99180608223	0.75
4451.3205264850985	1200	25.404685220194278	0.0	656471	4838.509758761379	0.75
4455.2855574522755	1200	25.439654253017377	0.0	536667	3965.0309671769023	1.2
4459.344825362344	1200	25.380386342949695	0.0	587236	4059.2679100676787	1.2
4465.150798547147	1200	23.574413158145937	0.0	590335	5805.973184803758	1.2
4470.674277499294	1200	22.050934205998715	0.0	696376	5523.478952147224	1.2
4474.213560994206	1200	22.511650711087054	0.0	487160	3539.2834949116573	1.2
4479.60824943711	1200	21.116962268182622	0.0	622896	5394.688442904431	1.2
4489.659589403399	1200	15.065622301894003	0.0	641447	10051.33996628862	1.2
4494.195453982759	1200	14.529757722534388	0.0	570392	4535.864579359613	1.2
4498.548345809387	1200	14.176865895906943	0.0	620283	4352.891826627445	1.2
4501.091148587306	750	15.634063117988234	0.0	369834	2542.80277791871	0.3
4504.095255944451	750	16.62995576084335	0.0	412837	3004.10735714488	0.75
4508.8607860989205	750	15.86442560637435	0.0	401088	4765.530154469003	0.75
4513.776434853432	1200	14.948776851862933	0.0	598727	4915.648754511418	0.75
4519.328998154626	1200	13.396213550668028	0.0	487812	5552.563301194906	1.2
4527.352440384823	1200	9.372771320471784	0.0	575591	8023.442230196245	1.2
4530.732203530962	750	9.993008174332642	0.0	378327	3379.763146139141	0.3
4534.540962843314	750	10.184248861979167	0.0	390680	3808.7593123534757	0.75
4537.628354841491	750	11.096856863802953	0.0	345516	3087.3919981762147	0.75
4540.28469728496	750	12.440514420333722	0.0	384505	2656.3424434692315	0.75
4542.930613331273	750	13.794598374021161	0.0	372093	2645.9160463125604	0.75
4546.058507730977	750	14.666703974317999	0.0	438281	3127.8943997031624	0.75
4549.085165841746	750	15.640045863548938	0.0	398987	3026.6581107690627	0.75
4556.043801989152	1850	12.68140971614289	0.0	982064	6958.636147406049	0.75
4563.896027846338	1850	8.82918385895631	0.0	830730	7852.225857186581	1.85
4570.186669551018	1850	6.538542154277149	0.0	846370	6290.641704679159	1.85

