13752.427760939714	750	4.0	2.7857807865153212	450283	2785.7807865153213	-11.228857382015882
13753.689704628705	300	6.738056311008653	0.0	155580	1261.9436889913468	-0.15000000000000002
13754.460883023263	300	9.966877916450935	0.0	139857	771.1783945577192	0.3
13755.191358024575	300	13.236402915138726	0.0	155432	730.4750013122085	0.3
13755.908401373496	300	16.519359566216714	0.0	163442	717.0433489220123	0.3
13756.44530556852	300	19.98245537119326	0.0	126289	536.9041950234541	0.3
13757.06436782722	300	23.363393112491856	0.0	153295	619.0622587014041	0.3
13757.951680240938	300	26.476080698776027	0.0	173849	887.3124137158313	0.3
13758.936472900228	300	29.49128803948619	0.0	150710	984.7926592898365	0.3
13759.916951269315	300	32.51080967039839	0.0	139105	980.4783690878032	0.3
13760.699486264562	300	35.728274675151795	0.0	141840	782.5349952465964	0.3
13761.384482528236	300	39.04327841147856	0.0	156148	684.9962636732289	0.3
13762.175968037787	300	42.25179290192727	0.0	160746	791.4855095512876	0.3
13763.083073932268	300	45.344687007447405	0.0	179801	907.105894479865	0.3
13763.770880131506	300	48.65688080820976	0.0	140051	687.8061992376471	0.3
13764.416708934905	300	52.01105200481081	0.0	138313	645.828803398954	0.3
13765.086646264834	300	55.3411146748818	0.0	143509	669.9373299290103	0.3
13765.749988371334	300	58.677772568383794	0.0	150616	663.3421064980053	0.3
13767.107015280084	300	59.913263227824544	0.0	165384	764.5093405592523	0.3
13767.8659385721	300	59.69506033731286	0.0	140881	718.202890511679	0.3
13769.051391302275	300	59.697694182526895	0.0	157671	997.3661547859643	0.3
13770.248713439212	300	59.71807633975244	0.0	157812	979.6178427744519	0.3
13771.713306477413	300	59.89463200113419	0.0	163927	823.4443386182523	0.3
13772.688202378726	300	59.5677583954684	0.0	137654	826.8736056657885	0.3
13773.78285697846	300	59.809442238674514	0.0	146754	758.3161567938846	0.3
13774.651739123634	300	59.50317038755841	0.0	153938	806.2718511161003	0.3
13776.382571272878	300	59.98405947901394	0.0	181901	1019.1109085444708	0.3
13777.289926382056	300	59.87624251617549	0.0	111155	607.8169628384566	0.3
13778.54883432282	300	59.58155764281298	0.0	153605	794.684873362509	0.3
13779.583780163368	300	59.80119621334076	0.0	149029	780.3614294722223	0.3
13780.806639689266	300	59.602058703578834	0.0	157421	699.1375097619213	0.3
13782.353911665989	300	59.880283766235614	0.0	157488	721.7749373432226	0.3
13784.29816529577	300	59.875905380434354	0.0	143881	1004.3783858012517	0.3
13786.035406877629	300	59.96722230209556	0.0	163444	1408.6830783387973	0.3
13787.924059999998	300	59.822174944971835	0.0	179328	1145.0473571237235	0.3
13789.491691025383	300	59.70016235780009	0.0	159914	1122.01258717175	0.3
13791.087588699707	300	59.700022749295506	0.0	131610	1000.1396085045745	0.3
13792.384955815074	300	59.744218167321	0.0	124011	955.8045819745105	0.3
13793.691237523233	300	59.74685855608933	0.0	144254	997.3596112316703	0.3
13795.22497572089	300	59.68945053432358	0.0	149991	1057.408021765736	0.3
13796.833652513706	300	59.94327724001184	0.0	147968	746.1732943117422	0.3
13797.97580300413	300	59.69845368705054	0.0	161857	744.8235529613016	0.3
13799.088029389824	300	59.601004034436016	0.0	145210	597.4496526145256	0.3
13800.296104066709	300	59.62935502453361	0.0	172312	971.6490099024063	0.3
13801.396290182804	300	59.762474818977786	0.0	167025	866.8802055558212	0.3
13802.517273606498	300	59.943636023898954	0.0	160064	818.8387950788352	0.3
13804.922582996698	300	59.67205369560705	0.0	137507	771.5823282918974	0.3
13807.199248128565	300	59.505584594127384	0.0	118421	1166.4691014796663	0.3

