1069.9365787125778	750	4.0	5.259051639025879	450283	5259.051639025879	-21.86392204781128
1071.4818047752271	300	6.454773937350686	0.0	155580	1545.2260626493135	-0.15000000000000002
1072.9447154419254	300	8.991863270652232	0.0	139857	1462.9106666984549	0.3
1074.2992398765361	300	11.637338836041588	0.0	155432	1354.5244346106435	0.3
1075.712646611449	300	14.223932101129046	0.0	163442	1413.4067349125414	0.3
1078.7556270502162	750	15.180951662361833	0.0	318564	3042.980438767214	0.3
1082.0533767319891	750	15.88320198058864	0.0	352642	3297.749681773193	0.75
1085.6391864731793	750	16.297392239398565	0.0	437162	3585.8097411900735	0.75
1088.9394122493275	750	16.9971664632506	0.0	374758	3300.2257761479646	0.75
1091.3667657087688	750	18.569813003809205	0.0	362795	2427.353459441392	0.75
1093.1346916754353	750	20.801887037142574	0.0	353220	1767.9259666666323	0.75
1098.540427284953	1850	19.396151427624936	0.0	917428	5405.735609517636	0.75
1103.938825671452	1850	17.997753041126103	0.0	946851	5398.398386498833	1.85
1110.6490591253096	1850	15.287519587268285	0.0	1036454	6710.233453857818	1.85
1114.679055609135	1850	15.257523103442804	0.0	821631	4029.9964838254823	1.85
1120.2350218842673	1850	13.701556828310597	0.0	923170	5555.966275132206	1.85
1125.074268498656	1850	12.862310213921791	0.0	966699	4839.246614388804	1.85
1129.5039319665445	1850	12.432646746033233	0.0	885714	4429.663467888558	1.85
1134.8408278924803	1850	11.095750820097315	0.0	987708	5336.895925935918	1.85
1141.3916818051598	1850	8.544896907417925	0.0	923755	6550.85391267939	1.85
1144.1233178413167	750	9.813260871261027	0.0	386472	2731.6360361568977	-0.3500000000000001
1147.0141582099382	750	10.922420502639804	0.0	399894	2890.840368621222	0.75
1150.3007793509405	750	11.635799361637215	0.0	401853	3286.6211410025903	0.75
1152.4998530633143	750	13.436725649263634	0.0	343800	2199.0737123735826	0.75
1155.4690168751135	750	14.467561837464155	0.0	359903	2969.163811799479	0.75
1158.2379086979486	750	15.698670014629297	0.0	379700	2768.8918228348584	0.75
1161.3157724347416	750	16.620806277836472	0.0	425781	3077.863736792823	0.75
1162.8473872240766	750	19.089191488501413	0.0	277716	1531.6147893350596	0.75
1165.5761724245456	750	20.36040628803255	0.0	400396	2728.7852004688607	0.75
1170.4065001046165	1850	19.530078607961673	0.0	975811	4830.327680070876	0.75
1176.7375990909418	1850	17.198979621636408	0.0	873429	6331.098986325265	1.85
1183.9602685144198	1850	13.976310198158139	0.0	954453	7222.669423478271	1.85
1192.4376106239874	1850	9.49896808859076	0.0	885062	8477.342109567378	1.85
1195.7733405321549	750	10.163238180423408	0.0	412837	3335.7299081673514	-0.3500000000000001
1199.5170992989267	750	10.41947941365144	0.0	401088	3743.758766771968	0.75
1203.057150423714	750	10.87942828886422	0.0	365161	3540.0511247872178	0.75
1205.9970129515261	750	11.939565761052178	0.0	321064	2939.8625278120435	0.75
1209.4703485764278	750	12.466230136150312	0.0	361565	3473.3356249018643	0.75
1212.9750812132716	750	12.961497499306722	0.0	378327	3504.7326368435893	0.75
1217.0985370537542	750	12.838041658824203	0.0	390680	4123.45584048252	0.75
1220.6116302263013	750	13.324948486277128	0.0	345516	3513.093172547074	0.75
1225.6670785925744	750	12.269500120003922	0.0	384505	5055.448366273205	0.75
1229.8457244933013	750	12.09085421927707	0.0	372093	4178.645900726853	0.75
1233.9526276434726	750	11.983951069105734	0.0	438281	4106.903150171336	0.75
1237.925644595565	750	12.010934117013129	0.0	398987	3973.0169520926047	0.75
1241.911522956191	750	12.025055756387072	0.0	393804	3985.878360626056	0.75
1244.9582076496129	750	12.978371062965364	0.0	331053	3046.684693421708	0.75
1248.5223432180637	750	13.4142354945145	0.0	314107	3564.1355684508635	0.75

