9564.438337744423	750	4.0	3.5333118074124745	450283	3533.3118074124745	-14.44324077187364
9565.933246582137	300	6.5050911622846534	0.0	155580	1494.9088377153469	-0.15000000000000002
9567.509074283947	300	8.929263460473335	0.0	139857	1575.827701811319	0.3
9571.521000684934	750	8.917337059487153	0.0	382355	4011.926400986181	0.3
9575.033952105994	750	9.404385638426705	0.0	411561	3512.951421060447	0.75
9581.55259281109	1200	6.885744933330535	0.0	520315	6518.64070509617	0.75
9584.094036148188	300	8.344301596231713	0.0	153295	2541.443337098822	-0.6000000000000001
9588.476962369854	750	7.961375374566635	0.0	437162	4382.926221665079	0.3
9592.24828479037	750	8.190052954050245	0.0	374758	3771.32242051639	0.75
9598.39548167609	750	6.042856068330558	0.0	362795	6147.196885719687	0.75
9601.047196078882	300	7.391141665538632	0.0	141840	2651.7144027919257	-0.15000000000000002
9605.332646830986	750	7.105690913434684	0.0	405134	4285.450752103948	0.3
9608.708393584642	750	7.729944159777263	0.0	386351	3375.7467536574213	0.75
9612.06460522711	750	8.373732517310021	0.0	434409	3356.2116424672417	0.75
9614.908756204406	750	9.52958154001253	0.0	337059	2844.150977297493	0.75
9619.800814338501	1200	8.63752340591743	0.0	587876	4892.058134095099	0.75
9622.588523385582	750	9.849814358835916	0.0	360831	2787.709047081512	0.3
9627.374596871088	1200	9.063740873330806	0.0	581493	4786.0734855051105	0.75
9633.635406836995	1200	6.802930907423593	0.0	639204	6260.809965907212	1.2
9634.828923932724	300	9.609413811693459	0.0	140881	1193.517095730134	-0.6000000000000001
9639.588745935538	1200	8.849591808878554	0.0	601738	4759.822002814906	0.29999999999999993
9643.31277169888	750	9.125566045536122	0.0	399894	3724.0257633424326	0.3
9649.481739385254	1200	6.956598359165058	0.0	656471	6168.967686371063	0.75
9650.729544795167	300	9.708792949251787	0.0	137654	1247.8054099132714	-0.6000000000000001
9655.84115982907	1200	8.597177915348645	0.0	587236	5111.615033903141	0.29999999999999993
9658.91632584794	750	9.522011896477379	0.0	379700	3075.1660188712667	0.3
9664.73620746778	1200	7.702130276638953	0.0	696376	5819.881619838427	0.75
9667.611803548287	750	8.82653419613084	0.0	277716	2875.5960805081113	0.3
9671.74411913582	750	8.694218608598456	0.0	400396	4132.315587532385	0.75
9675.120114067513	750	9.318223676904445	0.0	400508	3375.9949316940115	0.75
9682.745759831401	1200	5.692577913017224	0.0	570392	7625.645763887222	0.75
9685.014341866887	300	7.423995877531092	0.0	157488	2268.582035486131	-0.6000000000000001
9688.482569370424	750	7.955768373993065	0.0	369834	3468.227503538026	0.3
9692.724104671517	750	7.714233072899296	0.0	412837	4241.53530109377	0.75
9700.139145272708	750	4.299192471708625	0.0	401088	7415.040601190671	0.75
9702.302435561925	300	6.135902182491857	0.0	159914	2163.2902892167676	-0.15000000000000002
9703.58048150583	300	8.85785623858535	0.0	131610	1278.045943906505	0.3
9707.20671004145	750	9.231627702966254	0.0	361565	3626.228535619097	0.3
9711.802828234699	1200	8.635509509717158	0.0	605884	4596.118193249095	0.75
9715.071545806273	750	9.366791938142203	0.0	390680	3268.717571574954	0.3
9719.80344201497	1200	8.634895729446031	0.0	566904	4731.896208696173	0.75
9722.784260731769	750	9.65407701264614	0.0	384505	2980.818716799891	0.3
9727.706295320753	1200	8.732042423662907	0.0	599477	4922.034588983231	0.75
9732.330003367066	750	8.108334377350207	0.0	438281	4623.7080463127	0.3
9735.478933239388	750	8.95940450502738	0.0	398987	3148.929872322828	0.75
9738.656615765698	750	9.78172197871877	0.0	393804	3177.68252630861	0.75
9743.589926378076	1200	8.848411366342141	0.0	538612	4933.310612376629	0.75
9746.515043565903	750	9.923294178514443	0.0	314107	2925.117187827698	0.3

