2734.464432779762	750	4.0	2.342534869962582	450283	2342.534869962582	-9.322899940839102
2735.5351208548914	300	6.929311924870432	0.0	155580	1070.6880751295678	-0.15000000000000002
2736.8386554461385	300	9.625777333623237	0.0	139857	1303.5345912471955	0.3
2737.960912841546	300	12.503519938216048	0.0	155432	1122.257395407189	0.3
2738.8351836437	300	15.629249136062022	0.0	163442	874.2708021540254	0.3
2739.3652828826275	300	19.099149897134726	0.0	126289	530.0992389272985	0.3
2739.997177885912	300	22.467254893850058	0.0	153295	631.8950032846667	0.3
2740.704402160475	300	25.76003061928759	0.0	173849	707.2242745624682	0.3
2741.334557964462	300	29.12987481530067	0.0	150710	630.1558039869187	0.3
2741.9195440043954	300	32.54488877536692	0.0	139105	584.9860399337483	0.3
2742.433694844154	300	36.03073793560834	0.0	141840	514.1508397585874	0.3
2743.004812906886	300	39.45961987287652	0.0	156148	571.1180627318143	0.3
2743.6146652482316	300	42.84976753153105	0.0	160746	609.8523413454734	0.3
2744.2950272465855	300	46.16940553317689	0.0	179801	680.3619983541544	0.3
2744.830164716905	300	49.63426806285734	0.0	140051	535.1374703195561	0.3
2745.34033041157	300	53.12410236819206	0.0	138313	510.16569466527477	0.3
2745.8417481704423	300	56.62268460931959	0.0	143509	501.4177588724676	0.3
2746.3674688544424	300	59.624749397641295	0.0	150616	497.93521167829476	0.3
2747.0528171446317	300	59.545968069757336	0.0	165384	578.7813278839626	0.3
2747.6789755579643	300	59.521172320393646	0.0	140881	524.795749363687	0.3
2750.3981114773046	750	59.95228566410785	0.0	386472	2068.8866562857993	0.3
2752.78180393402	750	59.86056412452742	0.0	399894	2091.721539580424	0.75
2754.6626216363543	750	59.64614073667783	0.0	401853	1714.4233878495943	0.75
2756.0025916436894	750	59.954352833052965	0.0	343800	1191.7879036248614	0.75
2757.2463015560347	750	59.751588919184776	0.0	359903	1202.7639138681895	0.75
2759.158587500178	750	59.5159189559022	0.0	379700	1235.6699632825782	0.75
2761.429991794004	750	59.528524823219506	0.0	425781	1487.3941326826914	0.75
2763.1867926586565	750	59.507129466714574	0.0	277716	1521.3953565049349	0.75
2765.762431973651	750	59.56201254899107	0.0	400396	1945.1169177234985	0.75
2767.603831322949	750	59.556574058677484	0.0	400508	1505.438490313589	0.75
2769.4673605323524	750	59.51278987391854	0.0	358218	1543.7841847589423	0.75
2770.2003443350804	300	59.921170575476424	0.0	157488	591.619298442114	-0.15000000000000002
2772.028407526365	300	59.712821184277274	0.0	143881	708.3493911991516	0.3
2773.6124082003016	300	59.67567776170154	0.0	163444	1537.1434225757346	0.3
2775.4959810418727	300	59.822319985646494	0.0	179328	853.3577760550495	0.3
2776.5561044987476	300	59.89736578521701	0.0	159914	924.9542004294817	0.3
2777.3666693396026	300	59.67466796436229	0.0	131610	722.6978208547218	0.3
2778.9991149841594	300	59.75737863303427	0.0	124011	917.2893313280226	0.3
2780.2783540271935	300	59.66033729198131	0.0	144254	1097.0413410529645	0.3
2782.1978286265135	300	59.79169880516187	0.0	149991	1368.638486819436	0.3
2784.1210397426585	300	59.75051136548975	0.0	147968	1041.1874396721187	0.3
2785.589511234013	300	59.54228745804895	0.0	161857	1208.2239074408014	0.3
2786.8049780441206	300	59.9896777589518	0.0	145210	1052.6096990971505	0.3
2789.396014662682	300	59.86558811967657	0.0	172312	1624.0896392752263	0.3
2791.2794156035357	300	59.85736102939272	0.0	167025	1508.2270902838595	0.3
2794.7199098950605	750	59.51970082291528	0.0	393804	3337.660206477432	0.3
2798.793642190268	750	59.4459685277078	0.0	331053	4073.7322952074865	0.75
2802.429427949312	750	59.81018276866409	0.0	314107	3135.7857590437015	0.75

