15547.512765614672	750	4.0	3.478694088168143	450283	3478.694088168143	-14.208384579123015
15548.71789278239	300	6.794872832282032	0.0	155580	1205.1271677179675	-0.15000000000000002
15549.52508592012	300	9.987679694553293	0.0	139857	807.1931377287391	0.3
15550.385816375725	300	13.126949238948402	0.0	155432	860.730455604892	0.3
15552.84914114447	750	14.663624470203118	0.0	411561	2463.324768745285	0.3
15554.827610444865	750	16.685155169808	0.0	318564	1978.4693003951193	0.75
15557.090601579894	750	18.4221640347783	0.0	352642	2262.991135029698	0.75
15561.039786444131	750	18.4729791705396	0.0	437162	3949.184864238706	0.75
15568.06932017107	1200	15.443445443600798	0.0	584846	7029.533726938801	0.75
15574.0259765135	750	13.486789101170375	0.0	362795	5956.656342430422	0.3
15578.937465509161	750	12.575300105507774	0.0	353220	4911.488995662604	0.75
15582.322346891582	300	13.190418723086779	0.0	156148	3384.8813824209933	-0.15000000000000002
15588.880162774854	750	10.632602839812591	0.0	386351	6557.815883274188	0.3
15590.664001211308	300	12.84876440336056	0.0	179801	1783.8384364520318	-0.15000000000000002
15592.75899776181	750	14.753767852858234	0.0	337059	2094.996550502326	0.3
15595.152256535475	750	16.360509079192948	0.0	366214	2393.258773665286	0.75
15599.532425600675	750	15.980340013993562	0.0	360831	4380.169065199386	0.75
15605.089813942868	750	14.422951671800899	0.0	372963	5557.388342192664	0.75
15608.566454751466	750	14.946310863203523	0.0	405596	3476.640808597374	0.75
15611.924162540854	750	15.58860307381384	0.0	350713	3357.707789389684	0.75
15617.005188331412	750	14.507577283257069	0.0	386472	5081.0257905567705	0.75
15620.388685993505	750	15.124079621165132	0.0	399894	3383.4976620919365	0.75
15623.618544564133	750	15.89422105053564	0.0	401853	3229.8585706294925	0.75
15626.619876632081	750	16.89288898258741	0.0	343800	3001.3320679482295	0.75
15629.453476841758	750	18.059288772912183	0.0	359903	2833.6002096752277	0.75
15635.1865021978	1200	16.326263416870148	0.0	590335	5733.025356042034	0.75
15639.165493572147	750	16.347272042521222	0.0	425781	3978.9913743489246	0.3
15641.795856544299	750	17.71690907036954	0.0	277716	2630.3629721516822	0.75
15645.185139620675	750	18.327625993994037	0.0	400396	3389.2830763755037	0.75
15648.80242348192	750	18.71034213274764	0.0	400508	3617.283861246393	0.75
15654.20485352684	1200	17.3079120878285	0.0	570392	5402.43004491914	0.75
15657.964850676306	750	17.547914938362084	0.0	400322	3759.997149466421	0.3
15662.263315424469	750	17.24945019019844	0.0	369834	4298.464748163642	0.75
15666.627653781978	750	16.885111832688434	0.0	412837	4364.338357510005	0.75
15670.72033184188	750	16.792433772786136	0.0	401088	4092.678059902302	0.75
15674.81467267972	750	16.69809293494613	0.0	365161	4094.3408378400068	0.75
15678.42608257366	750	17.086683041007717	0.0	321064	3611.4098939384116	0.75
15681.882686562476	750	17.630079052191025	0.0	361565	3456.6039888166924	0.75
15685.657894579943	750	17.854871034724567	0.0	378327	3775.208017466455	0.75
15691.844428026989	1200	15.668337587678707	0.0	587506	6186.533447045863	0.75
15694.880265423646	750	16.632500191020814	0.0	345516	3035.8373966578956	0.3
15698.868337258327	750	16.644428356339194	0.0	384505	3988.071834681616	0.75
15703.29817238871	750	16.214593225956946	0.0	372093	4429.835130382248	0.75
15706.63655824863	750	16.876207366037377	0.0	438281	3338.3858599195646	0.75
15709.584823617086	750	17.927941997581556	0.0	398987	2948.265368455827	0.75
15712.800132549364	750	18.71263306530413	0.0	393804	3215.3089322774244	0.75
15716.482195181532	750	19.030570433135807	0.0	331053	3682.062632168323	0.75
15721.370104018333	750	18.14266159633493	0.0	314107	4887.908836800879	0.75

