17227.112438139677	750	4.0	4.717391294739914	450283	4717.391294739914	-19.53478256738163
17228.567368276206	300	6.545069863471299	0.0	155580	1454.9301365287008	-0.15000000000000002
17229.818250192315	300	9.294187947363007	0.0	139857	1250.881916108293	0.3
17236.24388485708	1200	6.868553282601067	0.0	617681	6425.634664761939	0.29999999999999993
17238.406294486158	300	8.706143653521359	0.0	163442	2162.4096290797106	-0.6000000000000001
17242.477927736003	750	8.634510403674772	0.0	318564	4071.6332498465854	0.3
17246.097291128463	750	9.01514701121525	0.0	352642	3619.363392459524	0.75
17252.609712065416	1200	6.502726074263357	0.0	709534	6512.420936951892	0.75
17254.13348253022	300	8.978955609461856	0.0	150710	1523.7704648014997	-0.6000000000000001
17257.631234440814	750	9.481203698863531	0.0	362795	3497.7519105983247	0.3
17263.850182676462	1200	7.262255463217742	0.0	607410	6218.94823564579	0.75
17268.128050933916	750	6.984387205763216	0.0	405134	4277.8682574545255	0.3
17269.81301317827	300	9.29942496140728	0.0	160746	1684.9622443559354	-0.15000000000000002
17278.163896228085	1200	4.948541911591379	0.0	687371	8350.8830498159	0.29999999999999993
17280.89113968914	300	6.221298450537941	0.0	140051	2727.2434610534383	-0.6000000000000001
17284.222651688735	300	6.889786450940817	0.0	138313	3331.5119995971236	0.3
17286.207056684383	300	8.905381455294556	0.0	143509	1984.4049956462604	0.3
17292.5657542329	750	6.54668390678001	0.0	372963	6358.697548514547	0.3
17294.64884172301	300	8.463596416667453	0.0	165384	2083.087490112558	-0.15000000000000002
17298.95786670554	750	8.15457143413723	0.0	350713	4309.0249825302235	0.3
17302.19041579076	750	8.922022348918215	0.0	386472	3232.5490852190146	0.75
17305.613314210597	750	9.499123929078298	0.0	399894	3422.8984198399176	0.75
17311.81892342979	1200	7.293514709884621	0.0	656471	6205.609219193677	0.75
17316.081490689838	750	7.030947449838119	0.0	343800	4262.567260046502	0.3
17318.999523402697	750	8.11291473697639	0.0	359903	2918.0327128617296	0.75
17322.284100789082	750	8.828337350594314	0.0	379700	3284.5773863820737	0.75
17327.705042307774	750	7.4073958319013355	0.0	425781	5420.941518692979	0.75
17330.36190880241	750	8.750529337269334	0.0	277716	2656.8664946320023	0.75
17333.43672558901	750	9.675712550667562	0.0	400396	3074.816786601771	0.75
17339.454719796697	1200	7.6577183429792255	0.0	641447	6017.994207688336	0.75
17343.285276946706	750	7.827161192973309	0.0	358218	3830.557150005917	0.3
17346.539247554854	750	8.5731905848229	0.0	400322	3253.9706081504096	0.75
17349.77496773625	750	9.337470403424323	0.0	369834	3235.7201813985776	0.75
17356.178458347957	1200	6.933979791717371	0.0	670129	6403.490611706951	0.75
17358.00338937355	300	9.109048766127916	0.0	179328	1824.9310255894543	-0.6000000000000001
17366.28341109442	1200	4.829027045257551	0.0	598727	8280.021720870365	0.29999999999999993
17368.006663972537	300	7.105774167138529	0.0	131610	1723.2528781190224	-0.6000000000000001
17372.477317912584	750	6.635120227093213	0.0	361565	4470.653940045316	0.3
17373.89809398881	300	9.214344150865353	0.0	144254	1420.7760762278608	-0.15000000000000002
17378.73566417996	1200	8.376773959717553	0.0	587506	4837.570191147799	0.29999999999999993
17381.791551331466	750	9.32088680821189	0.0	345516	3055.8871515056635	0.3
17388.226927605876	1200	6.885510533800478	0.0	641452	6435.376274411412	0.75
17389.5906586229	300	9.521779516778755	0.0	145210	1363.7310170217222	-0.6000000000000001
17395.253935418263	1200	7.85850272141494	0.0	634861	5663.276795363816	0.29999999999999993
17398.880239180435	750	8.232198959245368	0.0	398987	3626.3037621695707	0.3
17402.63481927581	750	8.477618863871536	0.0	393804	3754.5800953738335	0.75
17405.95280057623	750	9.159637563448797	0.0	331053	3317.9813004227385	0.75
17412.259378923798	1200	6.853059215879374	0.0	550906	6306.578347569423	0.75

