25352.779031263963	750	4.0	3.791441730238546	450283	3791.441730238546	-15.553199440025747
25354.166077518534	300	6.6129537454278156	0.0	155580	1387.046254572185	-0.15000000000000002
25355.18330358301	300	9.595727680951125	0.0	139857	1017.2260644766923	0.3
25359.013378655854	1200	9.765652608108937	0.0	617681	3830.075072842187	0.29999999999999993
25363.370372219295	1200	9.408659044670308	0.0	652874	4356.9935634386275	1.2
25365.82833669093	1200	10.95069457303216	0.0	520315	2457.964471638147	1.2
25367.676427453018	1200	13.102603810946748	0.0	561791	1848.0907620854114	1.2
25375.638885033863	2850	9.140146230103259	0.0	1638769	7962.457580843488	1.2000000000000002
25378.78838710301	1200	9.990644160953819	0.0	584846	3149.50206914944	-0.44999999999999996
25381.86866954359	1200	10.91036172037265	0.0	560821	3080.2824405811693	1.2
25384.641474486874	1200	12.13755677708975	0.0	607410	2772.8049432828993	1.2
25390.556029903768	1850	10.223001360193898	0.0	917428	5914.555416895853	1.2000000000000002
25394.93005104365	1200	9.848980220311494	0.0	624282	4374.021139882403	0.5499999999999999
25401.439214621718	1200	7.339816642243192	0.0	687371	6509.163578068302	1.2
25405.441027150202	750	7.338004113758607	0.0	337059	4001.812528484585	0.3
25409.66647408327	750	7.1125571806899694	0.0	366214	4225.446933068637	0.75
25412.938079641353	750	7.840951622608321	0.0	360831	3271.605558081649	0.75
25415.792325181585	750	8.9867060823768	0.0	372963	2854.245540231519	0.75
25418.857662033464	750	9.921369230496689	0.0	405596	3065.336851880113	0.75
25422.213344588694	1200	10.565686675267632	0.0	586839	3355.6825552290547	0.75
25426.982128973013	1200	9.796902290946822	0.0	601738	4768.784384320809	1.2
25431.104450739025	1200	9.67458052493702	0.0	616206	4122.321766009803	1.2
25434.270151617646	1200	10.508879646317467	0.0	656471	3165.700878619553	1.2
25437.721591341364	1200	11.057439922598995	0.0	536667	3451.439723718473	1.2
25443.865121188708	1850	8.913910075255448	0.0	897976	6143.529847343546	1.2000000000000002
25447.09549262702	750	9.68353863694044	0.0	379700	3230.371438315007	-0.3500000000000001
25454.303573154022	1200	6.475458109941145	0.0	696376	7208.080526999296	0.75
25455.61700913203	300	9.16202213192991	0.0	111155	1313.4359780112338	-0.6000000000000001
25462.019163249155	1200	6.7598680148088715	0.0	622896	6402.154117121039	0.29999999999999993
25463.54785821825	300	9.231173045709028	0.0	149029	1528.6949690998454	-0.6000000000000001
25468.26638980661	1200	8.512641457351624	0.0	570392	4718.531588357405	0.29999999999999993
25472.68178334557	750	8.097247918388746	0.0	400322	4415.393538962878	0.3
25477.307254364023	750	7.471776899939847	0.0	369834	4625.471018448898	0.75
25482.407639583274	750	6.371391680686192	0.0	412837	5100.385219253656	0.75
25484.47881238091	300	8.300218883052787	0.0	179328	2071.172797633405	-0.15000000000000002
25489.793079556475	750	6.9859517074865805	0.0	365161	5314.267175566206	0.3
25491.86983842213	300	8.909192841832699	0.0	131610	2076.758865653882	-0.15000000000000002
25498.059605824677	750	6.719425439284993	0.0	361565	6189.767402547706	0.3
25500.74857604207	300	8.030455221891538	0.0	144254	2688.9702173934547	-0.15000000000000002
25510.794833458975	750	4.0	2.015802195013512	390680	10046.25741690505	-8.3679494385581
25513.746844013247	300	5.047989445728992	0.0	147968	2952.010554271008	-0.15000000000000002
25515.690595298893	300	7.104238160083128	0.0	161857	1943.7512856458645	0.3
25519.21237026205	750	7.58246319692617	0.0	372093	3521.7749631569573	0.3
25523.489631817934	750	7.305201641041662	0.0	438281	4277.261555884508	0.75
25527.54673922934	750	7.248094229635572	0.0	398987	4057.1074114060903	0.75
25530.42678943157	750	8.36804402740232	0.0	393804	2880.0502022332516	0.75
25533.509879717403	750	9.284953741573641	0.0	331053	3083.090285828679	0.75
25537.78566033682	1200	9.009173122158002	0.0	550906	4275.780619415641	0.75

