5892.2404326772885	750	4.0	2.2982937896467757	450283	2298.2937896467756	-9.132663295481136
5894.294628061912	750	5.94580461537696	0.0	398865	2054.19538462304	0.75
5896.410644622721	1200	7.829788054568357	0.0	571051	2116.0165608086036	0.75
5898.766483406662	1200	9.473949270627461	0.0	617681	2355.838783940895	1.2
5900.909476486305	1200	11.3309561909846	0.0	652874	2142.9930796428616	1.2
5903.358398126149	1850	12.882034551141091	0.0	801058	2448.9216398435087	1.2000000000000002
5906.205315644815	1850	14.035117032474641	0.0	905515	2846.917518666448	1.85
5910.00868156671	1850	14.231751110579475	0.0	1060487	3803.3659218951666	1.85
5913.643220120219	1850	14.59721255707057	0.0	852833	3634.5385535089044	1.85
5917.970580035481	1850	14.269852641807661	0.0	913888	4327.3599152629085	1.85
5921.118912562959	1850	15.121520114330801	0.0	939819	3148.3325274768613	1.85
5923.934110819515	1850	16.306321857775288	0.0	917428	2815.198256555513	1.85
5926.75686704834	1850	17.483565628949783	0.0	946851	2822.7562288255053	1.85
5930.424888818735	1850	17.81554385855406	0.0	1036454	3668.0217703957182	1.85
5933.084308411153	1850	19.156124266136075	0.0	821631	2659.41959241799	1.85
5936.090671171486	1850	20.149761505803152	0.0	923170	3006.362760332924	1.85
5941.730504055091	2850	18.509928622197965	0.0	1491626	5639.832883605187	1.85
5946.894550762789	2850	17.345881914500417	0.0	1358801	5164.046707697547	2.85
5952.161603227253	2850	16.07882945003552	0.0	1537156	5267.052464464895	2.85
5956.4920290143855	2850	15.748403662903696	0.0	1336050	4330.425787131827	2.85
5961.368804910301	2850	14.871627766987848	0.0	1415116	4876.775895915849	2.85
5966.549565136595	2850	13.690867540693334	0.0	1468126	5180.760226294513	2.85
5972.27176599868	2850	11.968666678608578	0.0	1505760	5722.2008620847555	2.85
5976.494220806632	2850	11.746211870656603	0.0	1323990	4222.454807951976	2.85
5982.493631833714	2850	9.746800843574468	0.0	1383735	5999.4110270821375	2.85
5988.887618898575	2850	7.352813778713932	0.0	1480464	6393.987064860535	2.85
5994.716322375756	1850	5.524110301533665	0.0	1076599	5828.703477180267	0.8500000000000001
5997.287291497841	1200	6.953141179449091	0.0	487160	2570.9691220845743	0.5499999999999999
6001.239840931669	1200	7.000591745620893	0.0	622896	3952.549433828198	1.2
6007.608151991282	1200	4.632280686007628	0.0	641447	6368.311059613265	1.2
6009.590896389743	300	6.649536287547513	0.0	157421	1982.7443984601148	-0.6000000000000001
6011.606940391301	300	8.633492285989206	0.0	157488	2016.0440015583051	0.3
6013.166403928493	300	11.074028748796543	0.0	143881	1559.463537192663	0.3
6014.566987779613	300	13.673444897676692	0.0	163444	1400.5838511198508	0.3
6016.505578506997	300	15.734854170292815	0.0	179328	1938.5907273838782	0.3
6018.846503374049	300	17.39392930324161	0.0	159914	2340.924867051206	0.3
6021.319808877341	300	18.92062379994963	0.0	131610	2473.30550329198	0.3
6023.500448486695	300	20.739984190594885	0.0	124011	2180.639609354743	0.3
6025.4546937079485	300	22.785738969341747	0.0	144254	1954.2452212531377	0.3
6027.045032094326	300	25.19540058296377	0.0	149991	1590.338386377976	0.3
6028.6123248966605	300	27.62810778062986	0.0	147968	1567.2928023339102	0.3
6030.339787202008	300	29.900645475282683	0.0	161857	1727.462305347176	0.3
6035.304182975944	750	28.93624970134669	0.0	372093	4964.395773935993	0.3
6046.098235597372	1200	22.142197079919068	0.0	634861	10794.052621427621	0.75
6052.105596239472	1200	20.134836437819764	0.0	630203	6007.3606420993	1.2
6056.217793042062	1200	20.022639635229464	0.0	638661	4112.196802590302	1.2
6059.821497355043	1200	20.418935322248362	0.0	538612	3603.7043129811027	1.2
6067.641902712993	2850	16.598529964297988	0.0	1364537	7820.405357950373	1.2000000000000002

