10765.71055371436	750	4.0	2.287148895543779	450283	2287.148895543779	-9.084740250838248
10768.128405462101	750	5.582148252258925	0.0	398865	2417.8517477410755	0.75
10769.977358086138	750	7.733195628221291	0.0	350812	1848.9526240376335	0.75
10771.976430954166	750	9.734122760194085	0.0	382355	1999.072868027208	0.75
10775.05902320499	1200	10.651530509368706	0.0	652874	3082.59225082538	0.75
10777.814039464736	1200	11.89651424962443	0.0	520315	2755.016259744276	1.2
10783.02406448778	1200	10.6864892265804	0.0	561791	5210.025023044029	1.2
10793.899095761843	1200	4.0	0.18854204748354458	709534	10875.031274063946	0.38926919582075825
10796.20994315751	300	5.689152604334227	0.0	150710	2310.847395665772	-0.6000000000000001
10800.080741198442	300	5.818354563400346	0.0	139105	3870.7980409338816	0.3
10803.72356593762	300	6.17552982422447	0.0	141840	3642.824739175876	0.3
10806.649783297034	300	7.249312464809456	0.0	156148	2926.2173594150145	0.3
10809.400308777957	300	8.49878698388726	0.0	160746	2750.5254809221938	0.3
10812.294891750138	300	9.6042040117049	0.0	179801	2894.582972182362	0.3
10814.484875923454	300	11.41421983838949	0.0	140051	2189.98417331541	0.3
10816.360736082026	300	13.538359679815121	0.0	138313	1875.8601585743693	0.3
10818.422086009152	300	15.47700975268976	0.0	143509	2061.3499271253604	0.3
10820.18201460916	300	17.71708115268207	0.0	150616	1759.928600007691	0.3
10822.592778201371	300	19.30631756047087	0.0	165384	2410.763592211199	0.3
10827.768493753432	750	18.130602008410705	0.0	350713	5175.715552060166	0.3
10836.392812163804	750	13.50628359803772	0.0	386472	8624.318410372984	0.75
10844.68206833116	750	9.217027430681693	0.0	399894	8289.256167356027	0.75
10848.963375028909	300	8.93572073293289	0.0	163927	4281.306697748804	-0.15000000000000002
10852.483558048754	300	9.415537713086731	0.0	137654	3520.1830198461575	0.3
10855.393924245465	300	10.505171516376773	0.0	146754	2910.366196709957	0.3
10857.56370970528	300	12.33538605656279	0.0	153938	2169.7854598139843	0.3
10859.212946447216	300	14.686149314627782	0.0	181901	1649.236741935006	0.3
10860.231595036807	300	17.667500725037517	0.0	111155	1018.6485895902656	0.3
10861.551512126316	300	20.347583635529443	0.0	153605	1319.917089508076	0.3
10862.637786372732	300	23.26130938911289	0.0	149029	1086.2742464165547	0.3
10865.03794363432	750	24.861152127525745	0.0	358218	2400.1572615871432	0.3
10869.107843711394	1200	24.791252050452133	0.0	620283	4069.900077073609	0.75
10872.616770109542	1200	25.28232565230359	0.0	584349	3508.9263981485406	1.2
10876.33699740612	1200	25.562098355723425	0.0	670129	3720.227296580169	1.2
10885.139966570636	1850	20.759129191207766	0.0	1026056	8802.969164515662	1.2000000000000002
10894.167092386744	1850	15.732003375099577	0.0	943942	9027.125816108188	1.85
10898.626328209657	1200	15.272767552187336	0.0	487812	4459.235822912241	0.5499999999999999
10903.687809034482	1200	14.211286727362756	0.0	575591	5061.48082482458	1.2
10907.801244337332	1200	14.097851424512763	0.0	605884	4113.435302849994	1.2
10915.705632355217	1200	10.193463406628128	0.0	587506	7904.388017884633	1.2
10922.049643134123	750	7.849452627721964	0.0	345516	6344.010778906165	0.3
10925.042944876262	300	8.85615088558127	0.0	161857	2993.3017421406944	-0.15000000000000002
10927.51027902	300	10.388816741844224	0.0	145210	2467.3341437370455	0.3
10930.242308467885	300	11.65678729395907	0.0	172312	2732.029447885153	0.3
10933.453803936793	300	12.445291825051267	0.0	167025	3211.4954689078036	0.3
10936.766098765016	300	13.132996996828568	0.0	160064	3312.2948282226985	0.3
10941.040724657862	750	12.858371103983515	0.0	331053	4274.625892845053	0.3
10944.825991594496	1200	13.07310416734857	0.0	550906	3785.2669366349455	0.75

