14764.53401297304	750	4.0	4.955564253110452	450283	4955.564253110451	-20.55892628837494
14767.635883169893	300	4.898129803144833	0.0	155580	3101.870196855167	-0.15000000000000002
14772.167952420363	300	4.366060552675044	0.0	139857	4532.06925046979	0.3
14776.62851049203	300	4.0	0.09449751899309194	155432	4460.558071668135	-0.10633933167029536
14780.831084900154	300	4.0	0.20257440812354435	163442	4202.574408123544	-0.5710699549312408
14783.392721380724	300	5.4383635194307365	0.0	126289	2561.6364805692638	0.3
14786.937469776332	300	5.893615123821788	0.0	153295	3544.7483956089477	0.3
14791.111812978697	300	5.719271921455934	0.0	173849	4174.343202365854	0.3
14794.825500981491	300	6.005583918662889	0.0	150710	3713.6880027930442	0.3
14799.495629269763	300	5.335455630391578	0.0	139105	4670.128288271311	0.3
14805.031323630903	300	4.0	0.20023873074991025	141840	5535.694361141488	-0.5610265422246141
14808.449667182776	300	4.5816564481259725	0.0	156148	3418.343551874027	0.3
14811.09973945071	300	5.931584180193429	0.0	160746	2650.0722679325436	0.3
14813.276279187156	300	7.755044443746576	0.0	179801	2176.5397364468536	0.3
14815.391671155925	300	9.639652474976108	0.0	140051	2115.3919687704674	0.3
14818.010871751208	300	11.020451879694862	0.0	138313	2619.200595281248	0.3
14820.681134575272	300	12.350189055631322	0.0	143509	2670.2628240635395	0.3
14822.112058486178	300	14.919265144724124	0.0	150616	1430.9239109071982	0.3
14825.296904621671	750	15.734419009231567	0.0	405596	3184.846135492557	0.3
14828.510643573822	750	16.520680057080543	0.0	350713	3213.7389521510268	0.75
14832.24130900178	750	16.79001462912291	0.0	386472	3730.66542795763	0.75
14835.667304762099	750	17.3640188688034	0.0	399894	3425.99576031951	0.75
14839.187672913175	750	17.84365071772654	0.0	401853	3520.368151076858	0.75
14847.752902694137	750	13.278420936763293	0.0	343800	8565.229780963247	0.75
14851.151141581411	300	13.880182049491088	0.0	146754	3398.238887272206	-0.15000000000000002
14854.851258057926	300	14.180065572975055	0.0	153938	3700.1164765160343	0.3
14859.03632326156	300	13.995000369340017	0.0	181901	4185.0652036350375	0.3
14861.069250197736	300	15.962073433166358	0.0	111155	2032.9269361736585	0.3
14862.982314808438	300	18.049008822463723	0.0	153605	1913.0646107026362	0.3
14864.840585312624	300	20.190738318278232	0.0	149029	1858.2705041854892	0.3
14869.254461991824	750	19.776861639077353	0.0	358218	4413.876679200879	0.3
14874.30017934726	750	18.731144283641477	0.0	400322	5045.717355435878	0.75
14875.66469577364	300	21.36662785726277	0.0	143881	1364.516426378705	-0.15000000000000002
14878.650923698156	750	22.380399932743586	0.0	412837	2986.2279245191858	0.3
14883.297138611368	1200	21.73418501953376	0.0	690253	4646.214913209823	0.75
14887.451621052904	1200	21.579702577997466	0.0	598727	4154.482441536296	1.2
14895.066714841816	1200	17.964608789084323	0.0	487812	7615.093788913142	1.2
14895.955401393801	300	21.07592223709978	0.0	124011	888.6865519845456	-0.6000000000000001
14899.749322014924	1200	21.282001615977105	0.0	605884	3793.920621122675	0.29999999999999993
14902.93454504531	1200	22.09677858559288	0.0	587506	3185.223030384226	1.2
14908.906354037077	1850	20.12496959382568	0.0	858450	5971.808991767199	1.2000000000000002
14913.184312141986	1200	19.847011488914475	0.0	641452	4277.958104911201	0.5499999999999999
14917.316385518054	1200	19.714938112846873	0.0	599477	4132.073376067599	1.2
14921.357604041508	1200	19.673719589392814	0.0	634861	4041.218523454059	1.2
14925.460585575176	1200	19.57073805572472	0.0	630203	4102.981533668095	1.2
14935.776934021638	1200	13.254389609262025	0.0	638661	10316.348446462694	1.2
14937.850958987967	300	15.18036464293391	0.0	137507	2074.024966328116	-0.6000000000000001
14939.440043754825	300	17.591279876074527	0.0	118421	1589.0847668593792	0.3

