26540.61564560761	750	4.0	3.995068697861578	450283	3995.068697861578	-16.428795400804784
26542.107917694942	300	6.507727912669612	0.0	155580	1492.2720873303876	-0.15000000000000002
26543.380013749003	300	9.235631858607427	0.0	139857	1272.0960540621852	0.3
26544.794796700542	300	11.820848907070088	0.0	155432	1414.7829515373378	0.3
26546.340218110832	300	14.27542749677892	0.0	163442	1545.4214102911674	0.3
26547.387171170056	300	17.228474437554695	0.0	126289	1046.9530592242274	0.3
26551.916507339574	1200	16.699138268035036	0.0	561791	4529.336169519657	0.29999999999999993
26559.37318152956	1200	13.242464078046222	0.0	709534	7456.674189988816	1.2
26569.79494974014	1200	6.820695867470499	0.0	584846	10421.768210575723	1.2
26571.61851926167	300	8.997126345939039	0.0	139105	1823.5695215314583	-0.6000000000000001
26573.909538108106	300	10.706107499501545	0.0	141840	2291.0188464374937	0.3
26575.84102965789	300	12.774615949716626	0.0	156148	1931.4915497849204	0.3
26577.9780648061	300	14.637580801508317	0.0	160746	2137.03514820831	0.3
26579.967883722846	300	16.64776188476458	0.0	179801	1989.8189167437367	0.3
26581.708945649912	300	18.906699957698997	0.0	140051	1741.0619270655802	0.3
26585.450836792574	750	19.16480881503538	0.0	366214	3741.8911426636205	0.3
26588.66356652256	750	19.9520790850521	0.0	360831	3212.7297299832776	0.75
26592.884072747198	750	19.73157286041197	0.0	372963	4220.506224640131	0.75
26597.541675061526	750	19.073970546081256	0.0	405596	4657.602314330715	0.75
26603.08201339881	750	17.53363220880295	0.0	350713	5540.338337278307	0.75
26610.73357339353	750	13.88207221408192	0.0	386472	7651.559994721029	0.75
26616.33764639674	750	12.27799921086737	0.0	399894	5604.07300321455	0.75
26625.345871591748	750	7.269774015861498	0.0	401853	9008.22519500587	0.75
26629.741942952627	300	6.873702654981383	0.0	137654	4396.071360880115	-0.15000000000000002
26633.363738938577	300	7.25190666902878	0.0	146754	3621.795985952603	0.3
26637.519685931333	300	7.095959676272259	0.0	153938	4155.946992756521	0.3
26641.814756342937	300	6.800889264666669	0.0	181901	4295.07041160559	0.3
26644.050922224564	300	8.564723383039889	0.0	111155	2236.16588162678	0.3
26647.202913721805	300	9.41273188579953	0.0	153605	3151.9914972403585	0.3
26650.982267692332	300	9.633377915273623	0.0	149029	3779.3539705259063	0.3
26654.336318486974	300	10.279327120629382	0.0	157421	3354.050794644241	0.3
26658.802495492757	300	9.81315011484815	0.0	157488	4466.177005781232	0.3
26662.338349738897	300	10.27729586870719	0.0	143881	3535.854246140962	0.3
26665.456558919268	300	11.159086688332556	0.0	163444	3118.209180374634	0.3
26668.963839678578	300	11.651805929024757	0.0	179328	3507.2807593078	0.3
26671.577873938746	300	13.037771668854536	0.0	159914	2614.034260170221	0.3
26673.546301302107	300	15.069344305492992	0.0	131610	1968.4273633615426	0.3
26675.408386573545	300	17.207259034055575	0.0	124011	1862.0852714374168	0.3
26678.07779302036	300	18.537852587239225	0.0	144254	2669.406446816353	0.3
26682.084554826197	300	18.531090781404927	0.0	149991	4006.7618058342955	0.3
26685.97366658231	300	18.641979025290293	0.0	147968	3889.111756114634	0.3
26688.628646417746	300	19.986999189854135	0.0	161857	2654.9798354361596	0.3
26690.741929166386	300	21.8737164412141	0.0	145210	2113.2827486400356	0.3
26693.17254028444	300	23.443105323162886	0.0	172312	2430.611118051214	0.3
26694.8182289432	300	25.79741666440471	0.0	167025	1645.6886587581762	0.3
26698.55327709512	750	26.062368512484547	0.0	393804	3735.0481519201644	0.3
26705.561395913894	1850	23.054249693710528	0.0	830730	7008.11881877402	0.75
26721.335685481095	2850	11.279960126512279	0.0	1364537	15774.28956719825	1.85

