10577.424905657503	750	4.0	2.009934342455404	450283	2009.9343424554038	-7.892717672558236
10580.153149410153	750	5.271756247349612	0.0	398865	2728.243752650388	0.75
10585.189031724569	750	4.235873932933438	0.0	350812	5035.882314416174	0.75
10586.163902824366	300	7.261002833135563	0.0	155432	974.8710997978754	-0.15000000000000002
10587.388809494929	300	10.036096162572855	0.0	163442	1224.9066705627065	0.3
10588.492405547948	300	12.932500109554233	0.0	126289	1103.596053018622	0.3
10589.616425148713	300	15.80848050878856	0.0	153295	1124.019600765674	0.3
10590.581505344373	300	18.84340031313039	0.0	173849	965.0801956581711	0.3
10592.409420018656	750	21.015485638846304	0.0	374758	1827.914674284085	0.3
10594.080592488428	750	23.344313169074827	0.0	362795	1671.1724697714785	0.75
10596.545650895148	1200	24.87925476235435	0.0	607410	2465.0584067204754	0.75
10598.955994688946	1200	26.46891096855823	0.0	594078	2410.3437937961203	1.2
10603.113755339913	1850	26.311150317590073	0.0	946851	4157.760650968158	1.2000000000000002
10609.633612035692	2850	23.791293621810595	0.0	1578343	6519.856695779474	1.85
10614.797947485384	2850	22.62695817211813	0.0	1231445	5164.335449692464	2.85
10620.62910705321	2850	20.795798604293516	0.0	1471065	5831.159567824615	2.85
10626.583114632598	2850	18.84179102490359	0.0	1491626	5954.007579389927	2.85
10632.076485241822	2850	17.348420415681723	0.0	1358801	5493.370609221866	2.85
10638.66891905448	2850	14.755986603022437	0.0	1537156	6592.433812659284	2.85
10646.249766341149	2850	11.175139316354551	0.0	1336050	7580.847286667887	2.85
10654.984121298681	1850	6.440784358820725	0.0	891604	8734.354957533826	0.8500000000000001
10657.040010189945	750	8.384895467558323	0.0	399894	2055.8888912624034	-0.3500000000000001
10659.030497072477	750	10.394408585025667	0.0	401853	1990.486882532656	0.75
10660.808822304052	750	12.616083353451561	0.0	343800	1778.3252315741072	0.75
10662.704865965517	750	14.720039691985253	0.0	359903	1896.0436614663065	0.75
10665.020781275687	750	16.404124381815627	0.0	379700	2315.9153101696224	0.75
10668.517572212671	1200	16.907333444831952	0.0	696376	3496.790936983676	0.75
10671.237819068612	1200	18.187086588891322	0.0	487160	2720.2468559406298	1.2
10674.80264647791	1200	18.62225917959362	0.0	622896	3564.8274092977003	1.2
10680.351920732826	1850	17.072984924678128	0.0	975811	5549.274254915493	1.2000000000000002
10686.150919764954	1850	15.27398589255014	0.0	873429	5798.999032127988	1.85
10690.725671598935	1850	14.699234058569665	0.0	954453	4574.751833980474	1.85
10694.459449319325	1850	14.965456338179425	0.0	885062	3733.7777203902415	1.85
10699.041163080075	1850	14.383742577429985	0.0	1035329	4581.713760749441	1.85
10704.910081593061	1850	12.514824064444046	0.0	1026056	5868.918512985939	1.85
10710.878430010258	1850	10.546475647248466	0.0	943942	5968.348417195578	1.85
10714.65716018352	1850	10.767745473984629	0.0	728962	3778.730173263837	1.85
10720.011969371515	1850	9.412936285992139	0.0	938587	5354.8091879924905	1.85
10730.096324911265	1850	4.0	0.6714192537580275	908665	10084.355539750166	-1.0371027911595179
10732.32870288021	300	5.767622031056271	0.0	149991	2232.3779689437297	-1.25
10733.583328333283	300	8.512996577983452	0.0	147968	1254.6254530728177	0.3
10734.677380852572	300	11.418944058694157	0.0	161857	1094.052519289296	0.3
10735.58748973821	300	14.508835173058142	0.0	145210	910.1088856360141	0.3
10736.473824368257	300	17.622500543010165	0.0	172312	886.3346300479739	0.3
10738.676163174901	750	19.420161736365774	0.0	398987	2202.3388066443918	0.3
10742.591263727882	1200	19.50506118338666	0.0	638661	3915.100552979116	0.75
10751.18898887488	2850	14.907336036388376	0.0	1231456	8597.72514699828	1.2000000000000002
10763.423404818815	2850	6.672920092450507	0.0	1364537	12234.415943937869	2.85

