6264.940116094031	750	4.0	1.4342768133466879	450283	1434.276813346688	-5.4173902973907575
6266.300277352127	750	6.6398387419037395	0.0	398865	1360.16125809626	0.75
6267.730576040004	750	9.209540054025693	0.0	350812	1430.298687878048	0.75
6269.0456454583955	750	11.89447063563421	0.0	382355	1315.0694183914811	0.75
6270.327049746619	750	14.613066347409948	0.0	411561	1281.4042882242632	0.75
6271.55535507665	750	17.38476101737922	0.0	318564	1228.305330030729	0.75
6273.122698655652	750	19.81741743837792	0.0	352642	1567.3435790012984	0.75
6278.058696876922	1850	18.881419217107826	0.0	1060487	4935.998221270097	0.75
6281.978212108359	1850	18.961903985671196	0.0	852833	3919.5152314366264	1.85
6289.827853738603	1850	15.112262355427145	0.0	913888	7849.641630244051	1.85
6293.8000518583995	1850	15.14006423563101	0.0	939819	3972.198119796134	1.85
6297.527856841424	1850	15.412259252605905	0.0	917428	3727.804983025106	1.85
6302.108023749612	1850	14.832092344419147	0.0	946851	4580.1669081867585	1.85
6308.482446477961	1850	12.45766961606879	0.0	1036454	6374.422728350357	1.85
6310.3122353140425	750	14.62788077998822	0.0	337059	1829.7888360805705	-0.3500000000000001
6311.962054432408	750	16.97806166162291	0.0	366214	1649.8191183653116	0.75
6313.878110623699	750	19.062005470331098	0.0	360831	1916.0561912918138	0.75
6318.042813273867	1850	18.897302820163926	0.0	885714	4164.70265016717	0.75
6322.938824626746	1850	18.00129146728442	0.0	987708	4896.011352879504	1.85
6334.710053043665	1850	10.230063050366342	0.0	923755	11771.228416918078	1.85
6339.26794200777	750	9.672174086261311	0.0	386472	4557.888964105029	-0.3500000000000001
6343.6613534094	750	9.278762684630491	0.0	399894	4393.4114016308195	0.75
6345.035648368672	300	11.904467725359565	0.0	163927	1374.2949592709274	-0.15000000000000002
6347.987466233681	750	12.95264986035017	0.0	343800	2951.8178650093946	0.3
6351.137598544961	750	13.802517549069908	0.0	359903	3150.1323112802634	0.75
6353.672718189707	750	15.267397904324104	0.0	379700	2535.119644745802	0.75
6355.70044700785	750	17.23966908618125	0.0	425781	2027.7288181428532	0.75
6356.691140975366	750	20.248975118665296	0.0	277716	990.6939675159548	0.75
6359.537704649274	1850	21.402411444756776	0.0	972798	2846.563673908519	0.75
6363.212277272715	1850	21.727838821316144	0.0	975811	3674.572623440634	1.85
6366.332360440001	1850	22.607755654030093	0.0	873429	3120.0831672860495	1.85
6369.012854766579	1850	23.9272613274519	0.0	954453	2680.494326578192	1.85
6372.024932550858	1850	24.915183543173708	0.0	885062	3012.077784278194	1.85
6377.650719416487	1850	23.28939667754471	0.0	1035329	5625.786865629	1.85
6382.924229215088	1850	22.0158868789436	0.0	1026056	5273.509798601104	1.85
6386.406333635675	1850	22.533782458356857	0.0	943942	3482.1044205867456	1.85
6390.944917537793	1850	21.995198556238112	0.0	728962	4538.583902118745	1.85
6396.108861677223	1850	20.8312544168091	0.0	938587	5163.944139429017	1.85
6400.5671127624	1850	20.37300333163177	0.0	908665	4458.251085177324	1.85
6404.057935224801	1850	20.882180869230076	0.0	930577	3490.822462401696	1.85
6407.625988035366	1850	21.314128058665066	0.0	858450	3568.0528105650114	1.85
6411.992260182243	1850	20.94785591178783	0.0	1025005	4366.272146877235	1.85
6415.824095502592	1850	21.116020591438463	0.0	886255	3831.8353203493657	1.85
6420.536290033176	1850	20.40382606085503	0.0	973972	4712.194530583433	1.85
6427.2791904319365	1850	17.660925662094424	0.0	958994	6742.900398760606	1.85
6434.860319084096	1850	14.079797009935643	0.0	982064	7581.128652158782	1.85
6438.109129803712	1850	14.830986290319673	0.0	830730	3248.810719615969	1.85
6441.445513796493	1850	15.494602297537966	0.0	846370	3336.3839927817085	1.85

