5138.313930993559	750	4.0	3.9127276647253035	450283	3912.7276647253034	-16.074728958318804
5139.745524013665	300	6.568406979893699	0.0	155580	1431.593020106301	-0.15000000000000002
5140.912024766964	300	9.401906226594866	0.0	139857	1166.500753298834	0.3
5142.060470094722	300	12.253460898835879	0.0	155432	1148.4453277589848	0.3
5143.193738730782	300	15.120192262777211	0.0	163442	1133.2686360586692	0.3
5145.028865009546	750	17.28506598401304	0.0	318564	1835.1262787641672	0.3
5147.305890233974	750	19.008040759585654	0.0	352642	2277.0252244273875	0.75
5153.774803571683	1200	16.539127421876547	0.0	709534	6468.913337709109	0.75
5157.727284896517	750	16.586646097042788	0.0	374758	3952.4813248337605	0.3
5162.155164275508	750	16.158766718052732	0.0	362795	4427.879378990054	0.75
5164.349824165261	750	17.96410682829923	0.0	353220	2194.659889753502	0.75
5167.828408212549	1200	18.485522781011596	0.0	594078	3478.5840472876353	0.75
5170.089929960927	750	20.224001032633417	0.0	386351	2261.52174837818	0.3
5173.980805069874	1200	20.333125923686783	0.0	687371	3890.8751089466336	0.75
5177.046373282593	1200	21.26755771096851	0.0	526950	3065.568212718273	1.2
5180.767314569553	1200	21.54661642400867	0.0	587876	3720.9412869598414	1.2
5185.603824235646	1200	20.710106757914694	0.0	617242	4836.509666093975	1.2
5192.527605449295	1200	17.786325544265555	0.0	581493	6923.78121364914	1.2
5196.984243206087	750	17.32968778747462	0.0	405596	4456.637756790937	0.3
5201.57854607882	750	16.735384914741676	0.0	350713	4594.302872732939	0.75
5206.0875875949805	750	16.226343398580855	0.0	386472	4509.041516160822	0.75
5209.556605771602	750	16.757325221958816	0.0	399894	3469.018176622041	0.75
5213.211904878102	750	17.10202611545874	0.0	401853	3655.2991065000706	0.75
5216.137241035029	750	18.176689958533046	0.0	343800	2925.3361569256945	0.75
5219.350673091457	750	18.963257902103972	0.0	359903	3213.4320564290774	0.75
5224.903727150377	1200	17.410203843184064	0.0	590335	5553.054058919908	0.75
5233.791609272266	750	12.52232172129513	0.0	425781	8887.882121888933	0.3
5235.792246468255	300	14.521684525305202	0.0	111155	2000.637195989926	-0.15000000000000002
5244.551228621356	750	9.762702372204355	0.0	400396	8758.982153100847	0.3
5247.146622697596	300	11.16730829596378	0.0	149029	2595.3940762405755	-0.15000000000000002
5250.786882215143	300	11.527048778417491	0.0	157421	3640.2595175462893	0.3
5254.63150093608	300	11.68243005748044	0.0	157488	3844.6187209370505	0.3
5259.388567853576	300	10.925363139983412	0.0	143881	4757.066917497028	0.3
5265.122020438469	300	9.1919105550907	0.0	163444	5733.4525848927115	0.3
5269.411872416381	300	8.902058577179233	0.0	179328	4289.851977911469	0.3
5271.914024473617	300	10.399906519943617	0.0	159914	2502.1520572356144	0.3
5273.964594144139	300	12.349336849422128	0.0	131610	2050.5696705214896	0.3
5275.658748457374	300	14.655182536186643	0.0	124011	1694.1543132354846	0.3
5279.224413265831	750	15.089517727729937	0.0	378327	3565.6648084567064	0.3
5282.099471097804	750	16.214459895757436	0.0	390680	2875.0578319725014	0.75
5286.0625772564945	750	16.251353737067127	0.0	345516	3963.1061586903097	0.75
5292.207461054415	750	14.106469939145715	0.0	384505	6144.883797921411	0.75
5301.929027562175	750	8.384903431385897	0.0	372093	9721.566507759817	0.75
5306.972198735413	300	7.341732258147275	0.0	172312	5043.171173238623	-0.15000000000000002
5313.001207410916	300	5.312723582643634	0.0	167025	6029.008675503641	0.3
5317.364293475102	300	4.949637518457455	0.0	160064	4363.086064186179	0.3
5321.219767177415	300	5.094163816144964	0.0	137507	3855.473702312491	0.3
5324.269525879014	300	6.044405114546979	0.0	118421	3049.7587015979843	0.3

