4206.954221446517	750	4.0	4.010168074006698	450283	4010.168074006698	-16.4937227182288
4208.128139539163	300	6.8260819073535774	0.0	155580	1173.9180926464226	-0.15000000000000002
4209.1331537197675	300	9.821067726748996	0.0	139857	1005.0141806045834	0.3
4210.261372608301	300	12.692848838215301	0.0	155432	1128.218888533694	0.3
4211.4017063812735	300	15.552515065242709	0.0	163442	1140.3337729725922	0.3
4212.122856252687	300	18.831365193828955	0.0	126289	721.1498714137531	0.3
4212.9875989859465	300	21.966622460569088	0.0	153295	864.7427332598687	0.3
4213.967963972717	300	24.986257473798272	0.0	173849	980.3649867708145	0.3
4214.837880605805	300	28.116340840709977	0.0	150710	869.9166330882957	0.3
4215.619087640929	300	31.33513380558668	0.0	139105	781.2070351232975	0.3
4216.37985058931	300	34.57437085720558	0.0	141840	760.7629483811007	0.3
4217.2002924940525	300	37.753928952463745	0.0	156148	820.4419047418311	0.3
4218.102706888314	300	40.851514558201615	0.0	160746	902.4143942621293	0.3
4219.092018786665	300	43.862202659850674	0.0	179801	989.3118983509435	0.3
4219.878206876393	300	47.076014570122126	0.0	140051	786.1880897285471	0.3
4220.657874033995	300	50.29634741252087	0.0	138313	779.6671576012504	0.3
4221.471822230742	300	53.48239921577362	0.0	143509	813.94819674725	0.3
4222.328056909867	300	56.62616453664892	0.0	150616	856.2346791246933	0.3
4223.236331719892	300	59.71788972662384	0.0	165384	908.2748100250932	0.3
4224.44021776405	300	59.90208593543625	0.0	140881	815.8037911875864	0.3
4225.087110567341	300	59.7676806269256	0.0	157671	634.405308510641	0.3
4227.383326145138	300	59.99581655201774	0.0	157812	1271.8640749078606	0.3
4229.224167151368	300	59.95257189094728	0.0	163927	1043.2446610704592	0.3
4230.350955105205	300	59.73297610090862	0.0	137654	719.5957900386607	0.3
4231.932255096062	300	59.95592209202924	0.0	146754	777.0540088793753	0.3
4232.926748283265	300	59.510798546616144	0.0	153938	945.1235454130999	0.3
4234.14153825146	300	59.678088345263994	0.0	181901	832.7102013521463	0.3
4234.821332379291	300	59.554231222019574	0.0	111155	623.8571232444237	0.3
4235.940073756221	300	59.787828983398505	0.0	153605	766.4022386210675	0.3
4237.488892588299	300	59.874589160363335	0.0	149029	913.2398230351711	0.3
4238.491816374232	300	59.960916714668485	0.0	157421	913.6724456948489	0.3
4240.063760830151	300	59.88457019977814	0.0	157488	1076.3465148903465	0.3
4241.531794779436	300	59.60835219564978	0.0	143881	776.2180041283581	0.3
4242.610040068216	300	59.59513755243788	0.0	163444	1013.2146432118986	0.3
4244.124800759191	300	59.990272496335024	0.0	179328	1104.8650561028544	0.3
4246.461269377976	750	59.511985980528024	0.0	365161	1978.286515807006	0.3
4248.702369220862	750	59.9355272011745	0.0	321064	2076.4587793535156	0.75
4252.20897174019	750	59.60454646852705	0.0	361565	2830.980732647458	0.75
4256.566201098686	750	59.24731711003059	0.0	378327	4357.229358496456	0.75
4259.380551110979	750	59.956567623872644	0.0	390680	2790.749486157946	0.75
4263.3740106594405	750	59.961638084208566	0.0	345516	2994.929539664078	0.75
4269.451845831331	750	57.88380291231698	0.0	384505	6077.835171891583	0.75
4275.363437357343	750	55.97221138630562	0.0	372093	5911.591526011367	0.75
4277.27217211538	300	58.06347662826828	0.0	172312	1908.7347580373305	-0.15000000000000002
4279.4380360486575	300	59.8976126949912	0.0	167025	1665.8639332770847	0.3
4281.686720034259	300	59.89454848219772	0.0	160064	1503.064212793475	0.3
4284.3136441003435	300	59.50889624505956	0.0	137507	1385.652237138167	0.3
4287.124850865057	300	59.5239288106764	0.0	118421	1484.9674343831605	0.3

