21205.325121448448	750	4.0	5.693969597015465	450283	5693.969597015464	-23.734069267166497
21207.128458043622	300	6.1966634048252285	0.0	155580	1803.336595174772	-0.15000000000000002
21208.617430178754	300	8.707691269693635	0.0	139857	1488.9721351315945	0.3
21210.20093933834	300	11.12418211010765	0.0	155432	1583.509159585983	0.3
21211.91085994225	300	13.414261506198569	0.0	163442	1709.920603909083	0.3
21215.088935979435	750	14.236185469015979	0.0	318564	3178.076037182592	0.3
21218.771930746367	750	14.553190702083322	0.0	352642	3682.9947669326557	0.75
21223.27155627368	750	14.053565174767915	0.0	437162	4499.625527315407	0.75
21226.852532208886	750	14.472589239560872	0.0	374758	3580.975935207043	0.75
21230.568510235273	750	14.75661121317609	0.0	362795	3715.978026384783	0.75
21234.514538496227	750	14.810582952223687	0.0	353220	3946.0282609524015	0.75
21238.806221653173	750	14.518899795279566	0.0	405134	4291.683156944123	0.75
21243.836986771028	750	13.488134677420708	0.0	386351	5030.765117858857	0.75
21249.609883491386	750	11.715237957061689	0.0	434409	5772.89672035902	0.75
21251.31129449355	300	14.013826954900704	0.0	140051	1701.4110021609856	-0.15000000000000002
21255.289420627825	750	14.035700820623836	0.0	366214	3978.126134276869	0.3
21260.068319075424	750	13.256802373023634	0.0	360831	4778.898447600201	0.75
21266.11455363102	750	11.210567817424453	0.0	372963	6046.234555599181	0.75
21268.359910169467	300	12.965211278980206	0.0	165384	2245.356538444247	-0.15000000000000002
21272.553347229205	750	12.771774219241463	0.0	350713	4193.437059738744	0.3
21276.99302081962	750	12.332100628828146	0.0	386472	4439.6735904133175	0.75
21279.397503660122	300	13.927617788323332	0.0	157812	2404.482840504813	-0.15000000000000002
21287.179794255364	750	10.145327193080817	0.0	401853	7782.290595242515	0.3
21290.711436060257	300	10.613685388187744	0.0	137654	3531.641804893073	-0.15000000000000002
21293.897615580205	300	11.427505868241246	0.0	146754	3186.179519946497	0.3
21296.320179283153	300	13.004942165291288	0.0	153938	2422.563702949958	0.3
21300.880690720292	750	12.444430728152554	0.0	425781	4560.5114371387335	0.3
21302.175463513304	300	15.149657935141464	0.0	111155	1294.7727930110907	-0.15000000000000002
21305.893375056716	750	15.431746391725943	0.0	400396	3717.911543415521	0.3
21310.72971692482	750	14.595404523623325	0.0	400508	4836.341868102618	0.75
21315.139329879094	750	14.185791569350958	0.0	358218	4409.612954272368	0.75
21321.81252273561	750	11.512598712834823	0.0	400322	6673.192856516134	0.75
21326.196299038056	300	11.128822410390349	0.0	143881	4383.776302444474	-0.15000000000000002
21331.385789328895	300	9.939332119552315	0.0	163444	5189.490290838034	0.3
21337.091756740836	300	8.233364707612946	0.0	179328	5705.96741193937	0.3
21341.145012771263	300	8.180108677184114	0.0	159914	4053.2560304288304	0.3
21343.552473111948	300	9.772648336502025	0.0	131610	2407.4603406820897	0.3
21345.32007562301	300	12.005045825438119	0.0	124011	1767.6025110639061	0.3
21347.463359148886	300	13.86176229956007	0.0	144254	2143.2835258780483	0.3
21353.37144923384	750	11.953672214606199	0.0	390680	5908.090084953872	0.3
21354.724660271055	300	14.600461177392	0.0	147968	1353.2110372141972	-0.15000000000000002
21357.536016074748	750	15.789105373700314	0.0	384505	2811.355803691685	0.3
21359.739687327106	750	17.585434121343095	0.0	372093	2203.6712523572187	0.75
21365.511893194438	1200	15.81322825401067	0.0	634861	5772.205867332424	0.75
21368.026883394807	750	17.298238053641835	0.0	398987	2514.9902003688358	0.3
21371.63338585875	750	17.69173558970067	0.0	393804	3606.5024639411645	0.75
21374.019794377735	750	19.305327070715872	0.0	331053	2386.408518984798	0.75
21377.073334087723	750	20.251787360726077	0.0	314107	3053.5397099897978	0.75

