4841.6565550340265	750	4.0	2.148641230861048	450283	2148.641230861048	-8.489157292702506
4842.743247763033	300	6.913307270993737	0.0	155580	1086.6927290062629	-0.15000000000000002
4843.57407720067	300	10.082477833357409	0.0	139857	830.8294376363284	0.3
4845.54683141447	750	12.109723619556958	0.0	382355	1972.7542138004515	0.3
4849.312087164195	750	12.344467869832197	0.0	411561	3765.2557497247594	0.75
4851.843012857292	750	13.813542176735323	0.0	318564	2530.9256930968727	0.75
4853.514930622281	750	16.141624411745283	0.0	352642	1671.9177649900398	0.75
4855.583324468767	750	18.073230565259816	0.0	437162	2068.393846485469	0.75
4857.469926578049	750	20.186628455977274	0.0	374758	1886.6021092825383	0.75
4862.550471040573	1850	19.106083993453595	0.0	913888	5080.5444625236805	0.75
4866.560437153038	1850	19.09611788098877	0.0	939819	4009.9661124648214	1.85
4870.852558477498	1850	18.80399655652911	0.0	917428	4292.121324459661	1.85
4874.575404661903	1850	19.081150372123485	0.0	946851	3722.8461844056255	1.85
4879.416210714493	1850	18.240344319534092	0.0	1036454	4840.8060525893925	1.85
4883.034142129569	1850	18.622412904458187	0.0	821631	3617.9314150759055	1.85
4887.824320717018	1850	17.832234317008954	0.0	923170	4790.178587449232	1.85
4894.014774702175	1850	15.641780331852354	0.0	966699	6190.4539851566005	1.85
4897.405242575417	1850	16.251312458609515	0.0	885714	3390.467873242839	1.85
4900.519496975862	1850	17.137058058164687	0.0	987708	3114.2544004448305	1.85
4905.654669956592	1850	16.001885077434284	0.0	923755	5135.172980730402	1.85
4909.157155210313	1850	16.499399823713304	0.0	891604	3502.485253720981	1.85
4912.965846138855	1850	16.690708895170804	0.0	955231	3808.6909285425036	1.85
4916.331687951738	1850	17.324867082288268	0.0	968026	3365.841812882535	1.85
4920.894849909953	1850	16.761705124072527	0.0	874175	4563.161958215738	1.85
4926.688959181676	1850	14.967595852350039	0.0	897976	5794.109271722487	1.85
4934.422118701182	1850	11.234436332845696	0.0	905935	7733.159519504344	1.85
4937.186264628898	750	12.470290405128416	0.0	425781	2764.1459277172808	-0.3500000000000001
4939.709333876578	750	13.947221157449064	0.0	277716	2523.0692476793524	0.75
4944.78998777901	750	12.866567255018039	0.0	400396	5080.653902431026	0.75
4951.727337842634	750	9.929217191393706	0.0	400508	6937.350063624334	0.75
4952.782869046252	300	12.87368598777544	0.0	157421	1055.531203618265	-0.15000000000000002
4953.758093111986	300	15.898461922041287	0.0	157488	975.2240657341524	0.3
4955.496569218193	750	18.159985815834496	0.0	369834	1738.476106206793	0.3
4957.233812262652	750	20.422742771375976	0.0	412837	1737.2430444585177	0.75
4958.785758801983	750	22.870796232043936	0.0	401088	1551.9465393320404	0.75
4962.987828020343	1850	22.668727013684613	0.0	943942	4202.069218359324	0.75
4969.29408958441	1850	20.36246544961684	0.0	728962	6306.261564067778	1.85
4971.688470826632	1850	21.96808420739602	0.0	938587	2394.3812422208157	1.85
4975.554134996612	2850	22.10242003741507	0.0	1427478	3865.664169980955	1.85
4981.576491085516	4300	20.08006394851097	0.0	2146120	6022.356088904101	2.8499999999999996
5001.09838597342	4300	4.55816906060695	0.0	2108491	19521.894887904018	4.3
5004.044569135599	300	5.6119858984278235	0.0	161857	2946.1831621791266	-3.7
5008.328977453033	300	5.327577580993487	0.0	145210	4284.408317434337	0.3
5013.088830804887	300	4.56772422913941	0.0	172312	4759.853351854077	0.3
5015.256025320417	300	6.400529713608976	0.0	167025	2167.194515530434	0.3
5016.638809575537	300	9.017745458489308	0.0	160064	1382.7842551196682	0.3
5017.565981735454	300	12.09057329857199	0.0	137507	927.1721599173184	0.3
5019.473830354401	750	14.18272467962561	0.0	314107	1907.8486189463797	0.3

