16604.9158004573	750	4.0	6.579692689023528	450283	6579.692689023527	-27.542678562801168
16605.90258837345	300	7.013212083850239	0.0	155580	986.7879161497615	-0.15000000000000002
16607.85077442556	300	9.065026031742615	0.0	139857	1948.1860521076244	0.3
16611.856898191312	300	9.058902265989714	0.0	155432	4006.1237657529027	0.3
16615.95044474398	300	8.965355713323753	0.0	163442	4093.546552665962	0.3
16618.059015932915	300	10.856784524387702	0.0	126289	2108.57118893605	0.3
16620.23529580853	300	12.680504648772505	0.0	153295	2176.2798756151965	0.3
16623.649088748956	300	13.26671170834403	0.0	173849	3413.7929404284755	0.3
16629.97471461344	750	10.941085843859767	0.0	374758	6325.625864484263	0.3
16631.055949373636	300	13.859851083664486	0.0	139105	1081.2347601952824	-0.15000000000000002
16633.563066387684	750	15.352734069615371	0.0	353220	2507.117014049114	0.3
16635.869410994546	750	17.046389462754714	0.0	405134	2306.3446068606613	0.75
16638.59193186255	750	18.323868594754053	0.0	386351	2722.520868000657	0.75
16641.39612595082	750	19.51967450647965	0.0	434409	2804.1940882744066	0.75
16644.450193223598	1200	20.46560723370518	0.0	526950	3054.0672727744695	0.75
16648.040519875532	1200	20.875280581767917	0.0	587876	3590.326651937262	1.2
16652.77181202589	1200	20.143988431410683	0.0	617242	4731.292150357234	1.2
16657.341587580537	1200	19.57421287676428	0.0	581493	4569.775554646403	1.2
16661.17042480636	1200	19.745375650941245	0.0	639204	3828.837225823034	1.2
16663.759415026398	1200	21.156385430904237	0.0	586839	2588.990220037009	1.2
16666.35100416709	1200	22.564796290211746	0.0	601738	2591.5891406924907	1.2
16670.511051177422	1850	22.404749279879063	0.0	955231	4160.047010332684	1.2000000000000002
16674.284683443693	1850	22.631117013607334	0.0	968026	3773.6322662717266	1.85
16676.887438801627	1200	24.028361655673237	0.0	536667	2602.7553579340984	0.5499999999999999
16683.183020015433	1850	21.732780441869124	0.0	897976	6295.581213804115	1.2000000000000002
16686.2110954492	1200	22.704705008102085	0.0	590335	3028.075433767038	0.5499999999999999
16692.616021935995	1850	20.299778521304578	0.0	1076599	6404.926486797507	1.2000000000000002
16697.81540003446	1200	19.100400422843627	0.0	487160	5199.378098460951	0.5499999999999999
16710.065262651886	1200	10.850537805415067	0.0	622896	12249.86261742856	1.2
16713.896332315733	300	11.019468141567714	0.0	149029	3831.069663847354	-0.6000000000000001
16718.721478447038	300	10.194322010263226	0.0	157421	4825.146131304487	0.3
16721.51923123633	300	11.39656922097286	0.0	157488	2797.752789290365	0.3
16725.84111416151	300	11.074686295792663	0.0	143881	4321.882925180198	0.3
16729.271377384495	300	11.644423072806047	0.0	163444	3430.2632229866163	0.3
16734.07489866747	300	10.840901789831786	0.0	179328	4803.52128297426	0.3
16736.78920447807	300	12.12659597923185	0.0	159914	2714.3058105999366	0.3
16738.07986404682	300	14.835936410482335	0.0	131610	1290.6595687495153	0.3
16740.05216789766	750	16.863632559645634	0.0	361565	1972.3038508367003	0.3
16742.119249630647	750	18.796550826656777	0.0	378327	2067.081732988856	0.75
16744.98670995526	1200	19.929090502041085	0.0	587506	2867.460324615691	0.75
16753.264835258924	1200	15.65096519838038	0.0	566904	8278.125303660707	1.2
16757.788280737008	750	15.127519720295485	0.0	384505	4523.445478084896	0.3
16760.361104240557	750	16.554696216745928	0.0	372093	2572.823503549557	0.75
16765.19718405928	1200	15.718616398023892	0.0	634861	4836.079818722035	0.75
16768.296814932914	750	16.618985524392784	0.0	398987	3099.6308736311084	0.3
16770.559569293102	750	18.356231164203173	0.0	393804	2262.75436018961	0.75
16772.227067394222	750	20.68873306308259	0.0	331053	1667.498101120585	0.75
16774.895174582318	1200	22.020625874987893	0.0	550906	2668.107188094694	0.75

