1499.7286487430283	750	4.0	4.549356298858494	450283	4549.356298858494	-18.812232085091523
1501.2154578190189	300	6.513190924009408	0.0	155580	1486.8090759905917	-0.15000000000000002
1502.1364007825105	300	9.59224796051802	0.0	139857	920.942963491389	0.3
1503.2927784295443	300	12.435870313484033	0.0	155432	1156.3776470339874	0.3
1504.589301897494	300	15.139346845534478	0.0	163442	1296.5234679495547	0.3
1505.6322392691	300	18.096409473928528	0.0	126289	1042.9373716059465	0.3
1510.2423738121554	1200	17.48627493087315	0.0	561791	4610.134543055377	0.29999999999999993
1516.613049373199	1200	15.115599369829521	0.0	709534	6370.675561043629	1.2
1521.6168553796929	1200	14.111793363335607	0.0	584846	5003.806006493913	1.2
1526.6569258923446	1200	13.071722850683882	0.0	560821	5040.070512651726	1.2
1532.5970228555873	1200	11.131625887441327	0.0	607410	5940.096963242555	1.2
1539.6854131968225	1200	8.043235546205944	0.0	594078	7088.390341235383	1.2
1542.95535758862	750	8.77329115440871	0.0	386351	3269.944391797232	0.3
1546.6776242507772	750	9.051024492251624	0.0	434409	3722.266662157085	0.75
1550.4718930277375	750	9.256755715291096	0.0	337059	3794.2687769605295	0.75
1554.7231531205832	750	9.005495622445393	0.0	366214	4251.260092845703	0.75
1558.706514337915	750	9.02213440511357	0.0	360831	3983.361217331822	0.75
1561.7263960122746	750	10.002252730754	0.0	372963	3019.8816743595708	0.75
1564.648788408902	750	11.079860334126462	0.0	405596	2922.3923966275374	0.75
1567.079783096953	750	12.648865646075434	0.0	350713	2430.994688051029	0.75
1570.187576348075	750	13.541072394953561	0.0	386472	3107.7932511218723	0.75
1573.1215335704421	750	14.607115172586418	0.0	399894	2933.957222367141	0.75
1578.2445365453982	1200	13.484112197630344	0.0	656471	5123.002974956075	0.75
1582.0871344104355	1200	13.641514332592859	0.0	536667	3842.5978650374864	1.2
1586.671002641287	1200	13.057646101741586	0.0	587236	4583.8682308512725	1.2
1592.0154556167565	1200	11.713193126272007	0.0	590335	5344.4529754695795	1.2
1597.5826426891042	1200	10.146006053924314	0.0	696376	5567.187072347693	1.2
1603.2455209836112	1200	8.483127759417362	0.0	487160	5662.878294506951	1.2
1610.0438110784453	750	5.684837664583371	0.0	400396	6798.290094833991	0.3
1612.0350838075115	300	7.693564935517249	0.0	149029	1991.2727290661223	-0.15000000000000002
1614.4700615981149	300	9.25858714491374	0.0	157421	2434.9777906035097	0.3
1616.7997199264532	300	10.928928816575407	0.0	157488	2329.6583283383316	0.3
1618.6677782414806	300	13.060870501547988	0.0	143881	1868.0583150274194	0.3
1620.591463581522	300	15.137185161506705	0.0	163444	1923.6853400412824	0.3
1622.5309592971091	300	17.197689445919515	0.0	179328	1939.4957155871923	0.3
1626.6026192821794	750	17.126029460849356	0.0	365161	4071.659985070159	0.3
1629.78777166655	750	17.940877076478465	0.0	321064	3185.1523843708906	0.75
1632.7876585847457	750	18.940990158282904	0.0	361565	2999.8869181955597	0.75
1635.815144190476	750	19.91350455255246	0.0	378327	3027.485605730443	0.75
1639.1958167302867	750	20.53283201274181	0.0	390680	3380.672539810651	0.75
1642.6891301786384	750	21.039518564390164	0.0	345516	3493.313448351649	0.75
1648.9301219832394	1200	18.798526759788906	0.0	641452	6240.991804601256	0.75
1657.0719393634913	1200	14.656709379537089	0.0	599477	8141.817380251817	1.2
1669.1006079173862	1200	6.628040825641921	0.0	634861	12028.668553895168	1.2
1671.0424254244285	300	8.68622331859979	0.0	167025	1941.8175070421305	-0.6000000000000001
1672.8079283704321	300	10.92072037259597	0.0	160064	1765.5029460038209	0.3
1676.337827462813	750	11.390821280215091	0.0	331053	3529.89909238088	0.3
1685.8913281490925	1200	5.837320593935792	0.0	550906	9553.500686279298	0.75

