24293.777316871186	750	4.0	3.974865311257283	450283	3974.865311257283	-16.341920838406317
24294.954435894608	300	6.822880976576757	0.0	155580	1177.1190234232433	-0.15000000000000002
24295.836625717562	300	9.94069115362493	0.0	139857	882.1898229518268	0.3
24298.096622166962	750	11.680694704223905	0.0	382355	2259.9964494010264	0.3
24300.02962529865	750	13.74769157253356	0.0	411561	1933.0031316903444	0.75
24302.409693594793	1200	15.367623276395745	0.0	520315	2380.0682961378157	0.75
24304.805785167267	1200	16.971531703921652	0.0	561791	2396.0915724740908	1.2
24310.853646344018	1850	14.923670527171119	0.0	1060487	6047.8611767505345	1.2000000000000002
24313.671549159953	1200	16.105767711231735	0.0	584846	2817.902815939383	0.5499999999999999
24316.50593395459	1200	17.27138291659381	0.0	560821	2834.384794637924	1.2
24319.437720849826	1200	18.339596021359934	0.0	607410	2931.7868952338763	1.2
24324.146374061966	1850	17.63094280922323	0.0	917428	4708.653212136705	1.2000000000000002
24327.564657755393	1200	18.21265911579333	0.0	624282	3418.2836934299025	0.5499999999999999
24330.94856848675	1200	18.82874838443522	0.0	687371	3383.910731358111	1.2
24334.967401484126	1850	18.8099153870614	0.0	821631	4018.8329973738128	1.2000000000000002
24338.984514788906	1850	18.79280208227719	0.0	923170	4017.113304784212	1.85
24343.63829589308	1850	18.139020978105286	0.0	966699	4653.781104171903	1.85
24348.606967436837	1850	17.170349434346864	0.0	885714	4968.671543758423	1.85
24351.59296871488	1200	18.18434815630942	0.0	639204	2986.0012780374445	0.5499999999999999
24355.565643118392	1850	18.211673752793832	0.0	923755	3972.6744035155884	1.2000000000000002
24358.83689902522	1850	18.940417845967836	0.0	891604	3271.255906825994	1.85
24362.08913107298	1850	19.688185798209844	0.0	955231	3252.2320477579924	1.85
24367.901190349236	2850	17.87612652195437	0.0	1505760	5812.059276255478	1.85
24371.21800311505	1850	18.559313756138597	0.0	874175	3316.8127658157705	0.8500000000000001
24375.658493544714	1850	18.118823326477592	0.0	897976	4440.490429661003	1.85
24378.79340516696	1200	18.983911704228195	0.0	590335	3134.911622249399	0.5499999999999999
24382.098189072396	1200	19.679127798793555	0.0	696376	3304.7839054346396	1.2
24385.373814377308	1850	20.40350249388377	0.0	758197	3275.625304909782	1.2000000000000002
24389.632127102253	1850	20.14518976894037	0.0	972798	4258.312724943402	1.85
24398.186522950906	1850	15.590793920286075	0.0	975811	8554.395848654296	1.85
24401.409668821136	750	16.367648050056737	0.0	358218	3223.145870229339	-0.3500000000000001
24403.681743507084	750	18.095573364109455	0.0	400322	2272.0746859472792	0.75
24407.363860842517	1200	18.413456028674744	0.0	584349	3682.11733543471	0.75
24411.144408872537	1200	18.632907998656634	0.0	670129	3780.54803001811	1.2
24415.114411087372	1200	18.662905783822044	0.0	690253	3970.0022148345925	1.2
24419.105739994506	1200	18.671576876685627	0.0	598727	3991.3289071364143	1.2
24422.689178384302	1200	19.08813848689259	0.0	487812	3583.438389793037	1.2
24429.627275019153	1200	16.15004185204034	0.0	575591	6938.096634852251	1.2
24432.303224214178	300	17.47409265701846	0.0	144254	2675.9491950218803	-0.6000000000000001
24433.883304099458	300	19.894012771735966	0.0	149991	1580.0798852824958	0.3
24436.46945427267	750	21.30786259852515	0.0	345516	2586.1501732108118	0.3
24441.367703013122	1200	20.409613858073186	0.0	641452	4898.248740451965	0.75
24448.56905393009	1200	17.208262941107574	0.0	599477	7201.3509169656145	1.2
24450.64983056424	300	19.12748630695462	0.0	172312	2080.776634152954	-0.6000000000000001
24455.147763142068	750	18.62955372913037	0.0	398987	4497.932577824248	0.3
24458.375679394572	750	19.401637476623627	0.0	393804	3227.916252506743	0.75
24460.75259154585	750	21.024725325347955	0.0	331053	2376.9121512756706	0.75
24464.231239744342	1200	21.5460771268537	0.0	550906	3478.6481984942534	0.75

