11140.413477105672	750	4.0	4.277909780182569	450283	4277.909780182569	-17.64501205478505
11141.662463405788	300	6.75101369988408	0.0	155580	1248.98630011592	-0.15000000000000002
11143.206935078644	300	9.206542027029297	0.0	139857	1544.4716728547828	0.3
11147.118713120217	750	9.294763985455623	0.0	382355	3911.778041573674	0.3
11150.37531173502	750	10.038165370650681	0.0	411561	3256.5986148049424	0.75
11152.730812607353	750	11.682664498318058	0.0	318564	2355.500872332623	0.75
11154.490585158364	750	13.922891947307532	0.0	352642	1759.7725510105267	0.75
11156.53894293033	750	15.874534175343497	0.0	437162	2048.3577719640343	0.75
11159.064840707442	1200	17.348636398231086	0.0	584846	2525.897777112409	0.75
11161.185028175232	1200	19.228448930439182	0.0	560821	2120.187467791903	1.2
11166.107869655672	1850	18.305607449999258	0.0	939819	4922.841480439924	1.2000000000000002
11170.08332278612	1850	18.330154319551603	0.0	917428	3975.453130447654	1.85
11174.002835902233	1850	18.41064120343935	0.0	946851	3919.513116112251	1.85
11178.415241026732	1850	17.99823607893856	0.0	1036454	4412.40512450079	1.85
11181.82617900864	1850	18.587298097030825	0.0	821631	3410.9379819077376	1.85
11186.91204930399	2850	17.501427801681256	0.0	1471065	5085.870295349568	1.85
11193.175932425946	2850	15.237544679725707	0.0	1491626	6263.883121955551	2.85
11198.374206200802	2850	14.039270904869595	0.0	1358801	5198.273774856111	2.85
11202.630259863901	2850	13.783217241769997	0.0	1537156	4256.0536630995975	2.85
11207.044840332754	2850	13.368636772917947	0.0	1336050	4414.580468852049	2.85
11211.708166461185	2850	12.705310644487323	0.0	1415116	4663.326128430624	2.85
11216.956302013685	2850	11.457175091987159	0.0	1468126	5248.1355525001645	2.85
11221.202254028687	2850	11.21122307698401	0.0	1505760	4245.95201500315	2.85
11225.71312102949	2850	10.700356076179887	0.0	1323990	4510.867000804124	2.85
11231.556625939073	2850	8.85685116659724	0.0	1383735	5843.504909582646	2.85
11237.003284483264	2850	7.410192622407927	0.0	1480464	5446.658544189313	2.85
11241.289057239674	2850	7.124419865996268	0.0	1547572	4285.7727564116585	2.85
11245.741983004555	2850	6.671494101114352	0.0	1141971	4452.925764881917	2.85
11249.055551361113	1850	7.357925744558352	0.0	972798	3313.5683565560003	0.8500000000000001
11251.952908155816	1850	8.460568949854249	0.0	975811	2897.356794704102	1.85
11254.599052002997	1850	9.814425102671187	0.0	873429	2646.143847183063	1.85
11257.686561574308	1850	10.726915531361678	0.0	954453	3087.5095713095093	1.85
11260.998049920147	1850	11.415427185522368	0.0	885062	3311.4883458393083	1.85
11267.73075513043	2850	8.682721975241092	0.0	1587293	6732.705210281275	1.85
11272.880077390482	2850	7.533399715186658	0.0	1492672	5149.322260054435	2.85
11278.484791279727	2850	5.928685825942027	0.0	1439896	5604.71388924463	2.85
11281.819276206317	1850	6.5942008993536	0.0	728962	3334.484926588428	0.8500000000000001
11285.363487081857	1850	7.0499900238118896	0.0	938587	3544.2108755417103	1.85
11288.442946038953	1850	7.970531066717744	0.0	908665	3079.4589570941466	1.85
11291.169026003301	1850	9.244451102368657	0.0	930577	2726.0799643490864	1.85
11294.022381914336	1850	10.391095191332672	0.0	858450	2853.3559110359856	1.85
11297.97290299783	1850	10.440574107839058	0.0	1025005	3950.5210834936133	1.85
11300.666533930467	1850	11.746943175200867	0.0	886255	2693.630932638191	1.85
11305.34877327364	2850	11.064703832029213	0.0	1587250	4682.239343171654	1.85
11310.368994107112	2850	10.044482998556138	0.0	1464921	5020.220833473077	2.85
11315.027866715605	2850	9.385610390064882	0.0	1483527	4658.872608491255	2.85
11320.106113410182	4300	8.30736369548694	0.0	1961140	5078.246694577941	2.8499999999999996
11326.79113066298	4300	5.622346442689881	0.0	2155012	6685.017252797059	4.3

