1485.0670603417755	750	4.0	4.549356298858494	450283	4549.356298858494	-18.812232085091523
1486.553869417766	300	6.513190924009408	0.0	155580	1486.8090759905917	-0.15000000000000002
1487.4748123812576	300	9.59224796051802	0.0	139857	920.942963491389	0.3
1492.0602661828084	1200	9.006794158967022	0.0	617681	4585.453801550998	0.29999999999999993
1497.889580045469	1200	7.1774802963062845	0.0	652874	5829.313862660738	1.2
1500.741096335582	750	8.325964006193407	0.0	318564	2851.516290112877	0.3
1503.7212607344034	750	9.345799607372152	0.0	352642	2980.1643988212572	0.75
1509.89196847848	1200	7.175091863295264	0.0	709534	6170.707744076888	0.75
1513.3060704671182	750	7.760989874657149	0.0	374758	3414.101988638114	0.3
1516.8949038222452	750	8.17215651953023	0.0	362795	3588.8333551269197	0.75
1520.986740884683	750	8.080319457092124	0.0	353220	4091.837062438106	0.75
1525.6302266920693	750	7.436833649705999	0.0	405134	4643.485807386124	0.75
1528.9504886320224	750	8.11657170975291	0.0	386351	3320.26193995309	0.75
1532.9249377368455	750	8.142122604929781	0.0	434409	3974.449104823127	0.75
1536.7451791775188	750	8.321881164256391	0.0	337059	3820.2414406733915	0.75
1540.997062607697	750	8.069997734078333	0.0	366214	4251.883430178057	0.75
1544.73823128732	750	8.328829054455127	0.0	360831	3741.1686796232066	0.75
1547.6745508721253	750	9.392509469649802	0.0	372963	2936.3195848053247	0.75
1552.1017899947092	1200	8.965270347065944	0.0	639204	4427.239122583858	0.75
1554.8811501571322	750	10.185910184643053	0.0	350713	2779.3601624228913	0.3
1559.4361892869806	1200	9.630871054794698	0.0	601738	4555.039129848356	0.75
1564.1095778480512	1200	8.957482493724024	0.0	616206	4673.388561070673	1.2
1567.0628217737615	750	10.004238568013752	0.0	401853	2953.2439257102715	0.3
1571.1870640546642	1200	9.879996287110847	0.0	536667	4124.242280902906	0.75
1576.3270125512927	1200	8.740047790482235	0.0	587236	5139.948496628613	1.2
1579.640319016994	750	9.426741324781029	0.0	379700	3313.3064657012055	0.3
1585.7558278567033	1200	7.311232485071891	0.0	696376	6115.508839709139	0.75
1590.1412042965148	750	6.925856045260119	0.0	277716	4385.376439811772	0.3
1593.3643759567078	300	7.702684385067023	0.0	153605	3223.1716601930952	-0.15000000000000002
1598.5536016546766	750	6.513458687098267	0.0	400508	5189.225697968755	0.3
1600.9331880839638	300	8.133872257810955	0.0	157421	2379.5864292873116	-0.15000000000000002
1605.922763996568	750	7.1442963452068176	0.0	400322	4989.575912604138	0.3
1609.8579811462644	750	7.20907919551041	0.0	369834	3935.2171496964083	0.75
1614.2849474749153	750	6.782112866859397	0.0	412837	4426.966328651012	0.75
1615.9336598656078	300	9.13340047616696	0.0	179328	1648.712390692436	-0.15000000000000002
1620.6868682969716	1200	8.380192044803197	0.0	598727	4753.208431363763	0.29999999999999993
1623.359434987672	750	9.707625354102536	0.0	321064	2672.56669070066	0.3
1629.0759947828828	1200	7.991065558891988	0.0	575591	5716.559795210548	0.75
1632.687826217667	750	8.379234124107825	0.0	378327	3611.831434784164	0.3
1637.4072929065812	750	7.659767435193694	0.0	390680	4719.466688914131	0.75
1642.291859489447	750	6.775200852327985	0.0	345516	4884.566582865709	0.75
1644.997960794626	300	8.069099547149067	0.0	161857	2706.1013051789173	-0.15000000000000002
1652.334507710732	750	4.732552631042919	0.0	372093	7336.546916106148	0.3
1655.3771134466208	300	5.689946895154147	0.0	172312	3042.6057358887724	-0.15000000000000002
1657.1634688918589	300	7.903591449916201	0.0	167025	1786.355445237947	0.3
1661.3514632052063	750	7.715597136568794	0.0	393804	4187.994313347406	0.3
1666.0897871860225	750	6.977273155752606	0.0	331053	4738.323980816189	0.75
1668.3000005265815	300	8.767059815193658	0.0	118421	2210.2133405589484	-0.15000000000000002

