17376.48357747406	750	4.0	3.8635903273045304	450283	3863.5903273045305	-15.863438407409479
17377.72391488031	300	6.759662593753583	0.0	155580	1240.3374062464177	-0.15000000000000002
17379.14489805906	300	9.338679415001378	0.0	139857	1420.983178752206	0.3
17380.503327008326	300	11.980250465737047	0.0	155432	1358.428949264331	0.3
17383.55928090003	750	12.92429657403178	0.0	411561	3055.9538917052673	0.3
17386.2661169284	750	14.217460545663556	0.0	318564	2706.836028368223	0.75
17389.136982040618	750	15.34659543344433	0.0	352642	2870.865112219226	0.75
17392.423736044468	750	16.059841429596545	0.0	437162	3286.754003847786	0.75
17395.511081613196	750	16.97249586086595	0.0	374758	3087.3455687305923	0.75
17398.65107167548	750	17.83250579858487	0.0	362795	3139.9900622810806	0.75
17402.132239885337	750	18.351337588726995	0.0	353220	3481.1682098578735	0.75
17405.78683614015	750	18.696741333917146	0.0	405134	3654.5962548098455	0.75
17409.620159287813	750	18.863418186252172	0.0	386351	3833.3231476649735	0.75
17414.143615665496	750	18.33996180857082	0.0	434409	4523.456377681354	0.75
17421.38252456438	750	15.101052909687507	0.0	337059	7238.908898883313	0.75
17430.042443698796	750	10.441133775267405	0.0	366214	8659.919134420103	0.75
17433.72037299285	300	10.763204481215247	0.0	143509	3677.929294052157	-0.15000000000000002
17437.528386678332	300	10.955190795735362	0.0	150616	3808.013685479886	0.3
17441.3356870054	300	11.147890468666855	0.0	165384	3807.300327068506	0.3
17444.801685462357	300	11.68189201171244	0.0	140881	3465.998456954415	0.3
17447.59582004399	300	12.887757430080617	0.0	157671	2794.134581631822	0.3
17451.67294015459	300	12.810637319480527	0.0	157812	4077.120110600089	0.3
17456.811836091314	300	11.671741382755503	0.0	163927	5138.895936725024	0.3
17460.381529589038	300	12.102047885031828	0.0	137654	3569.6934977236733	0.3
17463.038206432193	300	13.445371041877735	0.0	146754	2656.6768431540936	0.3
17464.805281364155	300	15.678296109915703	0.0	153938	1767.0749319620334	0.3
17469.04518119251	750	15.438396281558097	0.0	425781	4239.899828357606	0.3
17473.487940388262	750	14.995637085805235	0.0	277716	4442.759195752859	0.75
17484.493488571814	750	7.990088902252615	0.0	400396	11005.54818355262	0.75
17488.309923019817	300	8.173654454253576	0.0	149029	3816.43444799904	-0.15000000000000002
17492.5695825708	300	7.913994903269707	0.0	157421	4259.659550983869	0.3
17496.373084359788	300	8.11049311427949	0.0	157488	3803.5017889902165	0.3
17500.059818889345	300	8.423758584720435	0.0	143881	3686.7345295590553	0.3
17505.18241709697	300	7.30116037709842	0.0	163444	5122.598207622015	0.3
17508.57466679904	300	7.9089106750287845	0.0	179328	3392.2497020696355	0.3
17511.067221910584	300	9.416355563483116	0.0	159914	2492.555111545669	0.3
17514.167491576045	300	10.316085898022282	0.0	131610	3100.2696654608335	0.3
17516.697149785665	300	11.78642768840364	0.0	124011	2529.6582096186426	0.3
17519.48340225459	300	13.000175219474276	0.0	144254	2786.2524689293646	0.3
17522.852495217965	300	13.631082256103877	0.0	149991	3369.0929633703986	0.3
17526.9889658286	300	13.49461164546674	0.0	147968	4136.470610637136	0.3
17531.178916902005	300	13.304660572060646	0.0	161857	4189.951073406096	0.3
17534.103909596583	300	14.37966787748503	0.0	145210	2924.992694575616	0.3
17537.368073048543	300	15.11550442552369	0.0	172312	3264.1634519613394	0.3
17542.800347692028	750	13.683229782038849	0.0	398987	5432.27464348484	0.3
17549.766511902984	750	10.717065571084165	0.0	393804	6966.164210954684	0.75
17552.450757327308	300	12.032820146760207	0.0	137507	2684.2454243239576	-0.15000000000000002
17554.75127472363	300	13.732302750437777	0.0	118421	2300.5173963224297	0.3

