5392.5829453755905	750	4.0	6.3928079957343495	450283	6392.80799573435	-26.7390743816577
5393.652032985329	300	6.93091239026107	0.0	155580	1069.0876097389298	-0.15000000000000002
5395.137807701814	300	9.445137673777062	0.0	139857	1485.7747164840077	0.3
5397.181367057597	300	11.40157831799436	0.0	155432	2043.559355782702	0.3
5399.216877911111	300	13.366067464480084	0.0	163442	2035.5108535142779	0.3
5401.443712709536	750	15.139232666054923	0.0	318564	2226.8347984251604	0.3
5404.143094933304	750	16.439850442286332	0.0	352642	2699.3822237685877	0.75
5407.328861582537	750	17.254083793052743	0.0	437162	3185.766649233592	0.75
5411.181539434729	750	17.4014059408615	0.0	374758	3852.6778521912397	0.75
5414.010544398883	750	18.572400976706586	0.0	362795	2829.0049641549112	0.75
5416.620769279892	750	19.96217609569865	0.0	353220	2610.224881007939	0.75
5419.545856425514	750	21.03708895007593	0.0	405134	2925.087145622718	0.75
5422.814869939402	750	21.768075436187388	0.0	386351	3269.013513888542	0.75
5430.3988855180005	1850	18.184059857589897	0.0	1036454	7584.015578597489	0.75
5435.6837764015745	1850	16.899168974015648	0.0	821631	5284.890883574251	1.85
5445.423207421971	1850	11.159737953619977	0.0	923170	9739.43102039567	1.85
5447.911636294159	750	12.671309081432089	0.0	360831	2488.428872187887	-0.3500000000000001
5450.344516322621	750	14.238429052970378	0.0	372963	2432.880028461712	0.75
5453.043083473614	750	15.53986190197605	0.0	405596	2698.567150994328	0.75
5455.399119944531	750	17.183825431059596	0.0	350713	2356.036470916453	0.75
5458.9920536931895	750	17.590891682401182	0.0	386472	3592.933748658414	0.75
5461.885974507965	750	18.696970867625218	0.0	399894	2893.9208147759628	0.75
5464.335405423107	750	20.247539952483322	0.0	401853	2449.430915141896	0.75
5470.18027097788	1850	18.402674397708907	0.0	874175	5844.8655547744165	0.75
5475.583630531911	1850	16.999314843679112	0.0	897976	5403.359554029793	1.85
5480.148676630346	1850	16.434268745243404	0.0	905935	4565.046098435708	1.85
5491.6734960139265	1850	8.90944936166314	0.0	1076599	11524.819383580263	1.85
5494.281253117747	750	10.301692257842495	0.0	277716	2607.7571038206456	-0.3500000000000001
5496.864732811205	750	11.718212564384496	0.0	400396	2583.479693458	0.75
5499.137107280146	750	13.445838095444186	0.0	400508	2272.374468940311	0.75
5501.855528118221	750	14.72741725736805	0.0	358218	2718.420838076135	0.75
5504.849654529607	750	15.733290845982028	0.0	400322	2994.126411386022	0.75
5507.68494699685	750	16.897998378738603	0.0	369834	2835.292467243428	0.75
5511.0952467670495	750	17.487698608539112	0.0	412837	3410.299770199492	0.75
5518.998739295394	750	13.584206080194301	0.0	401088	7903.492528344809	0.75
5523.3574584166145	300	13.225486958973626	0.0	159914	4358.7191212206735	-0.15000000000000002
5530.417985049547	750	10.164960326041669	0.0	321064	7060.526632931957	0.3
5532.083889799576	300	12.499055576012228	0.0	124011	1665.904750029442	-0.15000000000000002
5533.458765488964	300	15.124179886625214	0.0	144254	1374.8756893870136	0.3
5537.2133867396105	750	15.369558635978006	0.0	390680	3754.621250647208	0.3
5540.05468867439	750	16.528256701199386	0.0	345516	2841.3019347786208	0.75
5543.164028535069	750	17.418916840519604	0.0	384505	3109.3398606797828	0.75
5545.932881240938	750	18.65006413465074	0.0	372093	2768.8527058688646	0.75
5549.047863616906	750	19.53508175868208	0.0	438281	3114.9823759686624	0.75
5551.345247561948	750	21.237697813640573	0.0	398987	2297.3839450415026	0.75
5553.184324854116	750	23.39862052147167	0.0	393804	1839.077292168902	0.75
5554.931664241329	750	25.651281134258436	0.0	331053	1747.3393872132376	0.75
5559.029122695205	1850	25.55382268038277	0.0	846370	4097.458453875668	0.75

