16779.1591970692	750	4.0	4.264022486880352	450283	4264.022486880352	-17.585296693585512
16780.412778064794	300	6.746419004404097	0.0	155580	1253.5809955959026	-0.15000000000000002
16781.572870615266	300	9.586326453931424	0.0	139857	1160.0925504726724	0.3
16783.14801195638	300	12.011185112819247	0.0	155432	1575.141341112178	0.3
16787.266549657466	300	11.892647411728696	0.0	163442	4118.53770109055	0.3
16790.709999970164	300	12.449197099030972	0.0	126289	3443.450312697726	0.3
16800.528413022257	750	6.630784046937741	0.0	352642	9818.41305209323	0.3
16804.34599218774	300	6.813204881454902	0.0	173849	3817.579165482839	-0.15000000000000002
16806.317731120358	300	8.84146594883336	0.0	150710	1971.7389326215427	0.3
16807.68105144495	300	11.478145624239533	0.0	139105	1363.3203245938284	0.3
16809.012365618568	300	14.146831450623178	0.0	141840	1331.314173616354	0.3
16812.529851090814	750	14.629345978377147	0.0	405134	3517.485472246032	0.3
16819.20735857318	750	11.951838496011131	0.0	386351	6677.507482366016	0.75
16821.368452768005	300	13.790744301187171	0.0	179801	2161.09419482396	-0.15000000000000002
16824.51007727592	750	14.64911979327085	0.0	337059	3141.6245079163195	0.3
16827.04735869353	750	16.111838375663698	0.0	366214	2537.2814176071515	0.75
16831.591709886914	750	15.567487182281942	0.0	360831	4544.351193381757	0.75
16835.620177125955	750	15.539019943240351	0.0	372963	4028.467239041591	0.75
16839.133313024242	750	16.025884044950896	0.0	405596	3513.135898289454	0.75
16845.731143174205	750	13.428053894986428	0.0	350713	6597.8301499644695	0.75
16849.96629414502	750	13.192902924171765	0.0	386472	4235.150970814663	0.75
16855.749205807075	750	11.409991262114264	0.0	399894	5782.9116620575	0.75
16857.614570969425	300	13.544626099764013	0.0	163927	1865.3651623502524	-0.15000000000000002
16861.332792308163	750	13.82640476102598	0.0	343800	3718.2213387380316	0.3
16865.199661956794	750	13.959535112393631	0.0	359903	3866.869648632349	0.75
16870.12702982997	750	13.03216723921814	0.0	379700	4927.367873175492	0.75
16874.520027918785	750	12.639169150403172	0.0	425781	4392.998088814968	0.75
16875.555333093514	300	15.603863975677697	0.0	111155	1035.3051747254744	-0.15000000000000002
16879.148873677972	750	16.010323391216026	0.0	400396	3593.5405844616703	0.3
16882.758571866558	750	16.400625202630607	0.0	400508	3609.69818858542	0.75
16886.378067571226	750	16.781129497962716	0.0	358218	3619.49570466789	0.75
16891.645130051686	750	15.514067017501826	0.0	400322	5267.062480460891	0.75
16895.334534161855	750	15.82466290733508	0.0	369834	3689.4041101667462	0.75
16899.57862511252	750	15.580571956666926	0.0	412837	4244.090950668153	0.75
16903.38513526439	750	15.774061804800805	0.0	401088	3806.5101518661218	0.75
16906.448015601636	750	16.711181467555072	0.0	365161	3062.880337245736	0.75
16913.841495018107	750	13.317702051084943	0.0	321064	7393.479416470127	0.75
16917.18767845732	300	13.97151861186937	0.0	124011	3346.1834392155733	-0.15000000000000002
16927.40263628619	750	7.7565607829985765	0.0	378327	10214.957828870794	0.3
16929.610779293595	300	9.548417775598097	0.0	149991	2208.1430074004793	-0.15000000000000002
16931.07934126928	300	12.079855799908945	0.0	147968	1468.5619756891524	0.3
16932.587245655905	300	14.571951413283012	0.0	161857	1507.9043866259317	0.3
16935.65623414981	750	15.502962919378383	0.0	372093	3068.9884939046274	0.3
16942.95002655439	750	12.209170514798789	0.0	438281	7293.792404579594	0.75
16944.97926445463	300	14.17993261456212	0.0	167025	2029.2379002366692	-0.15000000000000002
16948.581190280736	750	14.578006788455594	0.0	393804	3601.925826106527	0.3
16950.845578458517	750	16.31361861067144	0.0	331053	2264.3881777841543	0.75
16954.789956165347	750	16.36924090384141	0.0	314107	3944.37770683003	0.75

