14251.373164148212	750	4.0	6.835416697573638	450283	6835.416697573638	-28.642291799566642
14254.679702370275	300	4.693461777936518	0.0	155580	3306.5382220634815	-0.15000000000000002
14256.866019728217	300	6.507144419993679	0.0	139857	2186.3173579428385	0.3
14258.901835502062	300	8.471328646148999	0.0	155432	2035.8157738446798	0.3
14260.675145902622	300	10.698018245588635	0.0	163442	1773.310400560364	0.3
14262.673076472489	300	12.700087675722632	0.0	126289	1997.9305698660023	0.3
14264.036781412078	300	15.336382736134434	0.0	153295	1363.7049395881982	0.3
14265.513029389842	300	17.860134758370997	0.0	173849	1476.2479777634353	0.3
14266.869767382743	300	20.503396765469446	0.0	150710	1356.7379929015528	0.3
14268.037702248206	300	23.33546190000575	0.0	139105	1167.9348654636954	0.3
14269.078984022743	300	26.294180125470902	0.0	141840	1041.281774534847	0.3
14270.163850441106	300	29.20931370710715	0.0	156148	1084.8664183637525	0.3
14271.193733282018	300	32.179430866194124	0.0	160746	1029.8828409130288	0.3
14272.494347773496	300	34.878816374716756	0.0	179801	1300.6144914773624	0.3
14273.44946035177	300	37.923703796442496	0.0	140051	955.1125782742571	0.3
14274.41883993267	300	40.95432421554288	0.0	138313	969.3795808996178	0.3
14275.570665095962	300	43.80249905225035	0.0	143509	1151.8251632925314	0.3
14276.760791699775	300	46.61237244843847	0.0	150616	1190.1266038118763	0.3
14277.946471398616	300	49.426692749596285	0.0	165384	1185.6796988421875	0.3
14278.886304210297	300	52.48685993791617	0.0	140881	939.8328116801158	0.3
14279.906652812517	300	55.46651133569663	0.0	157671	1020.3486022195424	0.3
14281.04435001495	300	58.328814133261105	0.0	157812	1137.6972024355246	0.3
14282.343927725773	300	59.72232659815606	0.0	163927	1106.4875351050403	0.3
14283.977795598848	300	59.791937673177564	0.0	137654	930.3889249784993	0.3
14286.500687897194	300	59.54723104095225	0.0	146754	1244.7066322253133	0.3
14288.885377059705	300	59.763979235556484	0.0	153938	1283.2518053957597	0.3
14290.777009899433	300	59.523881546700245	0.0	181901	1740.0976888562413	0.3
14293.166270743093	300	59.68001863830796	0.0	111155	843.8629083922788	0.3
14295.000073467505	300	59.6708163152842	0.0	153605	1009.2023230237581	0.3
14296.099496832147	300	59.62840482410721	0.0	149029	1042.4114911769927	0.3
14296.95002917819	300	59.90664462121952	0.0	157421	721.7602028876863	0.3
14298.373007904333	300	59.839541334475335	0.0	157488	1067.1032867441882	0.3
14299.961212436372	300	59.51837670710379	0.0	143881	821.1646273715444	0.3
14301.186592112848	300	59.844206849800855	0.0	163444	1174.1698573029341	0.3
14303.757261139148	300	59.674477241487935	0.0	179328	1669.7296083129163	0.3
14306.551797114535	300	59.86767902953787	0.0	159914	1306.798211950068	0.3
14307.999947440003	300	59.5824726436223	0.0	131610	1285.2063859155608	0.3
14311.323217355884	300	59.90230971265703	0.0	124011	1680.1629309652749	0.3
14312.99538239911	300	59.66778073595246	0.0	144254	1234.5289767045713	0.3
14314.79952180906	300	59.66452897378772	0.0	149991	1003.2517621647456	0.3
14316.050923763712	300	59.94427189635484	0.0	147968	1220.2570774328815	0.3
14318.640058888312	300	59.880276768164556	0.0	161857	1563.9951281902797	0.3
14320.377083729707	300	59.92433428367213	0.0	145210	1455.942484492429	0.3
14323.291361587233	300	59.63773658585866	0.0	172312	2286.597697813464	0.3
14326.472220306732	300	59.706147296466874	0.0	167025	1431.5892893917903	0.3
14328.10459978784	300	59.62459224696697	0.0	160064	1581.5550494999031	0.3
14331.373224846511	300	59.63569189993405	0.0	137507	1488.9003470329155	0.3
14333.065972229748	300	59.94918062613595	0.0	118421	1186.5112737981003	0.3

