2986.054957818309	750	4.0	3.445995646227827	450283	3445.9956462278274	-14.067781278779655
2987.124845660741	300	6.930112157568032	0.0	155580	1069.8878424319682	-0.15000000000000002
2988.0599021008056	300	9.995055717503444	0.0	139857	935.0564400645883	0.3
2989.1584952673134	300	12.896462550995453	0.0	155432	1098.5931665079925	0.3
2993.7925688491314	750	12.262388969177632	0.0	411561	4634.073581817823	0.3
2996.8824928210297	300	13.172464997279054	0.0	126289	3089.9239718985764	-0.15000000000000002
3000.8860025373833	300	13.168955280925696	0.0	153295	4003.5097163533596	0.3
3005.3510711703616	300	12.70388664794742	0.0	173849	4465.068632978276	0.3
3009.2091343664597	300	12.845823451849256	0.0	150710	3858.063196098165	0.3
3011.4293368555227	300	14.62562096278588	0.0	139105	2220.2024890633757	0.3
3014.2070919047555	300	15.84786591355316	0.0	141840	2777.755049232719	0.3
3017.413944148459	300	16.641013669849738	0.0	156148	3206.852243703424	0.3
3020.257676449613	300	17.79728136869567	0.0	160746	2843.7323011540666	0.3
3023.5187490842	300	18.536208734109238	0.0	179801	3261.0726345864355	0.3
3026.1820159506456	300	19.872941867663453	0.0	140051	2663.266866445785	0.3
3028.42143865081	300	21.633519167498896	0.0	138313	2239.422700164555	0.3
3031.2045684284667	300	22.8503893898423	0.0	143509	2783.1297776566007	0.3
3035.1517979628256	300	22.903159855483263	0.0	150616	3947.229534359035	0.3
3037.6456065872994	300	24.40935123100932	0.0	165384	2493.8086244739416	0.3
3041.744566775202	750	24.310391043106495	0.0	350713	4098.960187902827	0.3
3047.5732922042366	750	22.481665614072263	0.0	386472	5828.7254290342335	0.75
3050.0872109030806	300	23.96774691522809	0.0	157812	2513.9186988441706	-0.15000000000000002
3054.7124029456336	750	23.342554872675006	0.0	401853	4625.192042553083	0.3
3058.056962682438	750	23.997995135870596	0.0	343800	3344.5597368044128	0.75
3063.9383917135974	1200	22.116566104711104	0.0	587236	5881.429031159487	0.75
3068.3940728986217	750	21.66088491968684	0.0	379700	4455.681185024265	0.3
3073.6305061745393	750	20.424451643769125	0.0	425781	5236.433275917717	0.75
3076.2823866228437	750	21.772571195464568	0.0	277716	2651.880448304557	0.75
3080.0532486325637	750	22.001709185744577	0.0	400396	3770.8620097199882	0.75
3083.80839528986	750	22.246562528448266	0.0	400508	3755.1466572963122	0.75
3087.4040351425956	750	22.650922675713275	0.0	358218	3595.639852734993	0.75
3091.3325852909516	750	22.722372527356832	0.0	400322	3928.550148356445	0.75
3095.2941115039334	750	22.760846314375158	0.0	369834	3961.5262129816742	0.75
3099.4895671826757	750	22.565390635632774	0.0	412837	4195.455678742383	0.75
3103.699261915209	750	22.355695903099747	0.0	401088	4209.6947325330275	0.75
3109.183118948756	750	20.87183886955205	0.0	365161	5483.857033547693	0.75
3112.1862978143736	300	21.868660003934952	0.0	131610	3003.1788656171007	-0.15000000000000002
3114.659741954858	300	23.395215863450346	0.0	124011	2473.4441404846025	0.3
3116.6390289490796	300	25.41592886922856	0.0	144254	1979.2869942217883	0.3
3123.3883353914766	750	22.6666224268313	0.0	390680	6749.306442397262	0.3
3125.2083383200033	300	24.84661949830471	0.0	147968	1820.0029285265844	-0.15000000000000002
3128.8952081773223	750	25.159749640986018	0.0	384505	3686.8698573186944	0.3
3133.9117692083328	1200	24.14318860997521	0.0	599477	5016.5610310108095	0.75
3139.4695290154345	1200	22.585428802873828	0.0	634861	5557.759807101383	1.2
3146.537007396206	1200	19.51795042210245	0.0	630203	7067.478380771377	1.2
3149.7592134799415	750	20.295744338366692	0.0	393804	3222.2060837357594	0.3
3155.1110005569535	1200	18.94395726135454	0.0	538612	5351.787077012147	0.75
3159.1461000123577	750	18.908857805950422	0.0	314107	4035.0994554041226	0.3

