10487.266005323501	750	4.0	3.8635903273045304	450283	3863.5903273045305	-15.863438407409479
10488.506342729746	300	6.759662593753583	0.0	155580	1240.3374062464177	-0.15000000000000002
10489.927325908498	300	9.338679415001378	0.0	139857	1420.983178752206	0.3
10491.285754857763	300	11.980250465737047	0.0	155432	1358.428949264331	0.3
10492.533961183775	300	14.732044139724767	0.0	163442	1248.2063260122802	0.3
10493.494643000422	300	17.77136232307799	0.0	126289	960.681816646775	0.3
10494.742182372434	300	20.523822951065654	0.0	153295	1247.5393720123393	0.3
10496.159030700113	300	23.10697462338617	0.0	173849	1416.8483276794843	0.3
10497.64113318714	300	25.624872136358604	0.0	150710	1482.1024870275664	0.3
10498.877896482782	300	28.38810884071719	0.0	139105	1236.7632956414116	0.3
10500.008455758047	300	31.25754956545354	0.0	141840	1130.5592752636514	0.3
10501.19141962858	300	34.074585694921026	0.0	156148	1182.963870532514	0.3
10502.601082585305	300	36.664922738196125	0.0	160746	1409.6629567249008	0.3
10503.84922509675	300	39.41678022674964	0.0	179801	1248.142511446487	0.3
10506.675904740967	750	40.590100582533154	0.0	337059	2826.679644216486	0.3
10507.91334551589	300	43.352659807609555	0.0	138313	1237.4407749235945	-0.15000000000000002
10509.20593908315	300	46.06006624035032	0.0	143509	1292.5935672592384	0.3
10510.618214451342	300	48.64779087215807	0.0	150616	1412.2753681922466	0.3
10512.288347106998	300	50.97765821650178	0.0	165384	1670.1326556562872	0.3
10513.734061722975	300	53.53194360052507	0.0	140881	1445.7146159767142	0.3
10515.332362272755	300	55.93364305074569	0.0	157671	1598.3005497793804	0.3
10516.709017747004	300	58.55698757649719	0.0	157812	1376.6554742484925	0.3
10518.44133693861	300	59.53912936564847	0.0	163927	1517.8582108487246	0.3
10520.063390796482	300	59.59033288413999	0.0	137654	1448.7964815084747	0.3
10522.464835226565	300	59.67623936683011	0.0	146754	1414.0935173098874	0.3
10526.28223861516	300	59.858835978234154	0.0	153938	3817.4033885959525	0.3
10530.142077831024	300	59.99899676237086	0.0	181901	3859.8392158632996	0.3
10534.538080238766	300	59.60299435462817	0.0	111155	2896.002407742686	0.3
10538.594877344947	300	59.546197248447335	0.0	153605	3556.797106180835	0.3
10542.658554003356	300	59.48252059003858	0.0	149029	4063.676658408755	0.3
10546.19895763627	300	59.94211695712352	0.0	157421	3540.4036329150663	0.3
10550.521621903126	300	59.61945269026632	0.0	157488	3822.664266857196	0.3
10554.354407564322	300	59.78666702907134	0.0	143881	2832.7856611949833	0.3
10558.663700376517	300	59.477374216874	0.0	163444	4309.292812197336	0.3
10564.364405681526	300	57.77666891186498	0.0	179328	5700.705305009015	0.3
10568.184293376637	300	57.95678121675527	0.0	159914	3819.8876951097095	0.3
10570.577349340345	300	59.56372525304448	0.0	131610	1893.055963710787	0.3
10571.905351867925	300	59.754656550234415	0.0	124011	1309.068702810062	0.3
10575.357167497838	300	59.9582155666134	0.0	144254	1796.4409836210168	0.3
10579.510802960254	300	59.80458010419775	0.0	149991	3153.6354624156534	0.3
10583.904855551284	300	59.410527513168	0.0	147968	4394.052591029755	0.3
10588.356220442598	300	58.95916262185396	0.0	161857	4451.364891314035	0.3
10592.065316341368	300	59.25006672308434	0.0	145210	3709.0958987696217	0.3
10596.690022355308	300	58.625360709145134	0.0	172312	4624.706013939205	0.3
10600.748931198988	300	58.56645186546405	0.0	167025	4058.9088436810785	0.3
10605.054913633474	300	58.260469430978425	0.0	160064	4305.9824344856315	0.3
10609.37729972128	300	57.93808334317171	0.0	137507	4322.386087806713	0.3
10611.563265256658	300	59.752117807793304	0.0	118421	2185.9655353784065	0.3

