1250.2505738239447	750	4.0	1.7282306058808998	450283	1728.2306058809	-6.681391605287869
1252.0447661084631	750	6.205807715481606	0.0	398865	1794.1922845183947	0.75
1253.7958102641244	750	8.454763559820275	0.0	350812	1751.0441556613293	0.75
1255.4539435293545	750	10.796630294589859	0.0	382355	1658.1332652304168	0.75
1257.243427631978	750	13.007146191966463	0.0	411561	1789.4841026233955	0.75
1258.3783910766556	750	15.872182747288894	0.0	318564	1134.9634446775688	0.75
1260.2243048310656	1850	18.026268992878855	0.0	905515	1845.9137544100388	0.75
1262.2483122212857	1850	20.002261602658955	0.0	1060487	2024.0073902198983	1.85
1264.279669252402	1850	21.970904571542437	0.0	852833	2031.3570311165154	1.85
1266.3047647007932	1850	23.94580912315138	0.0	913888	2025.0954483910543	1.85
1268.264950881087	1850	25.98562294285764	0.0	939819	1960.186180293744	1.85
1270.2712267870907	1850	27.979347036853834	0.0	917428	2006.2759060038052	1.85
1271.9332194385697	1850	30.317354385375	0.0	946851	1661.9926514788297	1.85
1276.2399740837268	4300	30.010599740217884	0.0	2275376	4306.754645157119	1.8499999999999996
1280.3592041520292	4300	29.891369671915495	0.0	2005399	4119.2300683023905	4.3
1285.3594932843848	4300	28.891080539559983	0.0	2152483	5000.289132355511	4.3
1291.549325511869	4300	26.70124831207561	0.0	2289689	6189.832227484375	4.3
1296.5959296815956	4300	25.65464414234903	0.0	2059512	5046.604169726575	4.3
1302.9171632609643	4300	23.333410562980273	0.0	2220726	6321.233579368758	4.3
1307.9158280825914	4300	22.334745741353313	0.0	2156729	4998.6648216269605	4.3
1315.2065248251429	4300	19.044048998801628	0.0	2039773	7290.696742551685	4.3
1321.4293981231242	4300	16.821175700820383	0.0	2176469	6222.873297981245	4.3
1326.5044333392318	4300	15.74614048471275	0.0	2221506	5075.035216107632	4.3
1330.68839566789	4300	15.562178156054639	0.0	2044075	4183.962328658112	4.3
1335.1878566288183	4300	15.062717195126504	0.0	2186790	4499.460960928135	4.3
1340.5036807839592	4300	13.746893039985375	0.0	2105231	5315.824155141129	4.3
1347.6004308934366	4300	10.650142930508146	0.0	2395588	7096.750109477229	4.3
1349.256527032186	1850	12.994046791758532	0.0	758197	1656.0961387496143	-0.6000000000000001
1351.351297033585	1850	14.899276790359409	0.0	972798	2094.770001399124	1.85
1354.1503793999118	1850	16.10019442403276	0.0	975811	2799.0823663266497	1.85
1356.6005297060126	1850	17.6500441179317	0.0	873429	2450.15030610106	1.85
1358.862323740278	1850	19.388250083666225	0.0	954453	2261.794034265473	1.85
1361.2051077405645	1850	21.04546608337992	0.0	885062	2342.784000286306	1.85
1366.6269537655312	1850	19.623620058413188	0.0	1035329	5421.846024966732	1.85
1370.3621601073341	1850	19.888413716610412	0.0	1026056	3735.206341802776	1.85
1375.3832278922805	1850	18.867345931664033	0.0	943942	5021.067784946379	1.85
1378.2807917991395	1850	19.969782024805138	0.0	728962	2897.5639068588944	1.85
1381.1284264515389	1850	21.122147372405575	0.0	938587	2847.634652399563	1.85
1383.212579172526	1850	23.037994651418487	0.0	908665	2084.15272098709	1.85
1385.7440184178372	1850	24.50655540610737	0.0	930577	2531.439245311115	1.85
1388.6917454096404	1850	25.558828414304255	0.0	858450	2947.726991803117	1.85
1394.9692742630903	1850	23.281299560854322	0.0	1025005	6277.528853449936	1.85
1403.4816656591295	1850	18.76890816481525	0.0	886255	8512.391396039073	1.85
1407.6336902663302	1850	18.616883557614464	0.0	973972	4152.024607200785	1.85
1411.7659431321276	1850	18.48463069181698	0.0	958994	4132.25286579748	1.85
1414.0470613064624	1850	20.203512517482217	0.0	982064	2281.118174334766	1.85
1415.5990682998026	1850	22.65150552414185	0.0	830730	1552.0069933403672	1.85
1417.4810199557642	1850	24.769553868180424	0.0	846370	1881.951655961424	1.85

