24584.384716521425	750	4.0	2.6661221575738243	450283	2666.122157573824	-10.714325277567443
24589.25815659576	750	4.0	0.8734400743357901	398865	4873.44007433579	-3.005792319643897
24592.148073348868	300	5.1100832468904285	0.0	139857	2889.9167531095723	-0.15000000000000002
24595.412897079303	300	5.8452595164565775	0.0	155432	3264.823730433851	0.3
24598.230950303125	300	7.027206292633773	0.0	163442	2818.0532238228047	0.3
24599.70561692889	300	9.552539666868956	0.0	126289	1474.666625764818	0.3
24600.991715969405	300	12.26644062635205	0.0	153295	1286.099040516905	0.3
24602.54278067303	300	14.715375922727599	0.0	173849	1551.0647036244513	0.3
24605.909441156386	750	15.348715439370224	0.0	374758	3366.660483357375	0.3
24612.859426902603	750	12.398729693155575	0.0	362795	6949.985746214647	0.75
24615.448709723907	750	13.809446871849937	0.0	353220	2589.2828213056378	0.75
24617.142491065228	750	16.115665530530233	0.0	405134	1693.781341319703	0.75
24618.73265307656	750	18.525503519198843	0.0	386351	1590.1620113313904	0.75
24624.64588620201	1850	16.61227039374718	0.0	1036454	5913.233125451661	0.75
24631.31258621921	1850	13.945570376548348	0.0	821631	6666.700017198834	1.85
24632.88140494211	750	16.37675165364777	0.0	366214	1568.818722900578	-0.3500000000000001
24634.182041193715	750	19.0761154020432	0.0	360831	1300.636251604572	0.75
24638.44831377903	1850	18.809842816730708	0.0	885714	4266.272585312495	0.75
24645.835278987528	1850	15.422877608233447	0.0	987708	7386.965208497259	1.85
24651.390373691345	1850	13.86778290441429	0.0	923755	5555.094703819158	1.85
24654.82285489506	1850	14.435301700697536	0.0	891604	3432.481203716752	1.85
24659.638581985917	1850	13.61957460984377	0.0	955231	4815.727090853766	1.85
24673.21695170139	1850	4.041204894370778	0.0	968026	13578.369715472993	1.85
24675.0199598648	300	6.23819673096258	0.0	137654	1803.0081634081982	-1.25
24676.483205281682	300	8.774951314079901	0.0	146754	1463.2454168826794	0.3
24677.75248045562	300	11.505676140142615	0.0	153938	1269.2751739372852	0.3
24681.621504138184	750	11.636652457576814	0.0	425781	3869.0236825658008	0.3
24685.924789297933	750	11.333367297826756	0.0	277716	4303.285159750057	0.75
24691.068790842164	750	10.189365753598237	0.0	400396	5144.00154422852	0.75
24692.83127540934	750	12.42688118642548	0.0	400508	1762.4845671727571	0.75
24694.28263689726	750	14.975519698503652	0.0	358218	1451.3614879218276	0.75
24696.358099962832	750	16.900056632930248	0.0	400322	2075.4630655734027	0.75
24698.79625688316	750	18.461899712600474	0.0	369834	2438.156920329776	0.75
24701.032454650653	750	20.225701945107385	0.0	412837	2236.1977674930863	0.75
24708.503546246426	1850	16.754610349333138	0.0	1026056	7471.091595774247	0.75
24712.295167813798	1850	16.96298878196066	0.0	943942	3791.6215673724814	1.85
24716.071944490122	1850	17.18621210563377	0.0	728962	3776.776676326888	1.85
24724.65628470376	1850	12.601871891996575	0.0	938587	8584.340213637195	1.85
24726.477137072354	750	14.781019523402014	0.0	378327	1820.8523685945627	-0.3500000000000001
24727.870958548094	750	17.387198047662366	0.0	390680	1393.8214757396481	0.75
24731.238302630558	1850	18.019853965200248	0.0	858450	3367.344082462117	0.75
24736.505568553053	1850	16.752588042707636	0.0	1025005	5267.265922492609	1.85
24750.175145784277	1850	7.083010811483315	0.0	886255	13669.577231224323	1.85
24752.131566143456	300	9.126590452304622	0.0	172312	1956.4203591786923	-1.25
24753.441047188728	300	11.817109407034105	0.0	167025	1309.481045270519	0.3
24754.934211790194	300	14.323944805570429	0.0	160064	1493.1646014636747	0.3
24757.93201774563	750	15.326138850134715	0.0	331053	2997.8059554357133	0.3
24763.457543954308	750	13.800612641455118	0.0	314107	5525.5262086795965	0.75

