5873.941160837807	750	4.0	4.838144007766586	450283	4838.144007766587	-20.05401923339632
5875.532000164013	300	6.409160673793575	0.0	155580	1590.8393262064255	-0.15000000000000002
5876.73535442251	300	9.205806415296815	0.0	139857	1203.3542584967608	0.3
5877.991812774619	300	11.949348063187209	0.0	155432	1256.4583521096054	0.3
5879.314952077865	300	14.626208759941129	0.0	163442	1323.1393032460794	0.3
5880.411668678205	300	17.529492159601176	0.0	126289	1096.7166003399511	0.3
5881.723551946982	300	20.21760889082371	0.0	153295	1311.8832687774704	0.3
5883.076155973404	300	22.86500486440299	0.0	173849	1352.6040264207143	0.3
5884.262908739473	300	25.678252098334305	0.0	150710	1186.7527660686872	0.3
5885.300557402138	300	28.640603435669462	0.0	139105	1037.6486626648446	0.3
5886.453768029449	300	31.487392808358344	0.0	141840	1153.210627311117	0.3
5888.0328969740785	300	33.90826386372821	0.0	156148	1579.1289446301423	0.3
5889.468928426075	300	36.47223241173217	0.0	160746	1436.0314519960334	0.3
5890.707958916409	300	39.23320192139827	0.0	179801	1239.0304903338974	0.3
5891.760101772564	300	42.18105906524388	0.0	140051	1052.1428561543912	0.3
5892.721890214873	300	45.21927062293415	0.0	138313	961.7884423097271	0.3
5893.655214675869	300	48.285946161938725	0.0	143509	933.3244609954281	0.3
5894.678083125666	300	51.263077712142184	0.0	150616	1022.8684497965347	0.3
5896.151594806077	300	53.78956603173099	0.0	165384	1473.511680411199	0.3
5897.549746544301	300	56.39141429350636	0.0	140881	1398.1517382246302	0.3
5898.749968349918	300	59.19119248788987	0.0	157671	1200.221805616489	0.3
5900.113788944152	300	59.83275794596164	0.0	157812	1358.43454192823	0.3
5901.967869894748	300	59.953410534965606	0.0	163927	879.3474109960296	0.3
5903.124501990372	300	59.712461242604384	0.0	137654	740.9492923612291	0.3
5903.909573720069	300	59.98276678418674	0.0	146754	729.6944584176445	0.3
5905.532070159825	300	59.73920712364837	0.0	153938	743.5596605383723	0.3
5906.422682933596	300	59.903369164521884	0.0	181901	835.837959126485	0.3
5907.546189245476	750	59.80900343495413	0.0	277716	1094.3657295677542	0.3
5909.865861172046	750	59.683737705625965	0.0	400396	1625.2657293281682	0.75
5911.778204906142	750	59.95476901349863	0.0	400508	1728.9686921273392	0.75
5914.800155651723	750	59.985481171241965	0.0	358218	2469.287842256665	0.75
5919.724243250019	750	59.06139357294565	0.0	400322	4924.087598296311	0.75
5921.513765334236	750	59.85000775779707	0.0	369834	1711.3858151485736	0.75
5925.606043685967	750	59.757729406066076	0.0	412837	3592.2783517309963	0.75
5929.6652727003475	750	59.57332212342618	0.0	401088	3184.4072826398983	0.75
5932.675925057231	750	59.93040684425498	0.0	365161	2642.915279171194	0.75
5934.3935303429225	750	59.78547279271537	0.0	321064	1644.9340515396166	0.75
5936.394032158316	750	59.961557449643934	0.0	361565	1823.9153430714296	0.75
5940.383485236798	750	59.97210437116128	0.0	378327	2989.4530784826593	0.75
5944.790792378697	750	59.564797229262936	0.0	390680	4407.307141898346	0.75
5945.830672208757	750	59.696530674984686	0.0	345516	868.2665542782482	0.75
5946.958945476138	750	59.81820066468522	0.0	384505	878.3300102994617	0.75
5948.170847340851	750	59.97222143236904	0.0	372093	845.9792323161802	0.75
5949.73614595343	750	59.592533432777756	0.0	438281	879.6879995912859	0.75
5951.157998041077	750	59.80441270044927	0.0	398987	1288.120732328485	0.75
5952.145146188515	750	59.99270427538853	0.0	393804	811.7084250607373	0.75
5953.473955169481	1200	59.916019608094736	0.0	538612	1076.684667293794	0.75
5955.340529186008	1200	59.578794747167166	0.0	550906	1837.2248609275734	1.2

