16077.645979661065	750	4.0	2.54228302815134	450283	2542.28302815134	-10.181817021050762
16079.431989356912	750	6.213990304153536	0.0	398865	1786.0096958464633	0.75
16080.693260760738	750	8.95271890032892	0.0	350812	1261.2714038246152	0.75
16082.533914273494	750	11.11206538757434	0.0	382355	1840.653512754581	0.75
16084.500348614683	750	13.145631046384064	0.0	411561	1966.434341190276	0.75
16085.86152827364	750	15.784451387428252	0.0	318564	1361.1796589558128	0.75
16087.416348045896	750	18.2296316151722	0.0	352642	1554.8197722560544	0.75
16092.405815871805	1850	17.24016378926289	0.0	1060487	4989.467825909308	0.75
16104.910904292787	1850	8.735075368281157	0.0	852833	12505.088420981732	1.85
16111.971124712656	750	5.674854948412114	0.0	362795	7060.220419869043	-0.3500000000000001
16113.40840196436	300	8.237577696709115	0.0	141840	1437.2772517029991	-0.15000000000000002
16114.756969782098	300	10.889009878971377	0.0	156148	1348.5678177377367	0.3
16116.148527333095	300	13.49745232797523	0.0	160746	1391.5575509961466	0.3
16117.8508087335	300	15.795170927570826	0.0	179801	1702.2814004044048	0.3
16119.561642068411	300	18.0843375926597	0.0	140051	1710.8333349111235	0.3
16123.343145488427	750	18.302834172643603	0.0	366214	3781.503420016093	0.3
16126.121501848464	750	19.52447781260642	0.0	360831	2778.3563600371854	0.75
16128.70562158288	750	20.940358078189465	0.0	372963	2584.1197344169514	0.75
16133.77882161009	1200	19.867158050978226	0.0	639204	5073.200027211242	0.75
16138.072683260925	1200	19.573296400143757	0.0	586839	4293.8616508344685	1.2
16143.319146852149	1200	18.326832808920475	0.0	601738	5246.463591223286	1.2
16148.72521918575	1200	16.92076047531946	0.0	616206	5406.072333601011	1.2
16153.281031040675	1200	16.364948620395232	0.0	656471	4555.811854924229	1.2
16157.170275368304	1200	16.475704292766945	0.0	536667	3889.2443276282866	1.2
16162.097006495776	1200	15.548973165293646	0.0	587236	4926.731127473301	1.2
16167.320644896456	1200	14.325334764614938	0.0	590335	5223.638400678709	1.2
16173.108519906214	1200	12.537459754853918	0.0	696376	5787.875009761019	1.2
16176.554170416015	1200	13.091809245054803	0.0	487160	3445.6505097991167	1.2
16180.074277669397	1200	13.571701991672318	0.0	622896	3520.1072533824836	1.2
16183.765735573481	1200	13.880244087587522	0.0	641447	3691.4579040847975	1.2
16189.151305014708	1200	12.494674646362878	0.0	570392	5385.569441224646	1.2
16191.463620104474	1200	14.182359556594745	0.0	620283	2312.315089768131	1.2
16193.707094575186	1200	15.93888508588414	0.0	584349	2243.474470710605	1.2
16196.24206900947	1200	17.403910651599645	0.0	670129	2534.9744342844947	1.2
16198.170990193761	1200	19.474989467308458	0.0	690253	1928.9211842911914	1.2
16201.375617450112	1850	20.270362210957323	0.0	943942	3204.6272563511343	1.2000000000000002
16204.168885244891	1850	21.477094416179007	0.0	728962	2793.2677947783145	1.85
16212.73486623721	2850	16.91111342386064	0.0	1499009	8565.980992318364	1.85
16220.915159014336	2850	12.730820646736193	0.0	1427478	8180.292777124451	2.85
16230.615339622156	1850	7.030640038914203	0.0	930577	9700.180607821989	0.8500000000000001
16233.200429358942	750	8.445550302128732	0.0	345516	2585.089736785472	-0.3500000000000001
16236.045643976937	750	9.600335684135272	0.0	384505	2845.2146179934584	0.75
16239.384690118546	750	10.261289542526653	0.0	372093	3339.0461416086205	0.75
16241.493250175243	750	12.152729485828214	0.0	438281	2108.5600566984367	0.75
16243.370894206346	750	14.275085454726804	0.0	398987	1877.64403110141	0.75
16247.941237251087	1850	13.704742409986093	0.0	982064	4570.343044740712	0.75
16252.968687491444	1850	12.677292169627417	0.0	830730	5027.450240358675	1.85
16258.12025728511	2850	11.525722375961864	0.0	1364537	5151.569793665552	1.85

