2418.009794571897	750	4.0	0.08539382196601034	450283	85.39382196601034	1.0	0.38280656554615555
2418.115226210738	4300	7.894568361158943	0.0	2123065	105.43163884105712	1.0	0.75
2418.221304797247	4300	11.788489774649996	0.0	2177073	106.07858650894661	1.0	4.3
2418.3271893761193	4300	15.682605195777494	0.0	2160877	105.88457887250131	1.0	4.3
2418.4339385683033	4300	19.57585600359362	0.0	2233056	106.74919218387362	1.0	4.3
2418.5371967849687	4300	23.472597786928205	0.0	1941625	103.25821666541889	1.0	4.3
2418.6430413309	4300	27.36675324099723	0.0	2157535	105.84454593097253	1.0	4.3
2418.7504747006687	4300	31.25931987122857	0.0	2290172	107.43336976866063	1.0	4.3
2418.8550966247535	4300	35.15469794714382	0.0	2055469	104.62192408474957	1.0	4.3
2418.961080914639	4300	39.04871365725837	0.0	2169201	105.98428988545332	1.0	4.3
2419.0671169646503	4300	42.94267760724714	0.0	2173522	106.03605001123006	1.0	4.3
2419.1723016857704	4300	46.83749288612712	0.0	2102452	105.18472112001197	1.0	4.3
2419.278768263595	4300	50.73102630830276	0.0	2209463	106.46657782436176	1.0	4.3
2419.38602439596	4300	54.62377017593771	0.0	2275376	107.25613236505203	1.0	4.3
2419.490046544646	4300	58.51974802725162	0.0	2005399	104.0221486860822	1.0	4.3
2420.4872603980557	4300	59.913963997903714	0.0	2152483	105.78402934790746	1.0	4.3
2421.495070583588	4300	59.81577381716886	0.0	2289689	98.19018073485601	1.0	4.3
2422.51312216043	4300	59.72155803114643	0.0	2059512	94.21578602243314	1.0	4.3
2423.430373976439	4300	59.9348500185518	0.0	2220726	286.70801259462974	1.0	4.3
2424.167824340477	4300	59.84139673823991	0.0	2156729	93.45328031189084	1.0	4.3
2425.178105354028	4300	59.61825477332762	0.0	2039773	223.1419649122807	1.0	4.3
2425.9525368471104	4300	59.8346085511054	0.0	2176469	283.64622222222226	1.0	4.3
2426.8544268781015	4300	59.58905617104019	0.0	2221506	245.55238006520727	1.0	4.3
2427.172732448827	4300	59.96807221114044	0.0	2044075	120.98395989974938	1.0	4.3
2427.916258456721	4300	59.65497001260613	0.0	2186790	313.10219853431045	1.0	4.3
2428.083569532033	4300	59.996526379629884	0.0	2105231	158.44363297624594	1.0	4.3
2428.372173337058	4300	59.81665819828543	0.0	2395588	179.86818134445025	1.0	4.3
2428.665683219414	4300	59.68427106894789	0.0	1972048	132.38712933753942	1.0	4.3
2429.793380098068	4300	59.91098400612955	0.0	2134614	273.28706281833615	1.0	4.3
2430.0946179410776	4300	59.64756999254324	0.0	2164140	263.41401358631504	1.0	4.3
2431.006579117173	4300	59.92050131920701	0.0	2113193	227.06867333623313	1.0	4.3
2432.091598606424	4300	59.680437825960624	0.0	2147852	240.06349324639032	1.0	4.3
2432.8450817593753	4300	59.93617424748786	0.0	2191074	244.26357847276034	1.0	4.3
2433.794244039215	4300	59.6762028948071	0.0	2286761	259.9713526807673	1.0	4.3
2434.390056744348	4300	59.93289200581992	0.0	2307787	243.3108889871738	1.0	4.3
2435.13930064729	4300	59.694520962421954	0.0	2143948	238.3710433979686	1.0	4.3
2435.5601036464686	4300	59.94955589260456	0.0	1919781	244.96506981740066	1.0	4.3
2436.2856541117153	4300	59.63469962466198	0.0	2147467	314.85626794258377	1.0	4.3
2436.6321786373155	4300	59.87678446051398	0.0	2133870	257.9151641479938	1.0	4.3
2437.1696163553734	4300	59.61237028221109	0.0	2146120	264.4141783029001	1.0	4.3
2438.2837533316606	4300	59.90181356394483	0.0	2108491	210.5567182662539	1.0	4.3
2439.44857878543	4300	59.731190966070834	0.0	2184571	170.62259787399535	1.0	4.3
2440.8739058577808	4300	59.725628857843	0.0	2121928	505.56210822783646	1.0	4.3
2442.110467204032	4300	59.52723066677895	0.0	2219102	1198.398191064048	1.0	4.3
2442.865228189673	4300	59.878931751551946	0.0	2124950	148.29891522699882	1.0	4.3
2443.6688292400445	4300	59.74036226157313	0.0	2246506	138.56948997881702	1.0	4.3
2444.4910330581847	4300	59.621776132699544	0.0	1961140	118.58612887358584	1.0	4.3
2445.3412469657032	4300	59.508478023573524	0.0	2155012	113.29810912602608	1.0	4.3
2446.8715143965555	750	59.821802207343424	0.0	450283	1186.675816230095	1.0	0.75
2448.437099100064	4300	59.92080566290055	0.0	2123065	1400.9965444428735	1.0	0.75
2448.922914184337	4300	59.72019220029667	0.0	2177073	200.61346260387813	1.0	4.3
2450.081613530964	4300	59.993443337817894	0.0	2160877	226.7488624787776	1.0	4.3
2451.1701614982294	4300	59.87514459625931	0.0	2233056	118.29874155858079	1.0	4.3
2452.277084991929	4300	59.766807462263145	0.0	1941625	108.33713399616893	1.0	4.3
2455.4262826288027	4300	59.651501823677584	0.0	2157535	3115.305638585563	1.0	4.3
2456.3487451702485	4300	59.91721655209864	0.0	2290172	234.2852715789474	1.0	4.3
2457.174716138385	4300	59.80831970296411	0.0	2055469	108.89684913452245	1.0	4.3
2458.0391959983076	4300	59.69461683250383	0.0	2169201	113.70287046028355	1.0	4.3
2458.953549897167	4300	59.572828377805436	0.0	2173522	121.78845469838981	1.0	4.3
2459.6911639794175	4300	59.8103040587604	0.0	2102452	262.52431904503527	1.0	4.3
2460.312467280739	4300	59.69719728970253	0.0	2209463	113.10676905787601	1.0	4.3
2460.9588157433595	4300	59.58812132452403	0.0	2275376	109.07596517850013	1.0	4.3
2461.130128466486	4300	59.981101211681924	0.0	2005399	107.02011284210526	1.0	4.3
2461.840666525686	4300	59.86797848722372	0.0	2152483	613.1227244582043	1.0	4.3
2462.3290752729918	4300	59.63248178094189	0.0	2289689	235.4967062818336	1.0	4.3
2462.7649146668195	4300	59.50101810454021	0.0	2059512	131.4636764016867	1.0	4.3
2463.6842452450423	4300	59.90354067414178	0.0	2220726	97.47743039842598	1.0	4.3
2464.620045922625	4300	59.806566909262294	0.0	2156729	96.97376487948844	1.0	4.3
2465.562565298487	4300	59.714720677683346	0.0	2039773	91.84623157894737	1.0	4.3
2466.609607712611	4300	59.57653604276272	0.0	2176469	138.18463492063492	1.0	4.3
2467.441322502359	4300	59.82510753749	0.0	2221506	251.4285052727218	1.0	4.3
2468.3958526015003	4300	59.59798563015757	0.0	2044075	227.12190733243366	1.0	4.3
2469.0507150137655	4300	59.84425851992916	0.0	2186790	253.72711022840122	1.0	4.3
2469.820114723162	4300	59.620126316249234	0.0	2105231	224.13220367993156	1.0	4.3
2470.2844305084013	4300	59.87060217648806	0.0	2395588	249.52413976116765	1.0	4.3
2470.911356553879	4300	59.624534976488064	0.0	1972048	246.06719999999999	1.0	4.3

