1048.1176231721622	750	4.0	0.20639522807017546	450283	206.39522807017545	1.0	-0.13749948070175444
1048.7935712423375	4300	7.324051929824562	0.0	2123065	675.9480701754386	1.0	0.75
1049.2778550993219	4300	10.839768072840329	0.0	2177073	484.2838569842327	1.0	4.3
1049.5881950859975	4300	14.529428086164778	0.0	2160877	310.33998667554965	1.0	4.3
1049.906229036697	4300	18.211394135465245	0.0	2233056	318.03395069953365	1.0	4.3
1050.1931977242384	4300	21.924425447923607	0.0	1941625	286.96868754163893	1.0	4.3
1050.4922640142674	4300	25.62535915789474	0.0	2157535	299.0662900288697	1.0	4.3
1050.7329778388287	4300	29.384645333333335	0.0	2290172	240.7138245614035	1.0	4.3
1050.9572212774253	4300	33.16040189473684	0.0	2055469	224.24343859649125	1.0	4.3
1051.1894459090042	4300	36.9281772631579	0.0	2169201	232.2246315789474	1.0	4.3
1051.4219737686533	4300	40.695649403508774	0.0	2173522	232.52785964912283	1.0	4.3
1051.6495142598812	4300	44.468108912280705	0.0	2102452	227.54049122807018	1.0	4.3
1051.8845642949689	4300	48.23305887719298	0.0	2209463	235.0500350877193	1.0	4.3
1052.0997029327907	4300	52.017920239371435	0.0	2275376	215.138637821548	1.0	4.3
1052.2833076599459	4300	55.83431551221613	0.0	2005399	183.6047271553116	1.0	4.3
1052.474511173023	4300	59.64311199913896	0.0	2152483	191.20351307717146	1.0	4.3
1053.5743783477085	4300	59.94482002626198	0.0	2289689	198.29197287697775	1.0	4.3
1054.6539380633435	4300	59.81582776934851	0.0	2059512	128.9922569134701	1.0	4.3
1055.9188290395014	4300	59.618666010630456	0.0	2220726	1197.161758718054	1.0	4.3
1056.6804261467282	4300	59.98173206573688	0.0	2156729	136.93394489358192	1.0	4.3
1057.7626065791599	4300	59.71297343068771	0.0	2039773	268.7586350491614	1.0	4.3
1058.766438978952	4300	59.57776812948289	0.0	2176469	135.20530120481928	1.0	4.3
1059.3617909320285	4300	59.92440570223831	0.0	2221506	153.36242724458202	1.0	4.3
1059.936180041294	4300	59.818205910521584	0.0	2044075	106.19979171673475	1.0	4.3
1060.8161724882877	4300	59.57230434579896	0.0	2186790	245.90156472261737	1.0	4.3
1061.0767942394634	4300	59.969038911346686	0.0	2105231	103.26543445227242	1.0	4.3
1061.365810921441	4300	59.863208728719826	0.0	2395588	105.83018262686166	1.0	4.3
1062.0548107541244	4300	59.57030206205315	0.0	1972048	292.90666666666664	1.0	4.3
1062.3637871949952	4300	59.823860424626254	0.0	2134614	246.4416374269006	1.0	4.3
1062.90685687409	4300	59.54359298680092	0.0	2164140	280.26743782533254	1.0	4.3
1064.064620344982	4300	59.806112371989556	0.0	2113193	237.48061481136472	1.0	4.3
1064.39649039781	4300	59.56031877361582	0.0	2147852	245.7935983737334	1.0	4.3
1065.4430029238865	4300	59.79010073780464	0.0	2191074	270.2180358111774	1.0	4.3
1066.6732184770033	4300	59.52314020637898	0.0	2286761	266.96053142565154	1.0	4.3
1067.4032892771725	4300	59.849732317139924	0.0	2307787	173.40788923906086	1.0	4.3
1068.1275944160025	4300	59.72591120319	0.0	2143948	123.82111394992336	1.0	4.3
1068.8761482381126	4300	59.61187630457504	0.0	1919781	114.03489861495845	1.0	4.3
1069.6474456000117	4300	59.50348708537319	0.0	2147467	108.38921920185078	1.0	4.3
1069.9378291233663	4300	59.899749395044324	0.0	2133870	103.73769032886045	1.0	4.3
1070.2480233647625	4300	59.79797519085916	0.0	2146120	101.7742041851617	1.0	4.3
1070.578568464095	4300	59.696912659798414	0.0	2108491	101.06253106074796	1.0	4.3
1070.926257444347	4300	59.59780945380836	0.0	2184571	99.10320599005301	1.0	4.3
1071.8072445891905	4300	59.99160876851742	0.0	2121928	106.20068529093996	1.0	4.3
1072.7288903501274	4300	59.8781791178254	0.0	2219102	113.42965069202523	1.0	4.3
1073.6949078333698	4300	59.75927843132654	0.0	2124950	118.90068649885583	1.0	4.3
1075.4994434302553	4300	59.990569031255816	0.0	2246506	1268.7094000707298	1.0	4.3
1076.4075680900412	4300	59.76441979977002	0.0	1961140	226.14923148579413	1.0	4.3
1077.3501153539003	4300	59.594133881990494	0.0	2155012	170.28591777952346	1.0	4.3
1078.226605817182	750	59.50201932338952	0.0	450283	92.11455860097529	1.0	0.75
1078.6656307494422	4300	59.88469480959982	0.0	2123065	117.32451378969344	1.0	0.75
1079.127048582622	4300	59.77483610224511	0.0	2177073	109.85870735470598	1.0	4.3
1079.6094369233836	4300	59.66942149477673	0.0	2160877	105.41460746839165	1.0	4.3
1080.1661702434424	4300	59.53954170139406	0.0	2233056	129.8797933826609	1.0	4.3
1081.2382953322574	4300	59.92690592032462	0.0	1941625	112.63578106944007	1.0	4.3
1082.3434942811946	4300	59.81405109972883	0.0	2157535	112.85482059579329	1.0	4.3
1083.1753862139738	4300	59.604277197509916	0.0	2290172	709.7739022189136	1.0	4.3
1084.304892210746	4300	59.810583214404005	0.0	2055469	293.69398310591293	1.0	4.3
1085.5329598789328	4300	59.574455387143544	0.0	2169201	236.12782726045884	1.0	4.3
1086.2149007491853	4300	59.93945487248069	0.0	2173522	135.00051466285274	1.0	4.3
1088.2230631244945	4300	59.91884386262095	0.0	2102452	1520.611009859732	1.0	4.3
1089.0981517496216	4300	59.68507523278189	0.0	2209463	233.76862983906048	1.0	4.3
1089.9259220840913	4300	59.551850063191246	0.0	2275376	133.22516959064328	1.0	4.3
1090.645784256367	4300	59.99919155949278	0.0	2005399	552.6585036984667	1.0	4.3
1090.9928566446777	4300	59.86925719962617	0.0	2152483	129.93435986660867	1.0	4.3
1091.3677430262626	4300	59.750383023055704	0.0	2289689	118.8741765704584	1.0	4.3
1091.7641847049613	4300	59.6401682862136	0.0	2059512	110.21473684210527	1.0	4.3
1092.1931661787853	4300	59.52879102022985	0.0	2220726	111.37726598375133	1.0	4.3
1093.1445835078732	4300	59.921884459606076	0.0	2156729	106.90656062378167	1.0	4.3
1094.1198388429236	4300	59.816512176312905	0.0	2039773	105.37228329316645	1.0	4.3
1095.115088627354	4300	59.71382880997627	0.0	2176469	102.68336633663367	1.0	4.3
1096.156306124154	4300	59.5995032706233	0.0	2221506	114.32553935296957	1.0	4.3
1096.7373931814195	4300	59.98240572071405	0.0	2044075	117.0975499092559	1.0	4.3
1097.401742647496	4300	59.842225741353886	0.0	2186790	140.17997936016513	1.0	4.3
1098.3372814996817	4300	59.596541058619	0.0	2105231	245.68468273487457	1.0	4.3
1102.7588998077158	4300	59.17492275058488	0.0	2395588	4421.618308034129	1.0	4.3
1103.2025066852011	4300	59.92885555058488	0.0	1972048	246.06719999999999	1.0	4.3
1103.8098756625416	4300	59.683940900657305	0.0	2134614	244.91464992757122	1.0	4.3
1104.3467566057163	4300	59.556727592776205	0.0	2164140	127.21330788110171	1.0	4.3
1105.410417211795	4300	59.93973110738393	0.0	2113193	116.99648539227488	1.0	4.3

