1839.825813895167	750	4.0	0.11416087245139878	450283	114.16087245139877	1	0.2591082484589853
1840.0668809411602	4300	7.758932954006638	0.0	2123065	241.0670459933618	0.0	0.75
1840.3120453223835	4300	11.51376857278331	0.0	2177073	245.1643812233286	0.0	4.3
1840.555980988576	4300	15.2698329065908	0.0	2160877	243.9356661925083	0.0	4.3
1840.8053925390739	4300	19.020421356092935	0.0	2233056	249.4115504978663	0.0	4.3
1841.032694577955	4300	22.79311931721195	0.0	1941625	227.30203888098626	0.0	4.3
1841.2741379915358	4300	26.551675903631242	0.0	2157535	241.4434135807046	0.0	4.3
1841.4455392187745	4300	30.38027467639253	0.0	2290172	171.4012272387129	0.0	4.3
1841.6075734018625	4300	34.21824049330448	0.0	2055469	162.03418308805186	0.0	4.3
1841.7741466520497	4300	38.05166724311739	0.0	2169201	166.57325018707908	0.0	4.3
1841.9408923542196	4300	41.884921540947275	0.0	2173522	166.74570217011723	0.0	4.3
1842.1048016383304	4300	45.721012256836524	0.0	2102452	163.90928411075083	0.0	4.3
1842.2729817530721	4300	49.552832142094694	0.0	2209463	168.1801147418309	0.0	4.3
1842.4437924689616	4300	53.38202142620544	0.0	2275376	170.8107158892492	0.0	4.3
1842.603828348233	4300	57.22198554693381	0.0	2005399	160.0358792716388	0.0	4.3
1843.0478157366092	4300	59.55607951550452	0.0	2152483	165.9060314292841	0.0	4.3
1843.9775758726598	4300	59.94024012595257	0.0	2289689	115.8393895519468	0.0	4.3
1844.976289724581	4300	59.807843573241485	0.0	2059512	132.39655271108285	0.0	4.3
1845.273008737596	4300	59.55264271633888	0.0	2220726	255.20085690260512	0.0	4.3
1846.2936901557096	4300	59.773061085338306	0.0	2156729	279.58163100057834	0.0	4.3
1847.4549292653867	4300	59.522991424056386	0.0	2039773	250.0696612819177	0.0	4.3
1848.1850396880855	4300	59.823520936904494	0.0	2176469	199.47048715188947	0.0	4.3
1849.5676666572822	4300	59.60752742007955	0.0	2221506	715.9935168249509	0.0	4.3
1849.926805097614	4300	59.9712749260995	0.0	2044075	136.25249398004817	0.0	4.3
1850.29866135739	4300	59.85678976938749	0.0	2186790	114.48515671200474	0.0	4.3
1851.7771900527655	4300	59.70621097323167	0.0	2105231	1150.578796155825	0.0	4.3
1853.0185841277137	4300	59.95948888536738	0.0	2395588	246.72208786428882	0.0	4.3
1853.3756289983428	4300	59.73830244359483	0.0	1972048	221.18644177254203	0.0	4.3
1853.8790985766732	4300	59.51449686885799	0.0	2134614	223.80557473684212	0.0	4.3
1854.8590552326896	4300	59.874350542646425	0.0	2164140	140.14632621156852	0.0	4.3
1855.8520972887236	4300	59.75773467953185	0.0	2113193	116.61586311457657	0.0	4.3
1857.0529447618705	4300	59.55552403941805	0.0	2147852	202.21064011379804	0.0	4.3
1857.7278344124118	4300	59.92739763066409	0.0	2191074	128.12640875395843	0.0	4.3
1858.3978716648437	4300	59.8257606253418	0.0	2286761	101.6370053222945	0.0	4.3
1859.125756557309	4300	59.706018302663935	0.0	2307787	119.7423226778603	0.0	4.3
1859.8482882679484	4300	59.60882373223787	0.0	2143948	97.19457042606516	0.0	4.3
1860.5868899695654	4300	59.51219145153611	0.0	1919781	96.63228070175438	0.0	4.3
1861.6654743607405	4300	59.50388396640626	0.0	2147467	508.3074851298487	0.0	4.3
1862.213271006927	4300	59.97512409633547	0.0	2133870	528.7598700707865	0.0	4.3
1862.814324157312	4300	59.64411590920097	0.0	2146120	331.0081871345029	0.0	4.3
1863.2022277851343	4300	59.54518657691503	0.0	2108491	98.92933228593873	0.0	4.3
1864.107630570509	4300	59.94697233199581	0.0	2184571	98.21424491922878	0.0	4.3
1865.0302030067437	4300	59.84928038410628	0.0	2121928	97.69194788952579	0.0	4.3
1865.9769829900144	4300	59.748330636643445	0.0	2219102	100.94974746282747	0.0	4.3
1866.937900119527	4300	59.650787189791025	0.0	2124950	97.54344685242518	0.0	4.3
1867.906497729205	4300	59.558175226282245	0.0	2246506	92.61196350877194	0.0	4.3
1868.6884115983369	4300	59.81521111480098	0.0	1961140	242.96411148126708	0.0	4.3
1869.370482988939	4300	59.703650298325	0.0	2155012	111.56081647597253	0.0	4.3
1870.0476967802638	750	59.610298689726044	0.0	450283	93.3516085989622	0.0	0.75
1870.4999209324287	4300	59.88611770500617	0.0	2123065	224.18098471986417	0.0	0.75
1870.900556252984	4300	59.75982162845115	0.0	2177073	126.29607655502393	0.0	4.3
1871.341754012246	4300	59.6363923708202	0.0	2160877	123.42925763095089	0.0	4.3
1871.8297128357249	4300	59.511297209896306	0.0	2233056	125.09516092389248	0.0	4.3
1872.8123588007513	4300	59.91140605866055	0.0	1941625	99.89115123575363	0.0	4.3
1873.8035022329634	4300	59.817211749450024	0.0	2157535	94.19430921052631	0.0	4.3
1874.8038279122645	4300	59.72552347130011	0.0	2290172	91.68827814992025	0.0	4.3
1875.8150917351566	4300	59.63421026042979	0.0	2055469	91.31321087031304	0.0	4.3
1876.8351159249687	4300	59.54417347153447	0.0	2169201	90.03678889531521	0.0	4.3
1877.3708826824459	4300	59.95128379325427	0.0	2173522	92.88967828020756	0.0	4.3
1878.1640629516794	4300	59.73613219823619	0.0	2102452	215.15159501807955	0.0	4.3
1878.8873758511945	4300	59.62349008558615	0.0	2209463	112.64211265004617	0.0	4.3
1879.4465285813799	4300	59.859249113926225	0.0	2275376	264.24097165991907	0.0	4.3
1879.8639783009287	4300	59.75798013341449	0.0	2005399	101.26898051173274	0.0	4.3
1880.4303578440179	4300	59.5928807313883	0.0	2152483	165.09940202619225	0.0	4.3
1880.645354246644	4300	59.896022600606805	0.0	2289689	196.8581307814992	0.0	4.3
1881.2390142026993	4300	59.56826175850154	0.0	2059512	327.7608421052632	0.0	4.3
1882.4280481886917	4300	59.816694322480295	0.0	2220726	251.5674360212458	0.0	4.3
1882.876814139183	4300	59.52104462222038	0.0	2156729	295.649700259912	0.0	4.3
1883.8869793537604	4300	59.80252014004721	0.0	2039773	218.5244821731749	0.0	4.3
1885.0590817255088	4300	59.57228932037508	0.0	2176469	230.23081967213116	0.0	4.3
1885.6603903007162	4300	59.95257080880954	0.0	2221506	119.71851156553805	0.0	4.3
1886.2864495147624	4300	59.840336233607495	0.0	2044075	112.23457520205007	0.0	4.3
1887.1871920483431	4300	59.60687728623907	0.0	2186790	233.45894736842106	0.0	4.3
1887.7787137132473	4300	59.85475824689313	0.0	2105231	252.11903934593767	0.0	4.3
1889.3120901954812	4300	59.717771318555336	0.0	2395588	136.98692833779364	0.0	4.3

