714.1863923146608	750	4.0	0.11240903283850653	450283	112.40903283850653	1.0	0.2666411587944219
714.4191995121417	4300	7.767192802519118	0.0	2123065	232.8071974808817	1.0	0.75
714.6558939250972	4300	11.530498389563652	0.0	2177073	236.6944129554656	1.0	4.3
714.891422634049	4300	15.294969680611786	0.0	2160877	235.52870895186686	1.0	4.3
715.1321464127265	4300	19.054245901934323	0.0	2233056	240.7237786774629	1.0	4.3
715.3518945008956	4300	22.834497813765182	0.0	1941625	219.7480881691408	1.0	4.3
715.5871826700364	4300	26.59920964462438	0.0	2157535	235.28816914080073	1.0	4.3
715.8395286215352	4300	30.346863693125584	0.0	2290172	252.34595149879362	1.0	4.3
716.0768851000041	4300	34.10950721465668	0.0	2055469	237.35647846889952	1.0	4.3
716.3229483344538	4300	37.863443980206924	0.0	2169201	246.06323444976076	1.0	4.3
716.5693423631619	4300	41.61704995149879	0.0	2173522	246.39402870813396	1.0	4.3
716.8102956263199	4300	45.3760966883409	0.0	2102452	240.95326315789472	1.0	4.3
717.0594411191428	4300	49.12695119551793	0.0	2209463	249.14549282296653	1.0	4.3
717.3158483110619	4300	52.87054400359874	0.0	2275376	256.407191919192	1.0	4.3
717.5522147048241	4300	56.634177609836556	0.0	2005399	236.36639376218326	1.0	4.3
718.300049636598	4300	59.88634267806268	0.0	2152483	247.83493177387913	1.0	4.3
718.7031184397168	4300	59.617841453891145	0.0	2289689	268.50122417154	1.0	4.3
719.8163816266497	4300	59.8384936498984	0.0	2059512	279.34780399274047	1.0	4.3
721.031923630982	4300	59.607680339202304	0.0	2220726	230.81331069609507	1.0	4.3
723.1354851592297	4300	59.508263921896514	0.0	2156729	2099.416417305796	1.0	4.3
724.0183613273799	4300	59.778898393292394	0.0	2039773	229.365528604119	1.0	4.3
725.0791605383547	4300	59.53525410757811	0.0	2176469	243.64428571428573	1.0	4.3
725.863399802648	4300	59.761711938061666	0.0	2221506	273.54216951644963	1.0	4.3
727.1374635642861	4300	59.59002860463103	0.0	2044075	671.683333430634	1.0	4.3
727.7034913609147	4300	59.818204920420506	0.0	2186790	271.8236842105263	1.0	4.3
728.3942715635583	4300	59.579916875307724	0.0	2105231	238.28804511278196	1.0	4.3
728.712910850615	4300	59.856843310544754	0.0	2395588	223.07356476297127	1.0	4.3
729.1985604753478	4300	59.87180135932524	0.0	1972048	485.0419512195122	1.0	4.3
729.5812807008292	4300	59.640745083341166	0.0	2134614	231.05627598407784	1.0	4.3
730.6326698580829	4300	59.90088247946305	0.0	2164140	239.86260387811635	1.0	4.3
731.8419697949171	4300	59.66199578773373	0.0	2113193	238.88669172932333	1.0	4.3
732.7269515999859	4300	59.914711507751655	0.0	2147852	247.284279982072	1.0	4.3
733.7801245700489	4300	59.666973785263615	0.0	2191074	247.7377224880383	1.0	4.3
734.4812472723262	4300	59.92913005791245	0.0	2286761	237.8437273511648	1.0	4.3
736.5541218946667	4300	59.584332234205256	0.0	2307787	1344.797823707192	1.0	4.3
737.6092328937843	4300	59.880815133963054	0.0	2143948	703.5171002421991	1.0	4.3
738.3374612301296	4300	59.652497915228146	0.0	1919781	228.31721873491068	1.0	4.3
738.7090486805073	4300	59.92665974884444	0.0	2147467	225.83816638370118	1.0	4.3
739.5941161308853	4300	59.767000665652596	0.0	2133870	659.6590831918505	1.0	4.3
740.2058395738962	4300	59.53384312774001	0.0	2146120	233.15753791257805	1.0	4.3
741.3877477894879	4300	59.84217197249341	0.0	2108491	191.6711552466071	1.0	4.3
741.5863279337806	4300	59.698000430519635	0.0	2184571	144.1715419737731	1.0	4.3
741.7804986343216	4300	59.58811938140856	0.0	2121928	109.881049111072	1.0	4.3
742.5382241594358	4300	59.961401444566455	0.0	2219102	126.71793684210526	1.0	4.3
743.3014779251955	4300	59.855278355822705	0.0	2124950	106.12308874375721	1.0	4.3
744.0913048285712	4300	59.74893024264282	0.0	2246506	106.34811317988564	1.0	4.3
745.2725650583392	4300	59.71003952285669	0.0	1961140	538.8907197861298	1.0	4.3
745.7948927414398	4300	59.980060436297315	0.0	2155012	229.97908655937366	1.0	4.3
746.1768288394779	750	59.89526668554876	0.0	450283	84.7937507485528	1.0	0.75
746.5926691134025	4300	59.79591772223138	0.0	2123065	99.34896331738437	1.0	0.75
747.061055507601	4300	59.67997018043572	0.0	2177073	115.94754179566564	1.0	4.3
747.5366841793283	4300	59.828375270773506	0.0	2160877	351.59490966221523	1.0	4.3
748.1831810497524	4300	59.52714371659393	0.0	2233056	301.2315541795666	1.0	4.3
749.1997900884315	4300	59.90147185537664	0.0	1941625	125.67186121728903	1.0	4.3
750.4845485106246	4300	59.9145612330111	0.0	2157535	486.9106223655442	1.0	4.3
751.709885660855	4300	59.66081655780958	0.0	2290172	253.7446752015173	1.0	4.3
751.8678168881366	4300	59.527647181683264	0.0	2055469	133.16937612631622	1.0	4.3
752.5616858407041	4300	59.90309363097723	0.0	2169201	124.55355070603338	1.0	4.3
753.2943877717584	4300	59.78140036638066	0.0	2173522	121.69326459657115	1.0	4.3
754.040984692368	4300	59.673606239304725	0.0	2102452	107.79412707593158	1.0	4.3
754.834211502744	4300	59.55639423088367	0.0	2209463	117.21200842105264	1.0	4.3
755.1334305009843	4300	59.954792132740906	0.0	2275376	101.60209814276391	1.0	4.3
755.4656997328823	4300	59.847465966840716	0.0	2005399	107.32616590018736	1.0	4.3
755.8165900045368	4300	59.74449236401235	0.0	2152483	102.97360282836368	1.0	4.3
756.1949160631118	4300	59.639287669137914	0.0	2289689	105.204694874441	1.0	4.3
756.5981624526719	4300	59.53422515620819	0.0	2059512	105.06251292972316	1.0	4.3
757.5254944252978	4300	59.9296511082104	0.0	2220726	104.57404799778685	1.0	4.3
758.4872196499942	4300	59.82016745817622	0.0	2156729	109.48365003417635	1.0	4.3
759.4682596217857	4300	59.71576825961163	0.0	2039773	104.3991985645933	1.0	4.3
760.4817318988886	4300	59.60735250767364	0.0	2176469	108.4157519379845	1.0	4.3
761.5191901577995	4300	59.50115164080058	0.0	2221506	106.20086687306502	1.0	4.3
762.093269678151	4300	59.88974057664383	0.0	2044075	111.41106415674221	1.0	4.3
762.698468095922	4300	59.7784755958557	0.0	2186790	111.26498078813333	1.0	4.3
765.4282934365282	4300	59.62052964404395	0.0	2105231	1157.9459518117526	1.0	4.3

