1752.7697726198435	750	4.0	0.09359088473872855	450283	93.59088473872855	1.0	0.34755919562346727
1752.9138530574967	4300	7.8559195623467275	0.0	2123065	144.08043765327295	1.0	0.75
1753.0595636177684	4300	11.71020900207508	0.0	2177073	145.71056027164684	1.0	4.3
1753.2047853344257	4300	15.564987285417846	0.0	2160877	145.22171665723448	1.0	4.3
1753.3521856287098	4300	19.41758699113375	0.0	2233056	147.40029428409736	1.0	4.3
1753.4907896656841	4300	23.278982954159595	0.0	1941625	138.60403697415583	1.0	4.3
1753.6359105108077	4300	27.13386210903603	0.0	2157535	145.1208451235616	1.0	4.3
1753.7850347364256	4300	30.984737883418223	0.0	2290172	149.12422561780795	1.0	4.3
1753.9270749250693	4300	34.84269769477457	0.0	2055469	142.04018864365216	1.0	4.3
1754.0725478848883	4300	38.69722473495567	0.0	2169201	145.4729598189021	1.0	4.3
1754.2181512653826	4300	42.551621354461425	0.0	2173522	145.60338049424638	1.0	4.3
1754.3616095411796	4300	46.4081630786644	0.0	2102452	143.45827579701944	1.0	4.3
1754.5082977283141	4300	50.2614748915299	0.0	2209463	146.68818713450293	1.0	4.3
1754.6569753664955	4300	54.11279725334842	0.0	2275376	148.67763818147517	1.0	4.3
1754.7975042931132	4300	57.9722683267308	0.0	2005399	140.52892661761933	1.0	4.3
1755.9287635724945	4300	59.827299966044144	0.0	2152483	144.9683606866629	1.0	4.3
1761.1159766622714	4300	58.640086876267205	0.0	2289689	5187.21308977694	1.0	4.3
1762.0809640143964	4300	59.91434520444058	0.0	2059512	225.7416718266254	1.0	4.3
1762.9621330408079	4300	59.803383531383766	0.0	2220726	110.96167305681422	1.0	4.3
1764.1868131451124	4300	59.53614715590899	0.0	2156729	267.2363754747694	1.0	4.3
1764.98068764709	4300	59.82793176933499	0.0	2039773	208.21538657400077	1.0	4.3
1765.9623495211144	4300	59.58993039002465	0.0	2176469	238.00137931034484	1.0	4.3
1766.6798504147205	4300	59.813010190578666	0.0	2221506	276.92019944598337	1.0	4.3
1767.502418181826	4300	59.5820166541059	0.0	2044075	230.99353647276087	1.0	4.3
1767.772732753929	4300	59.95264648337075	0.0	2186790	129.37017073514886	1.0	4.3
1768.9145936341874	4300	59.912188243925506	0.0	2105231	1040.4582394452466	1.0	4.3
1771.021696022776	4300	59.86933837003778	0.0	2395588	2042.8498738877208	1.0	4.3
1771.415673650259	4300	59.6644758136468	0.0	1972048	204.86255639097743	1.0	4.3
1771.7680095400642	4300	59.542865404290076	0.0	2134614	121.61040935672514	1.0	4.3
1772.6492353564593	4300	59.92761523631695	0.0	2164140	115.2501679731243	1.0	4.3
1773.5730898209583	4300	59.808675828278254	0.0	2113193	118.93940803869631	1.0	4.3
1776.7061281125052	4300	59.60461421073509	0.0	2147852	2204.0616175431655	1.0	4.3
1778.8312430598735	4300	59.716545074052696	0.0	2191074	1388.0691366823926	1.0	4.3
1779.6484689935944	4300	59.886455012535265	0.0	2286761	330.09006151742994	1.0	4.3
1780.616305809911	4300	59.60610454047883	0.0	2307787	280.35047205642974	1.0	4.3
1781.2343610657704	4300	59.850820084679135	0.0	2143948	255.28445579969343	1.0	4.3
1781.9357970953038	4300	59.64148746994229	0.0	1919781	209.3326147368421	1.0	4.3
1782.173808148922	4300	59.97853365053138	0.0	2147467	162.95381941091262	1.0	4.3
1782.9593717543203	4300	59.58328046493582	0.0	2133870	395.2531855955679	1.0	4.3
1783.9867835626656	4300	59.97472977066459	0.0	2146120	108.55069427122308	1.0	4.3
1785.0293241691977	4300	59.872890024435556	0.0	2108491	101.83974622904124	1.0	4.3
1785.1881149958488	4300	59.72384504126159	0.0	2184571	149.04498317395957	1.0	4.3
1785.313244735105	4300	59.62615309337206	0.0	2121928	97.69194788952579	1.0	4.3
1785.458975917326	4300	59.52700639794497	0.0	2219102	99.14669542709233	1.0	4.3
1786.1209946928118	4300	59.92928925359896	0.0	2124950	97.71714434601355	1.0	4.3
1786.8023903342714	4300	59.830742248438995	0.0	2246506	98.54700515995873	1.0	4.3
1787.4973066660234	4300	59.73470840071289	0.0	1961140	96.03384772611139	1.0	4.3
1788.2121247331654	4300	59.636740609154785	0.0	2155012	97.96779155810319	1.0	4.3
1788.917236134767	750	59.55261004614595	0.0	450283	84.13056300882926	1.0	0.75
1789.154853125215	4300	59.95429197021843	0.0	2123065	98.31807592752372	1.0	0.75
1789.4120306478255	4300	59.8553526661732	0.0	2177073	98.93930404523707	1.0	4.3
1789.679152769482	4300	59.76091071462766	0.0	2160877	94.44195154553049	1.0	4.3
1790.2560515965804	4300	59.518801386134015	0.0	2233056	242.10932849364792	1.0	4.3
1791.2120263000108	4300	59.91820878372118	0.0	1941625	100.59260241283309	1.0	4.3
1792.2096300304443	4300	59.80709796901318	0.0	2157535	111.11081470800289	1.0	4.3
1793.5690045298377	4300	59.53065717717923	0.0	2290172	1276.440791833952	1.0	4.3
1794.5524792120561	4300	59.7903866898498	0.0	2055469	240.2704873294347	1.0	4.3
1795.4331266641448	4300	59.681665061249994	0.0	2169201	108.72162859980139	1.0	4.3
1796.3305266321252	4300	59.578927989004164	0.0	2173522	102.73707224583197	1.0	4.3
1797.0859391826418	4300	59.808553161613105	0.0	2102452	270.37482739105826	1.0	4.3
1797.700329702082	4300	59.7038767634559	0.0	2209463	104.6763981571967	1.0	4.3
1798.31665640816	4300	59.610570471058246	0.0	2275376	93.30629239766083	1.0	4.3
1798.9396621124042	4300	59.52057782577639	0.0	2005399	89.99264528184366	1.0	4.3
1799.0895920199032	4300	59.92211940150799	0.0	2152483	98.45842426841034	1.0	4.3
1799.2934146910475	4300	59.80594380755124	0.0	2289689	116.17559395674928	1.0	4.3
1801.0377216725412	4300	59.937613855398126	0.0	2059512	868.3299521531101	1.0	4.3
1801.3106622701246	4300	59.69913207127681	0.0	2220726	238.48178412132026	1.0	4.3
1802.3034945923584	4300	59.929945316890844	0.0	2156729	269.18675438596495	1.0	4.3
1803.1609866673832	4300	59.823022063302325	0.0	2039773	106.92325358851676	1.0	4.3
1806.074953590568	4300	59.951323012428084	0.0	2176469	2371.699050874248	1.0	4.3
1807.0676654024303	4300	59.686101042652155	0.0	2221506	265.22196977592495	1.0	4.3
1807.9344091624444	4300	59.57647408368848	0.0	2044075	109.62695896367424	1.0	4.3
1808.445253073723	4300	59.909610528574284	0.0	2186790	166.8635551142006	1.0	4.3
1809.2134363371556	4300	59.907509074940194	0.0	2105231	502.10145363408526	1.0	4.3
1810.5337399112168	4300	59.590398192808884	0.0	2395588	817.1108821313129	1.0	4.3
1810.898402433655	4300	59.86966327755464	0.0	1972048	220.7349152542373	1.0	4.3
1811.3231758156112	4300	59.689240390168585	0.0	2134614	180.42288738606294	1.0	4.3
1813.5826471080668	4300	59.641679991225814	0.0	2164140	2047.5603989427668	1.0	4.3
1814.6923313850384	4300	59.902793299496494	0.0	2113193	238.88669172932333	1.0	4.3
1814.941266017236	4300	59.673724776018744	0.0	2147852	229.0685234777457	1.0	4.3
1815.9511576698158	4300	59.88871200408892	0.0	2191074	285.01277192982457	1.0	4.3
1817.1126464529996	4300	59.630407052821866	0.0	2286761	258.30495126705654	1.0	4.3
1817.8772393534723	4300	59.909702518543895	0.0	2307787	220.70453427796986	1.0	4.3
1818.902334362942	4300	59.62909919690647	0.0	2143948	280.6033216374269	1.0	4.3
1819.5079839088978	4300	59.908520267844686	0.0	1919781	220.5789290617849	1.0	4.3
1820.0729657558004	4300	59.77856465284032	0.0	2147467	129.95561500436173	1.0	4.3

