1105.5078912064591	750	4.0	0.09747399466407955	450283	97.47399466407956	1.0	0.33086182294445793
1105.6702803405847	4300	7.837610865874363	0.0	2123065	162.38913412563667	1.0	0.75
1105.8347653466483	4300	11.673125859810819	0.0	2177073	164.48500606354597	1.0	4.3
1105.9986218394934	4300	15.509269366965801	0.0	2160877	163.85649284501577	1.0	4.3
1106.1652793607157	4300	19.34261184574339	0.0	2233056	166.65752122241088	1.0	4.3
1106.320627408254	4300	23.18726379820519	0.0	1941625	155.34804753820035	1.0	4.3
1106.484354209127	4300	27.023536997332037	0.0	2157535	163.72680087315064	1.0	4.3
1106.6532282134929	4300	30.854662992966286	0.0	2290172	168.87400436575308	1.0	4.3
1106.8129941703203	4300	34.694897036138734	0.0	2055469	159.76595682755274	1.0	4.3
1106.9771736900873	4300	38.530717516371574	0.0	2169201	164.17951976715983	1.0	4.3
1107.14152089358	4300	42.36637031287897	0.0	2173522	164.3472034926025	1.0	4.3
1107.303110105319	4300	46.20478110113994	0.0	2102452	161.589211739025	1.0	4.3
1107.46507055284	4300	50.04282065361916	0.0	2209463	161.96044752078706	1.0	4.3
1107.6152575896626	4300	53.89263361679633	0.0	2275376	150.18703682282631	1.0	4.3
1107.7571168223599	4300	57.7507743840992	0.0	2005399	141.85923269712742	1.0	4.3
1108.1166089064159	4300	59.60437814735349	0.0	2152483	146.39623674571044	1.0	4.3
1109.0114545773622	4300	59.97350323553569	0.0	2289689	130.87491181780308	1.0	4.3
1110.1374295470168	4300	59.752501130272535	0.0	2059512	221.0021052631579	1.0	4.3
1110.3277915272474	4300	59.569806572352825	0.0	2220726	182.6945579197043	1.0	4.3
1111.4343711901604	4300	59.73035045205207	0.0	2156729	339.4561203007519	1.0	4.3
1112.484773262825	4300	59.5487111870256	0.0	2039773	181.6392650264715	1.0	4.3
1113.282731883759	4300	59.79411328037787	0.0	2176469	254.59790664773084	1.0	4.3
1114.2314390145211	4300	59.55144007213988	0.0	2221506	242.67320823798624	1.0	4.3
1114.7548972564646	4300	59.85272791243027	0.0	2044075	198.7121597096189	1.0	4.3
1115.781609561646	4300	59.961744800956325	0.0	2186790	890.9831114739444	1.0	4.3
1116.3483934296635	4300	59.70621746380156	0.0	2105231	255.52733715476813	1.0	4.3
1116.6879471301168	4300	59.90206887900624	0.0	2395588	304.14858479532165	1.0	4.3
1118.1549789124413	4300	59.8962555456729	0.0	1972048	505.81333333333333	1.0	4.3
1119.900781527155	4300	59.96396346281159	0.0	2134614	932.2920828613143	1.0	4.3
1120.4321345729315	4300	59.565042205849515	0.0	2164140	398.9212569620724	1.0	4.3
1121.465202568479	4300	59.824724102482996	0.0	2113193	240.31810336652444	1.0	4.3
1122.744405825533	4300	59.54149742004657	0.0	2147852	283.2266824364282	1.0	4.3
1123.6521106023101	4300	59.79563331896675	0.0	2191074	245.86410107981408	1.0	4.3
1124.702062233797	4300	59.561577841072015	0.0	2286761	234.05547789473684	1.0	4.3
1125.4089023200206	4300	59.82610587475623	0.0	2307787	235.47196631578947	1.0	4.3
1126.0025521704843	4300	59.724965009478275	0.0	2143948	101.14086527794898	1.0	4.3
1126.616460840285	4300	59.62426516717085	0.0	1919781	100.69984230743312	1.0	4.3
1127.2553938969352	4300	59.52140305259237	0.0	2147467	102.86211457848161	1.0	4.3
1127.4262496913818	4300	59.914010626404945	0.0	2133870	107.39242618741977	1.0	4.3
1127.737051851064	4300	59.75034123069345	0.0	2146120	163.669395711501	1.0	4.3
1128.8340953167892	4300	59.985385879816256	0.0	2108491	264.95535087719304	1.0	4.3
1129.4155209722983	4300	59.57071710948563	0.0	2184571	414.66877033062536	1.0	4.3
1130.0557212258977	4300	59.54399542527511	0.0	2121928	526.7216842105263	1.0	4.3
1130.8871125239718	4300	59.89503906093251	0.0	2219102	148.9563643425908	1.0	4.3
1131.7368368030182	4300	59.771394388275255	0.0	2124950	123.6446726572529	1.0	4.3
1132.6488992960353	4300	59.638402944961086	0.0	2246506	132.99144331416778	1.0	4.3
1133.1263564615654	4300	59.999209887047485	0.0	1961140	139.1930579136012	1.0	4.3
1133.6532880510604	4300	59.864876146108315	0.0	2155012	134.33374093917428	1.0	4.3
1134.150349492146	750	59.77264434984346	0.0	450283	92.23179626485569	1.0	0.75
1134.753188655813	4300	59.63363959042015	0.0	2123065	139.00475942331076	1.0	0.75
1135.4020846435285	4300	59.50110879868436	0.0	2177073	132.53079173578647	1.0	4.3
1135.7943337248314	4300	59.773166856022826	0.0	2160877	227.94194266153187	1.0	4.3
1136.151581897138	4300	59.6366963391902	0.0	2233056	136.47051683262208	1.0	4.3
1136.5693605456606	4300	59.74819584266587	0.0	1941625	388.5004965243297	1.0	4.3
1137.534888026864	4300	59.99007117806319	0.0	2157535	258.1246646026832	1.0	4.3
1138.4508619031142	4300	59.845785648238625	0.0	2290172	144.2855298245614	1.0	4.3
1139.4149477341603	4300	59.709586905928305	0.0	2055469	136.19874231032128	1.0	4.3
1140.432546269079	4300	59.5747311828368	0.0	2169201	134.85572309151257	1.0	4.3
1141.131983597597	4300	59.87638392449151	0.0	2173522	198.3472583452803	1.0	4.3
1141.82917110349	4300	59.738335206631284	0.0	2102452	138.04871786022434	1.0	4.3
1142.608204660023	4300	59.58838782238119	0.0	2209463	149.94738425009893	1.0	4.3
1143.134002585242	4300	59.850031945913166	0.0	2275376	238.3558764680296	1.0	4.3
1143.7805780311219	4300	59.63046524734857	0.0	2005399	219.5666985645933	1.0	4.3
1144.1001069962233	4300	59.894205138455646	0.0	2152483	236.26010889292198	1.0	4.3
1144.5311757354727	4300	59.68030519693518	0.0	2289689	213.89994152046782	1.0	4.3
1148.5461407881594	4300	59.665340144248596	0.0	2059512	4014.965052686581	1.0	4.3
1149.6063597355278	4300	59.921297595772145	0.0	2220726	244.0425484764543	1.0	4.3
1150.8239861949694	4300	59.68057256549734	0.0	2156729	240.72503027480207	1.0	4.3
1154.5726528657135	4300	59.93190589475331	0.0	2039773	3248.666670744035	1.0	4.3
1155.6088677452854	4300	59.696582504922794	0.0	2176469	235.32338983050846	1.0	4.3
1156.291491798694	4300	59.965716223089174	0.0	2221506	230.8662818336163	1.0	4.3
1157.1226106686672	4300	59.73603567389009	0.0	2044075	229.68054919908468	1.0	4.3
1157.7225733913551	4300	59.94677347293316	0.0	2186790	289.2622009569378	1.0	4.3
1158.97698630175	4300	59.68491727860117	0.0	2105231	761.8561943319838	1.0	4.3
1160.1032621169622	4300	59.57805772902649	0.0	2395588	606.8595495746764	1.0	4.3
1160.4727063500795	4300	59.86304374528665	0.0	1972048	215.01398373983739	1.0	4.3
1161.0528230771897	4300	59.61020050642026	0.0	2134614	252.84323886639677	1.0	4.3
1162.1879007759599	4300	59.9162984011571	0.0	2164140	193.90210526315792	1.0	4.3
1163.4770700590384	4300	59.702301556371324	0.0	2113193	213.99684478577447	1.0	4.3

