44253.98557594915	750	4.0	2.270553829200454	450283	2270.553829200454	-9.013381465561952
44254.72696991409	300	7.258606035060512	0.0	155580	741.3939649394881	-0.15000000000000002
44256.29832445599	750	9.687251493163407	0.0	350812	1571.3545418971055	0.3
44258.00377303205	750	11.981802917096829	0.0	382355	1705.4485760665764	0.75
44267.133203585574	1200	6.852372363568771	0.0	652874	9129.430553528058	0.75
44270.323023091856	300	7.662552857289371	0.0	126289	3189.8195062794002	-0.6000000000000001
44273.67174384598	300	8.313832103157738	0.0	153295	3348.720754131633	0.3
44277.166793196535	300	8.818782752603703	0.0	173849	3495.0493505540358	0.3
44279.798724818786	300	10.18685113035088	0.0	150710	2631.931622252823	0.3
44282.41862982639	300	11.566946122749338	0.0	139105	2619.90500760154	0.3
44285.26844493984	300	12.717131009303918	0.0	141840	2849.8151134454197	0.3
44287.60967874748	300	14.375897201657146	0.0	156148	2341.233807646772	0.3
44289.32714271617	300	16.658433232968374	0.0	160746	1717.4639686887708	0.3
44293.87477936048	750	16.110796588657838	0.0	434409	4547.636644310538	0.3
44297.870320302405	750	16.115255646730375	0.0	337059	3995.5409419274624	0.75
44299.63125920023	300	18.354316748904274	0.0	138313	1760.9388978260972	-0.15000000000000002
44301.36407949737	300	20.621496451764948	0.0	143509	1732.820297139331	0.3
44304.65223021283	750	21.33334573630002	0.0	372963	3288.150715464928	0.3
44310.26887867335	1200	19.716697275776717	0.0	639204	5616.648460523301	0.75
44313.261057051066	750	20.724518898064225	0.0	350713	2992.1783777124897	0.3
44321.11698241403	1200	16.868593535094675	0.0	601738	7855.925362969551	0.75
44322.29585831917	300	19.68971762995534	0.0	157812	1178.875905139335	-0.6000000000000001
44327.013048994704	1200	18.972526954422502	0.0	656471	4717.190675532839	0.29999999999999993
44331.01626452595	1200	18.969311423177263	0.0	536667	4003.21553124524	1.2
44335.38915638572	1200	18.596419563408862	0.0	587236	4372.891859768403	1.2
44341.03076698773	1200	16.954808961403558	0.0	590335	5641.610602005304	1.2
44344.83897246466	750	17.146603484467175	0.0	425781	3808.2054769363813	0.3
44347.03629689106	750	18.949279058073124	0.0	277716	2197.3244263940505	0.75
44350.1665226631	750	19.81905328603558	0.0	400396	3130.2257720375446	0.75
44354.9672444487	1200	19.018331500436357	0.0	641447	4800.721785599221	0.75
44359.27684650765	1200	18.708729441479612	0.0	570392	4309.602058956745	1.2
44369.862520195915	1200	12.123055753214821	0.0	620283	10585.673688264791	1.2
44373.15295112321	300	12.832624825921496	0.0	143881	3290.430927293326	-0.6000000000000001
44375.70565201381	300	14.279923935319145	0.0	163444	2552.7008906023507	0.3
44377.81106068357	300	16.174515265554554	0.0	179328	2105.40866976459	0.3
44379.697199167334	300	18.28837678178886	0.0	159914	1886.1384837656951	0.3
44383.40343605811	750	18.582139891011632	0.0	321064	3706.2368907772243	0.3
44387.03102139815	750	18.954554550977	0.0	361565	3627.5853400346323	0.75
44390.98973757289	750	18.99583837623581	0.0	378327	3958.716174741192	0.75
44395.07586083912	750	18.909715110007916	0.0	390680	4086.1232662278917	0.75
44398.37520564311	750	19.610370306018677	0.0	345516	3299.34480398924	0.75
44401.25793287526	750	20.72764307386645	0.0	384505	2882.7272321522278	0.75
44405.34049007529	1200	20.645085873834983	0.0	599477	4082.5572000314664	0.75
44409.61605547482	1200	20.3695204743052	0.0	634861	4275.565399529781	1.2
44414.24703722241	1200	19.73853872670981	0.0	630203	4630.981747595392	1.2
44418.8220129693	1200	19.163562979826516	0.0	638661	4574.975746883296	1.2
44423.49780678414	1200	18.487769164986737	0.0	538612	4675.793814839776	1.2
44425.738247813904	750	20.24732813522547	0.0	314107	2240.4410297612662	0.3

