20013.351108617724	750	4.0	2.396386474051637	450283	2396.3864740516374	-9.55446183842204
20013.942278318846	300	7.408830298879279	0.0	155580	591.1697011207218	-0.15000000000000002
20015.17489732636	750	10.176211291361842	0.0	350812	1232.6190075174359	0.3
20017.512459459158	1200	11.838649158561944	0.0	617681	2337.5621327998974	0.75
20021.017644447278	1850	12.333464170443628	0.0	996749	3505.1849881183143	1.2000000000000002
20023.810050676213	1850	13.541057941511745	0.0	801058	2792.4062289318845	1.85
20028.59122455559	2850	12.75988406213258	0.0	1388403	4781.173879379166	1.85
20032.262065099596	1850	13.08904351812542	0.0	1060487	3670.84054400716	0.8500000000000001
20036.906470464837	2850	12.444638152885076	0.0	1348011	4644.405365240344	1.85
20040.080922431793	1850	13.270186185928747	0.0	913888	3174.4519669563288	0.8500000000000001
20044.747462273586	2850	12.603646344135486	0.0	1354548	4666.539841793261	1.85
20047.9339007859	1850	13.417207831822369	0.0	917428	3186.4385123131174	0.8500000000000001
20052.83194686854	2850	12.519161749184747	0.0	1422919	4898.046082637622	1.85
20056.42141095928	1850	12.929697658443043	0.0	1036454	3589.464090741704	0.8500000000000001
20059.2834779785	1850	14.067630639221546	0.0	821631	2862.0670192214966	1.85
20064.34454785005	2850	13.006560767672068	0.0	1471065	5061.069871549479	1.85
20069.475237879535	2850	11.875870738190118	0.0	1491626	5130.69002948195	2.85
20072.554291843982	1850	12.796816773742881	0.0	885714	3079.0539644472374	0.8500000000000001
20075.978700527954	1850	13.372408089770117	0.0	987708	3424.408683972764	1.85
20080.582605591215	2850	12.768503026510722	0.0	1336050	4603.905063259395	1.85
20083.69308706197	1850	13.658021555757598	0.0	891604	3110.4814707531236	0.8500000000000001
20090.29514009067	2850	11.055968527053032	0.0	1468126	6602.053028704565	1.85
20094.456863657568	1850	10.894244960154646	0.0	968026	4161.723566898385	0.8500000000000001
20096.799743313153	1200	12.551365304570337	0.0	536667	2342.8796555843087	0.5499999999999999
20100.666098020265	1850	12.685010597455916	0.0	897976	3866.3547071144217	1.2000000000000002
20104.56601219569	1850	12.785096422032849	0.0	905935	3899.914175423066	1.85
20109.128968386518	1850	12.222140231205577	0.0	1076599	4562.956190827274	1.85
20112.27034822001	1850	13.080760397716205	0.0	758197	3141.3798334893704	1.85
20118.40073596764	2850	10.950372650087534	0.0	1498470	6130.387747628672	1.85
20121.07071312404	1200	12.280395493685894	0.0	641447	2669.977156401642	-0.44999999999999996
20124.677366390388	1850	12.673742227338511	0.0	873429	3606.653266347383	1.2000000000000002
20128.61117109578	1850	12.739937521947393	0.0	954453	3933.804705391118	1.85
20132.264795046005	1850	13.08631357172368	0.0	885062	3653.6239502237136	1.85
20138.75894283817	2850	10.59216577956079	0.0	1587293	6494.147792162891	1.85
20141.68673070788	1200	11.66437790985183	0.0	690253	2927.7878697089595	-0.44999999999999996
20145.661167352573	1850	11.6899412651595	0.0	943942	3974.436644692329	1.2000000000000002
20148.748657564247	1850	12.602451053485256	0.0	728962	3087.4902116742446	1.85
20152.701000999572	1850	12.650107618155713	0.0	938587	3952.343435329543	1.85
20156.52989475973	1850	12.821213857999522	0.0	908665	3828.893760156191	1.85
20160.239749102766	1850	13.11135951496325	0.0	930577	3709.8543430362743	1.85
20165.51838971355	2850	11.832718904178282	0.0	1339500	5278.640610784967	1.85
20169.576465577127	1850	11.774643040604078	0.0	1025005	4058.075863574203	0.8500000000000001
20173.096048432304	1850	12.255060185425855	0.0	886255	3519.582855178224	1.85
20176.956063656617	1850	12.395044961112712	0.0	973972	3860.0152243131442	1.85
20180.75794880324	1850	12.593159814491495	0.0	958994	3801.885146621216	1.85
20184.649369327904	1850	12.70173928982563	0.0	982064	3891.420524665866	1.85
20187.953457953958	1850	13.397650663773074	0.0	830730	3304.088626052554	1.85
20193.329267930152	2850	12.021840687573981	0.0	1364537	5375.809976199094	1.85

