2913.0861559858995	750	4.0	7.518063303428747	450283	7518.063303428747	-31.577672204743607
2915.2285508664004	300	5.857605119498737	0.0	155580	2142.3948805012633	-0.15000000000000002
2917.1868750597437	300	7.899280926155234	0.0	139857	1958.3241933435022	0.3
2919.5826202123626	300	9.503535773536612	0.0	155432	2395.7451526186233	0.3
2921.9304719723505	300	11.155684013548939	0.0	163442	2347.8517599876736	0.3
2923.9192123174603	300	13.166943668439322	0.0	126289	1988.7403451096152	0.3
2925.9841618199503	300	15.101994165949215	0.0	153295	2064.9495024901075	0.3
2928.3895020180144	300	16.69665396788493	0.0	173849	2405.3401980642857	0.3
2930.4687844486803	300	18.61737153721867	0.0	150710	2079.2824306662587	0.3
2932.406166791968	300	20.679989193931227	0.0	139105	1937.3823432874406	0.3
2934.514244730365	300	22.571911255534214	0.0	141840	2108.077938397014	0.3
2940.1705984735136	750	20.915557512385735	0.0	405134	5656.353743148479	0.3
2942.3613493306834	300	22.72480665521611	0.0	160746	2190.750857169625	-0.15000000000000002
2948.5138182333303	750	20.572337752569123	0.0	434409	6152.468902646989	0.3
2950.338721816571	300	22.74743416932836	0.0	140051	1824.90358324076	-0.15000000000000002
2955.261383925684	750	21.82477206021498	0.0	366214	4922.662109113384	0.3
2960.190227217478	750	20.89592876842132	0.0	360831	4928.843291793658	0.75
2964.9441409619503	750	20.142015023948776	0.0	372963	4753.913744472543	0.75
2970.2575055273473	750	18.82865045855161	0.0	405596	5313.364565397165	0.75
2972.255766937183	300	20.83038904871591	0.0	140881	1998.2614098356996	-0.15000000000000002
2974.3724243995885	300	22.71373158631076	0.0	157671	2116.6574624051514	0.3
2979.5611732451302	750	21.524982740768923	0.0	399894	5188.748845541839	0.3
2985.013340163255	750	20.072815822643765	0.0	401853	5452.166918125156	0.75
2987.0149280968844	300	22.071227889014597	0.0	137654	2001.58793362917	-0.15000000000000002
2991.8159237809755	750	21.27023220492342	0.0	359903	4800.995684091176	0.3
2996.761595668101	750	20.324560317797488	0.0	379700	4945.671887125932	0.75
3002.682145585519	750	18.40401040037972	0.0	425781	5920.549917417772	0.75
3004.2170023593976	300	20.86915362650102	0.0	111155	1534.856773878694	-0.15000000000000002
3009.9144757126546	750	19.171680273244164	0.0	400396	5697.473353256855	0.3
3012.0152901046677	300	21.07086588123106	0.0	149029	2100.814392013106	-0.15000000000000002
3014.1157527241485	300	22.970403261750153	0.0	157421	2100.4626194809052	0.3
3019.6277157994145	750	21.458440186483987	0.0	400322	5511.963075266168	0.3
3024.4183586512336	750	20.66779733466507	0.0	369834	4790.642851818914	0.75
3030.3170566824933	750	18.769099303404754	0.0	412837	5898.698031260319	0.75
3032.7093620410287	300	20.376793944869764	0.0	179328	2392.3053585349885	-0.15000000000000002
3037.454128475688	750	19.632027510210463	0.0	365161	4744.766434659299	0.3
3042.000095090243	750	19.0860608956554	0.0	321064	4545.966614555065	0.75
3043.7942428931365	300	21.29191309276202	0.0	124011	1794.147802893377	-0.15000000000000002
3045.7766251804223	300	23.30953080547635	0.0	144254	1982.382287285672	0.3
3051.163135798458	750	21.9230201874406	0.0	390680	5386.510618035752	0.3
3055.9599392354203	750	21.126216750478218	0.0	345516	4796.80343696238	0.75
3061.1651250173227	750	19.921030968575973	0.0	384505	5205.185781902244	0.75
3063.1398694345394	300	21.94628655135952	0.0	145210	1974.7444172164526	-0.15000000000000002
3068.855668697711	750	20.23048728818832	0.0	438281	5715.799263171199	0.3
3079.2282140232996	750	13.857941962599556	0.0	398987	10372.545325588764	0.75
3084.922073505801	300	12.164082480098125	0.0	160064	5693.859482501432	-0.15000000000000002
3088.7020193620224	300	12.38413662387702	0.0	137507	3779.9458562211053	0.3
3090.3797890245874	300	14.706366961311865	0.0	118421	1677.769662565154	0.3

