74070.21549746688	750	4.0	4.248624343348808	450283	4248.624343348808	-17.51908467639987
74071.71177654022	300	6.503720926660073	0.0	155580	1496.2790733399268	-0.15000000000000002
74072.60159741275	300	9.613900054136735	0.0	139857	889.8208725233384	0.3
74074.87009508612	750	11.345402380762378	0.0	382355	2268.497673374356	0.3
74082.077533264	750	8.137964202884092	0.0	411561	7207.438177878285	0.75
74085.07058069487	750	9.14491677202147	0.0	318564	2993.047430862623	0.75
74086.00194070423	300	12.21355676265787	0.0	153295	931.3600093635995	-0.15000000000000002
74087.04745220994	300	15.168045256947622	0.0	173849	1045.5115057102475	0.3
74087.9644558109	300	18.25104165597441	0.0	150710	917.003600973209	0.3
74090.5483431482	300	19.667154318679792	0.0	139105	2583.8873372946186	0.3
74092.62107234742	300	21.594425119457984	0.0	141840	2072.729199221809	0.3
74094.86096021255	300	23.354537254337146	0.0	156148	2239.8878651208406	0.3
74097.7903691106	300	24.425128356287118	0.0	160746	2929.4088980500283	0.3
74099.76904849902	300	26.44644896786482	0.0	179801	1978.679388422298	0.3
74101.38072010466	300	28.83477736221787	0.0	140051	1611.6716056469468	0.3
74105.37770937568	750	28.837788091205987	0.0	366214	3996.9892710118847	0.3
74109.0151062624	750	29.200391204487072	0.0	360831	3637.396886718915	0.75
74112.76978986681	750	29.445707600085072	0.0	372963	3754.683604402003	0.75
74119.00558354905	1200	27.20991391783556	0.0	639204	6235.79368224951	0.75
74125.59741270875	1200	24.61808475812152	0.0	586839	6591.8291597140405	1.2
74133.54126154252	1200	20.67423592436201	0.0	601738	7943.848833759512	1.2
74139.49239873658	1200	18.72309873029447	0.0	616206	5951.137194067537	1.2
74145.92785818208	1200	16.28763928478801	0.0	656471	6435.4594455064625	1.2
74151.03441390286	1200	15.181083564006622	0.0	536667	5106.555720781386	1.2
74156.84963935574	1200	13.365858111125275	0.0	587236	5815.225452881347	1.2
74163.51534550604	1200	10.700151960830386	0.0	590335	6665.70615029489	1.2
74175.77548071752	1200	4.0	1.559983250655112	696376	12260.135211485498	-5.507927977816981
74176.98387181503	300	6.791608902496196	0.0	111155	1208.3910975038043	-0.6000000000000001
74178.9525276764	300	8.82295304112153	0.0	153605	1968.6558613746665	0.3
74181.39548285463	300	10.3799978629048	0.0	149029	2442.9551782167287	0.3
74183.51624186967	300	12.259238847844786	0.0	157421	2120.759015060014	0.3
74185.63786945281	300	14.137611264715652	0.0	157488	2121.627583129135	0.3
74187.26764872627	300	16.50783199125022	0.0	143881	1629.7792734654342	0.3
74191.21038818911	750	16.565092528420003	0.0	412837	3942.739462830217	0.3
74195.10302354183	750	16.672457175696717	0.0	401088	3892.6353527232855	0.75
74200.75578946664	1200	15.019691250884762	0.0	598727	5652.765924811954	0.75
74205.39045815801	1200	14.385022559499543	0.0	487812	4634.668691385219	1.2
74212.61158146814	1200	11.16389924938787	0.0	575591	7221.123310111673	1.2
74217.16044989656	750	10.615030820969135	0.0	378327	4548.868428418733	0.3
74222.38300325451	750	9.392477463029802	0.0	390680	5222.553357939334	0.75
74225.78913128474	750	9.986349432808474	0.0	345516	3406.1280302213263	0.75
74229.39858327227	750	10.376897445278706	0.0	384505	3609.4519875297688	0.75
74236.33742918336	750	7.4380515341785305	0.0	372093	6938.845911100176	0.75
74238.01503211142	300	9.760448606123719	0.0	172312	1677.6029280548119	-0.15000000000000002
74239.68925856269	300	12.086222154851535	0.0	167025	1674.2264512721836	0.3
74244.18228562913	750	11.593195088425043	0.0	393804	4493.027066426491	0.3
74247.63242479957	750	12.143055917992344	0.0	331053	3450.1391704326998	0.75
74257.05681508359	1850	6.718665633961354	0.0	846370	9424.39028403099	0.75

