57748.84028663826	750	4.0	2.62981700306393	450283	2629.81700306393	-10.558213113174899
57749.773425457264	300	7.066861181001333	0.0	155580	933.1388189986661	-0.15000000000000002
57750.62034560001	300	10.219941038253573	0.0	139857	846.9201427477597	0.3
57751.55267284589	300	13.287613792369779	0.0	155432	932.327245883794	0.3
57752.52892374482	300	16.311362893444596	0.0	163442	976.2508989251832	0.3
57753.3014423739	300	19.53884426436295	0.0	126289	772.5186290816464	0.3
57754.22205116204	300	22.618235476225653	0.0	153295	920.6087881372961	0.3
57755.25536990831	300	25.58491672995943	0.0	173849	1033.318746266224	0.3
57756.161803584946	300	28.678483053321756	0.0	150710	906.4336766376717	0.3
57757.0046000589	300	31.83568657937389	0.0	139105	842.796473947869	0.3
57757.86239418467	300	34.97789245360727	0.0	141840	857.7941257666206	0.3
57758.79864768967	300	38.04163894860017	0.0	156148	936.2535050070943	0.3
57759.76011479726	300	41.08017184101077	0.0	160746	961.4671075894048	0.3
57760.82607194339	300	44.01421469488158	0.0	179801	1065.9571461291887	0.3
57763.2592557659	300	45.58103087237045	0.0	140051	2433.1838225111264	0.3
57764.248234691346	300	48.592051946927526	0.0	138313	988.9789254429264	0.3
57765.27136119869	300	51.56892543957544	0.0	143509	1023.1265073520849	0.3
57766.341194185	300	54.499092453272546	0.0	150616	1069.8329863028912	0.3
57767.50808096068	300	57.33220567758658	0.0	165384	1166.8867756859654	0.3
57769.01393652015	300	59.8263501181285	0.0	140881	1005.8555594580764	0.3
57771.8577987743	300	59.710152391569814	0.0	157671	1116.197726558687	0.3
57774.74071219614	300	59.5930280273958	0.0	157812	1117.1243641740048	0.3
57777.22423456193	300	59.94166143533264	0.0	163927	1151.3665920631593	0.3
57779.43772867166	300	59.963492205331335	0.0	137654	978.1692300013082	0.3
57783.652430151786	300	59.748790725208174	0.0	146754	3214.7014801231644	0.3
57786.51492253532	300	59.96005777536608	0.0	153938	1788.732949842087	0.3
57789.91987892105	300	59.50695923735213	0.0	181901	1953.0985380139552	0.3
57792.245468490626	300	59.53009337642179	0.0	111155	976.8658609303382	0.3
57794.1537468885	300	59.96081599555145	0.0	153605	1069.2773808703425	0.3
57795.992360142016	300	59.92100987730187	0.0	149029	1039.8061182495771	0.3
57797.89787523135	300	59.82715593651876	0.0	157421	1093.8539407831138	0.3
57801.573531731636	300	59.60615818819658	0.0	157488	2720.9977483221755	0.3
57803.70039900656	300	59.73005392671626	0.0	143881	1376.1042614803248	0.3
57805.33744071394	300	59.747414662696634	0.0	163444	982.6392640196307	0.3
57807.052564308746	300	59.67705408697582	0.0	179328	1070.3605757208115	0.3
57808.53861603733	300	59.71390967502778	0.0	159914	963.1444119480387	0.3
57810.6076357208	750	59.65335354881086	0.0	321064	1560.556126216921	0.3
57812.5317444836	750	59.9060309097868	0.0	361565	1747.322639024061	0.75
57814.77676869824	750	59.58141190060711	0.0	378327	1824.6190091796934	0.75
57816.88034129331	750	59.69982820579726	0.0	390680	1881.5836948098406	0.75
57818.868958594816	750	59.52651400518316	0.0	345516	1673.314200614101	0.75
57820.8114781619	750	59.67340573608094	0.0	384505	1853.1082691022264	0.75
57824.41263248105	750	59.87753422550226	0.0	372093	1795.8715105786785	0.75
57828.34109758246	750	59.77644304257774	0.0	438281	2101.091182924521	0.75
57831.928252772785	750	59.856552406658075	0.0	398987	1919.890635919663	0.75
57835.829203802154	750	59.95020913317692	0.0	393804	2406.34327348116	0.75
57839.99778217772	750	59.781630757609754	0.0	331053	3168.5783755671687	0.75
57843.498939246696	750	59.53164536134912	0.0	314107	1749.9853962606333	0.75

