81181.1423852088	750	4.0	8.027699283530914	450283	8027.699283530914	-33.76910691918293
81183.08761856228	300	6.05476664651532	0.0	155580	1945.2333534846791	-0.15000000000000002
81184.84435041161	300	8.298034797188244	0.0	139857	1756.731849327078	0.3
81186.78780940761	300	10.354575801180848	0.0	155432	1943.4589960073959	0.3
81188.82729950763	300	12.315085701166431	0.0	163442	2039.4901000144168	0.3
81190.42136593634	300	14.721019272459486	0.0	126289	1594.066428706946	0.3
81192.33920464905	300	16.803180559755834	0.0	153295	1917.8387127036501	0.3
81194.50346325086	300	18.63892195794353	0.0	173849	2164.2586018123025	0.3
81196.39031065222	300	20.752074556582972	0.0	150710	1886.8474013605608	0.3
81200.73069473142	750	20.41169047739352	0.0	362795	4340.38407918945	0.3
81204.66189257815	750	20.48049263064946	0.0	353220	3931.1978467440617	0.75
81209.15911467328	750	19.98327053551666	0.0	405134	4497.222095132802	0.75
81213.45154358243	750	19.690841626373874	0.0	386351	4292.428909142786	0.75
81218.26795433325	750	18.87443087554934	0.0	434409	4816.4107508245315	0.75
81222.02294695831	750	19.11943825048364	0.0	337059	3754.9926250657	0.75
81226.09581986543	750	19.04656534337892	0.0	366214	4072.8729071047214	0.75
81230.1100013111	750	19.032383897711895	0.0	360831	4014.181445667025	0.75
81234.25645933305	750	18.885925875756158	0.0	372963	4146.4580219557365	0.75
81238.75871866675	750	18.383666542060432	0.0	405596	4502.259333695725	0.75
81242.66258240727	750	18.47980280154418	0.0	350713	3903.8637405162503	0.75
81246.95633059317	750	18.186054615634916	0.0	386472	4293.748185909266	0.75
81261.29877355171	750	7.843611657102958	0.0	399894	14342.442958531958	0.75
81269.6506131791	300	4.0	0.5082279702945707	163927	8351.839627397529	-2.335380272266654
81275.56181553917	300	4.0	1.9112023600587045	137654	5911.2023600587045	-7.91817014825243
81281.94600374639	300	4.0	2.384188207218824	146754	6384.188207218824	-9.952009291040941
81286.62906052837	300	4.0	0.6830567819786137	153938	4683.056781978614	-2.637144162508039
81293.7422868006	300	4.0	3.113226272220154	181901	7113.226272220154	-13.086872970546661
81298.00598315663	300	4.0	0.26369635603629465	111155	4263.696356036295	-0.8338943309560669
81303.18452091	300	4.0	1.1785377533534156	153605	5178.537753353416	-4.767712339419687
81308.19004685612	300	4.0	1.0055259461223467	149029	5005.525946122347	-4.0237615683260906
81313.30169568336	300	4.0	1.1116488272463612	157421	5111.648827246361	-4.480089957159353
81318.04563132691	300	4.0	0.7439356435474328	157488	4743.935643547433	-2.898923267253961
81321.97283487102	300	4.072796455883849	0.0	143881	3927.2035441161506	0.3
81326.66005733183	300	4.0	0.6144260049210716	163444	4687.222460804921	-2.342031821160608
81330.73482683448	300	4.0	0.07476950265914366	179328	4074.7695026591437	-0.02150886143431774
81334.39079225642	300	4.3440345780565295	0.0	159914	3655.96542194347	0.3
81337.14962770994	300	5.585199124548929	0.0	131610	2758.8354535076005	0.3
81339.6214282264	300	7.113398608091209	0.0	124011	2471.8005164577207	0.3
81342.57210210216	300	8.162724732322376	0.0	144254	2950.6738757688317	0.3
81347.664701219	300	7.0701256154881165	0.0	149991	5092.59911683426	0.3
81352.43895560695	300	6.295871227529961	0.0	147968	4774.254387958155	0.3
81356.91249549446	300	5.822331340025929	0.0	161857	4473.539887504032	0.3
81360.76816112665	300	5.966665707836437	0.0	145210	3855.665632189493	0.3
81364.41884315222	300	6.3159836822602555	0.0	172312	3650.682025576181	0.3
81368.76732016003	300	5.967506674455932	0.0	167025	4348.477007804323	0.3
81372.85907702406	300	5.87574981043333	0.0	160064	4091.7568640226027	0.3
81375.783508992	300	6.951317842494265	0.0	137507	2924.431967939064	0.3
81378.36862602635	300	8.366200808141086	0.0	118421	2585.1170343531794	0.3

