94310.45098212274	750	4.0	6.1709678046637695	450283	6170.967804663769	-25.785161560054206
94312.27110443857	300	6.179877684170533	0.0	155580	1820.1223158294674	-0.15000000000000002
94313.64894453848	300	8.802037584261917	0.0	139857	1377.8400999086155	0.3
94314.74743995578	300	11.703542166957254	0.0	155432	1098.4954173046654	0.3
94317.52426552864	750	12.926716594093715	0.0	411561	2776.8255728635377	0.3
94319.69171196259	750	14.759270160166059	0.0	318564	2167.4464339276556	0.75
94322.26157755288	750	16.18940456985664	0.0	352642	2569.865590309418	0.75
94326.32050162092	750	16.13048050182678	0.0	437162	4058.924068029861	0.75
94329.81144224679	750	16.639539875956427	0.0	374758	3490.9406258703516	0.75
94333.19349905242	750	17.25748307033084	0.0	362795	3382.0568056255884	0.75
94335.7621827418	750	18.688799380944516	0.0	353220	2568.6836893863197	0.75
94339.42701991777	750	19.0239622049784	0.0	405134	3664.837175966115	0.75
94341.77132131574	750	20.67966080700992	0.0	386351	2344.301397968481	0.75
94343.8732972628	750	22.57768485993849	0.0	434409	2101.9759470714325	0.75
94347.10406331424	1850	23.34691880849497	0.0	821631	3230.7660514435183	0.75
94354.50661971541	1850	19.944362407337344	0.0	923170	7402.556401157627	1.85
94359.63827437507	1850	18.812707747673667	0.0	966699	5131.654659663675	1.85
94364.31536046113	1850	18.13562166160537	0.0	885714	4677.086086068297	1.85
94371.03209068743	1850	15.418891435308447	0.0	987708	6716.730226296923	1.85
94374.78342337644	1850	15.667558746296217	0.0	923755	3751.3326890122307	1.85
94377.86557843057	1850	16.585403692153974	0.0	891604	3082.155054142245	1.85
94382.02275869691	1850	16.428223425818025	0.0	955231	4157.1802663359485	1.85
94387.11580938668	1850	15.335172736046253	0.0	968026	5093.050689771772	1.85
94391.69804771148	1850	14.75293441123684	0.0	874175	4582.238324809414	1.85
94396.14414804174	1850	14.30683408099217	0.0	897976	4446.10033024467	1.85
94400.69678882544	1850	13.754193297294808	0.0	905935	4552.640783697361	1.85
94405.70408892773	1850	12.746893195007047	0.0	1076599	5007.300102287762	1.85
94411.34310017456	1850	11.10788194818378	0.0	758197	5639.011246823267	1.85
94417.7467736805	1850	8.704208442251556	0.0	972798	6403.673505932224	1.85
94424.46925816442	750	5.981723958323727	0.0	400508	6722.484483927829	-0.3500000000000001
94427.92762022118	750	6.523361901562084	0.0	358218	3458.362056761643	0.75
94428.59291989899	300	9.858062223759266	0.0	157488	665.2996778028183	-0.15000000000000002
94431.40078133697	750	11.050200785783579	0.0	369834	2807.8614379756855	0.3
94433.20247697408	750	13.248505148664732	0.0	412837	1801.6956371188483	0.75
94436.94001935283	750	13.510962769920992	0.0	401088	3737.54237874374	0.75
94438.86234082714	750	15.58864129560255	0.0	365161	1922.3214743184442	0.75
94440.75271551903	750	17.698266603711943	0.0	321064	1890.3746918906097	0.75
94442.58942574354	750	19.861556379180847	0.0	361565	1836.7102245310982	0.75
94444.02479770433	750	22.426184418398655	0.0	378327	1435.3719607821931	0.75
94453.55963743773	1850	16.891344685001606	0.0	930577	9534.839733397052	0.75
94460.23445702442	1200	14.216525098324453	0.0	566904	6674.819586677151	0.5499999999999999
94466.5391268277	750	11.911855295027483	0.0	384505	6304.669803296972	0.3
94468.53123388007	750	13.919748242653258	0.0	372093	1992.1070523742258	0.75
94470.55012170463	750	15.900860418098802	0.0	438281	2018.8878245544545	0.75
94480.71586262344	750	9.735119499289562	0.0	398987	10165.74091880924	0.75
94481.66906208836	300	12.781920034374087	0.0	160064	953.1994649154744	-0.15000000000000002
94485.95259307869	750	12.498389044038609	0.0	331053	4283.530990335477	0.3
94489.360382095	750	13.090600027733847	0.0	314107	3407.7890163047614	0.75

