78165.27379666976	750	4.0	2.140860266647988	450283	2140.8602666479883	-8.45569914658635
78165.83245727315	300	7.441339396609489	0.0	155580	558.6606033905109	-0.15000000000000002
78166.9572967638	750	10.316499905978736	0.0	350812	1124.8394906307537	0.3
78167.90454661348	750	13.369250056288168	0.0	382355	947.2498496905665	0.75
78169.94399877627	1850	15.32979789350396	0.0	996749	2039.452162784209	0.75
78171.62112978226	1850	17.652666887520994	0.0	801058	1677.1310059829661	1.85
78174.03633461878	1850	19.23746205100691	0.0	905515	2415.204836514084	1.85
78175.86056788597	1850	21.41322878380374	0.0	1060487	1824.2332672031735	1.85
78178.155134695	1850	23.118661974793646	0.0	852833	2294.566809010092	1.85
78182.69328653225	1850	22.58051013754929	0.0	913888	4538.151837244357	1.85
78184.58386008126	1850	24.689936588534344	0.0	939819	1890.5735490149457	1.85
78185.91536206545	1850	27.358434604347305	0.0	917428	1331.5019841870376	1.85
78188.92660753509	4300	28.34718913470501	0.0	2209463	3011.245469642298	1.8499999999999996
78191.90367209578	4300	29.370124574025127	0.0	2275376	2977.0645606798826	4.3
78195.77808478365	4300	29.49571188613924	0.0	2005399	3874.412687885883	4.3
78201.6264581331	4300	27.64733853669737	0.0	2152483	5848.373349441876	4.3
78208.23627847568	4300	25.037518194115293	0.0	2289689	6609.820342582077	4.3
78212.84934625975	4300	24.424450410042173	0.0	2059512	4613.067784073119	4.3
78220.10868932339	4300	21.165107346424914	0.0	2220726	7259.343063617258	4.3
78226.11541976886	4300	19.158376900948674	0.0	2156729	6006.730445476238	4.3
78234.61274448482	4300	14.661052184981212	0.0	2039773	8497.324715967463	4.3
78240.08061923992	4300	13.193177429894815	0.0	2176469	5467.874755086398	4.3
78246.50701769163	4300	10.766778978181968	0.0	2221506	6426.3984517128465	4.3
78252.52689931303	4300	8.746897356783816	0.0	2044075	6019.881621398154	4.3
78253.8800731476	1850	11.393723522227832	0.0	897976	1353.1738345559813	-0.6000000000000001
78257.2318584666	1850	12.041938203216427	0.0	905935	3351.7853190114056	1.85
78263.0477538041	1850	10.226042865731303	0.0	1076599	5815.895337485125	1.85
78264.37863186187	1850	12.895164807975467	0.0	758197	1330.8780577558357	1.85
78267.01879619194	1850	14.255000477901559	0.0	972798	2640.1643300739074	1.85
78271.25126547502	1850	14.022531194828057	0.0	975811	4232.469283073504	1.85
78272.80083099226	1850	16.472965677599948	0.0	873429	1549.5655172281076	1.85
78274.48672135841	1850	18.787075311451215	0.0	954453	1685.8903661487302	1.85
78275.90282420359	1850	21.370972466269595	0.0	885062	1416.1028451816198	1.85
78277.3350060115	1850	23.938790658352072	0.0	1035329	1432.1818079175257	1.85
78279.11934782332	1850	26.154448846528318	0.0	1026056	1784.3418118237516	1.85
78282.7667014488	1850	26.50709522105896	0.0	943942	3647.3536254693568	1.85
78284.03082946506	1850	29.242967204800497	0.0	728962	1264.1280162584642	1.85
78286.85078917567	4300	30.423007494190557	0.0	2147467	2819.9597106099395	1.8499999999999996
78290.7050594113	4300	30.568737258560677	0.0	2133870	3854.2702356298787	4.3
78296.72199772389	4300	28.551798945974777	0.0	2146120	6016.938312585902	4.3
78303.10419136587	4300	26.169605303998214	0.0	2108491	6382.193641976564	4.3
78308.83427257818	4300	24.43952409168129	0.0	2184571	5730.081212316927	4.3
78313.86145670242	4300	23.412339967429144	0.0	2121928	5027.184124252144	4.3
78318.1714295818	4300	23.10236708806273	0.0	2219102	4309.972879366413	4.3
78325.07135160688	4300	20.20244506297377	0.0	2124950	6899.922025088964	4.3
78328.20240683014	4300	21.071389839708743	0.0	2246506	3131.055223265025	4.3
78330.77799899576	4300	22.495797674090305	0.0	1961140	2575.592165618439	4.3
78333.64685464761	4300	23.626942022243437	0.0	2155012	2868.855651846866	4.3

