22693.04757630816	750	4.0	3.3153139265337654	450283	3315.3139265337654	-13.505849884095191
22694.687340432043	300	6.36023587611557	0.0	155580	1639.76412388443	-0.15000000000000002
22695.969619134066	300	9.07795717409548	0.0	139857	1282.2787020200876	0.3
22697.171674456855	300	11.875901851305148	0.0	155432	1202.0553227903326	0.3
22698.41269416706	300	14.634882141100485	0.0	163442	1241.0197102046634	0.3
22699.433850823018	300	17.613725485139504	0.0	126289	1021.1566559609779	0.3
22700.699191120468	300	20.348385187689317	0.0	153295	1265.3402974501894	0.3
22702.416853579944	300	22.630722728216355	0.0	173849	1717.6624594729608	0.3
22704.663694711337	300	24.383881596822537	0.0	150710	2246.841131393818	0.3
22705.702388371046	300	27.345187937110886	0.0	139105	1038.6936597116494	0.3
22706.763922579255	300	30.283653728903833	0.0	141840	1061.5342082070515	0.3
22707.92843624717	300	33.11914006098726	0.0	156148	1164.5136679165676	0.3
22709.199968010824	300	35.84760829733178	0.0	160746	1271.5317636554837	0.3
22710.65735519131	300	38.39022111684652	0.0	179801	1457.3871804852618	0.3
22711.78882588133	300	41.2587504268285	0.0	140051	1131.470690018021	0.3
22712.891283348148	300	44.156292960010525	0.0	138313	1102.4574668179703	0.3
22713.982554927876	300	47.0650213802845	0.0	143509	1091.2715797260341	0.3
22715.12227438529	300	49.92530192287188	0.0	150616	1139.7194574126113	0.3
22716.361662925676	300	52.68591338248409	0.0	165384	1239.388540387792	0.3
22717.4217198766	300	55.62585643156028	0.0	140881	1060.0569509238135	0.3
22718.588595720328	300	58.45898058782931	0.0	157671	1166.8758437309652	0.3
22720.258573220028	300	59.59515848538121	0.0	157812	1363.8221024481015	0.3
22723.41277258024	300	59.890136566851915	0.0	163927	1205.0219185292985	0.3
22726.40547185981	300	59.81987554875784	0.0	137654	1070.2610180940706	0.3
22729.45664609277	300	59.72350757921481	0.0	146754	1096.367969543035	0.3
22730.763421057298	300	59.50752322866071	0.0	153938	1215.9843505541062	0.3
22734.00010086385	300	59.64507871531981	0.0	181901	1362.4445133408924	0.3
22737.921838232298	750	59.572327614754805	0.0	277716	2072.7511005650067	0.3
22741.82692002232	750	59.659779908032576	0.0	400396	2912.5477067222205	0.75
22745.91210442358	750	59.57459550677529	0.0	400508	3085.1844012572938	0.75
22749.980028764287	750	59.506671166069594	0.0	358218	3567.924340705695	0.75
22756.003558812085	750	57.48314111826822	0.0	400322	6023.530047801376	0.75
22758.775682293654	750	58.71101763670209	0.0	369834	2772.1234815661333	0.75
22761.820212060804	750	59.66648786955009	0.0	412837	3044.529767152002	0.75
22765.533793499537	750	59.90961021397631	0.0	401088	2756.877655573775	0.75
22769.377696009058	750	59.681510809794325	0.0	365161	2728.0994041819895	0.75
22773.11781240178	750	59.94139441707546	0.0	321064	3740.116392718867	0.75
22776.590275408962	750	59.79912259476327	0.0	361565	2642.2718223121815	0.75
22780.37910571087	750	59.53280317644382	0.0	378327	2766.319418319452	0.75
22784.216480865063	750	59.69542802224636	0.0	390680	2837.3751541974552	0.75
22787.428955840754	750	59.68463352204516	0.0	345516	2510.794500201208	0.75
22790.960721427302	750	59.73359103401584	0.0	384505	2951.0424880293226	0.75
22796.053067805977	750	58.641244655342746	0.0	372093	5092.346378673094	0.75
22801.024496639442	750	57.66981582187496	0.0	438281	4971.428833467785	0.75
22805.625147915463	750	57.069164545854406	0.0	398987	4600.651276020552	0.75
22808.494352588543	750	58.199959872777626	0.0	393804	2869.2046730767843	0.75
22811.48635852406	750	59.207953937257315	0.0	331053	2992.005935520309	0.75
22814.850490490582	750	59.84382197073857	0.0	314107	2364.1319665187493	0.75

