2976.3607625428112	750	4.0	7.518063303428747	450283	7518.063303428747	-31.577672204743607
2978.503157423312	300	5.857605119498737	0.0	155580	2142.3948805012633	-0.15000000000000002
2980.461481616656	300	7.899280926155234	0.0	139857	1958.3241933435022	0.3
2982.8572267692743	300	9.503535773536612	0.0	155432	2395.7451526186233	0.3
2985.2050785292627	300	11.155684013548939	0.0	163442	2347.8517599876736	0.3
2987.193818874372	300	13.166943668439322	0.0	126289	1988.7403451096152	0.3
2989.258768376862	300	15.101994165949215	0.0	153295	2064.9495024901075	0.3
2995.1449098870953	750	13.21585265571589	0.0	437162	5886.141510233324	0.3
3000.4721555956503	750	11.888606947161	0.0	374758	5327.245708554893	0.75
3005.4424149246042	750	10.918347618207278	0.0	362795	4970.259328953722	0.75
3007.5019300717063	300	12.85883247110503	0.0	141840	2059.5151471022477	-0.15000000000000002
3009.8043352400423	300	14.55642730276923	0.0	156148	2302.4051683358007	0.3
3014.962048544173	750	13.398713998638781	0.0	386351	5157.713304130447	0.3
3020.758581671633	750	11.602180871178811	0.0	434409	5796.533127459971	0.75
3025.321845493759	750	11.0389170490527	0.0	337059	4563.263822126112	0.75
3029.8612626115864	750	10.499499931224925	0.0	366214	4539.417117827774	0.75
3034.81543189132	750	9.54533065149183	0.0	360831	4954.169279733096	0.75
3036.8799739004826	300	11.480788642329326	0.0	150616	2064.5420091625037	-0.15000000000000002
3039.1149158232956	300	13.245846719516193	0.0	165384	2234.9419228131333	0.3
3041.0046297205254	300	15.356132822286346	0.0	140881	1889.7138972298455	0.3
3046.187067425794	750	14.173695117017694	0.0	386472	5182.437705268651	0.3
3051.552193091875	750	12.80856945093675	0.0	399894	5365.125666080945	0.75
3056.8382432808817	750	11.522519261930073	0.0	401853	5286.050189006676	0.75
3061.5231175429294	750	10.837644999882228	0.0	343800	4684.874262047845	0.75
3063.638004597372	300	12.722757945439701	0.0	146754	2114.8870544425254	-0.15000000000000002
3065.775944273311	300	14.584818269500676	0.0	153938	2137.9396759390256	0.3
3068.2286200802364	300	16.132142462574812	0.0	181901	2452.675806925863	0.3
3072.2957561338603	750	16.06500640895073	0.0	277716	4067.1360536240845	0.3
3077.6663086890726	750	14.694453853738548	0.0	400396	5370.552555212182	0.75
3083.204103387722	750	13.15665915508897	0.0	400508	5537.794698649577	0.75
3087.85143023336	750	12.509332309450748	0.0	358218	4647.326845638221	0.75
3093.568520910083	750	10.792241632727949	0.0	400322	5717.090676722798	0.75
3098.368747967978	750	9.992014574832917	0.0	369834	4800.227057895035	0.75
3100.5588776730733	300	11.801884869737497	0.0	163444	2190.1297050954186	-0.15000000000000002
3103.004359338133	300	13.356403204677985	0.0	179328	2445.481665059513	0.3
3105.4577572650696	300	14.90300527774113	0.0	159914	2453.397926936856	0.3
3109.812739767604	750	14.548022775206546	0.0	321064	4354.982502534584	0.3
3114.810108347273	750	13.550654195537772	0.0	361565	4997.368579668773	0.75
3120.0930703047957	750	12.26769223801527	0.0	378327	5282.961957522502	0.75
3125.3391184344773	750	11.021644108333989	0.0	390680	5246.048129681281	0.75
3127.283639970433	300	13.077122572378338	0.0	147968	1944.5215359556507	-0.15000000000000002
3132.6707200225883	750	11.690042520222717	0.0	384505	5387.080052155622	0.3
3142.3956985752548	750	5.965063967556885	0.0	372093	9724.97855266583	0.75
3148.523020213972	300	4.0	0.16225767116028963	172312	6127.321638717175	-0.8477079859892455
3152.4217958362788	300	4.1012243776933754	0.0	167025	3898.775622306625	0.3
3154.601938510183	300	5.921081703788946	0.0	160064	2180.1426739044286	0.3
3156.4009112578187	300	8.12210895615348	0.0	137507	1798.9727476354667	0.3
3158.2471227004553	300	10.275897513516975	0.0	118421	1846.2114426365056	0.3

