10131.916701992488	750	4.0	1.5324012051749878	450283	1532.4012051749878	-5.8393251822524475
10132.441309720423	300	7.47539227206529	0.0	155580	524.6077279347103	-0.15000000000000002
10132.931992401254	300	10.984709591235434	0.0	139857	490.68268082985537	0.3
10133.493277045462	300	14.423424947025664	0.0	155432	561.28464420977	0.3
10134.086670148494	300	17.8300318439949	0.0	163442	593.3931030307639	0.3
10134.55694883867	300	21.35975315381814	0.0	126289	470.2786901767612	0.3
10135.10581669328	300	24.810885299208387	0.0	153295	548.8678546097506	0.3
10135.717550981131	300	28.199151011357838	0.0	173849	611.734287850553	0.3
10136.25851235866	300	31.658189633829313	0.0	150710	540.9613775285267	0.3
10136.757013161574	300	35.15968883091533	0.0	139105	498.50080291398564	0.3
10137.258643960033	300	38.6580580324561	0.0	141840	501.6307984592373	0.3
10137.802806438303	300	42.11389555418612	0.0	156148	544.1624782699731	0.3
10138.360636841073	300	45.55606515141449	0.0	160746	557.8304027716339	0.3
10138.971558350742	300	48.94514364174702	0.0	179801	610.9215096674632	0.3
10139.457371161214	300	52.45933083127632	0.0	140051	485.8128104707071	0.3
10139.938147930066	300	55.9785540624233	0.0	138313	480.77676885302435	0.3
10140.433980666841	300	59.482721325649976	0.0	143509	495.83273677332335	0.3
10141.737512624539	300	59.9662952932628	0.0	150616	516.4260323871733	0.3
10143.092363078176	300	59.89442300335069	0.0	165384	571.8722899121163	0.3
10144.523092136484	300	59.780047592258896	0.0	140881	614.3754110917909	0.3
10146.522234486198	750	59.64815327725969	0.0	386472	1131.894314999203	0.3
10149.014959978636	750	59.54841445019823	0.0	399894	1599.7388270614629	0.75
10150.999062153762	750	59.711856648574205	0.0	401853	1336.5578016240243	0.75
10152.701541610428	750	59.64788921094165	0.0	343800	1063.967437632558	0.75
10154.461576183523	750	59.796128006411145	0.0	359903	1351.76120453051	0.75
10156.231674629274	750	59.57371533811673	0.0	379700	1222.4126682944118	0.75
10158.017828766297	750	59.665481205035526	0.0	425781	1408.234133081203	0.75
10159.921586165214	1200	59.60856255904562	0.0	487160	1556.9186459899017	0.75
10162.304722400966	1200	59.55691382338395	0.0	622896	2051.6487356616744	1.2
10164.401364058747	1200	59.633336697788025	0.0	641447	1923.577125595928	1.2
10168.121698521983	1200	59.913002234552415	0.0	570392	2720.33446323561	1.2
10172.086917413928	1200	59.792592254841324	0.0	620283	2120.409979711094	1.2
10175.748070431515	1200	59.59292019166459	0.0	584349	1699.6720631767332	1.2
10179.381210822767	1200	59.959779800412896	0.0	670129	2133.1403912516957	1.2
10183.806189141083	1200	59.534801482095546	0.0	690253	2924.9783183173467	1.2
10187.446444412106	1200	59.60797366332373	0.0	598727	1926.8278187718104	1.2
10191.083363623367	1200	59.97105445206268	0.0	487812	2636.9192112610513	1.2
10194.463189844226	1200	59.62231472488957	0.0	575591	1848.7397271731086	1.2
10197.587262021232	1200	59.666821925179995	0.0	605884	1955.4927997095715	1.2
10200.269201896816	1200	59.866141727536686	0.0	587506	1800.680197643309	1.2
10203.288310301821	1200	59.51121731235234	0.0	566904	1854.9244151843384	1.2
10206.990977498306	1850	59.808550115868954	0.0	1025005	3202.6671964833918	1.2000000000000002
10210.918428269935	1850	59.548250347207635	0.0	886255	2760.299768661313	1.85
10214.744406024096	1850	59.57783690111135	0.0	973972	2970.413446096287	1.85
10218.361586410176	1850	59.65502888760393	0.0	958994	2922.8080135074133	1.85
10221.393960145428	1850	59.94952819126382	0.0	982064	2705.500696340111	1.85
10224.569302022683	1850	59.733793761591414	0.0	830730	2715.734429672415	1.85
10227.860631177426	1850	59.76643290701176	0.0	846370	2967.3608545796496	1.85

