76071.2466354075	750	4.0	2.3035852781014396	450283	2303.5852781014396	-9.15541669583619
76072.32951385656	300	6.917121550948492	0.0	155580	1082.8784490515081	-0.15000000000000002
76072.99036944205	300	10.256265965464843	0.0	139857	660.8555854836486	0.3
76073.39730422366	300	13.849331183860404	0.0	155432	406.9347816044392	0.3
76074.3429792819	750	16.903656125623332	0.0	411561	945.675058237072	0.3
76075.0971495507	750	20.14948585682166	0.0	318564	754.1702688016719	0.75
76076.61416273566	1200	22.63247267186099	0.0	561791	1517.0131849606669	0.75
76078.16037719524	1850	25.0862582122718	0.0	1060487	1546.2144595891912	1.2000000000000002
76079.16869416622	1850	28.077941241302504	0.0	852833	1008.3169709692974	1.85
76087.4678733371	2850	23.778762070419077	0.0	1429765	8299.179170883428	1.85
76088.22228113998	1850	27.02435426752857	0.0	939819	754.4078028905079	0.8500000000000001
76089.83876230291	4300	29.407873104610704	0.0	2102452	1616.481162917861	1.8499999999999996
76091.68426410918	4300	31.562371298338448	0.0	2209463	1845.5018062722581	4.3
76093.96156614223	4300	33.28506926529287	0.0	2275376	2277.302033045575	4.3
76095.75301842125	4300	35.493616986279754	0.0	2005399	1791.4522790131161	4.3
76097.44418351477	4300	37.802451892759095	0.0	2152483	1691.1650935206585	4.3
76099.36970715564	4300	39.876928251881	0.0	2289689	1925.523640878097	4.3
76101.22958394262	4300	42.0170514649061	0.0	2059512	1859.8767869749	4.3
76103.04968681632	4300	44.19694859120202	0.0	2220726	1820.1028737040733	4.3
76106.20712818293	4300	45.03950722458207	0.0	2156729	3157.441366619951	4.3
76108.02393068427	4300	47.22270472324853	0.0	2039773	1816.802501333533	4.3
76110.28539357409	4300	48.96124183342207	0.0	2176469	2261.4628898264623	4.3
76117.4024912977	4300	45.84414410980483	0.0	2221506	7117.097723617241	4.3
76120.52184490758	4300	46.72479049992556	0.0	2044075	3119.353609879265	4.3
76121.98376409517	4300	49.262871312329416	0.0	2186790	1461.9191875961506	4.3
76130.42938476028	4300	44.81725064721927	0.0	2105231	8445.620665110144	4.3
76144.76022506287	4300	34.48641034461056	0.0	2395588	14330.840302608714	4.3
76147.16240730604	4300	36.084228101455764	0.0	1972048	2402.1822431547957	4.3
76148.71362199627	4300	38.53301341121566	0.0	2134614	1551.214690240104	4.3
76155.24024084595	4300	36.006394561539075	0.0	2164140	6526.618849676581	4.3
76157.50113894085	4300	37.74549646664483	0.0	2113193	2260.8980948942467	4.3
76160.77829113604	4300	38.468344271438426	0.0	2147852	3277.1521952063968	4.3
76162.92391198083	4300	40.32272342663754	0.0	2191074	2145.6208448008906	4.3
76164.61225314092	4300	42.63438226654202	0.0	2286761	1688.3411600955217	4.3
76169.71270743744	4300	41.533927970022326	0.0	2307787	5100.45429651969	4.3
76175.3552188594	4300	39.89141654806275	0.0	2143948	5642.511421959578	4.3
76180.41612499153	4300	38.830510415935954	0.0	1919781	5060.906132126796	4.3
76186.06776652191	4300	37.17886888555309	0.0	2147467	5651.641530382859	4.3
76191.68413039268	4300	35.562505014798354	0.0	2133870	5616.363870754741	4.3
76203.69333069448	4300	27.553304712987185	0.0	2146120	12009.20030181117	4.3
76205.2869904675	2850	29.95964493995832	0.0	1339500	1593.659773028864	1.4000000000000001
76207.89104156094	4300	31.355593846508306	0.0	2184571	2604.0510934500153	2.8499999999999996
76217.1111557461	4300	26.1354796613477	0.0	2121928	9220.114185160608	4.3
76228.83343719864	2850	18.413198208808485	0.0	1587250	11722.281452539213	1.4000000000000001
76231.30699613325	1200	19.939639274191578	0.0	630203	2473.5589346169063	-0.44999999999999996
76237.95708319522	1200	17.28955221223062	0.0	638661	6650.087061960957	1.2
76239.31635266767	750	19.93028273977524	0.0	331053	1359.2694724553812	0.3
76240.83814147017	1200	22.408493937250025	0.0	550906	1521.788802525214	0.75

