48883.1959476012	750	4.0	6.80726202810163	450283	6807.26202810163	-28.521226720837006
48885.52544430017	300	5.67050330102941	0.0	155580	2329.4966989705895	-0.15000000000000002
48887.62760563085	300	7.568341970344683	0.0	139857	2102.1613306847266	0.3
48889.98082602619	300	9.215121575000063	0.0	155432	2353.22039534462	0.3
48892.46059044281	300	10.735357158387837	0.0	163442	2479.7644166122263	0.3
48894.39484974219	300	12.801097859006152	0.0	126289	1934.2592993816854	0.3
48896.72562913943	300	14.47031846176082	0.0	153295	2330.77939724533	0.3
48902.97891749164	750	12.217030109554312	0.0	437162	6253.288352206509	0.3
48908.26098793394	750	10.934959667250688	0.0	374758	5282.070442303624	0.75
48913.36552501841	750	9.830422582781067	0.0	362795	5104.537084469621	0.75
48915.341630401046	300	11.85431720014741	0.0	141840	1976.1053826336554	-0.15000000000000002
48917.50900394368	300	13.686943657511481	0.0	156148	2167.373542635928	0.3
48919.73784316983	300	15.458104431363502	0.0	160746	2228.83922614798	0.3
48925.540524904085	750	13.65542269710681	0.0	434409	5802.681734256691	0.3
48929.94790864486	750	13.24803895633078	0.0	337059	4407.38374077603	0.75
48934.72960333109	750	12.466344270105067	0.0	366214	4781.694686225714	0.75
48939.279207827036	750	11.916739774157222	0.0	360831	4549.604495947844	0.75
48943.653469029654	750	11.542478571539737	0.0	372963	4374.261202617485	0.75
48948.40346355119	750	10.792484050000494	0.0	405596	4749.9945215392445	0.75
48952.52154032866	750	10.674407272535742	0.0	350713	4118.076777464752	0.75
48957.05134289754	750	10.144604703653615	0.0	386472	4529.802568882127	0.75
48958.94837554933	300	12.2475720518692	0.0	157812	1897.0326517844146	-0.15000000000000002
48960.915815740875	300	14.28013186031809	0.0	163927	1967.4401915511096	0.3
48962.58075106043	300	16.61519654076868	0.0	137654	1664.935319549412	0.3
48966.812581755985	750	16.38336584520359	0.0	359903	4231.8306955650905	0.3
48971.27290470963	750	15.923042891560014	0.0	379700	4460.3229536435765	0.75
48976.26483067098	750	14.931116930208114	0.0	425781	4991.925961351898	0.75
48979.520977690394	750	15.674969910803139	0.0	277716	3256.1470194049753	0.75
48984.16751870417	750	15.028428897025751	0.0	400396	4646.541013777386	0.75
48988.81533708484	750	14.38061051635773	0.0	400508	4647.818380668022	0.75
48992.98083541367	750	14.21511218752001	0.0	358218	4165.498328837721	0.75
48997.5374308521	750	13.658516749089591	0.0	400322	4556.595438430419	0.75
49001.37304919582	750	13.822898405372685	0.0	369834	3835.6183437169057	0.75
49005.648212325075	750	13.547735276118994	0.0	412837	4275.16312925369	0.75
49009.84248977451	750	13.353457826683178	0.0	401088	4194.2774494358155	0.75
49013.668235515375	750	13.52771208581476	0.0	365161	3825.745740868417	0.75
49017.04164338354	750	14.154304217652012	0.0	321064	3373.407868162749	0.75
49020.830502102835	750	14.365445498355347	0.0	361565	3788.8587192966643	0.75
49024.791301938814	750	14.40464566237745	0.0	378327	3960.799835977899	0.75
49028.878816284654	750	14.317131316534182	0.0	390680	4087.514345843267	0.75
49032.50304769327	750	14.692899907917457	0.0	345516	3624.2314086167253	0.75
49036.52722017087	750	14.668727430318231	0.0	384505	4024.1724775992257	0.75
49040.42407292885	750	14.771874672337637	0.0	372093	3896.8527579805946	0.75
49044.99986845207	750	14.196079149120342	0.0	438281	4575.795523217294	0.75
49048.930278410975	750	14.265669190213218	0.0	398987	3930.4099589071234	0.75
49051.10346124141	750	16.092486359785585	0.0	393804	2173.1828304276355	0.75
49052.94310425053	750	18.25284335067049	0.0	331053	1839.6430091150928	0.75
49054.692674339494	750	20.503273261699494	0.0	314107	1749.570088970994	0.75

