8609.811337004274	750	4.0	2.979480895759363	450283	2979.4808957593627	-12.061767851765259
8610.704059825273	300	7.107277179001351	0.0	155580	892.7228209986486	-0.15000000000000002
8612.173058605795	300	9.63827839848069	0.0	139857	1468.9987805206608	0.3
8613.530451725983	300	12.280885278292592	0.0	155432	1357.3931201880982	0.3
8614.240242172853	300	15.571094831421833	0.0	163442	709.7904468707578	0.3
8614.843244539126	300	18.96809246514802	0.0	126289	603.002366273813	0.3
8615.866228701074	300	21.94510830320114	0.0	153295	1022.9841619468841	0.3
8617.256744468037	300	24.554592536238527	0.0	173849	1390.51576696261	0.3
8617.959688117924	300	27.851648886352656	0.0	150710	702.9436498858698	0.3
8618.43046805159	300	31.38086895268664	0.0	139105	470.7799336660158	0.3
8618.908931268521	300	34.90240573575563	0.0	141840	478.4632169310066	0.3
8619.427589153442	300	38.383747850833586	0.0	156148	518.6578849220448	0.3
8619.953142738996	300	41.85819426528089	0.0	160746	525.5535855526934	0.3
8621.201132791659	750	44.61020421261807	0.0	434409	1247.9900526628182	0.3
8622.325921007638	750	47.48541599664028	0.0	337059	1124.788215977798	0.75
8625.579759533572	750	48.23157747070613	0.0	366214	3253.838525934154	0.75
8631.75435776469	750	46.05697923958629	0.0	360831	6174.598231119836	0.75
8633.468154959355	750	48.34318204492294	0.0	372963	1713.7971946633447	0.75
8638.66522663822	1200	47.146110366056476	0.0	639204	5197.071678866464	0.75
8641.0688422607	1200	48.74249474357735	0.0	586839	2403.6156224791275	1.2
8647.429437512257	1200	46.381899492019684	0.0	601738	6360.595251557667	1.2
8653.065257085624	750	44.746079918654516	0.0	399894	5635.819573365168	0.3
8654.735865264578	750	47.07547173970026	0.0	401853	1670.608178954256	0.75
8656.060187829904	750	49.75114917437399	0.0	343800	1324.322565326271	0.75
8663.156618084697	750	46.654718919581725	0.0	359903	7096.430254792261	0.75
8664.538185589574	750	49.2731514147039	0.0	379700	1381.5675048778253	0.75
8670.817796778249	750	46.99354022602975	0.0	425781	6279.611188674146	0.75
8672.462839147733	750	49.34849785654479	0.0	277716	1645.042369484963	0.75
8675.231869678786	750	50.579467325492615	0.0	400396	2769.0305310521762	0.75
8681.132163211078	750	48.679173793201215	0.0	400508	5900.293532291396	0.75
8684.031885602202	750	49.779451402076994	0.0	358218	2899.7223911242245	0.75
8685.358758420105	750	52.45257858417431	0.0	400322	1326.8728179026832	0.75
8689.833298072148	750	51.9780389321301	0.0	369834	4474.539652044216	0.75
8691.196085074871	750	54.61525192940729	0.0	412837	1362.787002722804	0.75
8692.977111469252	750	56.83422553502675	0.0	401088	1781.026394380551	0.75
8696.049243810603	750	57.76209319367628	0.0	365161	3072.1323413504624	0.75
8697.370407820295	750	59.69570503702245	0.0	321064	1066.3881566538366	0.75
8702.230985042519	750	58.83512781479846	0.0	361565	4860.577222223984	0.75
8708.33130940052	750	56.73480345679783	0.0	378327	6100.324358000641	0.75
8711.947371614286	750	57.11874124303451	0.0	390680	3616.0622137633077	0.75
8713.10363357046	750	59.50098004830982	0.0	345516	1117.761194724693	0.75
8718.314271789164	750	58.29034182960583	0.0	384505	5210.638218703992	0.75
8721.08810067349	750	59.51651294527753	0.0	372093	1773.8288843282915	0.75
8723.868093678455	750	59.73450029953626	0.0	438281	1282.0126457412791	0.75
8728.582069584883	750	59.020524393107664	0.0	398987	4713.9759064285945	0.75
8731.256576761098	750	59.76524893232576	0.0	393804	1255.2754607819033	0.75
8735.31718106004	750	59.7046446333846	0.0	331053	3560.6042989411603	0.75
8739.044387132346	750	59.97743856107927	0.0	314107	2727.2060723053346	0.75

