1126.6164110928346	750	4.0	1.5718500223694523	450283	1571.8500223694523	-6.008955096188645
1127.1330121521537	300	7.483398940680887	0.0	155580	516.6010593191133	-0.15000000000000002
1127.6211092089518	300	10.995301883883021	0.0	139857	488.09705679786623	0.3
1128.1145798500868	300	14.501831242748095	0.0	155432	493.47064113492695	0.3
1129.2477292730666	750	17.368681819768266	0.0	411561	1133.1494229798288	0.3
1130.1537562862707	750	20.4626548065642	0.0	318564	906.027013204067	0.75
1131.6908073554973	1200	22.92560373733768	0.0	561791	1537.0510692265143	0.75
1134.5891676792196	1850	24.027243413615324	0.0	1060487	2898.3603237223565	1.2000000000000002
1137.0846379436723	1850	25.531773149162525	0.0	852833	2495.4702644528006	1.85
1141.2173493323296	2850	25.399061760505145	0.0	1429765	4132.711388657381	1.85
1145.186982342946	2850	25.429428749888686	0.0	1354548	3969.6330106164605	2.85
1148.063310905007	1850	26.5531001878279	0.0	917428	2876.3285620607826	0.8500000000000001
1155.902957204539	2850	22.713453888295785	0.0	1422919	7839.646299532115	1.85
1159.0350648229096	1850	23.581346269925227	0.0	1036454	3132.1076183705577	0.8500000000000001
1161.42671130584	1850	25.18969978699489	0.0	821631	2391.6464829303363	1.85
1163.8616494328492	1850	26.754761659985643	0.0	923170	2434.9381270092463	1.85
1168.1537450280339	2850	26.462666064800864	0.0	1491626	4292.095595184778	1.85
1172.2872059812773	2850	26.329205111557393	0.0	1358801	4133.4609532434715	2.85
1179.6943036791556	2850	22.922107413679047	0.0	1537156	7407.097697878342	2.85
1183.7278494648483	1850	22.888561627986256	0.0	923755	4033.5457856927937	0.8500000000000001
1186.4442977358096	1850	24.172113357025	0.0	891604	2716.448270961253	1.85
1189.4045097390886	1850	25.211901353745876	0.0	955231	2960.212003279123	1.85
1192.0666145317768	1850	26.549796561057544	0.0	968026	2662.104792688333	1.85
1196.2258866017517	2850	26.390524491082765	0.0	1323990	4159.272069974781	1.85
1200.8903197059103	2850	25.726091386924065	0.0	1383735	4664.433104158699	2.85
1203.6715759976	1850	26.944835095234318	0.0	905935	2781.256291689748	0.8500000000000001
1207.9591908179223	2850	26.657220274912078	0.0	1547572	4287.614820322239	1.85
1211.2443834789024	2850	27.372027613932055	0.0	1141971	3285.192660980023	2.85
1217.6651780512054	4300	24.951233041629003	0.0	2134614	6420.794572303054	2.8499999999999996
1223.0002008638758	1850	23.61621022895858	0.0	975811	5335.022812670423	-0.6000000000000001
1225.745180077616	1850	24.871231015218477	0.0	873429	2744.979213740101	1.85
1232.1869784330063	1850	22.429432659828105	0.0	954453	6441.798355390372	1.85
1234.8269687639363	1850	23.78944232889797	0.0	885062	2639.9903309301335	1.85
1237.9265878470658	1850	24.689823245768448	0.0	1035329	3099.6190831295257	1.85
1242.1455269206801	2850	24.470884172154154	0.0	1492672	4218.939073614294	1.85
1244.7525714217836	1850	25.86383967105073	0.0	943942	2607.0445011034244	0.8500000000000001
1247.8822740241965	2850	26.734137068637914	0.0	1139291	3129.7026024128168	1.85
1253.9625409158966	2850	24.653870176937787	0.0	1499009	6080.2668917001265	2.85
1257.814803004006	1850	24.801608088828342	0.0	908665	3852.2620881094444	0.8500000000000001
1261.7895010373202	2850	24.82691005551448	0.0	1402287	3974.69803331386	1.85
1264.2526948880563	1850	26.36371620477826	0.0	858450	2463.1938507362247	0.8500000000000001
1269.5777629671688	2850	25.03864812566558	0.0	1527299	5325.068079112675	1.85
1273.365605095129	2850	25.250805997705417	0.0	1343002	3787.8421279601644	2.85
1276.0972133104517	1850	26.519197782382737	0.0	973972	2731.608215322681	0.8500000000000001
1281.7627935065752	2850	24.853617586259155	0.0	1464921	5665.580196123583	1.85
1287.4673281676396	2850	23.14908292519483	0.0	1483527	5704.5346610643255	2.85
1292.0094612216938	1850	22.60694987114078	0.0	830730	4542.133054054053	0.8500000000000001
1294.7343044687918	1850	23.8821066240427	0.0	846370	2724.843247098081	1.85

