8470.267751219262	750	4.0	5.693850784454754	450283	5693.850784454754	-23.73355837315544
8472.043932197104	300	6.22381902215628	0.0	155580	1776.1809778437198	-0.15000000000000002
8473.779131484098	300	8.488619735163512	0.0	139857	1735.199286992766	0.3
8475.612112034873	300	10.655639184390292	0.0	155432	1832.9805507732199	0.3
8477.400938691273	300	12.866812527988285	0.0	163442	1788.8266564020075	0.3
8478.750362198249	300	15.517389021012958	0.0	126289	1349.4235069753288	0.3
8480.409861302269	300	17.85788991699192	0.0	153295	1659.4991040210373	0.3
8486.632380298597	750	15.635370920663613	0.0	437162	6222.518996328307	0.3
8488.234021739052	300	18.033729480208706	0.0	150710	1601.6414404549084	-0.15000000000000002
8494.453435179646	750	15.814316039613647	0.0	362795	6219.413440595056	0.3
8496.028719384034	300	18.239031835228023	0.0	141840	1575.284204385625	-0.15000000000000002
8500.266344247511	750	18.00140697175128	0.0	405134	4237.6248634767435	0.3
8506.107107051399	750	16.16064416786323	0.0	386351	5840.762803888051	0.75
8508.004083945129	300	18.263667274132597	0.0	179801	1896.9768937306328	-0.15000000000000002
8511.674646180174	750	18.593105039088936	0.0	337059	3670.562235043663	0.3
8515.611526596	750	18.656224623261338	0.0	366214	3936.8804158275993	0.75
8524.333083636047	750	13.934667583214068	0.0	360831	8721.557040047268	0.75
8525.927473645559	300	16.340277573703688	0.0	150616	1594.3900095103797	-0.15000000000000002
8532.049813900994	750	14.217937318268211	0.0	405596	6122.340255435477	0.3
8533.619946785571	300	16.647804433692134	0.0	140881	1570.1328845760759	-0.15000000000000002
8535.383612609841	300	18.8841386094217	0.0	157671	1763.665824270432	0.3
8539.402027788863	750	18.86572343039913	0.0	399894	4018.4151790225756	0.3
8543.945422107512	750	18.322329111749458	0.0	401853	4543.394318649668	0.75
8547.797127023636	750	18.47062419562536	0.0	343800	3851.7049161241	0.75
8553.259922795507	750	17.00782842375535	0.0	359903	5462.79577187001	0.75
8554.897813772983	300	19.369937446280456	0.0	153938	1637.8909774748938	-0.15000000000000002
8559.251090200272	750	19.016661018990273	0.0	425781	4353.27642729018	0.3
8562.139891828465	750	20.127859390798285	0.0	277716	2888.8016281919877	0.75
8566.370313151228	750	19.897438068032994	0.0	400396	4230.421322765296	0.75
8570.597755741184	750	19.669995478076792	0.0	400508	4227.442589956201	0.75
8574.263451063396	750	20.004300155865735	0.0	358218	3665.6953222110587	0.75
8578.81956883753	750	19.448182381731772	0.0	400322	4556.1177741339625	0.75
8582.606356271439	750	19.661394947823624	0.0	369834	3786.7874339081445	0.75
8587.98240792054	750	18.285343298722918	0.0	412837	5376.051649100706	0.75
8591.607355566934	300	18.660395652329257	0.0	179328	3624.9476463936567	-0.15000000000000002
8593.321779095031	300	20.945972124232462	0.0	159914	1714.423528096796	0.3
8596.584609579499	750	21.683141639764944	0.0	321064	3262.830484467518	0.3
8600.462512427343	750	21.805238791920107	0.0	361565	3877.9028478448386	0.75
8604.43730510829	750	21.830446110972233	0.0	378327	3974.792680947872	0.75
8608.36594936466	750	21.90180185460466	0.0	390680	3928.644256367572	0.75
8611.927911808401	750	22.339839410861423	0.0	345516	3561.9624437432353	0.75
8615.872169526865	750	22.39558169239683	0.0	384505	3944.2577184645907	0.75
8619.734520831884	750	22.533230387380172	0.0	372093	3862.3513050166603	0.75
8624.464747681912	750	21.803003537350722	0.0	438281	4730.226850029449	0.75
8631.642225206057	750	18.625526013205803	0.0	398987	7177.477524144922	0.75
8633.53388482776	300	20.73386639150169	0.0	160064	1891.6596217041156	-0.15000000000000002
8637.167893872342	750	21.099857346921734	0.0	331053	3634.009044579953	0.3
8640.528453665458	750	21.73929755380566	0.0	314107	3360.5597931160723	0.75

