42625.09560849327	750	4.0	2.288953280585714	450283	2288.953280585714	-9.09249910651857
42625.98123034396	300	7.114378149306719	0.0	155580	885.6218506932812	-0.15000000000000002
42626.723510353164	300	10.372098140103256	0.0	139857	742.2800092034621	0.3
42628.59432714604	750	12.50128134722872	0.0	382355	1870.816792874538	0.3
42631.84287710374	1200	13.25273138952173	0.0	652874	3248.549957706992	0.75
42634.39152612222	1200	14.704082371048754	0.0	520315	2548.649018472974	1.2
42637.34158957568	1200	15.754018917587894	0.0	561791	2950.063453460862	1.2
42640.86838159798	1200	16.227226895281586	0.0	709534	3526.7920223063056	1.2
42643.708442254276	1200	17.38716623898551	0.0	584846	2840.060656296075	1.2
42646.24840345757	1200	18.84720503569204	0.0	560821	2539.961203293474	1.2
42650.709025972916	1850	18.386582520342202	0.0	939819	4460.622515349834	1.2000000000000002
42654.77296129519	1850	18.322647198073653	0.0	917428	4063.9353222685513	1.85
42659.57516770832	1850	17.520440784948395	0.0	946851	4802.206413125259	1.85
42663.00467337525	1200	18.090935118006765	0.0	687371	3429.5056669416304	0.5499999999999999
42665.96613141676	1200	19.129477076503743	0.0	526950	2961.4580415030223	1.2
42668.66871353057	1200	20.426894962694515	0.0	587876	2702.5821138092274	1.2
42673.82194723389	1850	19.273661259375157	0.0	966699	5153.233703319356	1.2000000000000002
42676.65172296845	1200	20.443885524827024	0.0	581493	2829.7757345481336	0.5499999999999999
42681.159439428855	1850	19.93616906441017	0.0	987708	4507.716460416855	1.2000000000000002
42685.571430307835	1850	19.524178185435428	0.0	923755	4411.990878974744	1.85
42689.927274489804	1850	19.16833400346656	0.0	891604	4355.844181968866	1.85
42694.99044404921	1850	18.10516444406437	0.0	955231	5063.1695594021885	1.85
42698.036434212474	1200	19.059174280801226	0.0	656471	3045.990163263143	0.5499999999999999
42702.43150684589	1850	18.66410164738231	0.0	874175	4395.0726334189185	1.2000000000000002
42706.65082810409	1850	18.444780389190722	0.0	897976	4219.32125819159	1.85
42710.97372916405	1850	18.121879329227315	0.0	905935	4322.901059963406	1.85
42716.22334447356	1850	16.872264019709796	0.0	1076599	5249.615309517518	1.85
42718.593173255504	1200	18.502435237772115	0.0	487160	2369.828781937681	0.5499999999999999
42723.88522954266	1850	17.21037895061161	0.0	972798	5292.056287160507	1.2000000000000002
42726.94803869598	1200	18.147569797300097	0.0	641447	3062.809153311511	0.5499999999999999
42731.30641526885	1850	17.78919322442489	0.0	873429	4358.376572875206	1.2000000000000002
42734.07129053332	1200	19.02431795995765	0.0	620283	2764.875264467238	0.5499999999999999
42738.072163918194	1850	19.023444575082895	0.0	885062	4000.873384874756	1.2000000000000002
42743.074796226494	1850	18.020812266785782	0.0	1035329	5002.632308297114	1.85
42747.89071775893	1850	17.204890734350972	0.0	1026056	4815.921532434813	1.85
42751.157780946014	1200	17.937827547265343	0.0	598727	3267.0631870856273	0.5499999999999999
42753.44129349908	1200	19.65431499419738	0.0	487812	2283.5125530679593	1.2
42757.69072266274	1850	19.404885830540362	0.0	938587	4249.42916365702	1.2000000000000002
42761.77112575443	1850	19.324482738846505	0.0	908665	4080.4030916938555	1.85
42766.02268494262	1850	19.072923550662807	0.0	930577	4251.559188183698	1.85
42770.076408558976	1850	19.019199934298886	0.0	858450	4053.7236163639195	1.85
42774.633578107285	1850	18.462030385998865	0.0	1025005	4557.16954830002	1.85
42779.02846723317	1850	18.0671412601117	0.0	886255	4394.889125887164	1.85
42782.53242891093	1200	18.563179582353143	0.0	634861	3503.9616777585575	0.5499999999999999
42785.6612880855	1200	19.43432040777504	0.0	630203	3128.8591745781023	1.2
42790.54466264508	1850	18.55094584819997	0.0	982064	4883.374559575075	1.2000000000000002
42794.53985662806	1850	18.555751865223314	0.0	830730	3995.193982976653	1.85
42799.847640235945	1850	17.247968257331767	0.0	846370	5307.783607891551	1.85

