70457.8391631062	750	4.0	10.775609837458461	450283	10775.609837458462	-45.58512230107138
70462.4939702724	300	4.0	0.6548071661882577	155580	4654.807166188258	-2.9656708146095085
70464.36614177036	300	6.127828502045256	0.0	139857	1872.1714979547442	0.3
70470.3294486963	300	4.164521576091559	0.0	155432	5963.306925953697	0.3
70473.1828452067	300	5.311125065702062	0.0	163442	2853.396510389497	0.3
70474.27670317494	300	8.217267097458128	0.0	126289	1093.857968243933	0.3
70477.97827339724	300	8.515696875151027	0.0	153295	3701.5702223071025	0.3
70479.76334991775	300	10.730620354653471	0.0	173849	1785.076520497557	0.3
70481.44590552381	300	13.048064748580545	0.0	150710	1682.5556060729245	0.3
70484.96432608587	300	13.529644186529302	0.0	139105	3518.4205620512444	0.3
70487.1567714687	300	15.337198803691859	0.0	141840	2192.445382837442	0.3
70495.2950972006	750	11.198873071808299	0.0	405134	8138.325731883561	0.3
70497.4372237664	300	13.056746505997337	0.0	160746	2142.1265658109614	-0.15000000000000002
70502.39853319406	300	12.095437078337447	0.0	179801	4961.30942765989	0.3
70505.71535033705	300	12.778619935355419	0.0	140051	3316.8171429820286	0.3
70510.42369046852	300	12.07027980387844	0.0	138313	4708.340131476978	0.3
70513.95101372218	300	12.54295655021355	0.0	143509	3527.32325366489	0.3
70516.44462424674	300	14.049346025664747	0.0	150616	2493.6105245488034	0.3
70526.3886460455	300	8.105324226901821	0.0	165384	9944.021798762926	0.3
70528.97522429131	300	9.518745981087774	0.0	140881	2586.5782458140466	0.3
70530.79642452496	300	11.69754574743423	0.0	157671	1821.2002336535443	0.3
70532.54847582114	300	13.945494451264032	0.0	157812	1752.051296170197	0.3
70538.76294432634	300	11.731025946060276	0.0	163927	6214.468505203757	0.3
70543.18811668572	300	11.305853586680703	0.0	137654	4425.172359379571	0.3
70547.44118220378	300	11.05278806861171	0.0	146754	4253.065518068994	0.3
70550.89133521708	300	11.60263505532403	0.0	153938	3450.1530132876806	0.3
70555.67126613473	300	10.822704137673519	0.0	181901	4779.930917650512	0.3
70556.67768185424	300	13.81628841815191	0.0	111155	1006.4157195216088	0.3
70563.0564139618	750	11.437556310580401	0.0	400396	6378.732107571508	0.3
70574.00303136733	750	4.490938905064782	0.0	400508	10946.617405515619	0.75
70575.47244485754	300	7.021525414856347	0.0	157421	1469.4134902084352	-0.15000000000000002
70582.47893270833	300	4.01503756407244	0.0	157488	7006.487850783908	0.3
70588.07212676296	300	4.0	1.5781564905618288	143881	5593.1940546342685	-6.486072909415864
70596.7119489604	300	4.0	4.639822197434548	163444	8639.822197434549	-19.651235448968556
70599.90112549877	300	4.810823461623792	0.0	179328	3189.176538376208	0.3
70601.08169277209	300	7.630256188305897	0.0	159914	1180.5672733178947	0.3
70602.34734962747	300	10.364599332926085	0.0	131610	1265.6568553798127	0.3
70606.0488627285	300	10.663086231903995	0.0	124011	3701.513101022091	0.3
70607.05838371385	300	13.653565246535972	0.0	144254	1009.5209853680218	0.3
70610.49511887936	750	14.21683008102304	0.0	390680	3436.735165512932	0.3
70618.15997498136	750	10.551973979020007	0.0	345516	7664.856102003033	0.75
70630.64814277772	750	4.0	1.9361938173177804	384505	12488.167796337788	-7.575633414466456
70641.60324147122	300	4.0	6.955098693516558	145210	10955.098693516558	-30.0569243821212
70645.85481250272	300	4.0	0.25157103148019266	172312	4251.571031480193	-0.7817554353648284
70648.97323397455	300	4.881578528165792	0.0	167025	3118.421471834208	0.3
70650.27158953268	300	7.583222970017422	0.0	160064	1298.3555581483697	0.3
70652.1143578354	300	9.74045466730462	0.0	137507	1842.7683027128026	0.3
70653.89763082999	300	11.95718167270495	0.0	118421	1783.2729945996707	0.3

