33521.77364302048	750	4.0	8.31709484430074	450283	8317.09484430074	-35.01350783049318
33523.652278530375	300	6.121364490108309	0.0	155580	1878.635509891691	-0.15000000000000002
33526.093991727445	300	7.679651293041755	0.0	139857	2441.713197066554	0.3
33528.51362623744	300	9.26001678304773	0.0	155432	2419.634509994026	0.3
33532.84622719827	300	8.927415822220752	0.0	163442	4332.600960826979	0.3
33534.71415911575	300	11.059483904742907	0.0	126289	1867.9319174778445	0.3
33536.57855516623	300	13.195087854259322	0.0	153295	1864.3960504835843	0.3
33538.6173706491	300	15.156272371384514	0.0	173849	2038.815482874809	0.3
33540.49045643229	300	17.283186588198944	0.0	150710	1873.0857831855706	0.3
33542.51254207586	300	19.261100944622537	0.0	139105	2022.0856435764065	0.3
33544.14114685294	300	21.632496167547124	0.0	141840	1628.6047770754114	0.3
33548.96401992608	750	20.809623094400507	0.0	405134	4822.873073146616	0.3
33553.84192306094	750	19.931719959542104	0.0	386351	4877.903134858403	0.75
33559.894030915464	750	17.87961210503024	0.0	434409	6052.107854511867	0.75
33562.42516736516	300	19.34847565533203	0.0	140051	2531.13644969821	-0.15000000000000002
33564.044364231406	300	21.729278789078222	0.0	138313	1619.1968662538047	0.3
33574.43796294649	750	15.335680073998567	0.0	360831	10393.598715079657	0.3
33576.65889310215	300	17.11474991833936	0.0	150616	2220.930155659209	-0.15000000000000002
33579.500186096884	300	18.27345692360393	0.0	165384	2841.292994735429	0.3
33581.5507740417	300	20.22286897878274	0.0	140881	2050.5879448211927	0.3
33584.42923377073	300	21.344409249759845	0.0	157671	2878.459729022891	0.3
33589.019695010225	300	20.753948010265926	0.0	157812	4590.46123949392	0.3
33592.32657254638	300	21.447070474107175	0.0	163927	3306.8775361587523	0.3
33594.46589133185	300	23.307751688629796	0.0	137654	2139.318785477378	0.3
33596.3109148927	300	25.46272812777668	0.0	146754	1845.0235608531195	0.3
33600.6543953893	750	25.11924763118672	0.0	379700	4343.480496589958	0.3
33606.35214395826	750	23.42149906221825	0.0	425781	5697.748568968472	0.75
33610.67608513333	750	23.097557887154945	0.0	277716	4323.941175063303	0.75
33613.91384521471	300	23.859797805774797	0.0	153605	3237.7600813801455	-0.15000000000000002
33617.18659842872	300	24.58704459176439	0.0	149029	3272.7532140104086	0.3
33618.98875255449	300	26.78489046599348	0.0	157421	1802.1541257709055	0.3
33625.04555628988	750	24.728086730600218	0.0	400322	6056.803735393263	0.3
33632.102660256314	750	21.670982764171182	0.0	369834	7057.103966429035	0.75
33634.05201624392	300	23.721626776560992	0.0	163444	1949.3559876101904	-0.15000000000000002
33639.076337700295	750	22.69730532018615	0.0	401088	5024.321456374841	0.3
33643.300930278485	750	22.472712741993256	0.0	365161	4224.592578192896	0.75
33647.37079707863	750	22.4028459418528	0.0	321064	4069.8668001404535	0.75
33652.65560884628	750	21.118034174189027	0.0	361565	5284.811767663774	0.75
33654.49165635218	300	23.281986668299933	0.0	144254	1836.0475058890952	-0.15000000000000002
33659.83837707849	750	21.935265941978834	0.0	390680	5346.7207263210985	0.3
33670.031860191295	750	15.741782829183185	0.0	345516	10193.483112795648	0.75
33672.46470920107	300	17.308933819410562	0.0	161857	2432.8490097726226	-0.15000000000000002
33674.98422838806	300	18.789414632423732	0.0	145210	2519.5191869868277	0.3
33677.463283290555	300	20.3103597299259	0.0	172312	2479.054902497836	0.3
33680.7583925234	300	21.015250497080153	0.0	167025	3295.1092328457444	0.3
33685.335831564626	300	20.437811455852163	0.0	160064	4577.439041227991	0.3
33688.070695789596	300	21.70294723087931	0.0	137507	2734.864224972851	0.3
33689.92370839383	300	23.849934626648224	0.0	118421	1853.0126042310892	0.3

