14177.795515624179	750	4.0	3.05645454651713	450283	3056.4545465171304	-12.392754550023659
14178.968293768672	300	6.827221855505701	0.0	155580	1172.7781444942996	-0.15000000000000002
14179.936267885063	300	9.859247739115963	0.0	139857	967.974116389739	0.3
14181.045771135854	300	12.749744488325701	0.0	155432	1109.5032507902624	0.3
14182.354988706122	300	15.440526918058579	0.0	163442	1309.2175702671223	0.3
14184.337723636167	750	17.45779198801339	0.0	318564	1982.734930045184	0.3
14186.087216742946	750	19.708298881235102	0.0	352642	1749.4931067782886	0.75
14190.65994644347	1200	19.135569180710682	0.0	709534	4572.729700524423	0.75
14193.209312388826	1200	20.586203235355303	0.0	584846	2549.365945355376	1.2
14195.718745540158	1200	22.0767700840229	0.0	560821	2509.433151332404	1.2
14201.86247314323	1850	19.933042480951887	0.0	939819	6143.727603071011	1.2000000000000002
14207.077347029917	1200	18.718168594264576	0.0	594078	5214.873886687313	0.5499999999999999
14211.203166236382	1200	18.592349387799693	0.0	624282	4125.819206464883	1.2
14214.792811624708	1200	19.002703999474296	0.0	687371	3589.6453883253976	1.2
14217.563601056709	1200	20.231914567474572	0.0	526950	2770.789431999726	1.2
14220.088175391305	1200	21.707340232876525	0.0	587876	2524.5743345980445	1.2
14222.989505951775	1200	22.80600967240694	0.0	617242	2901.330560469586	1.2
14227.614335876853	1850	22.18117974733035	0.0	885714	4624.8299250765895	1.2000000000000002
14231.879247763214	1850	21.916267860968055	0.0	987708	4264.911886362297	1.85
14233.88190171145	1200	23.91361391273426	0.0	586839	2002.6539482337926	0.5499999999999999
14236.93763314679	1850	24.85788247739207	0.0	891604	3055.7314353421907	1.2000000000000002
14239.963787593708	1850	25.83172803047453	0.0	955231	3026.154446917544	1.85
14245.08513957411	2850	24.710376050071687	0.0	1505760	5121.351980402839	1.85
14248.900413062938	1850	24.895102561244588	0.0	874175	3815.2734888270993	0.8500000000000001
14251.674473295485	1850	26.121042328695722	0.0	897976	2774.0602325488635	1.85
14257.297438815747	2850	24.498076808435258	0.0	1480464	5622.965520260466	1.85
14263.618641426081	2850	22.17687419810052	0.0	1547572	6321.202610334734	2.85
14266.459518961401	1850	23.335996662778882	0.0	758197	2840.8775353216392	0.8500000000000001
14270.05213364471	1850	23.74338197947085	0.0	972798	3592.6146833080315	1.85
14273.767763179247	1850	24.027752444934254	0.0	975811	3715.6295345365993	1.85
14276.400161301963	1850	25.395354322217838	0.0	873429	2632.3981227164154	1.85
14279.18706665869	1850	26.60844896549142	0.0	954453	2786.905356726419	1.85
14283.26480111383	2850	26.530714510351885	0.0	1358081	4077.734455139534	1.85
14289.261078736348	2850	24.534436887831976	0.0	1587293	5996.277622519908	2.85
14293.272376353561	2850	24.523139270618938	0.0	1492672	4011.297617213039	2.85
14297.721375679244	1850	24.07413994493568	0.0	943942	4448.999325683258	0.8500000000000001
14301.433952424873	1850	24.361563199308794	0.0	728962	3712.576745626883	1.85
14308.371240565839	1850	21.424275058342356	0.0	938587	6937.2881409664415	1.85
14314.652381544023	1850	19.143134080157257	0.0	908665	6281.1409781851	1.85
14317.847264974942	1200	19.94825064923909	0.0	587506	3194.8834309181657	0.5499999999999999
14320.39360341152	1200	21.40191221266075	0.0	566904	2546.338436578338	1.2
14322.966512755023	1200	22.829002869156874	0.0	641452	2572.9093435038767	1.2
14326.561153418646	1850	23.23436220553376	0.0	886255	3594.6406636231136	1.2000000000000002
14330.95684729884	1850	22.838668325339977	0.0	973972	4395.69388019378	1.85
14335.040611213948	1850	22.754904410231564	0.0	958994	4083.763915108414	1.85
14338.97540025495	1850	22.820115369230923	0.0	982064	3934.789041000641	1.85
14343.139838570673	1850	22.655677053508626	0.0	830730	4164.438315722298	1.85
14346.740931348651	1850	23.054584275530924	0.0	846370	3601.092777977701	1.85

