60753.18029288306	750	4.0	0.8956198251669878	450283	895.6198251669878	-3.1011652482180474
60758.21332925158	2850	4.0	1.0330363685218236	1431809	5033.0363685218235	-3.6920563846438412
60759.288084650056	1200	6.925244601527824	0.0	571051	1074.7553984721767	-0.44999999999999996
60761.55171376237	1850	8.661615489216459	0.0	933276	2263.6291123113638	1.2000000000000002
60763.4560225947	1850	10.75730665688288	0.0	996749	1904.30883233358	1.85
60764.92179839491	1850	13.291530856668203	0.0	801058	1465.7758002146766	1.85
60766.614315286686	1850	15.599013964893551	0.0	905515	1692.5168917746519	1.85
60772.465453058605	4300	13.74787619297126	0.0	2290172	5851.137771922291	1.8499999999999996
60777.15082373757	4300	13.062505514011391	0.0	2055469	4685.37067895987	4.3
60783.20511483131	4300	11.008214420266913	0.0	2169201	6054.291093744478	4.3
60787.62878638705	4300	10.58454286452508	0.0	2173522	4423.671555741835	4.3
60794.362669820955	4300	7.850659430623409	0.0	2102452	6733.88343390167	4.3
60797.6734459937	2850	8.53988325788127	0.0	1422919	3310.7761727421407	1.4000000000000001
60804.065954198086	2850	6.1473750534921185	0.0	1578343	6392.508204389151	2.85
60806.0717278982	1850	8.141601353383853	0.0	821631	2005.773700108264	0.8500000000000001
60808.29330330435	1850	9.920025947228805	0.0	923170	2221.5754061550488	1.85
60811.447228389065	1850	10.766100862518577	0.0	966699	3153.9250847102285	1.85
60813.36374560357	1850	12.849583648008414	0.0	885714	1916.517214510163	1.85
60815.91906231992	1850	14.29426693165812	0.0	987708	2555.316716350295	1.85
60819.24567210218	2850	14.967657149395977	0.0	1336050	3326.6097822621414	1.85
60822.122193202995	2850	16.091136048584605	0.0	1415116	2876.521100811372	2.85
60827.30961133009	2850	14.903717921487504	0.0	1468126	5187.418127097101	2.85
60830.12789011699	2850	16.085439134581993	0.0	1505760	2818.27878690551	2.85
60832.89254608877	2850	17.32078316280795	0.0	1323990	2764.655971774045	2.85
60836.74966640286	2850	17.463662848718485	0.0	1383735	3857.1203140894613	2.85
60840.923877829904	2850	17.289451421679	0.0	1480464	4174.211427039485	2.85
60843.99304863338	2850	18.220280618201258	0.0	1547572	3069.170803477746	2.85
60848.47156158052	4300	17.741767671068516	0.0	1972048	4478.512947132741	2.8499999999999996
60853.90354326945	4300	16.309785982136777	0.0	2134614	5431.981688931737	4.3
60858.623115881506	4300	15.590213370082397	0.0	2164140	4719.572612054381	4.3
60862.97679330151	4300	15.23653595008057	0.0	2113193	4353.677420001828	4.3
60867.12921089926	4300	15.084118352333494	0.0	2147852	4152.417597747075	4.3
60873.798945459785	4300	12.414383791803292	0.0	2191074	6669.734560530203	4.3
60879.180195893336	4300	11.033133358257327	0.0	2286761	5381.250433545963	4.3
60884.373756774796	4300	9.839572476793336	0.0	2307787	5193.560881463992	4.3
60891.124942404844	4300	7.088386846751109	0.0	2143948	6751.185630042226	4.3
60895.252149413594	2850	6.9611798380008585	0.0	1139291	4127.207008750251	1.4000000000000001
60897.73422603465	2850	8.479103216943516	0.0	1499009	2482.076621057342	2.85
60902.10787344157	2850	8.105455810020013	0.0	1427478	4373.647406923504	2.85
60907.04832530083	2850	7.165003950762117	0.0	1402287	4940.451859257896	2.85
60909.993030865546	2850	8.2202983860481	0.0	1339500	2944.7055647140164	2.85
60912.83598621991	2850	9.37734303168882	0.0	1527299	2842.9553543592797	2.85
60915.309384822496	2850	10.90394442909781	0.0	1343002	2473.398602591011	2.85
60919.410007462204	2850	10.80332178938858	0.0	1587250	4100.6226397092305	2.85
60923.41353486655	2850	10.79979438504605	0.0	1464921	4003.5274043425293	2.85
60928.72618139649	4300	9.487147855108443	0.0	2246506	5312.646529937608	2.8499999999999996
60933.31296210847	4300	8.90036714312328	0.0	1961140	4586.780711985165	4.3
60939.001788981644	4300	7.211540269946661	0.0	2155012	5688.826873176618	4.3

