90899.59855041877	750	4.0	1.6643098851032043	450283	1664.3098851032044	-6.406532505943778
90902.14497757226	1200	5.45357284649778	0.0	611087	2546.4271535022203	0.75
90904.351296294	1200	7.24725412475361	0.0	571051	2206.3187217441705	1.2
90906.58849018755	1200	9.010060231197711	0.0	617681	2237.193893555899	1.2
90908.89280187395	1200	10.705748544794186	0.0	652874	2304.3116864035246	1.2
90910.75003955435	1200	12.848510864402495	0.0	520315	1857.2376803916932	1.2
90914.03254750694	1850	13.566002911806445	0.0	905515	3282.50795259605	1.2000000000000002
90920.00250734991	2850	11.596043068843978	0.0	1638769	5969.9598429624675	1.85
90925.22961492333	2850	10.368935495420946	0.0	1348011	5227.107573423033	2.85
90933.89314638126	2850	5.705404037489128	0.0	1429765	8663.531457931816	2.85
90937.79630382964	1200	5.8022465891035715	0.0	607410	3903.157448385557	-0.44999999999999996
90939.90844103254	1200	7.690109386200212	0.0	594078	2112.13720290336	1.2
90942.2423777876	1200	9.35617263115084	0.0	624282	2333.936755049371	1.2
90944.74781105209	1200	10.850739366656013	0.0	687371	2505.4332644948286	1.2
90948.57794609334	1200	11.020604325407959	0.0	526950	3830.1350412480524	1.2
90952.82946296084	1200	10.769087457905226	0.0	587876	4251.516867502734	1.2
90954.99941988508	1200	12.599130533669262	0.0	617242	2169.9569242359635	1.2
90957.94711420916	1200	13.651436209574658	0.0	581493	2947.6943240946034	1.2
90960.19170340076	1200	15.406847017976103	0.0	639204	2244.589191598555	1.2
90962.26001958901	1200	17.338530829731905	0.0	586839	2068.316188244194	1.2
90965.6347821409	1850	17.963768277850217	0.0	891604	3374.7625518816894	1.2000000000000002
90969.24211892851	1850	18.356431490239185	0.0	955231	3607.3367876110296	1.85
90978.02310865534	1850	13.575441763413343	0.0	968026	8780.989726825843	1.85
90981.08364999163	1850	14.51490042712117	0.0	874175	3060.541336292173	1.85
90987.77281085467	1200	11.82573956407531	0.0	587236	6689.1608630458595	0.5499999999999999
90989.14092429348	750	14.457626125281433	0.0	379700	1368.1134387938755	0.3
90991.71911240031	750	15.879438018440911	0.0	425781	2578.1881068405223	0.75
90994.4213880585	750	17.177162360253778	0.0	277716	2702.2756581871354	0.75
90996.16005995587	750	19.438490462872885	0.0	400396	1738.6718973808947	0.75
90997.59970780564	750	21.99884261311895	0.0	400508	1439.647849753936	0.75
90999.61607925469	1200	23.982471164067128	0.0	570392	2016.3714490518216	0.75
91005.0919867245	1850	22.506563694257302	0.0	954453	5475.907469809821	1.2000000000000002
91011.26620604988	1850	20.332344368869688	0.0	885062	6174.219325387618	1.85
91014.88391407135	1850	20.714636347405463	0.0	1035329	3617.7080214642237	1.85
91019.01312944602	1850	20.585420972740124	0.0	1026056	4129.2153746653385	1.85
91022.31661103724	1850	21.281939381509986	0.0	943942	3303.481591230137	1.85
91027.98017328026	1850	19.61837713850045	0.0	728962	5663.56224300954	1.85
91031.95510584112	1850	19.64344457763859	0.0	938587	3974.932560861858	1.85
91037.79089834608	1850	17.807652072666745	0.0	908665	5835.792504971845	1.85
91041.28517293373	1850	18.313377485014055	0.0	930577	3494.2745876526874	1.85
91044.45826393929	1850	19.14028647944599	0.0	858450	3173.0910055680656	1.85
91048.13546718708	1850	19.463083231665898	0.0	1025005	3677.203247780089	1.85
91054.86165462704	1850	16.736895791707898	0.0	886255	6726.187439958002	1.85
91058.25498509462	1850	17.343565324132584	0.0	973972	3393.3304675753143	1.85
91061.87516937278	1850	17.723381045979202	0.0	958994	3620.1842781533824	1.85
91068.56767962674	1850	15.030870792026091	0.0	982064	6692.510253953113	1.85
91071.52885530022	1850	16.069695118534394	0.0	830730	2961.175673491696	1.85
91076.55443302187	2850	15.044117396878775	0.0	1364537	5025.57772165562	1.85

