8408.691534678372	750	4.0	7.739217203616877	450283	7739.217203616877	-32.52863397555257
8410.587323384158	300	6.104211294213782	0.0	155580	1895.7887057862183	-0.15000000000000002
8412.3560200861	300	8.335514592272773	0.0	139857	1768.6967019410083	0.3
8414.803645569984	300	9.887889108386954	0.0	155432	2447.625483885819	0.3
8417.313129068716	300	11.378405609655317	0.0	163442	2509.4834987316367	0.3
8422.976178011477	300	9.715356666893774	0.0	126289	5663.048942761544	0.3
8425.230320845836	300	11.461213832533197	0.0	153295	2254.1428343605785	0.3
8428.091170947353	300	12.60036373101807	0.0	173849	2860.850101515124	0.3
8430.578651052416	300	14.11288362595539	0.0	150710	2487.480105062681	0.3
8432.880749917884	300	15.810784760486978	0.0	139105	2302.0988654684115	0.3
8437.75737617932	750	14.934158499051373	0.0	353220	4876.626261435605	0.3
8446.553463339416	750	10.138071338954788	0.0	405134	8796.087160096586	0.75
8450.30061118415	300	10.390923494220548	0.0	160746	3747.1478447342392	-0.15000000000000002
8452.475354084432	300	12.216180593938143	0.0	179801	2174.742900282404	0.3
8457.075704447541	300	11.615830230828921	0.0	140051	4600.350363109222	0.3
8466.563699998744	300	6.127834679627036	0.0	138313	9487.995551201884	0.3
8468.901739701094	300	7.789794977275853	0.0	143509	2338.0397023511837	0.3
8471.525835777036	300	9.165698901333739	0.0	150616	2624.0960759421146	0.3
8480.914746580445	300	4.0	0.22321190207633845	165384	9388.910803410077	-0.6598111789282552
8482.843383938363	300	6.071362642083544	0.0	140881	1928.6373579164551	0.3
8495.291097830368	300	4.0	6.376351249921283	157671	12447.713892004827	-27.118310374661515
8498.093449639024	300	5.197648191343976	0.0	157812	2802.351808656023	0.3
8510.496541776507	300	4.0	7.2054439461374	163927	12403.092137481377	-30.683408968390818
8513.241687603111	300	5.254854173396568	0.0	137654	2745.145826603431	0.3
8515.095405381906	300	7.401136394599987	0.0	146754	1853.717778796582	0.3
8517.417858967501	300	9.078682809005757	0.0	153938	2322.453585594229	0.3
8519.776318314354	300	10.720223462152775	0.0	181901	2358.4593468529815	0.3
8526.169321005353	300	8.327220771155032	0.0	111155	6393.002690997743	0.3
8528.078585510804	300	10.417956265704023	0.0	153605	1909.2645054510103	0.3
8529.834395244527	300	12.662146531980984	0.0	149029	1755.8097337230383	0.3
8531.783848448644	300	14.71269332786264	0.0	157421	1949.453204118343	0.3
8538.43646963096	750	12.06007214554626	0.0	400322	6652.62118231638	0.3
8540.364561461276	300	14.13198031523103	0.0	143881	1928.0918303152303	-0.15000000000000002
8543.607401996738	300	14.889139779769481	0.0	163444	3242.840535461549	0.3
8552.47355389163	750	10.022987884875059	0.0	401088	8866.151894894421	0.3
8557.017342991569	300	9.479198784938232	0.0	159914	4543.789099936829	-0.15000000000000002
8560.746060440753	300	9.750481335753994	0.0	131610	3728.717449184239	0.3
8565.093605131366	300	9.402936645140542	0.0	124011	4347.544690613451	0.3
8567.252736779526	300	11.243804996980625	0.0	144254	2159.1316481599174	0.3
8569.2032933565	300	13.293248420005254	0.0	149991	1950.5565769753719	0.3
8576.8944432353	300	9.60209854120487	0.0	147968	7691.1498788003855	0.3
8580.201091889587	300	10.295449886918549	0.0	161857	3306.6486542863213	0.3
8582.394649395008	300	12.101892381497088	0.0	145210	2193.5575054214605	0.3
8584.712880453964	300	13.783661322540922	0.0	172312	2318.231058956166	0.3
8589.211269996287	300	13.28527178021803	0.0	167025	4498.389542322891	0.3
8592.336097818134	300	14.160443958371555	0.0	160064	3124.827821846475	0.3
8598.935870352729	300	11.560671423777409	0.0	137507	6599.772534594147	0.3
8601.41706820415	300	13.07947357235686	0.0	118421	2481.197851420548	0.3

