18392.821352167535	750	4.0	11.028273269348015	450283	11028.273269348014	-46.67157505819646
18395.773594901893	300	5.0477572656438605	0.0	155580	2952.242734356139	-0.15000000000000002
18398.653764454826	300	6.167587712710409	0.0	139857	2880.169552933451	0.3
18401.909507660293	300	6.911844507243236	0.0	155432	3255.7432054671735	0.3
18405.114628489857	300	7.706723677678568	0.0	163442	3205.1208295646684	0.3
18408.498521855396	300	8.322830312138981	0.0	126289	3383.893365539586	0.3
18411.507052884353	300	9.314299283180706	0.0	153295	3008.531028958276	0.3
18414.409593825872	300	10.411758341662473	0.0	173849	2902.540941518234	0.3
18416.92486282774	300	11.896489339799572	0.0	150710	2515.2690018629005	0.3
18422.496425918216	300	10.32492624931927	0.0	139105	5571.563090480302	0.3
18426.343598515225	300	10.477753652313044	0.0	141840	3847.172597006227	0.3
18430.854191398936	300	9.967160768601191	0.0	156148	4510.592883711853	0.3
18434.4042308499	300	10.417121317640092	0.0	160746	3550.0394509611006	0.3
18437.364497173676	300	11.456854993865866	0.0	179801	2960.2663237742267	0.3
18439.729372590326	300	13.091979577214614	0.0	140051	2364.875416651251	0.3
18441.96187565596	300	14.859476511578679	0.0	138313	2232.5030656359336	0.3
18444.32209338886	300	16.499258778680392	0.0	143509	2360.2177328982866	0.3
18446.945353033658	300	17.875999133882555	0.0	150616	2623.2596447978335	0.3
18450.488709602523	300	18.332642565016123	0.0	165384	3543.3565688664357	0.3
18455.962887930873	300	16.858464236666663	0.0	140881	5474.178328349459	0.3
18459.75460647958	300	17.066745687962676	0.0	157671	3791.718548703985	0.3
18462.369914663108	300	18.451437504432644	0.0	157812	2615.3081835300336	0.3
18465.08179608145	300	19.73955608608755	0.0	163927	2711.8814183450945	0.3
18467.34383030074	300	21.47752186680193	0.0	137654	2262.0342192856187	0.3
18469.764989644984	300	23.056362522553236	0.0	146754	2421.1593442486937	0.3
18472.914240277853	300	23.907111889686046	0.0	153938	3149.2506328671902	0.3
18479.20133209702	300	21.620020070518343	0.0	181901	6287.091819167701	0.3
18481.580776756895	300	23.240575410644333	0.0	111155	2379.444659874015	0.3
18490.279840860072	300	18.54151130746572	0.0	153605	8699.064103178609	0.3
18495.548836622726	300	17.27251554481295	0.0	149029	5268.995762652769	0.3
18498.119507281805	300	18.701844885731422	0.0	157421	2570.670659081529	0.3
18500.573878849893	300	20.24747331764292	0.0	157488	2454.371568088502	0.3
18502.823104159685	300	21.99824800785334	0.0	143881	2249.2253097895828	0.3
18505.51747320871	300	23.303878958824882	0.0	163444	2694.3690490284607	0.3
18508.513984982972	300	24.307367184563574	0.0	179328	2996.511774261308	0.3
18511.299726299236	300	25.521625868298795	0.0	159914	2785.7413162647777	0.3
18513.91717632921	300	26.90417583832431	0.0	131610	2617.4500299744846	0.3
18516.186698190904	300	28.634653976630975	0.0	124011	2269.5218616933344	0.3
18519.443315022483	300	29.378037145053728	0.0	144254	3256.616831577249	0.3
18523.248439373343	300	29.572912794193357	0.0	149991	3805.1243508603693	0.3
18525.86201045669	300	30.959341710845848	0.0	147968	2613.5710833475096	0.3
18530.185993512845	300	30.63535865469066	0.0	161857	4323.983056155189	0.3
18533.187634187398	300	31.63371798014006	0.0	145210	3001.6406745506	0.3
18540.04282004598	300	28.77853212155991	0.0	172312	6855.185858580149	0.3
18547.768234043917	300	25.053118123620653	0.0	167025	7725.413997939255	0.3
18553.474755594387	300	23.34659657315097	0.0	160064	5706.521550469687	0.3
18557.6325204974	300	23.188831670141166	0.0	137507	4157.764903009802	0.3
18561.48396836613	300	23.33738380140834	0.0	118421	3851.447868732825	0.3

