82806.24726025618	750	4.0	1.283667088944835	450283	1283.6670889448349	-4.76976848246279
82806.82574116674	300	7.42151908942607	0.0	155580	578.48091057393	-0.15000000000000002
82808.04728926726	750	10.19997098890364	0.0	350812	1221.5481005224296	0.3
82810.06461528457	1200	12.182644971582635	0.0	617681	2017.3260173210047	0.75
82813.39004794785	1850	12.857212308309766	0.0	996749	3325.4326632728703	1.2000000000000002
82815.87708124165	1850	14.37017901450512	0.0	801058	2487.0332938046445	1.85
82820.459880192	1850	13.787380064167504	0.0	905515	4582.798950337616	1.85
82822.524579306	1200	15.722680950157011	0.0	709534	2064.6991140104924	0.5499999999999999
82824.98799551348	1850	17.259264742676898	0.0	852833	2463.416207480116	1.2000000000000002
82828.64986793017	2850	17.597392325991105	0.0	1429765	3661.87241668579	1.85
82831.86631812969	2850	18.38094212647216	0.0	1354548	3216.4501995189453	2.85
82837.96480839561	2850	16.28245186055851	0.0	1519951	6098.490265913651	2.85
82841.16505107602	1850	17.08220918014294	0.0	946851	3200.242680415574	0.8500000000000001
82845.58146617482	1850	16.665794081363767	0.0	1036454	4416.415098779168	1.85
82848.90175012097	1850	17.345510135208887	0.0	821631	3320.283946154882	1.85
82851.26422264327	1850	18.983037612909946	0.0	923170	2362.4725222989387	1.85
82857.13581476313	2850	17.111445493055857	0.0	1491626	5871.592119854088	1.85
82859.85697841468	1850	18.390281841495344	0.0	885714	2721.163651560515	0.8500000000000001
82865.73984344365	2850	16.507416812537322	0.0	1537156	5882.865028958023	1.85
82870.04707235958	1850	16.200187896607197	0.0	923755	4307.2289159301245	0.8500000000000001
82875.3797600066	1200	14.86750024957347	0.0	601738	5332.6876470337265	0.5499999999999999
82876.75491266132	750	17.492347594871244	0.0	399894	1375.1526547022243	0.3
82879.76798542627	1850	18.479274829928837	0.0	968026	3013.072764942409	0.75
82883.89809543511	2850	18.34916482108071	0.0	1323990	4130.110008848127	1.85
82887.31119965695	2850	18.936060599244083	0.0	1383735	3413.1042218366274	2.85
82893.83913672098	2850	16.40812353520882	0.0	1480464	6527.937064035266	2.85
82897.10570483035	1850	17.141555425847883	0.0	1076599	3266.5681093609355	0.8500000000000001
82899.51565482783	1850	18.73160542835993	0.0	758197	2409.9499974879523	1.85
82903.66170869526	2850	18.5855515609282	0.0	1498470	4146.053867431732	1.85
82907.71003828372	2850	18.537221972465762	0.0	1561263	4048.329588462433	2.85
82913.04560561742	2850	17.201654638774684	0.0	1341201	5335.567333691075	2.85
82916.12596293789	1850	18.121297318301664	0.0	954453	3080.357320473022	0.8500000000000001
82918.56431351733	1850	19.682946738854895	0.0	885062	2438.350579446769	1.85
82924.28232929425	2850	17.96493096194467	0.0	1587293	5718.015776910222	1.85
82926.32350581363	1850	19.92375444256277	0.0	1026056	2041.176519381902	0.8500000000000001
82932.11661454437	4300	18.13064571180884	0.0	2143948	5793.108730753932	1.8499999999999996
82934.50498310092	2850	19.742277155263036	0.0	1139291	2388.368556545806	1.4000000000000001
82941.79719761826	4300	16.45006263793029	0.0	2147467	7292.214517332746	2.8499999999999996
82945.62342011424	1850	16.62384014195226	0.0	908665	3826.2224959780333	-0.6000000000000001
82947.89546059941	1850	18.351799656778475	0.0	930577	2272.040485173783	1.85
82953.15326718184	2850	17.093993074341167	0.0	1339500	5257.806582437309	1.85
82957.18917707086	1850	17.058083185322154	0.0	1025005	4035.909889019016	0.8500000000000001
82959.81010352969	1850	18.437156726488006	0.0	886255	2620.926458834145	1.85
82964.22904956479	2850	18.018210691379164	0.0	1587250	4418.946035108841	1.85
82968.30739766192	2850	17.93986259424869	0.0	1464921	4078.348097130476	2.85
82974.04392537175	2850	16.203334884428294	0.0	1483527	5736.527709820394	2.85
82977.30877411697	1850	16.938486139204564	0.0	830730	3264.8487452237305	0.8500000000000001
82979.96960173249	1850	18.27765852369661	0.0	846370	2660.8276155079543	1.85

