93047.27510228961	750	4.0	7.931821998159688	450283	7931.821998159688	-33.356834592086656
93050.06803274996	300	5.207069539659095	0.0	155580	2792.930460340906	-0.15000000000000002
93052.5867929723	300	6.688309317317547	0.0	139857	2518.760222341548	0.3
93055.37714267863	300	7.89795961098185	0.0	155432	2790.3497063356963	0.3
93058.30716697674	300	8.967935312877735	0.0	163442	2930.024298104116	0.3
93060.5893348319	300	10.68576745771645	0.0	126289	2282.1678551612845	0.3
93063.34242054289	300	11.932681746712728	0.0	153295	2753.0857110037227	0.3
93066.45391718514	300	12.82118510447204	0.0	173849	3111.4966422406874	0.3
93069.16192688869	300	14.113175400924169	0.0	150710	2708.009703547872	0.3
93071.66757409068	300	15.607528198933412	0.0	139105	2505.6472019907555	0.3
93077.9068573996	750	13.368244890014434	0.0	353220	6239.28330891898	0.3
93085.05139248841	750	10.223709801187123	0.0	405134	7144.535088827309	0.75
93087.93440521357	300	11.340697076042765	0.0	160746	2883.0127251443587	-0.15000000000000002
93091.14969001689	300	12.125412272727717	0.0	179801	3215.284803315048	0.3
93093.67183311947	300	13.603269170136096	0.0	140051	2522.14310259162	0.3
93096.16366980002	300	15.111432489578624	0.0	138313	2491.8366805574738	0.3
93102.53567012743	750	12.739432162189052	0.0	360831	6372.000327389571	0.3
93105.24204070344	300	14.03306158618503	0.0	150616	2706.370576004023	-0.15000000000000002
93112.39463192975	750	10.880470359854975	0.0	405596	7152.591226330055	0.3
93118.59019935832	750	8.684902931280993	0.0	350713	6195.567428573982	0.75
93121.41959168775	300	9.855510601852975	0.0	157671	2829.392329428018	-0.15000000000000002
93124.2514427085	300	11.023659581109182	0.0	157812	2831.851020743791	0.3
93127.18992420722	300	12.085178082379887	0.0	163927	2938.481498729295	0.3
93129.67026955745	300	13.604832732156419	0.0	137654	2480.345350223468	0.3
93132.30929640392	300	14.96580588566671	0.0	146754	2639.0268464897113	0.3
93139.01032542945	750	12.26477686014002	0.0	379700	6701.029025526688	0.3
93146.51489313954	750	8.760209150058959	0.0	425781	7504.56771008106	0.75
93148.53316146015	300	10.741940829457382	0.0	111155	2018.2683206015777	-0.15000000000000002
93151.29165280453	300	11.98344948506437	0.0	153605	2758.4913443930127	0.3
93153.97035002509	300	13.304752264508098	0.0	149029	2678.6972205562724	0.3
93156.79538297275	300	14.479719316845635	0.0	157421	2825.0329476624615	0.3
93159.62158423473	300	15.653518054870004	0.0	157488	2826.2012619756306	0.3
93166.15057461827	750	13.124527671339226	0.0	369834	6528.990383530779	0.3
93173.42943097805	750	9.845671311551603	0.0	412837	7278.856359787624	0.75
93176.63646783108	300	10.638634458536988	0.0	179328	3207.036853014616	-0.15000000000000002
93179.3262885376	300	11.948813752012557	0.0	159914	2689.8207065244324	0.3
93181.29590936164	300	13.979192927991932	0.0	131610	1969.6208240206256	0.3
93183.15642579661	300	16.11867649301266	0.0	124011	1860.5164349792708	0.3
93188.66834265315	750	14.606759636472496	0.0	378327	5511.916856540166	0.3
93194.35762054639	750	12.917481743239627	0.0	390680	5689.27789323287	0.75
93199.3984459292	750	11.87665636042441	0.0	345516	5040.825382815216	0.75
93204.99906484067	750	10.276037448943136	0.0	384505	5600.618911481275	0.75
93210.4214756094	750	8.853626680215024	0.0	372093	5422.410768728111	0.75
93212.9754847533	300	10.299617536315305	0.0	172312	2554.009143899719	-0.15000000000000002
93215.40296843946	300	11.87213385016076	0.0	167025	2427.4836861545464	0.3
93217.29503235596	300	13.980069933654448	0.0	160064	1892.0639165063112	0.3
93221.12284070607	750	14.152261583549716	0.0	331053	3827.8083501047317	0.3
93224.758805574	750	14.516296715609093	0.0	314107	3635.964867940623	0.75

