89808.3949875649	750	4.0	1.155411749928016	450283	1155.4117499280162	-4.218270524690469
89809.13250160989	750	7.262485954995404	0.0	398865	737.5140450045958	0.75
89812.63262596611	1850	7.762361598776482	0.0	877771	3500.1243562189225	0.75
89815.65351059259	1850	8.74147697231934	0.0	933276	3020.8846264571425	1.85
89821.6306698968	1850	6.764317668109771	0.0	996749	5977.159304209569	1.85
89822.71548458653	750	9.679502978367763	0.0	318564	1084.8146897420083	-0.3500000000000001
89823.90494578853	750	12.49004177637619	0.0	352642	1189.461201991575	0.75
89825.33548534947	750	15.059502215452074	0.0	437162	1430.5395609241148	0.75
89830.71690074985	1850	13.678086815063551	0.0	852833	5381.415400388524	0.75
89833.2174141959	1850	15.17757336902212	0.0	913888	2500.51344604143	1.85
89835.14175538746	1850	17.2532321774491	0.0	939819	1924.3411915730198	1.85
89837.37238528585	1850	19.022602279063896	0.0	917428	2230.629898385201	1.85
89842.52507509121	1850	17.8699124737018	0.0	946851	5152.689805362096	1.85
89845.48527370942	1850	18.909713855505064	0.0	1036454	2960.198618196735	1.85
89849.85970074846	1850	18.535286816468297	0.0	821631	4374.427039036768	1.85
89852.4851205976	1850	19.909866967323925	0.0	923170	2625.419849144371	1.85
89857.14411160165	1850	19.250875963275508	0.0	966699	4658.991004048417	1.85
89859.2021936067	1850	21.19279395822232	0.0	885714	2058.0820050531834	1.85
89861.8795234727	1850	22.515464092226093	0.0	987708	2677.3298659962315	1.85
89863.96169881111	1850	24.433288753807155	0.0	923755	2082.175338418935	1.85
89866.41725315209	1850	25.977734412829605	0.0	891604	2455.5543409775487	1.85
89868.99871950102	1850	27.396268063900745	0.0	955231	2581.4663489288628	1.85
89873.59202196394	1850	26.80296560097605	0.0	968026	4593.302462924695	1.85
89875.77097283569	1850	28.624014729231167	0.0	874175	2178.950871744886	1.85
89877.4036813063	1850	30.991306258619193	0.0	897976	1632.7084706119751	1.85
89887.40769974612	4300	24.987287818803168	0.0	2105231	10004.018439816025	1.8499999999999996
89889.37709735901	1850	27.01789020590729	0.0	1076599	1969.397612895879	-0.6000000000000001
89898.19924090926	4300	22.195746655658834	0.0	1972048	8822.143550248456	1.8499999999999996
89906.66646854022	4300	17.72851902469813	0.0	2134614	8467.227630960702	4.3
89913.81040156307	4300	14.584586001860574	0.0	2164140	7143.933022837556	4.3
89919.68357833354	4300	12.711409231388494	0.0	2113193	5873.1767704720805	4.3
89928.35102639075	4300	8.043961174179271	0.0	2147852	8667.448057209223	4.3
89930.20903546295	1850	10.185952101986288	0.0	885062	1858.0090721929816	-0.6000000000000001
89931.88898496078	1850	12.506002604145108	0.0	1035329	1679.9494978411797	1.85
89937.99778105627	1850	10.397206508654874	0.0	1026056	6108.796095490234	1.85
89939.89629339165	1850	12.498694173273833	0.0	943942	1898.512335381042	1.85
89941.7992866137	1850	14.595700951222232	0.0	728962	1902.9932220516005	1.85
89946.3520262918	1850	14.042961273115969	0.0	938587	4552.739678106264	1.85
89952.70938736953	1850	11.68560019539584	0.0	908665	6357.3610777201275	1.85
89954.59807386826	1850	13.796913696671696	0.0	930577	1888.6864987241443	1.85
89956.15791239355	1850	16.237075171369703	0.0	858450	1559.8385253019937	1.85
89959.24879261434	1850	17.146194950582924	0.0	1025005	3090.880220786779	1.85
89962.18024881494	1850	18.21473874998408	0.0	886255	2931.456200598845	1.85
89965.58655028825	1850	18.808437276683847	0.0	973972	3406.3014733002337	1.85
89968.32644869333	1850	20.06853887159399	0.0	958994	2739.8984050898525	1.85
89981.18841153318	1850	11.206576031754748	0.0	982064	12861.962839839243	1.85
89982.62095606112	750	13.77403150381489	0.0	331053	1432.5445279398598	-0.3500000000000001
89984.2517277124	750	16.14325985253118	0.0	314107	1630.7716512837105	0.75

