95743.60796322019	750	4.0	12.46111802488848	450283	12461.11802488848	-52.83280750702046
95748.92938573557	300	4.0	1.3214225153806982	155580	5321.422515380698	-5.8321168161370025
95753.71225930043	300	4.0	0.782873564856789	139857	4782.873564856789	-3.066356328884193
95760.41317992556	300	4.0	2.700920625140854	155432	6700.920625140854	-11.313958688105672
95764.78341736761	300	4.0	0.37023744204263037	163442	4370.23744204263	-1.2920210007833104
95767.47401975509	300	5.309397612527435	0.0	126289	2690.6023874725647	0.3
95770.58469421328	300	6.198723154333348	0.0	153295	3110.6744581940866	0.3
95773.7335051029	300	7.049912264713979	0.0	173849	3148.81088961937	0.3
95782.63782095864	750	4.0	1.854403591036894	374758	8904.315855750872	-7.673935441458644
95785.91733548275	300	4.720485475903605	0.0	139105	3279.5145240963952	-0.15000000000000002
95792.12397497443	300	4.0	1.4861540157750142	141840	6206.6394916786185	-6.090462267832561
95795.6462811944	300	4.477693780027359	0.0	156148	3522.3062199726405	0.3
95798.83985906564	300	5.284115908777107	0.0	160746	3193.577871250253	0.3
95804.12770027317	300	4.0	0.003725298750759066	179801	5287.841207527866	0.283981215371736
95806.11899058166	300	6.008709691510497	0.0	140051	1991.2903084895024	0.3
95808.00110819658	300	8.126592076603316	0.0	138313	1882.1176149071805	0.3
95814.24244722021	750	5.88525305296804	0.0	360831	6241.339023635277	0.3
95817.86251265217	300	6.265187621010915	0.0	150616	3620.0654319571254	-0.15000000000000002
95821.82968387831	300	6.298016394854349	0.0	165384	3967.171226156566	0.3
95825.22093871259	300	6.906761560576769	0.0	140881	3391.2548342775785	0.3
95829.5859475276	300	6.54175274558862	0.0	157671	4365.008814988149	0.3
95840.2012572592	300	4.0	4.073556986032468	157812	10615.309731621088	-17.21629503993961
95845.05303452122	300	4.0	0.8517772620153237	163927	4851.777262015324	-3.362642226665892
95849.25994153002	300	4.0	0.20690700880172608	137654	4206.907008801726	-0.589700137847422
95853.10998439237	300	4.1499571376432325	0.0	146754	3850.0428623567673	0.3
95857.1461849916	300	4.113756538426476	0.0	153938	4036.200599216756	0.3
95860.66801950576	300	4.5919220242630905	0.0	181901	3521.834514163385	0.3
95863.67561627377	300	5.584325256237074	0.0	111155	3007.596768026017	0.3
95866.36796147775	300	6.891980052263199	0.0	153605	2692.3452039738754	0.3
95869.03089924635	300	8.229042283671417	0.0	149029	2662.9377685917816	0.3
95879.47269259616	750	4.0	2.2127510661249326	358218	10441.79334979635	-9.21482958433721
95882.47085689742	300	5.001835698732361	0.0	157488	2998.164301267639	-0.15000000000000002
95885.19031375607	300	6.282378840070987	0.0	143881	2719.456858661374	0.3
95888.95593876015	300	6.516753836000627	0.0	163444	3765.6250040703585	0.3
95892.47590819871	300	6.996784397432346	0.0	179328	3519.969438568282	0.3
95895.51796800221	300	7.95472459392947	0.0	159914	3042.0598035028756	0.3
95905.67020228921	750	4.0	2.197509693068894	321064	10152.234286998364	-9.149291680196242
95909.47239078573	300	4.19781150347877	0.0	124011	3802.1884965212294	-0.15000000000000002
95913.10851612948	300	4.561686159723269	0.0	144254	3636.125343755502	0.3
95916.99758071305	300	4.67262157615594	0.0	149991	3889.0645835673286	0.3
95921.2595188929	300	4.4106833963000325	0.0	147968	4261.938179855908	0.3
95926.2621253135	300	4.0	0.5919230243095699	161857	5002.6064206096025	-2.2452690045311505
95928.5259878201	300	5.736137493402665	0.0	145210	2263.862506597335	0.3
95931.19744650915	300	7.0646788043537	0.0	172312	2671.458689048964	0.3
95941.1620252972	750	4.0	2.8998999837063675	398987	9964.578788060067	-12.16956992993738
95945.75682997162	300	4.0	0.5948046744210532	160064	4594.804674421053	-2.707660100010529
95949.18111019832	300	4.575719773311905	0.0	137507	3424.2802266880954	0.3
95954.05468651855	300	4.0	0.2978565469230789	118421	4873.5763202349835	-0.9807831517692391

