60577.11781804638	750	4.0	1.1579589142103328	450283	1157.9589142103328	-4.229223331104431
60578.71291143455	1200	6.404906611830739	0.0	611087	1595.0933881692608	0.75
60584.41640314109	1850	4.701414905296519	0.0	877771	5703.49170653422	1.2000000000000002
60585.65364851544	750	7.464169530944946	0.0	382355	1237.245374351574	-0.3500000000000001
60587.02558336314	750	10.092234683244437	0.0	411561	1371.9348477005096	0.75
60588.11911697028	750	12.998701076103567	0.0	318564	1093.5336071408701	0.75
60589.37738158795	750	15.740436458438165	0.0	352642	1258.2646176654032	0.75
60591.32923542462	1200	17.788582621759424	0.0	709534	1951.8538366787384	0.75
60598.584452570336	2850	14.533365476047642	0.0	1348011	7255.217145711784	1.2000000000000002
60600.97187211141	1850	16.14594593497468	0.0	913888	2387.4195410729612	0.8500000000000001
60603.835128665894	1850	17.282689380487557	0.0	939819	2863.2565544871245	1.85
60606.374342694406	1850	18.743475351973945	0.0	917428	2539.214028513613	1.85
60609.671658301646	1850	19.4461597447409	0.0	946851	3297.3156072330435	1.85
60612.46463947147	1850	20.653178574915213	0.0	1036454	2792.9811698256904	1.85
60615.77449686901	1850	21.343321177371386	0.0	821631	3309.857397543828	1.85
60624.93506278146	1850	16.1827552649309	0.0	923170	9160.565912440483	1.85
60629.405943035286	1200	15.711875011097442	0.0	617242	4470.88025383346	0.5499999999999999
60632.29728244147	1200	16.820535604917662	0.0	581493	2891.339406179779	1.2
60636.47868559231	1200	16.639132454073764	0.0	639204	4181.403150843902	1.2
60639.54536229466	1200	17.572455751719996	0.0	586839	3066.676702353766	1.2
60641.84257955551	1200	19.275238490870944	0.0	601738	2297.2172608490537	1.2
60644.648434001756	1200	20.46938404462353	0.0	616206	2805.854446247414	1.2
60646.57147144563	1200	22.546346600748485	0.0	656471	1923.0374438750428	1.2
60650.68983506104	1200	22.427982985338403	0.0	536667	4118.363615410081	1.2
60655.950497983344	1850	21.16732006303962	0.0	897976	5260.662922298784	1.2000000000000002
60660.464621599385	1850	20.65319644699735	0.0	905935	4514.123616042271	1.85
60670.3397707373	1850	14.778047309080378	0.0	1076599	9875.149137916971	1.85
60672.65902242827	1200	16.458795618107818	0.0	487160	2319.2516909725623	0.5499999999999999
60675.311652554585	1200	17.806165491784487	0.0	622896	2652.6301263233327	1.2
60677.28297317308	1200	19.834844873290574	0.0	641447	1971.320618493912	1.2
60679.79044279936	1200	21.32737524700576	0.0	570392	2507.4696262848133	1.2
60683.94299845058	1200	21.174819595798084	0.0	620283	4152.55565120768	1.2
60685.73939470059	1200	23.378423345781766	0.0	584349	1796.3962500163177	1.2
60687.66892165956	1200	25.4488963868189	0.0	670129	1929.5269589628608	1.2
60691.225592676914	2850	25.892225369466384	0.0	1492672	3556.6710173525166	1.2000000000000002
60697.802885736564	2850	23.31493230982152	0.0	1439896	6577.29305964487	2.85
60701.42395431818	2850	23.69386372820084	0.0	1139291	3621.0685816206787	2.85
60705.53121532606	2850	23.58660272031951	0.0	1499009	4107.261007881327	2.85
60713.15706496637	2850	19.96075308000948	0.0	1427478	7625.8496403100335	2.85
60720.34403737579	2850	16.77378067059025	0.0	1402287	7186.972409419232	2.85
60723.133017243104	1850	17.98480080327933	0.0	858450	2788.9798673109185	0.8500000000000001
60725.64533081043	1850	19.472487235944378	0.0	1025005	2512.3135673349548	1.85
60731.40602154119	1850	17.711796505192822	0.0	886255	5760.690730751554	1.85
60734.51436447955	1850	18.603453566825337	0.0	973972	3108.3429383674843	1.85
60737.450836166965	1850	19.666981879420753	0.0	958994	2936.4716874045866	1.85
60745.024045167236	2850	16.09377287914661	0.0	1483527	7573.209000274142	1.85
60748.260188078406	2850	16.85762996797727	0.0	1231456	3236.1429111693415	2.85
60752.28467305789	2850	16.833144988489465	0.0	1364537	4024.4849794878064	2.85

