40683.66914537135	750	4.0	3.8338850140770058	450283	3833.885014077006	-15.735705560531123
40683.906394612335	300	7.762750759011792	0.0	155580	237.24924098820784	-0.15000000000000002
40684.34097052652	750	11.328174844822595	0.0	350812	434.5759141891964	0.3
40685.36425978371	1850	14.304885587639726	0.0	933276	1023.2892571828684	0.75
40696.707913076076	2850	6.961232295273217	0.0	1472558	11343.653292366509	1.85
40697.92927325555	300	9.739872115798352	0.0	126289	1221.3601794748643	-2.25
40702.26573161358	1200	9.403413757763827	0.0	561791	4336.458358034526	0.29999999999999993
40705.37368909818	1200	10.295456273166543	0.0	709534	3107.957484597283	1.2
40707.42366042965	1200	12.245484941691673	0.0	584846	2049.971331474869	1.2
40710.581963367826	1850	13.087182003518366	0.0	913888	3158.302938173306	1.2000000000000002
40715.22456741591	2850	12.444577955432852	0.0	1354548	4642.604048085515	1.85
40718.394794345215	1850	13.274351026134665	0.0	917428	3170.2269292981855	0.8500000000000001
40723.2676964716	2850	12.401448899744318	0.0	1422919	4872.902126390348	1.85
40726.83884570814	1850	12.83029966320606	0.0	1036454	3571.149236538258	0.8500000000000001
40729.572214677195	1850	14.096930694153018	0.0	821631	2733.3689690530423	1.85
40731.85563732113	2850	15.813508050214345	0.0	1471065	2283.422643938673	1.85
40734.24368137324	4300	17.42546399810864	0.0	2289689	2388.0440521057035	2.8499999999999996
40736.39970323553	4300	19.269442135820654	0.0	2059512	2156.0218622879884	4.3
40738.718231452964	4300	20.950913918383048	0.0	2220726	2318.5282174376043	4.3
40740.97224964515	4300	22.696895726194555	0.0	2156729	2254.0181921884946	4.3
40743.10837427181	4300	24.560771099533113	0.0	2039773	2136.1246266614407	4.3
40745.38229070764	4300	26.28685466370168	0.0	2176469	2273.916435831438	4.3
40747.70160517786	4300	27.96754019347575	0.0	2221506	2319.3144702259274	4.3
40750.94294825204	4300	28.726197119297876	0.0	2044075	3241.3430741778775	4.3
40757.240603950166	4300	26.428541421176373	0.0	2186790	6297.655698121499	4.3
40767.35195252448	4300	20.31719284686717	0.0	2105231	10111.348574309206	4.3
40771.78801188299	4300	19.88113348835131	0.0	2395588	4436.0593585158595	4.3
40775.45391987128	4300	20.21522550006514	0.0	1972048	3665.907988286168	4.3
40779.368825734775	4300	20.30031963657371	0.0	2134614	3914.9058634914327	4.3
40786.24282973277	4300	17.426315638575712	0.0	2164140	6874.003997997995	4.3
40796.852751109844	4300	10.816394261499171	0.0	2113193	10609.921377076542	4.3
40802.318811991776	1200	9.350333379572861	0.0	620283	5466.060881926312	-1.9000000000000001
40805.76404509211	1200	9.90510027923298	0.0	584349	3445.2331003398817	1.2
40808.10128019057	1200	11.567865180779846	0.0	670129	2337.235098453136	1.2
40811.63740522944	1850	12.031740141901613	0.0	1026056	3536.1250388782323	1.2000000000000002
40814.896940831255	1850	12.772204540093528	0.0	943942	3259.535601808085	1.85
40817.432346599155	1850	14.236798772191236	0.0	728962	2535.4057679022917	1.85
40822.56154716755	2850	13.107598203797483	0.0	1499009	5129.200568393752	1.85
40827.449805642966	2850	12.21933972838501	0.0	1427478	4888.258475412474	2.85
40830.62124148906	1850	13.047903882285912	0.0	930577	3171.4358460990998	0.8500000000000001
40833.150871211205	2850	14.518274160147177	0.0	1339500	2529.6297221387335	1.85
40834.7704136437	2850	16.898731727643465	0.0	1527299	1619.5424325037106	2.85
40836.98935185732	4300	18.679793514027313	0.0	2121928	2218.938213616151	2.8499999999999996
40839.30624305613	4300	20.362902315215656	0.0	2219102	2316.89119881166	4.3
40841.5282274953	4300	22.14091787605295	0.0	2124950	2221.984439162705	4.3
40843.8727423754	4300	23.796402995944877	0.0	2246506	2344.5148801080736	4.3
40845.92960364886	4300	25.739541722493954	0.0	1961140	2056.861273450927	4.3
40848.18189107689	4300	27.487254294456164	0.0	2155012	2252.2874280377887	4.3

