50442.23547843632	750	4.0	5.954955171766281	450283	5954.955171766282	-24.856307238595008
50443.36308719385	300	6.8723912424670734	0.0	155580	1127.6087575329263	-0.15000000000000002
50444.38021115464	300	9.855267281679884	0.0	139857	1017.12396078719	0.3
50445.51294178774	300	12.722536648576941	0.0	155432	1132.7306331029422	0.3
50446.65477002076	300	15.580708415557204	0.0	163442	1141.8282330197353	0.3
50447.50436663101	300	18.73111180530702	0.0	126289	849.5966102501845	0.3
50450.93022626993	1200	19.305252166388787	0.0	561791	3425.859638918234	0.29999999999999993
50454.712849078714	1200	19.522629357604515	0.0	709534	3782.62280878427	1.2
50457.78482882794	1200	20.450649608381603	0.0	584846	3071.9797492229127	1.2
50461.795475627936	1850	20.44000280838167	0.0	913888	4010.6467999999304	1.2000000000000002
50467.83238158096	1850	18.403096855355834	0.0	939819	6036.905953025838	1.85
50470.792858819616	1850	19.442619616697158	0.0	917428	2960.477238658675	1.85
50473.702817060665	1850	20.532661375653912	0.0	946851	2909.9582410432436	1.85
50476.61702065458	1850	21.618457781734246	0.0	1036454	2914.2035939196658	1.85
50478.949526133234	1850	23.28595230308382	0.0	821631	2332.505478650425	1.85
50482.31870006938	2850	23.916778366932036	0.0	1471065	3369.1739361517857	1.85
50485.89159551445	2850	24.343882921868257	0.0	1491626	3572.895445063776	2.85
50493.771630250776	4300	20.463848185540026	0.0	2059512	7880.03473632823	2.8499999999999996
50498.39525704681	4300	19.84022138950076	0.0	2220726	4623.626796039268	4.3
50503.00776129874	4300	19.227717137571798	0.0	2156729	4612.504251928959	4.3
50510.99298580919	4300	15.242492627121784	0.0	2039773	7985.224510450014	4.3
50517.76983866945	4300	12.465639766866131	0.0	2176469	6776.8528602556535	4.3
50522.07665726352	2850	12.158821172800932	0.0	1505760	4306.818594065198	1.4000000000000001
50524.460215386236	2850	13.775263050085798	0.0	1323990	2383.5581227151347	2.85
50526.947721484416	2850	15.28775695190135	0.0	1383735	2487.5060981844476	2.85
50529.603522564925	2850	16.631955871389156	0.0	1480464	2655.8010805121935	2.85
50537.8524507607	4300	12.383027675614759	0.0	2395588	8248.928195774397	2.8499999999999996
50543.003013451154	4300	11.232464985164738	0.0	1972048	5150.562690450022	4.3
50550.07098649089	4300	8.164491945422562	0.0	2134614	7067.973039742176	4.3
50554.26123232035	2850	7.974246115956632	0.0	1561263	4190.245829465929	1.4000000000000001
50557.08157137291	2850	9.153907063395554	0.0	1341201	2820.3390525610776	2.85
50559.45262632768	2850	10.782852108630378	0.0	1497683	2371.054954765177	2.85
50563.695538507025	2850	10.539939929284765	0.0	1358081	4242.9121793456125	2.85
50566.436322635076	2850	11.799155801226274	0.0	1587293	2740.784128058491	2.85
50570.91753049009	2850	11.317947946210516	0.0	1492672	4481.207855015759	2.85
50575.55184454892	2850	10.683633887387089	0.0	1439896	4634.314058823426	2.85
50577.2651152074	2850	12.970363228903171	0.0	1139291	1713.2706584839182	2.85
50579.49407224867	2850	14.74140618763512	0.0	1499009	2228.9570412680514	2.85
50585.615812769116	2850	12.619665667197296	0.0	1427478	6121.740520437822	2.85
50590.60943943811	2850	11.626038998207324	0.0	1402287	4993.626668989972	2.85
50592.486101229086	1850	13.74937720722495	0.0	858450	1876.6617909823763	0.8500000000000001
50594.07293834049	1850	16.16254009581613	0.0	1025005	1586.8371114088181	1.85
50595.45580215498	1850	18.779676281325838	0.0	886255	1382.8638144902925	1.85
50597.966074952186	2850	20.269403484120076	0.0	1587250	2510.2727972057596	1.85
50602.085282562184	4300	20.150195874121405	0.0	2124950	4119.207609998675	2.8499999999999996
50606.435549688984	4300	19.7999287473148	0.0	2246506	4350.267126806601	4.3
50610.24337933781	4300	19.992099098488804	0.0	1961140	3807.8296488259975	4.3
50617.435195815255	4300	16.800282621038765	0.0	2155012	7191.816477450039	4.3

