49438.00338068204	750	4.0	3.072378002687588	450283	3072.378002687588	-12.461225411556628
49441.03826345094	300	4.9651172311108835	0.0	155580	3034.8827688891165	-0.15000000000000002
49441.50179944634	300	8.501581235704311	0.0	139857	463.53599540657393	0.3
49445.3143720184	1200	8.689008663645525	0.0	617681	3812.572572058785	0.29999999999999993
49447.06111984252	300	10.942260839536054	0.0	163442	1746.7478241094714	-0.6000000000000001
49447.7196566093	300	14.283724072754303	0.0	126289	658.5367667817509	0.3
49450.71882198366	1200	15.284558698395628	0.0	561791	2999.165374358676	0.29999999999999993
49456.02890571554	1200	13.974474966516484	0.0	709534	5310.083731879144	1.2
49461.527493983245	750	12.475886698811097	0.0	374758	5498.588267705386	0.3
49466.96176157239	300	11.041619109664733	0.0	139105	5434.267589146364	-0.15000000000000002
49469.40833986059	300	12.595040821464355	0.0	141840	2446.5782882003764	0.3
49470.35102929699	300	15.652351385064604	0.0	156148	942.6894363997521	0.3
49472.85762488682	1200	17.145755795230624	0.0	624282	2506.5955898339794	0.29999999999999993
49481.582709394315	1850	12.42067128773274	0.0	1036454	8725.084507497884	1.2000000000000002
49483.0200738169	300	14.98330686514682	0.0	140051	1437.3644225859196	-1.25
49484.289880466706	300	17.713500215342297	0.0	138313	1269.806649804523	0.3
49486.71576360193	750	19.287617080115684	0.0	360831	2425.8831352266147	0.3
49490.29457115919	1200	19.708809522864165	0.0	581493	3578.807557251518	0.75
49494.24026093085	1200	19.763119751204286	0.0	639204	3945.6897716598796	1.2
49496.44864640595	1200	21.554734276105986	0.0	586839	2208.3854750982996	1.2
49503.183578547374	2850	18.81980213468507	0.0	1415116	6734.932141420916	1.2000000000000002
49509.10037307459	1850	16.903007607475853	0.0	955231	5916.794527209214	0.8500000000000001
49513.62485555893	1200	16.378525123130313	0.0	656471	4524.4824843455435	0.5499999999999999
49515.01253621442	750	18.990844467646824	0.0	343800	1387.6806554834868	0.3
49521.06568700211	1850	16.93769367994909	0.0	897976	6053.150787697739	0.75
49523.46023473529	1200	18.543145946768856	0.0	590335	2394.5477331802326	0.5499999999999999
49527.591325073874	1850	18.4120556081882	0.0	1076599	4131.0903385806505	1.2000000000000002
49534.555255031475	1850	15.448125650589507	0.0	758197	6963.929957598696	1.85
49535.95874353728	750	18.044637144782172	0.0	400396	1403.4885058073328	-0.3500000000000001
49539.755887348205	1850	18.247493333864472	0.0	975811	3797.1438109176993	0.75
49544.78362388589	1850	17.219756796183084	0.0	873429	5027.736537681391	1.85
49546.87987486447	1200	19.1235058175995	0.0	620283	2096.250978583585	0.5499999999999999
49549.56563030267	1850	20.437750379395315	0.0	885062	2685.7554382041835	1.2000000000000002
49560.619610130605	2850	13.383770551454662	0.0	1587293	11053.979827940653	1.85
49569.73231188446	750	8.271068797609317	0.0	401088	9112.701753845344	-1.35
49570.694354332416	300	11.309026349644547	0.0	159914	962.04244796477	-0.15000000000000002
49572.48689755425	750	13.516483127812666	0.0	321064	1792.5432218318822	0.3
49575.518975880106	1200	14.484404801953518	0.0	575591	3032.0783258591478	0.75
49577.24221225833	1200	16.761168423734343	0.0	605884	1723.236378219173	1.2
49582.55572441791	2850	15.447656264153942	0.0	1402287	5313.512159580401	1.2000000000000002
49590.865454272986	1850	11.137926409079688	0.0	858450	8309.729855074254	0.8500000000000001
49592.16671824917	300	13.836662432894249	0.0	161857	1301.2639761854393	-1.25
49595.59912332796	750	14.404257354111659	0.0	372093	3432.4050787825913	0.3
49599.57522158344	750	14.428159098629157	0.0	438281	3976.0982554825	0.75
49603.09230227884	750	14.911078403230382	0.0	398987	3517.080695398775	0.75
49604.224157928475	750	17.779222753593583	0.0	393804	1131.855649636799	0.75
49608.251989114164	2850	17.75139156790416	0.0	1231456	4027.8311856894193	0.75
49612.88902099487	1850	17.11435968719493	0.0	846370	4637.031880709229	0.8500000000000001

