51969.55865945306	750	4.0	7.861166783708592	450283	7861.166783708592	-33.05301716994695
51971.52892577522	300	6.029733677840992	0.0	155580	1970.2663221590078	-0.15000000000000002
51973.3081607477	300	8.250498705362574	0.0	139857	1779.2349724784187	0.3
51975.276628899046	300	10.282030554020377	0.0	155432	1968.4681513421963	0.3
51977.34241697095	300	12.216242482119666	0.0	163442	2065.7880719007107	0.3
51978.95680341881	300	14.601856034252723	0.0	126289	1614.3864478669427	0.3
51980.88664275388	300	16.672016699180894	0.0	153295	1929.839335071827	0.3
51986.204543433596	750	15.354116019464666	0.0	437162	5317.900679716228	0.3
51990.202441594214	750	15.356217858848511	0.0	374758	3997.898160616155	0.75
51995.01531128122	750	14.543348171842892	0.0	362795	4812.869687005619	0.75
51999.281052821425	750	14.277606631636175	0.0	353220	4265.741540206715	0.75
52004.26185292103	750	13.296806532032562	0.0	405134	4980.8000996036135	0.75
52008.736494220095	750	12.822165232973642	0.0	386351	4474.641299058919	0.75
52015.759007140885	750	9.79965231218551	0.0	434409	7022.512920788134	0.75
52020.38252785436	750	9.176131598708478	0.0	337059	4623.520713477031	0.75
52024.34327561902	750	9.215383834046735	0.0	366214	3960.747764661742	0.75
52028.84124893189	750	8.717410521186647	0.0	360831	4497.973312860089	0.75
52033.56796196539	750	7.990697487678852	0.0	372963	4726.7130335077945	0.75
52038.393535565156	750	7.165123887912695	0.0	405596	4825.573599766157	0.75
52042.46085098314	750	7.097808469926613	0.0	350713	4067.3154179860826	0.75
52046.93471652054	750	6.6239429325216195	0.0	386472	4473.865537404993	0.75
52052.05933478064	750	5.499324672417616	0.0	399894	5124.618260104004	0.75
52058.10950903927	750	4.0	0.5508495862130658	401853	6050.174258630682	-1.6186532207161828
52060.11815099089	300	5.9913580483728435	0.0	137654	2008.641951627156	-0.15000000000000002
52062.1128556688	300	7.9966533704723535	0.0	146754	1994.7046779004909	0.3
52064.20936178428	300	9.90014725499259	0.0	153938	2096.5061154797636	0.3
52066.70540868375	300	11.40410035551649	0.0	181901	2496.0468994761	0.3
52068.22822354175	300	13.881285497520393	0.0	111155	1522.8148579960962	0.3
52070.15180243481	300	15.957706604461366	0.0	153605	1923.5788930590272	0.3
52075.08838468732	750	15.021124351948018	0.0	400508	4936.582252513348	0.3
52079.68937592668	750	14.42013311258487	0.0	358218	4600.991239363147	0.75
52084.72110003159	750	13.388409007684132	0.0	400322	5031.724104900738	0.75
52088.68791532993	750	13.421593709333756	0.0	369834	3966.815298350375	0.75
52093.30476116411	750	12.80474787515795	0.0	412837	4616.845834175804	0.75
52097.85861826633	750	12.25089077293434	0.0	401088	4553.857102223611	0.75
52102.51800217752	750	11.591506861743376	0.0	365161	4659.3839111909665	0.75
52106.595526588826	750	11.513982450436796	0.0	321064	4077.5244113065805	0.75
52110.909873988676	750	11.199635050590091	0.0	361565	4314.347399846703	0.75
52115.539974028834	750	10.569535010427728	0.0	378327	4630.100040162364	0.75
52120.3696128549	750	9.739896184360441	0.0	390680	4829.638826067287	0.75
52126.51279076883	750	7.596718270423405	0.0	345516	6143.1779139370365	0.75
52131.3576701566	750	6.751838882657527	0.0	384505	4844.879387765878	0.75
52133.23546034682	300	8.874048692436482	0.0	145210	1877.7901902210444	-0.15000000000000002
52135.31922805154	300	10.790280987712897	0.0	172312	2083.7677047235857	0.3
52137.342146171606	300	12.767362867649863	0.0	167025	2022.9181200630342	0.3
52142.04572003674	750	12.063789002522295	0.0	393804	4703.573865127568	0.3
52148.482004927435	1200	9.627504111822756	0.0	538612	6436.284890699539	0.75
52160.274804833694	1850	4.0	2.1652957944354494	846370	11792.799906258206	-8.110771916072432

