50520.204634577916	750	4.0	1.591177121860175	450283	1591.1771218601748	-6.0920616239987515
50520.611743258305	300	7.592891319609239	0.0	155580	407.10868039076126	-0.15000000000000002
50522.53000294376	750	9.674631634158569	0.0	350812	1918.2596854506685	0.3
50524.05226589287	1200	12.152368685038809	0.0	617681	1522.2629491197608	0.75
50528.25232373041	1850	11.952310847498065	0.0	996749	4200.057837540744	1.2000000000000002
50531.37448829816	1850	12.830146279745353	0.0	801058	3122.1645677527117	1.85
50534.00434130763	1850	14.20029327028335	0.0	905515	2629.8530094620032	1.85
50536.83048656054	2850	15.374148017371777	0.0	1638769	2826.1452529115727	1.85
50544.759599124205	4300	11.445035453698443	0.0	2055469	7929.112563673334	2.8499999999999996
50547.66094080884	1850	12.543693769064054	0.0	913888	2901.3416846343875	-0.6000000000000001
50552.38496807054	1850	11.81966650736996	0.0	939819	4724.027261694096	1.85
50560.2449319212	1850	7.959702656702072	0.0	917428	7859.963850667887	1.85
50562.55069069249	750	9.65394388541329	0.0	386351	2305.7587712887816	-0.3500000000000001
50564.28339139168	1200	11.921243186224181	0.0	687371	1732.7006991891087	0.75
50567.892638128236	1850	12.311996449669342	0.0	821631	3609.2467365548373	1.2000000000000002
50570.36154962319	1850	13.84308495472292	0.0	923170	2468.911494946422	1.85
50577.17924613239	2850	11.025388445508613	0.0	1491626	6817.69650921431	1.85
50582.63332064584	1850	9.571313932064804	0.0	885714	5454.0745134438075	0.8500000000000001
50586.01575176533	1200	10.188882812578301	0.0	639204	3382.4311194865045	0.5499999999999999
50586.77318061089	1200	13.431453967009727	0.0	586839	757.4288455685727	1.2
50588.85832689236	2850	15.346307685545408	0.0	1415116	2085.146281464319	1.2000000000000002
50602.52957363434	4300	5.6750609435660095	0.0	2176469	13671.2467419794	2.8499999999999996
50602.89862136187	300	9.306013216040489	0.0	163927	369.0477275255212	-3.7
50603.92491072718	1200	12.279723850725812	0.0	536667	1026.2893653146762	0.29999999999999993
50609.07136327353	1850	11.133271304377296	0.0	897976	5146.452546348517	1.2000000000000002
50611.478288248945	1850	12.72634632895839	0.0	905935	2406.924975418904	1.85
50613.849615019324	1850	14.355019558589023	0.0	1076599	2371.3267703693673	1.85
50617.95922308853	2850	14.24541148937786	0.0	1141971	4109.608069211164	1.85
50620.44479044253	2850	15.75984413537494	0.0	1498470	2485.5673540029193	2.85
50624.10008404279	4300	16.10455053512242	0.0	2164140	3655.293600252518	2.8499999999999996
50628.16962419956	4300	16.03501037834837	0.0	2113193	4069.5401567740496	4.3
50640.88111073815	4300	7.323523839755973	0.0	2147852	12711.486538592399	4.3
50641.8806414228	750	10.32399315510549	0.0	369834	999.5306846504832	-2.8
50643.76768534987	1200	12.43694922803188	0.0	670129	1887.043927073611	0.75
50648.59516343936	1850	11.60947113855042	0.0	1026056	4827.478089481459	1.2000000000000002
50655.291572568894	1850	8.913062009010146	0.0	943942	6696.409129540274	1.85
50656.13139803734	750	12.073236540563366	0.0	321064	839.8254684467789	-0.3500000000000001
50661.35248001544	1850	10.8521545624598	0.0	938587	5221.081978103567	0.75
50662.935565784224	1200	13.269068793681225	0.0	605884	1583.0857687785754	0.5499999999999999
50666.57853509813	2850	13.626099479775105	0.0	1402287	3642.96931390612	1.2000000000000002
50671.291197894076	2850	12.9134366838303	0.0	1339500	4712.662795944804	2.85
50674.295642831916	1850	13.908991745988232	0.0	1025005	3004.4449378420677	0.8500000000000001
50677.240166722506	2850	14.964467855393691	0.0	1343002	2944.5238905945407	1.85
50684.22829779183	2850	11.976336786067046	0.0	1587250	6988.131069326644	2.85
50686.547514336664	1850	13.6571202412354	0.0	958994	2319.216544831646	0.8500000000000001
50693.683201480424	2850	10.521433097470727	0.0	1483527	7135.687143764673	1.85
50694.8211590677	1200	13.38347551019473	0.0	538612	1137.957587275996	-0.44999999999999996
50697.104508732664	2850	15.100125845239475	0.0	1364537	2283.349664955254	1.2000000000000002

