25481.75296680447	750	4.0	7.504882108750317	450283	7504.882108750317	-31.520993067626357
25484.311717841938	300	5.441248962533671	0.0	155580	2558.751037466329	-0.15000000000000002
25486.54644145774	300	7.2065253467294665	0.0	139857	2234.723615804204	0.3
25489.104886304118	300	8.648080500350904	0.0	155432	2558.444846378561	0.3
25491.59712313173	300	10.155843672738781	0.0	163442	2492.2368276121238	0.3
25493.593982994284	300	12.158983810183283	0.0	126289	1996.8598625554994	0.3
25495.82397620333	300	13.928990601136263	0.0	153295	2229.9932090470193	0.3
25502.483159250743	750	11.26980755372341	0.0	437162	6659.183047412852	0.3
25504.79030109283	300	12.962665711637257	0.0	150710	2307.141842086154	-0.15000000000000002
25508.125416180297	300	13.627550624167306	0.0	139105	3335.1150874699506	0.3
25514.500068813024	750	11.25289799144423	0.0	353220	6374.652632723077	0.3
25516.790593038084	300	12.96237376638292	0.0	156148	2290.5242250613096	-0.15000000000000002
25522.622702260694	750	11.13026454376879	0.0	386351	5832.109222614131	0.3
25525.467637924758	300	12.285328879707588	0.0	179801	2844.9356640612027	-0.15000000000000002
25527.5054738156	300	14.247492988864105	0.0	140051	2037.8358908434818	0.3
25533.249305638386	750	12.503661166077821	0.0	366214	5743.831822786283	0.3
25535.41932595968	300	14.33364084478706	0.0	143509	2170.0203212907613	-0.15000000000000002
25541.151926199374	750	12.601040605092361	0.0	372963	5732.600239694699	0.3
25544.668447363612	300	13.084519440854448	0.0	165384	3516.5211642379118	-0.15000000000000002
25550.05785143994	750	11.695115364526279	0.0	350713	5389.40407632817	0.3
25552.334651589634	300	13.418315214833894	0.0	157671	2276.800149692384	-0.15000000000000002
25558.41621496286	750	11.336751841603059	0.0	399894	6081.563373230836	0.3
25560.96710617985	300	12.785860624613752	0.0	163927	2550.891216989306	-0.15000000000000002
25563.281730539034	300	14.471236265429466	0.0	137654	2314.624359184286	0.3
25568.74521467442	750	13.00775213004558	0.0	359903	5463.484135383887	0.3
25575.425389073123	750	10.327577731343318	0.0	379700	6680.174398702263	0.75
25578.335077107593	300	11.41788969687327	0.0	181901	2909.6880344700453	-0.15000000000000002
25580.09622934707	300	13.656737457398286	0.0	111155	1761.152239474986	0.3
25586.010154008934	750	11.742812795530865	0.0	400396	5913.924661867421	0.3
25588.649475055663	300	13.10349174880405	0.0	149029	2639.321046726814	-0.15000000000000002
25593.815625991923	750	11.937340812547587	0.0	358218	5166.150936256462	0.3
25596.275714235333	300	13.477252569137235	0.0	157488	2460.088243410352	-0.15000000000000002
25604.04401518135	750	9.70895162312322	0.0	369834	7768.300946014016	0.3
25606.443482252987	300	11.309484551482024	0.0	163444	2399.4670716411947	-0.15000000000000002
25609.048144785847	300	12.704822018625181	0.0	179328	2604.6625328568416	0.3
25614.81874615721	750	10.934220647263189	0.0	365161	5770.601371361994	0.3
25616.735622261767	300	13.017344542707605	0.0	131610	1916.8761045555837	-0.15000000000000002
25618.55895171864	300	15.194015085829568	0.0	124011	1823.329456878037	0.3
25624.546559271676	750	13.20640753279647	0.0	378327	5987.607553033095	0.3
25627.00277866692	300	14.750188137551397	0.0	149991	2456.219395245075	-0.15000000000000002
25632.72573311034	750	13.027233694132807	0.0	345516	5722.95444341859	0.3
25639.024044714657	750	10.728922089814787	0.0	384505	6298.311604318021	0.75
25641.16467853233	300	12.588288272140717	0.0	145210	2140.63381767407	-0.15000000000000002
25643.652633001777	300	14.100333802689773	0.0	172312	2487.954469450943	0.3
25649.739753141803	750	12.013213662667585	0.0	398987	6087.120140022187	0.3
25652.487293082264	300	13.265673722206085	0.0	160064	2747.5399404614996	-0.15000000000000002
25657.58363750132	750	12.169329303148144	0.0	331053	5096.34441905794	0.3
25659.328658686944	300	14.42430811752479	0.0	118421	1745.0211856233554	-0.15000000000000002

