6718.484058863587	750	4.0	4.216930785187015	450283	4216.930785187014	-17.382802376304163
6719.211868656589	300	7.272190206998401	0.0	155580	727.8097930015995	-0.15000000000000002
6720.75259271561	750	9.731466147977466	0.0	350812	1540.7240590209353	0.3
6722.42465669172	750	12.059402171867898	0.0	382355	1672.0639761095679	0.75
6725.223117745815	1200	13.26094111777273	0.0	652874	2798.4610540951685	0.75
6727.4696247033	1200	15.014434160287015	0.0	520315	2246.506957485713	1.2
6729.888830972874	1200	16.595227890714053	0.0	561791	2419.206269572963	1.2
6734.384526203307	1850	16.099532660280275	0.0	1060487	4495.695230433778	1.2000000000000002
6738.01558398191	1850	16.468474881678056	0.0	852833	3631.0577786022186	1.85
6741.084874906677	1850	17.39918395691095	0.0	913888	3069.290924767105	1.85
6744.1716809351165	1850	18.312377928471527	0.0	939819	3086.8060284394255	1.85
6747.186850410366	1850	19.297208453222435	0.0	917428	3015.1694752490903	1.85
6751.819260424614	2850	18.66479843897395	0.0	1422919	4632.410014248487	1.85
6756.837908686753	2850	17.646150176835924	0.0	1578343	5018.648262138028	2.85
6759.24122553896	1850	19.242833324628386	0.0	821631	2403.3168522075352	0.8500000000000001
6763.4809396992	2850	19.003119164387748	0.0	1471065	4239.714160240641	1.85
6767.778793970753	2850	18.705264892834073	0.0	1491626	4297.854271553675	2.85
6771.701060465197	2850	18.782998398390152	0.0	1358801	3922.2664944439193	2.85
6776.095763909967	2850	18.388294953620782	0.0	1537156	4394.703444769371	2.85
6779.853699717104	2850	18.630359146482586	0.0	1336050	3757.9358071381916	2.85
6783.440539933331	2850	19.043518930255978	0.0	1415116	3586.840216226611	2.85
6787.01681557624	2850	19.467243287346545	0.0	1468126	3576.2756429094325	2.85
6790.682714887381	2850	19.801343976206145	0.0	1505760	3665.8993111403984	2.85
6793.915737167795	2850	20.568321695791752	0.0	1323990	3233.0222804143923	2.85
6797.291039462517	2850	21.19301940106958	0.0	1383735	3375.3022947221725	2.85
6802.437325210746	4300	20.046733652840558	0.0	2105231	5146.285748229025	2.8499999999999996
6805.606832713259	2850	20.87722615032814	0.0	1547572	3169.507502512417	1.4000000000000001
6809.623746208278	4300	20.860312655308455	0.0	1972048	4016.9134950196863	2.8499999999999996
6813.965199612688	4300	20.51885925089946	0.0	2134614	4341.453404408996	4.3
6818.36559747882	4300	20.11846138476643	0.0	2164140	4400.3978661330275	4.3
6822.513304127498	4300	19.970754736088544	0.0	2113193	4147.706648677888	4.3
6825.959802720538	4300	20.52425614304772	0.0	2147852	3446.498593040826	4.3
6829.7787397479315	4300	20.70531911565503	0.0	2191074	3818.937027392686	4.3
6833.760960930647	4300	20.723097932939375	0.0	2286761	3982.2211827156575	4.3
6837.779061727624	4300	20.70499713596242	0.0	2307787	4018.1007969769557	4.3
6841.39326704014	4300	21.090791823447077	0.0	2143948	3614.2053125153416	4.3
6844.080936903452	4300	22.403121960134335	0.0	1919781	2687.6698633127407	4.3
6846.988856311217	4300	23.495202552370177	0.0	2147467	2907.9194077641596	4.3
6849.799322920024	4300	24.68473594356381	0.0	2133870	2810.466608806368	4.3
6852.528509987422	4300	25.955548876166013	0.0	2146120	2729.1870673977965	4.3
6855.114969578505	4300	27.36908928508163	0.0	2108491	2586.4595910843846	4.3
6857.789014761041	4300	28.695044102546102	0.0	2184571	2674.0451825355244	4.3
6860.388675191435	4300	30.095383672151648	0.0	2121928	2599.660430394453	4.3
6863.103723836068	4300	31.38033502751847	0.0	2219102	2715.0486446331784	4.3
6865.744074742454	4300	32.73998412113246	0.0	2124950	2640.3509063860092	4.3
6868.5350951861055	4300	33.94896367748025	0.0	2246506	2791.020443652212	4.3
6870.991715251645	4300	35.49234361194186	0.0	1961140	2456.6200655383896	4.3
6873.835685815381	4300	36.648373048205	0.0	2155012	2843.9705637368625	4.3

