8284.909727757577	750	4.0	7.739217203616877	450283	7739.217203616877	-32.52863397555257
8286.805516463362	300	6.104211294213782	0.0	155580	1895.7887057862183	-0.15000000000000002
8288.574213165304	300	8.335514592272773	0.0	139857	1768.6967019410083	0.3
8291.021838649189	300	9.887889108386954	0.0	155432	2447.625483885819	0.3
8293.531322147921	300	11.378405609655317	0.0	163442	2509.4834987316367	0.3
8299.194371090682	300	9.715356666893774	0.0	126289	5663.048942761544	0.3
8301.448513925043	300	11.461213832533197	0.0	153295	2254.1428343605785	0.3
8304.309364026558	300	12.60036373101807	0.0	173849	2860.850101515124	0.3
8306.79684413162	300	14.11288362595539	0.0	150710	2487.480105062681	0.3
8312.332893146347	750	12.576834611228783	0.0	362795	5536.049014726607	0.3
8314.130354382964	300	14.77937337461226	0.0	141840	1797.4612366165215	-0.15000000000000002
8322.927954292087	750	9.981773465489887	0.0	405134	8797.599909122375	0.3
8326.66221995683	300	10.247507800745677	0.0	160746	3734.265664744212	-0.15000000000000002
8328.836962857113	300	12.072764900463271	0.0	179801	2174.742900282404	0.3
8333.6293509475	300	11.28037681007605	0.0	140051	4792.388090387222	0.3
8342.986985526786	300	5.9227422307903	0.0	138313	9357.63457928575	0.3
8345.37481753217	300	7.534910225404146	0.0	143509	2387.832005386154	0.3
8347.987063242226	300	8.92266451534909	0.0	150616	2612.2457100550555	0.3
8357.293191388953	300	4.0	0.38346363137685874	165384	9306.128146725949	-1.3488936149204924
8359.227110182108	300	6.066081206844812	0.0	140881	1933.9187931551883	0.3
8371.670575856657	300	4.0	6.377384467705682	157671	12443.465674550494	-27.122753211134434
8374.489670617884	300	5.180905238772952	0.0	157812	2819.094761227048	0.3
8386.876363059635	300	4.0	7.2057872029771115	163927	12386.692441750063	-30.684884972801576
8389.594034961368	300	5.2823280982655945	0.0	137654	2717.671901734406	0.3
8391.493120105562	300	7.383242954071362	0.0	146754	1899.0851441942311	0.3
8393.814908679165	300	9.061454380469517	0.0	153938	2321.7885736018457	0.3
8399.026938417392	300	7.849424642243012	0.0	181901	5212.029738226505	0.3
8402.536780699002	300	8.339582360632313	0.0	111155	3509.842281610697	0.3
8404.425949518703	300	10.450413540931265	0.0	153605	1889.168819701048	0.3
8406.207369057049	300	12.668994002586324	0.0	149029	1781.419538344942	0.3
8412.177729608491	750	10.698633451143301	0.0	358218	5970.360551443022	0.3
8414.260388421151	300	12.615974638482035	0.0	157488	2082.6588126612664	-0.15000000000000002
8416.2024444807	300	14.673918578935336	0.0	143881	1942.0560595466986	0.3
8426.295420862432	750	8.580942197202093	0.0	412837	10092.976381733242	0.3
8428.659221979577	300	10.217141080057841	0.0	179328	2363.8011171442513	-0.15000000000000002
8433.169725972506	300	9.706637087130234	0.0	159914	4510.503992927606	0.3
8436.93765570826	300	9.938707351376701	0.0	131610	3767.9297357535343	0.3
8441.235565209354	300	9.640797850282343	0.0	124011	4297.909501094359	0.3
8443.444815322044	300	11.431547737592052	0.0	144254	2209.250112690292	0.3
8445.395371899018	300	13.480991160616679	0.0	149991	1950.5565769753719	0.3
8456.952217075483	750	5.92414598415249	0.0	345516	11556.845176464189	0.3
8459.10970192177	300	7.766661137865066	0.0	161857	2157.4848462874243	-0.15000000000000002
8461.282889434206	300	9.593473625430178	0.0	145210	2173.1875124348862	0.3
8465.943517386724	300	8.932845672911688	0.0	172312	4660.62795251849	0.3
8469.113441129135	300	9.762921930499274	0.0	167025	3169.923742412413	0.3
8476.24904263238	300	6.627320427253943	0.0	160064	7135.6015032453315	0.3
8479.117243314315	300	7.75911974532012	0.0	137507	2868.2006819338235	0.3
8481.654968706842	300	9.22139435279153	0.0	118421	2537.7253925285904	0.3

