64887.1506327756	750	4.0	0.873165132506688	450283	873.165132506688	-3.0046100697787583
64888.102921596685	750	7.047711178912403	0.0	398865	952.288821087597	0.75
64890.19028831276	1850	8.960344462830028	0.0	877771	2087.366716082375	0.75
64892.075092981824	1850	11.075539793771364	0.0	933276	1884.8046690586634	1.85
64897.29119837117	1850	9.859434404430395	0.0	996749	5216.105389340969	1.85
64902.521277512205	1850	8.629355263386959	0.0	801058	5230.079141043435	1.85
64903.744190840145	750	11.406441935450028	0.0	352642	1222.9133279369305	-0.3500000000000001
64906.046749709036	750	13.103883066563013	0.0	437162	2302.5588688870166	0.75
64907.325145958755	750	15.82548681683679	0.0	374758	1278.3962497262216	0.75
64910.6301709711	1850	16.52046180449905	0.0	913888	3305.025012337743	0.75
64913.1448623382	1850	18.00577043739453	0.0	939819	2514.6913671045186	1.85
64917.52426200543	1850	17.626370770170922	0.0	917428	4379.399667223609	1.85
64921.02653992934	1850	18.12409284624955	0.0	946851	3502.2779239213687	1.85
64924.07570123434	1850	19.074931541257797	0.0	1036454	3049.161304991754	1.85
64926.22898677297	1850	20.92164600262829	0.0	821631	2153.285538629506	1.85
64929.46760033648	1850	21.683032439123178	0.0	923170	3238.6135635051123	1.85
64931.684229035855	1850	23.4664037397439	0.0	966699	2216.6286993792774	1.85
64933.86210347918	1850	25.28852929642364	0.0	885714	2177.874443320258	1.85
64936.401334813054	1850	26.749297962547995	0.0	987708	2539.2313338756417	1.85
64939.307150608714	1850	27.843482166890638	0.0	923755	2905.815795657359	1.85
64942.444223192724	1850	28.706409582879186	0.0	891604	3137.0725840114487	1.85
64945.27657962495	1850	29.874053150646258	0.0	955231	2832.3564322329307	1.85
64947.65416114556	1850	31.49647163003328	0.0	968026	2377.5815206129787	1.85
64949.51155194216	1850	33.63908083342915	0.0	874175	1857.3907966041259	1.85
64955.450502866646	4300	31.700129908939815	0.0	2186790	5938.950924489334	1.8499999999999996
64967.690602068404	4300	23.460030707187624	0.0	2105231	12240.099201752193	4.3
64981.69575022436	4300	13.454882551229058	0.0	2395588	14005.148155958565	4.3
64983.34938780385	1850	15.801244971736677	0.0	758197	1653.6375794923806	-0.6000000000000001
64985.71629398775	1850	17.434338787835724	0.0	972798	2366.9061839009532	1.85
64988.37877269603	1850	18.771860079557772	0.0	975811	2662.478708277951	1.85
64990.753738680345	1850	20.396894095235	0.0	873429	2374.965984322769	1.85
64993.47467513261	1850	21.675957642976318	0.0	954453	2720.9364522586857	1.85
64999.44494170873	1850	19.70569106685953	0.0	885062	5970.266576116787	1.85
65004.60132224309	1850	18.5493105324958	0.0	1035329	5156.380534363731	1.85
65008.71025101669	1850	18.440381758895995	0.0	1026056	4108.928773599802	1.85
65012.302830835906	1850	18.847801939677936	0.0	943942	3592.579819218058	1.85
65015.11864086252	1850	20.031991913064356	0.0	728962	2815.810026613576	1.85
65020.335165659126	1850	18.81546711646479	0.0	938587	5216.524796599566	1.85
65023.39367757835	1850	19.756955197230994	0.0	908665	3058.5119192337975	1.85
65025.44732140574	1850	21.703311369833685	0.0	930577	2053.643827397307	1.85
65028.2524857698	1850	22.898147005776664	0.0	858450	2805.1643640570214	1.85
65030.9677084967	1850	24.18292427888216	0.0	1025005	2715.222726894502	1.85
65033.51380441334	1850	25.636828362236155	0.0	886255	2546.0959166460034	1.85
65035.174571988944	1850	27.97606078662635	0.0	973972	1660.767575609808	1.85
65037.313183687955	1850	29.837449087618253	0.0	958994	2138.6116990080945	1.85
65039.94074272396	1850	31.20989005161877	0.0	982064	2627.559035999484	1.85
65045.03734210255	1850	30.113290673025546	0.0	830730	5096.599378593226	1.85
65048.36994686371	1850	30.7806859118658	0.0	846370	3332.604761159745	1.85

