89106.44262786809	750	4.0	2.563274371489584	450283	2563.2743714895837	-10.27207979740521
89107.13212625115	300	7.310501616938458	0.0	155580	689.498383061542	-0.15000000000000002
89108.50908551559	750	9.933542352490566	0.0	350812	1376.959264447893	0.3
89110.7147104479	750	11.727917420179333	0.0	382355	2205.624932311234	0.75
89112.35337802157	750	14.08924984650764	0.0	411561	1638.6675736716916	0.75
89113.63984650848	750	16.802781359602545	0.0	318564	1286.4684869050975	0.75
89115.82378292111	750	18.618844946953846	0.0	352642	2183.9364126486994	0.75
89119.44557081045	750	18.99705705762499	0.0	437162	3621.7878893288585	0.75
89123.20363200724	750	19.238995860838887	0.0	374758	3758.0611967861014	0.75
89125.63525508583	750	20.807372782250745	0.0	362795	2431.623078588141	0.75
89129.03932512367	750	21.403302744407	0.0	353220	3404.070037843746	0.75
89137.3838458965	750	17.058781971578142	0.0	405134	8344.520772828859	0.75
89138.96248962694	750	19.480138241128603	0.0	386351	1578.6437304495394	0.75
89154.99286980586	1850	7.449758062210731	0.0	1036454	16030.380178917872	0.75
89155.68354397186	300	10.759083896212989	0.0	140051	690.6741659977404	-1.25
89157.08880604274	750	13.353821825320919	0.0	366214	1405.2620708920701	0.3
89159.80972758343	750	14.63290028464561	0.0	360831	2720.921540675311	0.75
89165.44176844362	750	13.000859424461293	0.0	372963	5632.040860184317	0.75
89166.94385296117	750	15.498774906906391	0.0	405596	1502.0845175549027	0.75
89172.7297308724	750	13.712896995686457	0.0	350713	5785.877911219933	0.75
89175.26456217963	750	15.178065688455593	0.0	386472	2534.8313072308624	0.75
89182.63342194218	750	11.809205925889314	0.0	399894	7368.8597625662815	0.75
89184.34315937529	300	14.099468492784178	0.0	163927	1709.7374331051367	-0.15000000000000002
89188.13644104509	750	14.30618682299018	0.0	343800	3793.2816697939984	0.3
89189.48248806389	750	16.960139804193414	0.0	359903	1346.0470187967635	0.75
89196.06465156977	1850	14.377976298304485	0.0	905935	6582.163505888931	0.75
89218.84001259087	1850	4.0	8.397384722793209	1076599	22775.361021097695	-34.25875430801079
89220.1728663258	300	6.667146265080203	0.0	111155	1332.8537349197968	-1.25
89223.16351122703	300	7.676501363849901	0.0	153605	2990.644901230302	0.3
89224.50564732922	300	10.334365261654979	0.0	149029	1342.136102194922	0.3
89225.33613895405	300	13.503873636825585	0.0	157421	830.4916248293939	0.3
89227.17303087744	750	15.666981713448733	0.0	400322	1836.8919233768527	0.3
89228.62777478035	750	18.21223781053769	0.0	369834	1454.7439029110399	0.75
89236.84692133285	1850	13.99309125803072	0.0	1035329	8219.146552506973	0.75
89245.13913401125	1850	9.70087857963784	0.0	1026056	8292.21267839288	1.85
89249.93171521895	750	8.90829737193204	0.0	365161	4792.581207705801	-0.3500000000000001
89251.90339606049	750	10.93661653039991	0.0	321064	1971.6808415321304	0.75
89254.35271170059	750	12.487300890288413	0.0	361565	2449.315640111495	0.75
89262.24878450285	750	8.59122808803167	0.0	378327	7896.072802256744	0.75
89265.42820077713	300	9.411811813747404	0.0	149991	3179.4162742842673	-0.15000000000000002
89266.89804604356	300	11.941966547311393	0.0	147968	1469.845266436009	0.3
89271.71028559761	750	11.129726993261299	0.0	384505	4812.239554050095	0.3
89273.78803823792	750	13.051974352943402	0.0	372093	2077.7526403178963	0.75
89277.11408367347	750	13.725928917390272	0.0	438281	3326.0454355531283	0.75
89281.568454046	750	13.271558544858229	0.0	398987	4454.370372532046	0.75
89283.67555326111	750	15.164459329759985	0.0	393804	2107.099215098242	0.75
89285.08001935795	750	17.759993232928732	0.0	331053	1404.466096831253	0.75
89286.96598127639	750	19.874031314490118	0.0	314107	1885.9619184386145	0.75

