64065.45644189115	750	4.0	2.0748618662412155	450283	2074.8618662412155	-8.171906024837226
64066.04597050902	300	7.410471382133015	0.0	155580	589.5286178669846	-0.15000000000000002
64066.58400588573	300	10.872436005419924	0.0	139857	538.0353767130922	0.3
64067.17304979968	300	14.283392091470182	0.0	155432	589.0439139497439	0.3
64068.40572588383	750	17.050716007324667	0.0	411561	1232.6760841455136	0.3
64069.3695014342	750	20.08694045695276	0.0	318564	963.7755503719051	0.75
64070.62554995776	1200	22.830891933393026	0.0	561791	1256.0485235597348	0.75
64072.93710050476	1850	24.519341386397013	0.0	1060487	2311.5505469960135	1.2000000000000002
64074.82346072176	1850	26.632981169390465	0.0	852833	1886.3602170065449	1.85
64080.06690179609	2850	25.389540095061594	0.0	1429765	5243.441074328871	1.85
64083.55861065715	2850	25.89783123400481	0.0	1354548	3491.7088610567885	2.85
64086.03823906172	1850	27.41820282943248	0.0	917428	2479.628404572326	0.8500000000000001
64089.99231677434	2850	27.464125116812323	0.0	1422919	3954.0777126201574	1.85
64095.31795871499	4300	26.138483176157866	0.0	2275376	5325.64194065446	2.8499999999999996
64098.11416680762	2850	27.342275083530296	0.0	1231445	2796.208092627568	1.4000000000000001
64101.269340318126	2850	28.187101573023433	0.0	1471065	3155.1735105068665	2.85
64104.658514661605	2850	28.797927229549625	0.0	1491626	3389.1743434738037	2.85
64111.75283647089	4300	25.70360542025747	0.0	2059512	7094.321809292155	2.8499999999999996
64115.58697107081	2850	25.869470820345136	0.0	1537156	3834.1345999123346	1.4000000000000001
64121.63355241918	2850	23.822889471968985	0.0	1336050	6046.581348376154	2.85
64123.49341401059	1850	25.96302788055437	0.0	891604	1859.8615914146148	0.8500000000000001
64126.60095832088	2850	26.855483570269193	0.0	1468126	3107.5443102851787	1.85
64129.83241493048	2850	27.624026960660665	0.0	1505760	3231.4566096085277	2.85
64132.77631065817	2850	28.68013123297521	0.0	1323990	2943.895727685453	2.85
64135.69695246175	2850	29.75948942939443	0.0	1383735	2920.64180358078	2.85
64140.108996757386	4300	29.347445133758814	0.0	2105231	4412.044295635617	2.8499999999999996
64145.365265072374	4300	28.09117681876914	0.0	2395588	5256.268314989677	4.3
64148.00878166161	2850	29.447660229536606	0.0	1141971	2643.5165892325326	1.4000000000000001
64152.82881755186	4300	28.627624339282946	0.0	2134614	4820.035890253662	2.8499999999999996
64158.043277576704	4300	27.413164314431175	0.0	2164140	5214.460024851769	4.3
64161.146012996716	2850	28.310428894420433	0.0	1341201	3102.735420010739	1.4000000000000001
64166.24797932619	4300	27.208462564949105	0.0	2147852	5101.96632947133	2.8499999999999996
64169.5129025622	2850	27.943539328936374	0.0	1358081	3264.923236012733	1.4000000000000001
64176.395119873094	4300	25.061322018043427	0.0	2286761	6882.217310892948	2.8499999999999996
64179.61426204156	2850	25.842179849577317	0.0	1492672	3219.1421684661073	1.4000000000000001
64184.225495729006	2850	25.230946162131282	0.0	1439896	4611.233687446036	2.85
64185.77779975928	1850	27.67864213186002	0.0	728962	1552.3040302712602	0.8500000000000001
64190.49885181255	4300	26.957590078586836	0.0	2147467	4721.052053273182	1.8499999999999996
64193.577798742044	2850	27.878643149094177	0.0	1427478	3078.9469294926585	1.4000000000000001
64198.49338408323	2850	26.96305780790201	0.0	1402287	4915.585341192162	2.85
64201.36833532084	2850	28.088106570301107	0.0	1339500	2874.951237600905	2.85
64206.23849629723	4300	27.217945593911274	0.0	2184571	4870.160976389835	2.8499999999999996
64210.247082995265	2850	27.209358895872032	0.0	1343002	4008.5866980392407	1.4000000000000001
64218.70893648954	4300	22.747505401599543	0.0	2219102	8461.853494272487	2.8499999999999996
64221.31444739329	1850	24.14199449784841	0.0	958994	2605.5109037511356	-0.6000000000000001
64223.56348960136	1850	25.89295228977669	0.0	982064	2249.0422080717167	1.85
64226.37444851863	2850	27.08199337250284	0.0	1231456	2810.9589172738533	1.85
64229.389979359956	2850	28.066462531181337	0.0	1364537	3015.530841321503	2.85

