36325.041436907	750	4.0	3.3153139265337654	450283	3315.3139265337654	-13.505849884095191
36326.681201030886	300	6.36023587611557	0.0	155580	1639.76412388443	-0.15000000000000002
36327.963479732905	300	9.07795717409548	0.0	139857	1282.2787020200876	0.3
36332.604767536875	1200	8.436669370128516	0.0	617681	4641.287803966965	0.29999999999999993
36337.06964426459	750	7.971792642414933	0.0	411561	4464.876727713584	0.3
36339.35684038055	750	9.684596526456218	0.0	318564	2287.1961159587145	0.75
36343.659889244635	1200	9.381547662373757	0.0	561791	4303.048864082461	0.75
36348.729382940786	1200	8.31205396621793	0.0	709534	5069.493696155828	1.2
36351.80123392867	750	9.240202978329974	0.0	374758	3071.850987887955	0.3
36355.82164671299	1200	9.21979019401519	0.0	560821	4020.412784314783	0.75
36360.18829783062	1200	8.853139076385531	0.0	607410	4366.651117629659	1.2
36363.071975231534	750	9.969461675465	0.0	405134	2883.677400920531	0.3
36367.63101062052	1200	9.410426286479069	0.0	624282	4559.035388985931	0.75
36372.56953017852	1200	8.471906728470818	0.0	687371	4938.519558008251	1.2
36375.09871088391	750	9.942726023086365	0.0	337059	2529.180705384453	0.3
36379.429389335986	1200	9.612047571002615	0.0	587876	4330.67845208375	0.75
36384.10398708138	1200	8.937449825615852	0.0	617242	4674.5977453867645	1.2
36387.805103429695	750	9.236333477297746	0.0	372963	3701.1163483181035	0.3
36395.47919029539	1200	5.562246611603927	0.0	639204	7674.08686569382	0.75
36396.59691645883	300	8.444520448162107	0.0	140881	1117.72616344182	-0.6000000000000001
36399.54489577009	750	9.496541136903662	0.0	386472	2947.979311258445	0.3
36403.78413182371	1200	9.25730508328203	0.0	616206	4239.236053621632	0.75
36408.63632743637	1200	8.405109470629702	0.0	656471	4852.195612652327	1.2
36412.52394903538	750	8.517487871617497	0.0	343800	3887.6215990122055	0.3
36415.161248821954	750	9.880188085044459	0.0	359903	2637.299786573037	0.75
36419.431824272455	1200	9.60961263454107	0.0	590335	4270.575450503388	0.75
36424.42780306937	1200	8.613633837625796	0.0	696376	4995.978796915273	1.2
36426.470511525935	750	10.570925381056893	0.0	277716	2042.7084565689038	0.3
36431.127373093055	1200	9.914063813940517	0.0	622896	4656.861567116378	0.75
36438.70968427366	1200	6.331752633335814	0.0	641447	7582.311180604703	1.2
36440.16399381948	300	8.877443087518667	0.0	157421	1454.3095458171458	-0.6000000000000001
36446.145890131054	750	6.895546775936158	0.0	400322	5981.89631158251	0.3
36447.249518053286	300	9.791918853704804	0.0	143881	1103.6279222313553	-0.15000000000000002
36452.6351806219	1200	8.406256285090626	0.0	670129	5385.662568614178	0.29999999999999993
36455.620868495826	750	9.420568411165489	0.0	401088	2985.687873925138	0.3
36461.18403980908	1200	7.85739709790759	0.0	598727	5563.171313257898	0.75
36463.81147255346	750	9.22996435352347	0.0	321064	2627.4327443841203	0.3
36469.419912072124	1200	7.621524834864121	0.0	575591	5608.439518659349	0.75
36472.158057874	750	8.883379032986948	0.0	378327	2738.1458018771737	0.3
36474.98434062366	750	10.057096283325912	0.0	390680	2826.2827496610375	0.75
36480.82944081581	1200	8.211996091172107	0.0	566904	5845.100192153805	0.75
36483.65043286337	750	9.391004043618354	0.0	384505	2820.9920475537533	0.3
36487.98578270658	1200	9.055654200403255	0.0	599477	4335.349843215098	0.75
36493.22280111369	1200	7.818635793295942	0.0	634861	5237.018407107314	1.2
36496.47070646853	750	8.570730438455351	0.0	398987	3247.905354840591	0.3
36499.656754063835	750	9.38468284315147	0.0	393804	3186.047595303882	0.75
36504.1030777559	1200	8.93835915108946	0.0	538612	4446.32369206201	0.75
36506.36819180525	750	10.673245101735782	0.0	314107	2265.114049353676	0.3

