90053.13659890526	750	4.0	2.0584857924285047	450283	2058.4857924285047	-8.10148890744257
90053.85785512115	300	7.278743784101545	0.0	155580	721.2562158984545	-0.15000000000000002
90054.38351465389	300	10.753084251361178	0.0	139857	525.6595327403654	0.3
90054.91464931064	300	14.221949594623789	0.0	155432	531.1346567373898	0.3
90056.27666489863	750	16.859934006616395	0.0	411561	1362.015588007393	0.3
90057.6261729336	750	19.5104259716534	0.0	318564	1349.5080349629955	0.75
90059.79351887354	1200	21.34308003171037	0.0	561791	2167.345939943028	0.75
90062.61871090725	1200	22.517887998004518	0.0	709534	2825.192033705855	1.2
90064.85461801673	1850	24.281980888517705	0.0	852833	2235.9071094868127	1.2000000000000002
90067.83130228732	1850	25.305296617931077	0.0	913888	2976.6842705866247	1.85
90071.64284786218	2850	25.493751043072155	0.0	1354548	3811.5455748589243	1.85
90073.9969035609	1850	27.139695344361822	0.0	917428	2354.0556987103346	0.8500000000000001
90077.83879679698	2850	27.297802108282642	0.0	1422919	3841.893236079179	1.85
90081.63534479181	2850	27.501254113441245	0.0	1578343	3796.547994841394	2.85
90085.49739248189	2850	27.639206423365398	0.0	1231445	3862.0476900758476	2.85
90090.86638641857	2850	26.27021248669109	0.0	1471065	5368.993936674311	2.85
90096.05302344337	2850	25.08357546188296	0.0	1491626	5186.6370248081275	2.85
90101.7532009609	1850	23.383397944349074	0.0	885714	5700.177517533883	0.8500000000000001
90104.81894804756	1850	24.317650857699682	0.0	987708	3065.7470866493923	1.85
90109.76532503193	2850	23.371273873323627	0.0	1336050	4946.376984376056	1.85
90112.66790598558	1850	24.46869291966906	0.0	891604	2902.580953654565	0.8500000000000001
90117.08871224546	1850	24.047886659784137	0.0	955231	4420.806259884926	1.85
90119.9189815477	1850	25.21761735755003	0.0	968026	2830.2693022341095	1.85
90123.172666719	2850	25.963932186255477	0.0	1323990	3253.685171294553	1.85
90126.37533751666	2850	26.761261388591883	0.0	1383735	3202.6707976635907	2.85
90131.69634555737	2850	25.44025334787165	0.0	1480464	5321.008040720232	2.85
90137.51536800174	2850	23.621230903504898	0.0	1547572	5819.022444366756	2.85
90139.78276092396	1850	25.353837981275838	0.0	758197	2267.3929222290567	0.8500000000000001
90144.14032573921	2850	24.99627316604009	0.0	1498470	4357.564815235749	1.85
90146.87025815695	1850	26.266340748285085	0.0	975811	2729.9324177550034	0.8500000000000001
90150.21054257079	2850	26.92605633445344	0.0	1341201	3340.2844138316473	1.85
90154.36334418206	2850	26.77325472318184	0.0	1497683	4152.801611271601	2.85
90159.23161922208	2850	25.904979683163482	0.0	1358081	4868.275040018359	2.85
90166.50778589527	2850	22.628813009970536	0.0	1587293	7276.166673192947	2.85
90169.78963362533	1850	23.346965279913206	0.0	1026056	3281.8477300573295	0.8500000000000001
90172.67542006409	1850	24.46117884115742	0.0	943942	2885.7864387557847	1.85
90178.62040909007	1850	22.516189815179832	0.0	728962	5944.98902597759	1.85
90180.35902806693	1200	24.777570838320678	0.0	575591	1738.6189768591532	0.5499999999999999
90182.99468157267	1850	26.141917332578956	0.0	908665	2635.653505741722	1.2000000000000002
90186.95183060659	2850	26.184768298666796	0.0	1402287	3957.1490339121597	1.85
90191.62371208848	2850	25.512886816776312	0.0	1339500	4671.881481890483	2.85
90195.65140848224	2850	25.485190423022605	0.0	1527299	4027.6963937537084	2.85
90199.70779140064	2850	25.428807504623546	0.0	1343002	4056.38291839906	2.85
90203.10650801293	1850	26.030090892330218	0.0	973972	3398.7166122933263	0.8500000000000001
90209.88607222737	2850	23.250526677887397	0.0	1464921	6779.564214442825	1.85
90219.90400596858	1850	17.232592936680543	0.0	982064	10017.93374120685	0.8500000000000001
90223.79324302581	750	17.34335587945832	0.0	331053	3889.237057222224	-0.3500000000000001
90225.55274032067	750	19.58385858459693	0.0	314107	1759.4972948613913	0.75

