2144.324984370981	750	4.0	1.9681893002633224	450283	1968.1893002633224	-7.713213991132285
2144.9284052584294	300	7.3965791125518185	0.0	155580	603.4208874481815	-0.15000000000000002
2145.4542718295525	300	10.870712541428608	0.0	139857	525.8665711232113	0.3
2146.052076129235	300	14.272908241746073	0.0	155432	597.8042996825347	0.3
2146.650753109888	300	17.674231261093244	0.0	163442	598.6769806528301	0.3
2147.256286363576	300	21.068698007405423	0.0	126289	605.5332536878182	0.3
2147.9984785514725	300	24.326505819508633	0.0	153295	742.1921878967903	0.3
2148.9530344248806	300	27.371949946100866	0.0	173849	954.5558734077649	0.3
2150.391860587874	300	29.933123783107206	0.0	150710	1438.8261629936599	0.3
2151.523006286002	300	32.80197808497929	0.0	139105	1131.1456981279152	0.3
2152.5771767575925	300	35.747807613388474	0.0	141840	1054.1704715908154	0.3
2153.395480994927	300	38.9295033760543	0.0	156148	818.3042373341759	0.3
2154.050108229745	300	42.274876141236064	0.0	160746	654.6272348182365	0.3
2154.772852381684	300	45.552131989297266	0.0	179801	722.7441519387963	0.3
2155.3510727009475	300	48.973911670033544	0.0	140051	578.220319263726	0.3
2155.9108182238574	300	52.41416614712376	0.0	138313	559.745522909782	0.3
2156.4885863313184	300	55.83639803966272	0.0	143509	577.7681074610477	0.3
2157.0910054219216	300	59.23397894905967	0.0	150616	602.4190906030504	0.3
2158.5737985358573	300	59.98668765159374	0.0	165384	747.2912974659283	0.3
2159.9446572795355	300	59.884509266189504	0.0	140881	602.1783854042392	0.3
2161.371460603404	300	59.76394777294199	0.0	157671	620.5614932475132	0.3
2164.7952540562833	750	59.66667197226327	0.0	399894	2597.27580067871	0.3
2166.999501030446	750	59.68630730083196	0.0	401853	1480.364671431315	0.75
2169.8568777460064	750	59.58006005816734	0.0	343800	2106.24724266462	0.75
2171.559352689687	750	59.81438732277536	0.0	359903	1265.6727353919828	0.75
2173.080998727884	750	59.977465376320666	0.0	379700	1336.9219464546948	0.75
2176.7730318364192	750	59.9353109976245	0.0	425781	1542.1543786961674	0.75
2180.3939512755533	750	59.78379059627698	0.0	277716	1651.5204013475154	0.75
2183.933332797258	750	59.71129929231778	0.0	400396	1572.4913039592025	0.75
2187.8953381056594	750	59.74929398391667	0.0	400508	3962.0053084011083	0.75
2191.769312601499	750	59.87531948807667	0.0	358218	3373.9744958400033	0.75
2194.883871694564	750	59.85147492678766	0.0	400322	1523.844561289005	0.75
2197.615169726239	750	59.98968316633786	0.0	369834	1361.7917604498014	0.75
2201.7545644928164	750	59.81523888241172	0.0	412837	2674.4442839261387	0.75
2205.038855525693	750	59.86606869029906	0.0	401088	1949.170192112668	0.75
2207.6607921552754	750	59.9326607958901	0.0	365161	1433.4078944089547	0.75
2210.302028381699	750	59.666807014014985	0.0	321064	1265.8537818751172	0.75
2213.362743288808	750	59.78364081898466	0.0	361565	1883.1661950303298	0.75
2215.774135949874	750	59.875218833990814	0.0	378327	1408.4219849938413	0.75
2218.0204420639407	750	59.963051151243754	0.0	390680	1412.1676827470621	0.75
2220.8437982186947	750	59.93144219137648	0.0	345516	2031.6089598672704	0.75
2223.0257722019305	750	59.94632879720182	0.0	384505	1485.113394174657	0.75
2225.207047094588	750	59.66312171790392	0.0	372093	1283.2070792979027	0.75
2228.313073172858	750	59.518142538448465	0.0	438281	2144.9791794554553	0.75
2231.053223991515	750	59.840590553027205	0.0	398987	2177.5519854212603	0.75
2233.1817511212403	750	59.51462650278267	0.0	393804	1325.9640502445404	0.75
2234.699794014837	750	59.86888657022459	0.0	331053	1145.739932558074	0.75
2236.3399509410456	750	59.693959540639476	0.0	314107	1174.927029585116	0.75

