77098.45318352041	750	4.0	4.57222494254812	450283	4572.2249425481195	-18.910567252956916
77100.01980880718	300	6.433374713222109	0.0	155580	1566.6252867778908	-0.15000000000000002
77101.42577212234	300	9.02741139806969	0.0	139857	1405.96331515242	0.3
77102.97939968479	300	11.4737838356254	0.0	155432	1553.627562444289	0.3
77104.67674151617	300	13.7764420042387	0.0	163442	1697.3418313867014	0.3
77107.37065860361	750	15.082524916801528	0.0	318564	2693.9170874371703	0.3
77110.18150504761	750	16.27167847279625	0.0	352642	2810.846444005278	0.75
77114.37808642042	750	16.07509710000475	0.0	437162	4196.581372791501	0.75
77117.53586614643	750	16.917317373989054	0.0	374758	3157.7797260156967	0.75
77120.48259256374	750	17.97059095666673	0.0	362795	2946.7264173223275	0.75
77122.92917320496	750	19.524010315449807	0.0	353220	2446.5806412169245	0.75
77127.42474565654	1200	19.028437863872938	0.0	594078	4495.572451576868	0.75
77132.83713384454	1200	17.61604967587583	0.0	624282	5412.388187997113	1.2
77136.8874047344	750	17.565778786014274	0.0	434409	4050.2708898615533	0.3
77139.53099352788	750	18.922189992537497	0.0	337059	2643.5887934767784	0.75
77143.39991647779	1200	19.05326704260779	0.0	587876	3868.922949929706	0.75
77145.75520555805	750	20.697977962366622	0.0	360831	2355.289080241169	0.3
77149.54085356016	1200	20.91232996025485	0.0	581493	3785.6480021117704	0.75
77154.10208911712	1200	20.351094403289373	0.0	639204	4561.235556965476	1.2
77158.02103523396	1200	20.432148286447394	0.0	586839	3918.946116841981	1.2
77162.0222095734	1200	20.430973947009377	0.0	601738	4001.1743394380187	1.2
77166.7326246825	1200	19.72055883791202	0.0	616206	4710.415109097356	1.2
77171.23293089429	1200	19.2202526261234	0.0	656471	4500.30621178862	1.2
77174.64916411441	1200	19.80401940599182	0.0	536667	3416.23322013158	1.2
77178.58898248829	1200	19.86420103211176	0.0	587236	3939.818373880057	1.2
77183.0334134304	1200	19.41977009001404	0.0	590335	4444.430942097722	1.2
77187.64775411288	1200	18.805429407522116	0.0	696376	4614.340682491927	1.2
77189.83433333285	750	20.61885018755438	0.0	277716	2186.579219967734	0.3
77194.59072297248	1200	19.862460547917117	0.0	622896	4756.389639637266	0.75
77199.32953041443	1200	19.123653105973972	0.0	641447	4738.807441943145	1.2
77203.55226784156	1200	18.900915678836835	0.0	570392	4222.7374271371355	1.2
77207.8370154175	1200	18.616168102904542	0.0	620283	4284.747575932291	1.2
77212.08576427236	1200	18.36741924804756	0.0	584349	4248.748854856983	1.2
77214.79647380291	750	19.65670971749879	0.0	412837	2710.70953054877	0.3
77219.74248437525	1200	18.71069914516061	0.0	690253	4946.010572338178	0.75
77222.99510195169	750	19.45808156873103	0.0	365161	3252.617576429585	0.3
77226.53280060246	1200	19.920382917950214	0.0	487812	3537.6986507808156	0.75
77230.25431550205	1200	20.198868018371414	0.0	575591	3721.5148995788013	1.2
77234.56103067404	1200	19.892152846373822	0.0	605884	4306.715171997592	1.2
77239.26845404075	1200	19.18472947966037	0.0	587506	4707.423366713453	1.2
77243.61499735518	1200	18.838186165233495	0.0	566904	4346.543314426873	1.2
77246.17800730206	750	20.275176218349117	0.0	384505	2563.009946884378	0.3
77250.21604194095	1200	20.237141579467973	0.0	599477	4038.034638881142	0.75
77254.6612759699	1200	19.79190755050146	0.0	634861	4445.234028966515	1.2
77259.90242372114	1200	18.550759799274953	0.0	630203	5241.147751226505	1.2
77263.67821873362	750	18.77496478677872	0.0	393804	3775.7950124962344	0.3
77268.23771550681	1200	18.215468013588648	0.0	538612	4559.496773190072	0.75
77270.25903478416	750	20.19414873622262	0.0	314107	2021.3192773660296	0.3

