83977.43310293819	750	4.0	2.1270096870866837	450283	2127.0096870866837	-8.39614165447274
83978.95566667637	750	6.477436261824201	0.0	398865	1522.5637381757992	0.75
83979.83881333304	750	9.59428960514692	0.0	350812	883.1466566772804	0.75
83982.2435728082	1200	11.189530129988947	0.0	617681	2404.7594751579745	0.75
83984.66352466379	1200	12.769578274404445	0.0	652874	2419.951855584503	1.2
83988.11862520939	1200	13.314477728800771	0.0	520315	3455.1005456036737	1.2
83990.34269605772	1200	15.090406880474719	0.0	561791	2224.0708483260532	1.2
83995.44693786076	1200	13.986165077435995	0.0	709534	5104.2418030387225	1.2
83996.8515495755	1200	16.581553362704238	0.0	584846	1404.6117147317561	1.2
83999.89103645891	1200	17.542066479294327	0.0	560821	3039.4868834099098	1.2
84001.252524243	1200	20.180578695205433	0.0	607410	1361.4877840888973	1.2
84003.3135375949	1850	22.119565343302245	0.0	917428	2061.013351903189	1.2000000000000002
84007.45327019974	1850	21.97983273847375	0.0	946851	4139.732604828496	1.85
84013.66614029952	2850	19.76696263866967	0.0	1578343	6212.870099804078	1.85
84017.80791135652	2850	19.625191581668414	0.0	1231445	4141.771057001262	2.85
84021.39749019775	2850	20.035612740445604	0.0	1471065	3589.578841222805	2.85
84027.15715685058	2850	18.275946087622287	0.0	1491626	5759.66665282332	2.85
84031.69974086044	2850	17.733362077770536	0.0	1358801	4542.584009851749	2.85
84039.02597001864	2850	14.407132919564527	0.0	1537156	7326.22915820601	2.85
84041.85737299737	2850	15.575729940836636	0.0	1336050	2831.4029787278905	2.85
84046.50499905157	2850	14.928103886646245	0.0	1415116	4647.626054190391	2.85
84050.36734940027	2850	15.065753537954285	0.0	1468126	3862.35034869196	2.85
84054.78277466411	2850	14.650328274108062	0.0	1505760	4415.425263846221	2.85
84058.54381070308	2850	14.889292235149718	0.0	1323990	3761.0360389583434	2.85
84062.15306264113	2850	15.28004029710772	0.0	1383735	3609.2519380419976	2.85
84066.91091411233	2850	14.522188825899883	0.0	1480464	4757.851471207837	2.85
84070.88419250713	2850	14.548910431090228	0.0	1547572	3973.2783948096567	2.85
84076.27260383235	2850	13.160499105873733	0.0	1141971	5388.411325216496	2.85
84083.26948819321	2850	10.163614745016346	0.0	1498470	6996.884360857386	2.85
84087.7420722996	2850	9.691030638634395	0.0	1561263	4472.584106381952	2.85
84091.2026256451	1850	10.230477293138087	0.0	873429	3460.553345496308	0.8500000000000001
84097.42791687766	1850	8.00518606058893	0.0	954453	6225.291232549157	1.85
84099.23990583527	1200	10.19319710297459	0.0	584349	1811.9889576143382	0.5499999999999999
84102.10160214046	1200	11.331500797768738	0.0	670129	2861.6963052058536	1.2
84104.66201014536	1200	12.771092792868963	0.0	690253	2560.4080048997753	1.2
84113.36266794575	1200	8.070434992481344	0.0	598727	8700.65780038762	1.2
84114.50313531035	750	10.929967627889386	0.0	321064	1140.4673645919574	0.3
84115.55323534047	750	13.879867597768701	0.0	361565	1050.100030120685	0.75
84116.83174710363	750	16.601355834606597	0.0	378327	1278.5117631621054	0.75
84118.39553330801	750	19.037569630226468	0.0	390680	1563.7862043801272	0.75
84120.16034142628	750	21.272761511951046	0.0	345516	1764.8081182754254	0.75
84123.12154149215	1200	22.311561446090224	0.0	641452	2961.2000658608204	0.75
84128.9545710476	1200	20.478531890655713	0.0	599477	5833.029555434515	1.2
84130.24708737599	1200	23.18601556226763	0.0	634861	1292.5163283880802	1.2
84132.91505527103	1200	24.518047667225897	0.0	630203	2667.967895041735	1.2
84137.83011362678	1850	23.602989311476325	0.0	982064	4915.058355749571	1.2000000000000002
84142.84585170842	1850	22.587251229821646	0.0	830730	5015.738081654681	1.85
84146.49319649578	2850	22.939906442457982	0.0	1364537	3647.344787363664	1.85

