7425.734674793307	750	4.0	2.836549875244886	450283	2836.549875244886	-11.44716446355301
7426.67472852317	300	7.059946270136088	0.0	155580	940.0537298639119	-0.15000000000000002
7427.5278647521045	300	10.206810041201924	0.0	139857	853.1362289341633	0.3
7428.467100330844	300	13.267574462462964	0.0	155432	939.2355787389611	0.3
7430.822229352032	750	14.912445441274368	0.0	411561	2355.1290211885944	0.3
7432.6632664802	750	17.07140831310643	0.0	318564	1841.0371281679345	0.75
7438.1266771911705	750	15.60799760213545	0.0	352642	5463.410710970982	0.75
7441.048593341968	750	16.68608145133859	0.0	437162	2921.9161507968606	0.75
7443.194497492728	750	18.540177300579103	0.0	374758	2145.9041507594884	0.75
7445.251898170728	1200	20.482776622578726	0.0	560821	2057.4006780003747	0.75
7447.473567162839	1200	22.261107630468572	0.0	607410	2221.668992110152	1.2
7450.788329679251	1850	22.94634511405687	0.0	917428	3314.7625164117035	1.2000000000000002
7454.741782086803	1850	22.992892706504243	0.0	946851	3953.452407552626	1.85
7463.243021043582	1850	18.491653749725657	0.0	1036454	8501.238956778589	1.85
7468.498919235914	1200	17.235755557393297	0.0	526950	5255.898192332359	0.5499999999999999
7470.7879174984755	750	18.94675729483189	0.0	366214	2288.9982625614066	0.3
7474.516196638157	750	19.218478155150155	0.0	360831	3728.2791396817383	0.75
7480.4269498178655	1200	17.307724975442603	0.0	581493	5910.753179707551	0.75
7485.270250712149	750	16.464424081157865	0.0	405596	4843.300894284742	0.3
7488.214370395638	750	17.520304397669953	0.0	350713	2944.119683487913	0.75
7492.791893248301	750	16.942781545006994	0.0	386472	4577.522852662958	0.75
7495.712941361416	750	18.02173343189194	0.0	399894	2921.048113115055	0.75
7498.754495996733	750	18.980178796575757	0.0	401853	3041.5546353161812	0.75
7503.0757016688995	1200	18.65897312440824	0.0	536667	4321.205672167516	0.75
7505.471387140589	750	20.263287652719203	0.0	359903	2395.685471689042	0.3
7508.707763189737	1200	21.02691160357057	0.0	590335	3236.3760491486332	0.75
7513.452426100976	1200	20.282248692332274	0.0	696376	4744.662911238295	1.2
7515.265768285912	1200	22.4689065073966	0.0	487160	1813.3421849356744	1.2
7518.786585481401	1850	22.94808931190783	0.0	972798	3520.8171954887744	1.2000000000000002
7521.657615939796	1850	24.077058853512373	0.0	975811	2871.0304583954567	1.85
7524.227240555898	1850	25.507434237409818	0.0	873429	2569.6246161025506	1.85
7528.408441647525	2850	25.32623314578315	0.0	1497683	4181.201091626671	1.85
7533.734757645357	2850	23.999917147951226	0.0	1358081	5326.315997831923	2.85
7535.798659769143	1850	25.936015024164604	0.0	1035329	2063.902123786621	0.8500000000000001
7538.3145642952195	2850	27.42011049808805	0.0	1492672	2515.904526076554	1.85
7542.059471437467	2850	27.67520335584019	0.0	1439896	3744.9071422478646	2.85
7544.285180583342	2850	29.44949420996541	0.0	1139291	2225.709145874782	2.85
7550.311534641929	4300	27.423140151378064	0.0	2147467	6026.35405858734	2.8499999999999996
7553.626724374459	2850	28.107950418847853	0.0	1427478	3315.189732530214	1.4000000000000001
7556.744442849752	2850	28.990231943555454	0.0	1402287	3117.7184752924018	2.85
7559.726148347737	2850	30.00852644556954	0.0	1339500	2981.7054979859126	2.85
7564.538497494016	4300	29.196177299290643	0.0	2184571	4812.349146278899	2.8499999999999996
7568.640557659963	4300	29.094117133343193	0.0	2121928	4102.0601659474505	4.3
7571.357827507813	4300	30.37684728549267	0.0	2219102	2717.2698478505213	4.3
7573.9250000161155	4300	31.809674777190843	0.0	2124950	2567.172508301828	4.3
7578.745318653963	4300	30.98935613934283	0.0	2246506	4820.318637848011	4.3
7582.883743585326	4300	30.85093120798023	0.0	1961140	4138.424931362599	4.3
7586.803475065756	4300	30.931199727549046	0.0	2155012	3919.7314804311873	4.3

