84674.60263919407	750	4.0	3.695226970622181	450283	3695.2269706221814	-15.139475973675378
84675.65040058648	300	6.952238607584922	0.0	155580	1047.7613924150778	-0.15000000000000002
84676.61946397353	300	9.983175220530232	0.0	139857	969.0633870546915	0.3
84677.61372284476	300	12.988916349302155	0.0	155432	994.2588712280753	0.3
84679.2724227987	750	15.330216395351934	0.0	411561	1658.6999539502212	0.3
84680.90286119943	750	17.699777994641714	0.0	318564	1630.4384007102176	0.75
84682.70719696915	750	19.89544222491612	0.0	352642	1804.3357697255935	0.75
84689.10956647567	1200	17.49307271839778	0.0	709534	6402.369506518342	0.75
84690.8112303072	750	19.791408886882397	0.0	374758	1701.6638315153834	0.3
84692.14047461843	1200	22.462164575654008	0.0	560821	1329.244311228388	0.75
84694.32367279596	1850	24.278966398106448	0.0	939819	2183.1981775475624	1.2000000000000002
84696.46049647692	1850	26.142142717152346	0.0	917428	2136.823680954101	1.85
84704.02753929303	2850	22.575099901035667	0.0	1422919	7567.04281611668	1.85
84706.36219862284	1850	24.240440571241013	0.0	1036454	2334.659329794655	0.8500000000000001
84709.68427150715	1850	24.91836768691447	0.0	821631	3322.072884326542	1.85
84712.47828856598	1850	26.124350628094376	0.0	923170	2794.0170588200945	1.85
84716.71654089284	2850	25.886098301235215	0.0	1491626	4238.252326859163	1.85
84719.10150596501	2850	27.501133229065264	0.0	1358801	2384.965072169949	2.85
84724.69557942817	4300	25.907059765912585	0.0	2220726	5594.073463152678	2.8499999999999996
84729.90318682052	2850	24.69945237355789	0.0	1336050	5207.607392354698	1.4000000000000001
84731.33878292498	1850	27.263856269104135	0.0	891604	1435.5961044537532	0.8500000000000001
84735.93581111231	2850	26.66682808177616	0.0	1468126	4597.028187327975	1.85
84740.1196176534	2850	26.483021540684867	0.0	1505760	4183.806541091295	2.85
84744.22520059507	2850	26.377438599020206	0.0	1323990	4105.5829416646575	2.85
84746.49903930411	2850	28.10359988997375	0.0	1383735	2273.838709046458	2.85
84752.97571636262	4300	25.626922831459414	0.0	2105231	6476.677058514337	2.8499999999999996
84763.81726166204	2850	18.78537753204396	0.0	1547572	10841.545299415453	1.4000000000000001
84765.24492109849	750	21.35771809558919	0.0	277716	1427.6594364547714	-1.35
84767.16526987414	1200	23.437369319929797	0.0	622896	1920.3487756593931	0.75
84769.05062404684	1850	25.552015147241995	0.0	975811	1885.3541726877995	1.2000000000000002
84771.23868316904	2850	27.363956025037805	0.0	1341201	2188.059122204192	1.85
84778.36425185335	4300	24.238387340722138	0.0	2147852	7125.568684315668	2.8499999999999996
84779.77705484052	1850	26.8255843535448	0.0	885062	1412.8029871773351	-0.6000000000000001
84782.67693619082	2850	27.925703003240645	0.0	1587293	2899.8813503041565	1.85
84787.79596268131	2850	26.806676512764533	0.0	1492672	5119.026490476109	2.85
84794.86267903466	2850	23.739960159412764	0.0	1439896	7066.71635335177	2.85
84796.43983823093	1850	26.162800963157714	0.0	728962	1577.1591962550497	0.8500000000000001
84800.48612518	2850	26.116514014079634	0.0	1499009	4046.2869490780813	1.85
84802.80482770421	2850	27.797811489875553	0.0	1427478	2318.702524204082	2.85
84805.21291793195	2850	29.389721262140746	0.0	1402287	2408.0902277348064	2.85
84814.1908572927	4300	24.411781901367693	0.0	2108491	8977.93936077305	2.8499999999999996
84815.72803198693	1850	26.874607207137174	0.0	1025005	1537.17469423052	-0.6000000000000001
84817.82152455223	2850	28.781114641848443	0.0	1343002	2093.4925652887314	1.85
84823.25801225206	4300	27.34462694200978	0.0	2219102	5436.4876998386635	2.8499999999999996
84829.10551642628	2850	25.4971227677899	0.0	1464921	5847.504174219879	1.4000000000000001
84831.78275225751	2850	26.819886936558618	0.0	1483527	2677.2358312312826	2.85
84836.24561746276	2850	26.357021731316664	0.0	1231456	4462.865205241953	2.85
84839.12215310698	2850	27.480486087102996	0.0	1364537	2876.5356442136676	2.85

