6306.5023386864295	750	4.0	2.153957851948654	450283	2153.957851948654	-8.512018763379212
6307.0316894710495	300	7.4706492153807975	0.0	155580	529.3507846192018	-0.15000000000000002
6307.537400316137	300	10.96493837029301	0.0	139857	505.7108450877875	0.3
6308.223856274631	300	14.278482411798825	0.0	155432	686.4559584941852	0.3
6308.931902274112	300	17.570436412317793	0.0	163442	708.0459994810315	0.3
6309.375705621348	300	21.12663306508228	0.0	126289	443.80334723551175	0.3
6309.8973057141075	300	24.605032972323073	0.0	153295	521.6000927592092	0.3
6310.478116141885	300	28.024222544545935	0.0	173849	580.8104277771341	0.3
6310.992269571414	300	31.510069115016332	0.0	150710	514.1534295296026	0.3
6311.472992236232	300	35.02934645019837	0.0	139105	480.72266481796413	0.3
6311.961593672398	300	38.54074501403303	0.0	141840	488.60143616534293	0.3
6312.491412461556	300	42.010926224873785	0.0	156148	529.8187891592356	0.3
6313.034476804886	300	45.467861881544444	0.0	160746	543.0643433293444	0.3
6313.626807930796	300	48.87553075563527	0.0	179801	592.3311259091704	0.3
6314.011804643134	300	52.490534043296144	0.0	140051	384.99671233912636	0.3
6314.393016417944	300	56.10932226848725	0.0	138313	381.21177480890236	0.3
6314.78554380576	300	59.71679488067084	0.0	143509	392.52738781640755	0.3
6316.428150631001	750	59.82457298418929	0.0	372963	892.2218964815503	0.3
6317.949224623693	750	59.89922845222307	0.0	405596	925.3445319662211	0.75
6319.756936705559	750	59.7532371416527	0.0	350713	1145.9913105703715	0.75
6321.606930257164	750	59.86910075149802	0.0	386472	1384.1363901546767	0.75
6323.431389697382	750	59.899799612114585	0.0	399894	1469.3011393834286	0.75
6325.158762088773	750	59.92369256683596	0.0	401853	1476.1070452786212	0.75
6326.867530416651	750	59.65494107595319	0.0	343800	1268.7514908827702	0.75
6328.36340813138	750	59.83051051218594	0.0	359903	1324.430563767253	0.75
6329.986856520541	750	59.57101001798665	0.0	379700	1259.500494199291	0.75
6331.222308339746	750	59.845258055865294	0.0	425781	1225.7519621213592	0.75
6334.370411815467	750	59.98605624654618	0.0	277716	1359.2018093191127	0.75
6335.797482795248	750	59.62697158985732	0.0	400396	1359.0846566888542	0.75
6342.317379414831	1200	57.10707497027472	0.0	641447	6519.896619582602	0.75
6345.314618378728	1200	58.10983600637779	0.0	570392	2997.2389638969294	1.2
6347.520100847672	1200	59.90435353743273	0.0	620283	2205.4824689450534	1.2
6351.324330977582	1200	59.99004059828661	0.0	584349	2414.312939146118	1.2
6355.539310874894	1200	59.53850917251115	0.0	670129	2951.531425775467	1.2
6359.362429821647	1200	59.715390225757574	0.0	690253	2823.1189467535764	1.2
6362.819515481821	1200	59.70013110481658	0.0	598727	2515.259120940992	1.2
6365.425518966339	1200	59.85554266557401	0.0	487812	1844.5884392425637	1.2
6367.977614556149	1200	59.84170236086155	0.0	575591	2513.8403047124634	1.2
6370.721713104312	1200	59.680280758893886	0.0	605884	2161.4216019676624	1.2
6372.635976824855	1200	59.9744873716993	0.0	587506	1705.7933871945916	1.2
6374.50060264303	1200	59.65990956638623	0.0	566904	1314.5778053130655	1.2
6376.47275305063	1200	59.60535843191769	0.0	641452	1554.5511344685383	1.2
6379.016181107015	1200	59.50244404029099	0.0	599477	2102.914391626703	1.2
6381.04935311895	1200	59.66611486670164	0.0	634861	1836.3291735893476	1.2
6384.8187876839675	1200	59.89668030168477	0.0	630203	2269.4345650168666	1.2
6387.202719509188	1200	59.607853090756755	0.0	638661	2288.827210928016	1.2
6389.162523176381	1200	59.665503416506176	0.0	538612	1942.3496742505833	1.2
6392.612505048358	1200	59.622739499888915	0.0	550906	1542.763916617258	1.2

