94099.43451086564	750	4.0	2.8388145931678106	450283	2838.8145931678105	-11.456902750621586
94099.9764155211	300	7.4580953445390135	0.0	155580	541.9046554609863	-0.15000000000000002
94101.71496783519	750	9.719543030446431	0.0	350812	1738.5523140925818	0.3
94104.79922907775	1200	10.635281787886509	0.0	617681	3084.261242559923	0.75
94106.96830517855	1200	12.466205687070989	0.0	652874	2169.0761008155196	1.2
94109.19840606592	1850	14.236104799710894	0.0	801058	2230.100887360094	1.2000000000000002
94113.86753097827	2850	13.566979887349364	0.0	1388403	4669.124912361532	1.85
94117.18722615101	2850	14.247284714606021	0.0	1638769	3319.6951727433425	2.85
94119.56795679984	2850	15.866554065776471	0.0	1348011	2380.7306488295503	2.85
94132.31875685535	4300	7.115754010277662	0.0	2169201	12750.800055498808	2.8499999999999996
94132.96889018438	750	10.465620681264744	0.0	353220	650.1333290129187	-2.8
94134.10137565051	1200	13.333135215133803	0.0	594078	1132.4854661309394	0.75
94138.42137155525	2850	13.013139310385938	0.0	1422919	4319.995904747865	1.2000000000000002
94143.40656081554	2850	12.027950050097232	0.0	1578343	4985.189260288706	2.85
94147.52634967533	1850	11.908161190314555	0.0	821631	4119.788859782677	0.8500000000000001
94150.06484566261	1850	13.36966520303686	0.0	923170	2538.4959872776944	1.85
94152.48556842646	2850	14.948942439189624	0.0	1491626	2420.7227638472355	1.85
94156.92658787227	2850	14.50792299338102	0.0	1358801	4441.019445808603	2.85
94163.18777790086	2850	12.246732964787487	0.0	1537156	6261.190028593533	2.85
94167.44060589238	1850	11.993904973275948	0.0	923755	4252.82799151154	0.8500000000000001
94169.77204642406	1850	13.662464441590636	0.0	891604	2331.440531685309	1.85
94174.48705632746	2850	12.947454538193542	0.0	1468126	4715.009903397094	1.85
94177.34117586855	1850	14.09333499709602	0.0	968026	2854.119541097522	0.8500000000000001
94182.21051457756	2850	13.223996288102743	0.0	1323990	4869.338708993279	1.85
94186.7528167296	2850	12.681694136059278	0.0	1383735	4542.302152043465	2.85
94190.23989127544	1850	13.194619590191888	0.0	905935	3487.074545867389	0.8500000000000001
94195.68010577394	2850	11.754405091696466	0.0	1547572	5440.214498495422	1.85
94197.67293954348	1850	13.761571322152541	0.0	758197	1992.8337695439259	0.8500000000000001
94201.64748082959	2850	13.787030036034924	0.0	1498470	3974.5412861176164	1.85
94207.07361860911	2850	12.360892256515115	0.0	1561263	5426.137779519809	2.85
94210.63416275519	1850	12.80034811043737	0.0	873429	3560.5441460777433	0.8500000000000001
94212.67911579928	1850	14.75539506634343	0.0	954453	2044.9530440939423	1.85
94217.78193363656	2850	13.652577229064416	0.0	1358081	5102.817837279013	1.85
94223.98036018024	2850	11.454150685387965	0.0	1587293	6198.426543676451	2.85
94225.80488419441	1850	13.629626671232902	0.0	1026056	1824.5240141550644	0.8500000000000001
94228.39927305783	2850	15.035237807799476	0.0	1439896	2594.3888634334253	1.85
94232.69877327034	4300	14.735737595287214	0.0	1919781	4299.500212512262	2.8499999999999996
94236.29974297268	2850	15.134767892942675	0.0	1499009	3600.9697023445387	1.4000000000000001
94243.52040710505	4300	11.914103760577127	0.0	2133870	7220.664132365548	2.8499999999999996
94246.94895273929	1850	12.485558126345774	0.0	930577	3428.5456342313537	-0.6000000000000001
94249.14326839813	1850	14.291242467503828	0.0	858450	2194.315658841946	1.85
94254.59365938896	2850	12.840851476658125	0.0	1527299	5450.390990845703	1.85
94257.65971939816	1850	13.774791467461338	0.0	886255	3066.0600091967867	0.8500000000000001
94260.97353261185	2850	14.460978253775476	0.0	1587250	3313.8132136858626	1.85
94264.01817945689	2850	15.416331408733917	0.0	1464921	3044.64684504156	2.85
94268.54609831929	4300	14.888412546325524	0.0	2246506	4527.918862408393	2.8499999999999996
94272.79461254033	2850	14.63989832529318	0.0	1231456	4248.514221032346	1.4000000000000001
94275.98411348571	2850	15.450397379908715	0.0	1364537	3189.500945384464	2.85

