4608.8634295868715	750	4.0	3.35501248649582	450283	3355.0124864958198	-13.676553691932025
4610.049268678229	300	6.814160908641862	0.0	155580	1185.839091358138	-0.15000000000000002
4611.128070497408	300	9.735359089463792	0.0	139857	1078.8018191780707	0.3
4612.4086577027065	300	12.45477188416481	0.0	155432	1280.5872052989816	0.3
4613.668738815724	300	15.194690771147924	0.0	163442	1260.0811130168852	0.3
4616.000635172329	750	16.862794414542645	0.0	318564	2331.8963566052767	0.3
4618.6250887018505	750	18.238340885020712	0.0	352642	2624.45352952193	0.75
4621.7893347688305	750	19.0740948180411	0.0	437162	3164.2460669796114	0.75
4624.610318082204	750	20.253111504668247	0.0	374758	2820.9833133728553	0.75
4627.4297864773625	750	21.433643109509504	0.0	362795	2819.4683951587426	0.75
4632.000992024566	750	20.86243756230589	0.0	353220	4571.205547203614	0.75
4634.748786023965	750	22.114643562906625	0.0	405134	2747.793999399261	0.75
4637.630050516021	750	23.23337907085121	0.0	386351	2881.2644920554144	0.75
4640.913719624543	750	23.949709962328996	0.0	434409	3283.669108522216	0.75
4646.964182593122	1850	21.899246993749504	0.0	821631	6050.462968579488	0.75
4653.786442566945	1850	19.07698701992633	0.0	923170	6822.259973823171	1.85
4661.142495916857	1850	15.720933670014297	0.0	966699	7356.053349912034	1.85
4671.678162970132	1850	9.185266616739808	0.0	885714	10535.66705327449	1.85
4674.617050472604	750	10.246379114267638	0.0	405596	2938.8875024721688	-0.3500000000000001
4677.320801131126	750	11.542628455745518	0.0	350713	2703.7506585221204	0.75
4680.796940899673	750	12.066488687199325	0.0	386472	3476.1397685461943	0.75
4683.866028674154	750	12.997400912717243	0.0	399894	3069.08777448208	0.75
4686.695563032253	750	14.167866554619396	0.0	401853	2829.534358097847	0.75
4689.262277010477	750	15.601152576394785	0.0	343800	2566.7139782246104	0.75
4692.158447328998	750	16.70498225787419	0.0	359903	2896.170318520595	0.75
4695.050432520163	750	17.812997066709997	0.0	379700	2891.9851911641927	0.75
4698.157278123177	750	18.706151463695765	0.0	425781	3106.845603014232	0.75
4700.222591681488	750	20.64083790538503	0.0	277716	2065.313558310737	0.75
4703.135463147684	750	21.72796643918928	0.0	400396	2912.871466195751	0.75
4706.026915613963	750	22.836513972909685	0.0	400508	2891.452466279596	0.75
4708.732996923755	750	24.130432663118466	0.0	358218	2706.0813097912196	0.75
4711.781594032738	750	25.081835554135374	0.0	400322	3048.597108983094	0.75
4720.416019867126	1850	20.44740971974793	0.0	885062	8634.425834387443	0.75
4728.139511753322	1850	16.723917833552353	0.0	1035329	7723.491886195579	1.85
4736.137501812916	1850	12.725927773959029	0.0	1026056	7997.990059593324	1.85
4738.885242593784	750	13.9781869930909	0.0	365161	2747.7407808681287	-0.3500000000000001
4741.285425379161	750	15.578004207713617	0.0	321064	2400.1827853772825	0.75
4743.931545920523	750	16.931883666351464	0.0	361565	2646.1205413621537	0.75
4746.868260415479	750	17.995169171395062	0.0	378327	2936.7144949564	0.75
4751.266382823994	750	17.597046762880904	0.0	390680	4398.122408514159	0.75
4753.777231594085	750	19.08619799278918	0.0	345516	2510.848770091724	0.75
4756.529940038824	750	20.333489548050135	0.0	384505	2752.708444739043	0.75
4759.338451003058	750	21.52497858381606	0.0	372093	2808.5109642340753	0.75
4762.620477090089	750	22.24295249678512	0.0	438281	3282.0260870309444	0.75
4765.620158825132	750	23.243270761741414	0.0	398987	2999.6817350437045	0.75
4772.763809044922	1850	20.099620541951456	0.0	982064	7143.650219789956	0.75
4778.71980623982	1850	18.143623347053538	0.0	830730	5955.997194897917	1.85
4787.422047230874	1850	13.441382355999156	0.0	846370	8702.240991054381	1.85

