49380.43051153148	750	4.0	13.586775332178542	450283	13586.775332178542	-57.673133928367726
49384.893207289664	300	4.0	0.4626957581891102	155580	4462.69575818911	-2.1395917602131735
49387.267219439746	300	5.6259878499173155	0.0	139857	2374.0121500826845	0.3
49389.441871080526	300	7.451336209140225	0.0	155432	2174.65164077709	0.3
49390.879359794366	300	10.013847495305075	0.0	163442	1437.4887138351485	0.3
49391.90739867541	300	12.985808614255424	0.0	126289	1028.0388810496524	0.3
49398.29417193503	300	10.599035354637236	0.0	153295	6386.7732596181895	0.3
49404.396882336616	300	8.496324953048248	0.0	173849	6102.710401588987	0.3
49411.965718961204	300	4.9274883284638085	0.0	150710	7568.83662458444	0.3
49417.76119336815	300	4.0	0.8679860784808289	139105	5795.474406944637	-3.4323401374675644
49422.205542199954	300	4.0	0.4443488318124992	141840	4444.348831812499	-1.6106999767937464
49429.783017364025	300	4.0	3.577475164068302	156148	7577.475164068302	-15.083143205493696
49436.45704396262	300	4.0	2.6740265985961797	160746	6674.02659859618	-11.198314373963571
49443.79722226862	300	4.0	3.3401783060011865	179801	7340.178306001187	-14.0627667158051
49448.97559457503	300	4.0	1.1783723064111955	140051	5178.3723064111955	-4.767000917568141
49451.794766761355	300	5.18082781367745	0.0	138313	2819.1721863225503	0.3
49458.654774696486	300	4.0	1.679180121451259	143509	6860.007935128709	-6.920474522240413
49461.16005881508	300	5.494715881396918	0.0	150616	2505.2841186030814	0.3
49466.84116191291	300	4.0	0.18638721642616018	165384	5681.103097823078	-0.5014650306324888
49472.9229997068	300	4.0	2.0818377938904105	140881	6081.8377938904105	-8.651902513728764
49478.51388740195	300	4.0	1.5908876951434068	157671	5590.887695143407	-6.540817089116649
49481.90993219984	300	4.603955202111816	0.0	157812	3396.044797888184	0.3
49489.731217082095	300	4.0	3.2173296801539935	163927	7821.28488226581	-13.53451762466217
49491.78541809237	300	5.945798989728609	0.0	137654	2054.201010271391	0.3
49495.46240228041	300	6.268814801684239	0.0	146754	3676.98418804437	0.3
49503.06055431751	300	4.0	1.3293372354136082	153938	7598.152037097847	-5.416150112278515
49508.61906645635	300	4.0	1.5585121388391217	181901	5558.512138839122	-6.401602197008223
49510.49019141124	300	6.128875045106813	0.0	111155	1871.1249548931867	0.3
49512.80794191118	300	7.811124545167439	0.0	153605	2317.7504999393755	0.3
49514.364824728334	300	10.254241728021109	0.0	149029	1556.882817146329	0.3
49515.62656841697	300	12.992498039388549	0.0	157421	1261.7436886325597	0.3
49521.28714192465	300	11.331924531707896	0.0	157488	5660.573507680651	0.3
49526.83589565655	300	9.78317079980822	0.0	143881	5548.753731899676	0.3
49534.553153262896	300	6.065913193455693	0.0	163444	7717.257606352527	0.3
49541.72229067742	300	4.0	1.1032242210686936	179328	7169.137414524387	-4.443864150595382
49546.64761835802	300	4.0	0.9253276806011982	159914	4925.327680601198	-3.6789090265851523
49553.51466052911	300	4.0	2.8670421710802967	131610	6867.042171080297	-12.028281335645275
49557.84995691707	300	4.0	0.33529638796033034	124011	4335.29638796033	-1.1417744682294204
49564.71145210634	300	4.0	2.8614951892710176	144254	6861.495189271018	-12.004429313865375
49570.587773105566	300	4.0	1.876320999229768	149991	5876.320999229768	-7.768180296688002
49574.41640335449	300	4.171369751081111	0.0	147968	3828.6302489188884	0.3
49580.98536291575	300	4.0	2.397589810187049	161857	6568.9595612681605	-10.009636183804309
49583.989441906866	300	4.995921008887587	0.0	145210	3004.078991112413	0.3
49589.23230642004	300	4.0	0.2469435042809846	172312	5242.864513168572	-0.7618570684082338
49596.286042122214	300	4.0	3.053735702180301	167025	7053.735702180301	-12.831063519375293
49602.20660822129	300	4.0	1.9205660990764408	160064	5920.566099076441	-7.958434226028696
49604.68330794612	300	5.523300275169966	0.0	137507	2476.699724830034	0.3
49610.342184142115	300	4.0	0.13557592082189696	118421	5658.876195991863	-0.2829764595341569

