50487.307423645456	750	4.0	2.928319033538743	450283	2928.319033538743	-11.841771844216595
50488.45168683854	300	6.85573680691884	0.0	155580	1144.2631930811608	-0.15000000000000002
50489.48839501051	300	9.81902863495103	0.0	139857	1036.70817196781	0.3
50490.65329642688	300	12.654127218580209	0.0	155432	1164.9014163708225	0.3
50493.63465464639	750	13.672768999066301	0.0	411561	2981.3582195139056	0.3
50495.960417193965	750	15.347006451494428	0.0	318564	2325.762547571874	0.75
50498.49107729666	750	16.816346348798223	0.0	352642	2530.6601026962066	0.75
50500.64147862895	750	18.665945016503237	0.0	437162	2150.4013322949872	0.75
50503.97768615468	1850	19.329737490780506	0.0	852833	3336.20752572273	0.75
50508.950122913135	1850	18.357300732320404	0.0	913888	4972.436758460101	1.85
50512.54460138721	1200	18.762822258243688	0.0	607410	3594.478474076717	0.5499999999999999
50514.965361046816	1200	20.34206259864367	0.0	594078	2420.759659600018	1.2
50518.69731472402	1850	20.610108921439284	0.0	946851	3731.953677204383	1.2000000000000002
50522.774862381	1850	20.5325612644656	0.0	1036454	4077.5476569736866	1.85
50526.02384921393	1850	21.283574431526613	0.0	821631	3248.9868329389883	1.85
50529.6644665404	1850	21.642957105057324	0.0	923170	3640.617326469287	1.85
50535.26025629414	1850	20.047167351323694	0.0	966699	5595.789753733632	1.85
50539.281663001784	1200	20.02576064367564	0.0	581493	4021.406707648054	0.5499999999999999
50543.501510165035	1200	19.80591348042489	0.0	639204	4219.847163250749	1.2
50548.04745107312	1200	19.25997257233747	0.0	586839	4545.940908087419	1.2
50552.168190498305	1200	19.139233147153508	0.0	601738	4120.739425183963	1.2
50554.44227592211	1200	20.86514772334525	0.0	616206	2274.0854238082575	1.2
50560.523550323545	1850	18.78387332191294	0.0	968026	6081.27440143231	1.2000000000000002
50564.53044856245	1200	18.77697508301031	0.0	536667	4006.898238902627	0.5499999999999999
50568.631889052296	1200	18.67553459316698	0.0	587236	4101.440489843331	1.2
50572.754551749356	1200	18.552871896105387	0.0	590335	4122.662697061595	1.2
50583.688866327684	1200	11.618557317778208	0.0	696376	10934.314578327178	1.2
50586.75424623852	300	12.553177406947654	0.0	111155	3065.379910830554	-0.6000000000000001
50589.96564176119	300	13.34178188426846	0.0	153605	3211.3955226791936	0.3
50591.054076144246	300	16.253347501212264	0.0	149029	1088.4343830561972	0.3
50595.09029987875	750	16.21712376671385	0.0	358218	4036.2237344984114	0.3
50597.09631686252	300	18.211106782945784	0.0	157488	2006.0169837680708	-0.15000000000000002
50598.91408276848	300	20.39334087697417	0.0	143881	1817.7659059716116	0.3
50602.5536401868	750	20.753783458657885	0.0	412837	3639.5574183162853	0.3
50605.35733874027	750	21.95008490518598	0.0	401088	2803.698553471905	0.75
50609.36302775589	1200	21.94439588956286	0.0	598727	4005.689015623121	0.75
50614.33959166271	1200	20.967831982745317	0.0	487812	4976.563906817543	1.2
50616.69407013057	750	22.61335351488947	0.0	361565	2354.478467855846	0.3
50620.68169164845	1200	22.625731997010675	0.0	605884	3987.6215178787916	0.75
50624.93409401524	1200	22.373329630220677	0.0	587506	4252.40236679	1.2
50629.234644980395	1200	22.072778665065023	0.0	566904	4300.550965155654	1.2
50634.04364343559	1200	21.263780209870657	0.0	641452	4808.998455194368	1.2
50644.169397304104	1200	15.138026341360625	0.0	599477	10125.753868510032	1.2
50645.43055478439	300	17.876868861079732	0.0	172312	1261.1574802808893	-0.6000000000000001
50650.40573152153	1200	16.901692123934136	0.0	630203	4975.176737145596	0.29999999999999993
50653.78238481166	750	17.52503883380102	0.0	393804	3376.653290133115	0.3
50656.35552753107	750	18.95189611439381	0.0	331053	2573.142719407209	0.75
50660.34316010052	1200	18.964263544947002	0.0	550906	3987.6325694468055	0.75

