33867.508208237996	750	4.0	5.857391964282968	450283	5857.391964282968	-24.43678544641676
33869.31226680401	300	6.195941433985368	0.0	155580	1804.0585660146314	-0.15000000000000002
33870.75458342997	300	8.75362480802198	0.0	139857	1442.3166259633863	0.3
33872.34861274425	300	11.159595493745677	0.0	155432	1594.029314276304	0.3
33874.020665726806	300	13.487542511194158	0.0	163442	1672.0529825515189	0.3
33875.33081941504	300	16.177388822953382	0.0	126289	1310.1536882407752	0.3
33879.75965354176	750	15.748554696232677	0.0	352642	4428.834126720708	0.3
33882.19383356834	300	17.31437466965575	0.0	173849	2434.1800265769293	-0.15000000000000002
33884.314676321555	300	19.19353191643077	0.0	150710	2120.842753224977	0.3
33886.19622972041	300	21.311978517584716	0.0	139105	1881.5533988460568	0.3
33890.04335864793	750	21.464849590059615	0.0	353220	3847.1289275251033	0.3
33895.76005422705	750	19.748154010930385	0.0	405134	5716.695579129227	0.75
33897.42334176326	300	22.084866474725438	0.0	160746	1663.2875362049494	-0.15000000000000002
33901.58100196491	750	21.927206273082124	0.0	434409	4157.660201643314	0.3
33904.67354096021	750	22.83466727777095	0.0	337059	3092.538995311174	0.75
33910.89512000319	1200	20.613088234797097	0.0	587876	6221.579042973851	0.75
33915.01202195642	750	20.496186281560025	0.0	360831	4116.901953237075	0.3
33918.77096513391	750	20.737243104068263	0.0	372963	3758.943177491763	0.75
33922.696031191124	750	20.81217704685753	0.0	405596	3925.0660572107345	0.75
33926.140759696835	750	21.36744854114802	0.0	350713	3444.7285057095123	0.75
33929.91751919295	750	21.590689045026913	0.0	386472	3776.759496121106	0.75
33933.55983133615	750	21.948376901837722	0.0	399894	3642.3121431891923	0.75
33940.35815162254	1200	19.150056615443805	0.0	656471	6798.320286393917	0.75
33944.18721012388	750	19.320998114113085	0.0	343800	3829.05850133072	0.3
33948.45098589948	750	19.05722233850801	0.0	359903	4263.77577560508	0.75
33952.79282422368	750	18.715384014301886	0.0	379700	4341.83832420612	0.75
33957.40144084397	750	18.106767394017957	0.0	425781	4608.616620283931	0.75
33960.12423460231	750	19.383973635676433	0.0	277716	2722.7937583415214	0.75
33964.16535671849	750	19.342851519501046	0.0	400396	4041.122116175386	0.75
33968.59171776266	750	18.91649047532612	0.0	400508	4426.361044174925	0.75
33972.29523205078	750	19.21297618720971	0.0	358218	3703.514288116413	0.75
33978.35304008384	750	17.155168154151674	0.0	400322	6057.808033058036	0.75
33979.791501065236	300	19.716707172752614	0.0	143881	1438.460981399059	-0.15000000000000002
33984.38039393008	750	19.12781430791726	0.0	412837	4588.892864835355	0.3
33988.23822415483	750	19.26998408316615	0.0	401088	3857.830224751108	0.75
33991.43037972213	750	20.077828515870586	0.0	365161	3192.1555672955674	0.75
33994.33605020941	750	21.17215802858764	0.0	321064	2905.670487282946	0.75
33997.62321576049	750	21.884992477509762	0.0	361565	3287.1655510778746	0.75
34005.2050580738	1200	18.303150164202503	0.0	605884	7581.842313307258	0.75
34007.10935899205	300	20.39884924595395	0.0	149991	1904.3009182485507	-0.6000000000000001
34012.74443481995	750	18.76377341804722	0.0	345516	5635.075827906735	0.3
34014.509863252715	300	20.998344985282664	0.0	161857	1765.4284327645555	-0.15000000000000002
34017.45824446811	750	22.049963769889715	0.0	372093	2948.3812153929484	0.3
34024.663021161934	1200	18.84518707606324	0.0	634861	7204.776693826473	0.75
34028.26702042938	750	19.241187808618697	0.0	398987	3603.999267444543	0.3
34033.13107159014	750	18.37713664785782	0.0	393804	4864.0511607608805	0.75
34034.741125110086	300	20.76708312791939	0.0	137507	1610.053519938434	-0.15000000000000002
34038.340324854864	750	21.167883383135475	0.0	314107	3599.1997447839126	0.3

