46091.864576007385	750	4.0	1.9423451961949387	450283	1942.3451961949388	-7.602084343638236
46092.30198636911	300	7.562589638278367	0.0	155580	437.4103617216328	-0.15000000000000002
46093.693848719486	1200	10.170727287902354	0.0	571051	1391.8623503760134	0.29999999999999993
46095.93467920916	1850	11.929896798226837	0.0	933276	2240.830489675517	1.2000000000000002
46098.44011150427	1850	13.424464503114736	0.0	996749	2505.4322951121007	1.85
46100.3765893062	1850	15.487986701185212	0.0	801058	1936.4778019295222	1.85
46103.67425812622	2850	16.190317881159256	0.0	1388403	3297.6688200259587	1.85
46111.289319946125	2850	12.57525606125885	0.0	1638769	7615.061819900405	2.85
46112.870327506105	1200	14.994248501278689	0.0	584846	1581.0075599801598	-0.44999999999999996
46115.29582152842	1850	16.568754478963157	0.0	913888	2425.4940223155295	1.2000000000000002
46118.823900017436	2850	17.040675989952405	0.0	1354548	3528.078489010754	1.85
46123.78108495972	2850	16.08349104766126	0.0	1519951	4957.1849422911455	2.85
46128.87762551826	1850	14.986950489124109	0.0	946851	5096.540558537151	0.8500000000000001
46132.936508233295	1200	14.92806777409112	0.0	687371	4058.882715032989	0.5499999999999999
46134.264326102326	1200	17.600249905061588	0.0	526950	1327.8178690295326	1.2
46138.04952001528	2850	17.81505599210823	0.0	1471065	3785.1939129533584	1.2000000000000002
46147.42180875275	2850	12.442767254640268	0.0	1491626	9372.288737467963	2.85
46148.50235766729	750	15.362218340097064	0.0	372963	1080.548914543204	-1.35
46154.168129164194	1850	13.69644684319368	0.0	987708	5665.771496903384	0.75
46155.16896036606	750	16.69561564132515	0.0	350713	1000.8312018685288	-0.3500000000000001
46159.74965625828	2850	16.114919749102736	0.0	1415116	4580.695892222414	0.75
46162.74612377308	1850	17.118452234302357	0.0	955231	2996.4675148003785	0.8500000000000001
46165.238058712464	1850	18.626517294921033	0.0	968026	2491.9349393813245	1.85
46170.6609313179	2850	17.203644689486083	0.0	1323990	5422.872605434949	1.85
46172.9124382559	1850	18.952137751493343	0.0	897976	2251.5069379927413	0.8500000000000001
46179.7225041782	2850	16.14207182918721	0.0	1480464	6810.06592230613	1.85
46181.57638117658	1200	18.2881948308176	0.0	696376	1853.8769983696104	-0.44999999999999996
46186.38935975019	2850	17.47521625720394	0.0	1141971	4812.978573613664	1.2000000000000002
46189.2140563473	1850	18.650519660088662	0.0	972798	2824.6965971152767	0.8500000000000001
46194.44968378293	2850	17.414892224464587	0.0	1561263	5235.627435624076	1.85
46196.52798821043	1850	19.336587796962647	0.0	873429	2078.304427501941	0.8500000000000001
46200.11363359568	2850	19.75094241171582	0.0	1497683	3585.645385246824	1.85
46205.3393837529	2850	18.525192254504407	0.0	1358081	5225.750157211411	2.85
46208.574328119445	1850	19.29024788796365	0.0	1035329	3234.944366540762	0.8500000000000001
46215.23991737043	2850	16.624658636972487	0.0	1492672	6665.58925099116	1.85
46218.518723361274	1850	17.34585264612556	0.0	943942	3278.8059908469277	0.8500000000000001
46223.37719596815	1850	16.487380039255786	0.0	728962	4858.472606869775	1.85
46226.48767820083	1200	17.376897806572977	0.0	575591	3110.48223268281	0.5499999999999999
46228.36590864218	1200	19.498667365215326	0.0	605884	1878.23044135765	1.2
46234.603464062486	2850	17.2611119449112	0.0	1402287	6237.555420304126	1.2000000000000002
46237.88081479106	1850	17.983761216332613	0.0	858450	3277.3507285785913	0.8500000000000001
46242.39774939707	1850	17.466826610326404	0.0	1025005	4516.934606006211	1.85
46244.805870983706	1850	19.058705023686997	0.0	886255	2408.121586639407	1.85
46248.68725615839	2850	19.177319849006288	0.0	1587250	3881.385174680708	1.85
46252.11247469427	2850	19.75210131311787	0.0	1464921	3425.218535888418	2.85
46261.24661930713	2850	14.617956700260974	0.0	1483527	9134.144612856895	2.85
46262.28488186611	750	17.57969414128966	0.0	331053	1038.262558971316	-1.35
46264.712775455104	1850	19.15180055229165	0.0	846370	2427.8935889980103	0.75

