73482.93438025749	750	4.0	1.5376171219990342	450283	1537.6171219990342	-5.861753624595847
73484.30555148397	750	6.628828773535433	0.0	398865	1371.171226464567	0.75
73485.5211697014	750	9.413210556097233	0.0	350812	1215.6182174382004	0.75
73487.6006731282	1200	11.333707129289014	0.0	617681	2079.5034268082195	0.75
73490.90726264799	1850	12.027117609508307	0.0	996749	3306.5895197807054	1.2000000000000002
73493.58037821423	1850	13.354002043265963	0.0	801058	2673.1155662423457	1.85
73496.59163293232	1850	14.342747325173217	0.0	905515	3011.254718092745	1.85
73500.10454958442	1850	14.82983067307356	0.0	1060487	3512.9166520996564	1.85
73502.94526669566	1850	15.98911356182174	0.0	852833	2840.717111251818	1.85
73507.65357810078	2850	15.280802156694412	0.0	1429765	4708.311405127329	1.85
73512.11840354916	2850	14.815976708321838	0.0	1354548	4464.825448372574	2.85
73517.11865726116	2850	13.81572299632393	0.0	1519951	5000.253711997909	2.85
73521.80480738812	2850	13.129572869364344	0.0	1422919	4686.150126959587	2.85
73526.99408262434	2850	11.94029763315218	0.0	1578343	5189.275236212163	2.85
73531.06040970486	2850	11.873970552627043	0.0	1231445	4066.3270805251377	2.85
73535.90241389239	2850	11.03196636509718	0.0	1471065	4842.004187529863	2.85
73540.26209126713	2850	10.672288990368873	0.0	1491626	4359.677374728305	2.85
73546.41965522923	2850	8.514725028271775	0.0	1358801	6157.5639620971	2.85
73554.01221095408	2850	4.92216930340831	0.0	1537156	7592.555724863464	2.85
73558.60688670177	1850	4.327493555715005	0.0	923755	4594.675747693305	0.8500000000000001
73561.62776599886	1200	5.306614258644381	0.0	601738	3020.8792970706236	0.5499999999999999
73564.71935487662	1200	6.215025380875816	0.0	616206	3091.588877768565	1.2
73568.00773123481	1200	6.926649022681304	0.0	656471	3288.3763581945122	1.2
73570.71058847454	1200	8.223791782950723	0.0	536667	2702.857239730581	1.2
73573.66059202242	1200	9.27378823507014	0.0	587236	2950.003547880581	1.2
73590.28361212443	1200	4.0	7.3492318669345185	590335	16623.02010200466	-30.40169702781843
73596.41317841716	300	4.0	2.1295662927394443	181901	6129.566292739444	-9.75713505877961
73599.2952706025	300	5.117907814659277	0.0	111155	2882.092185340724	0.3
73604.03908976646	300	4.37408865069444	0.0	153605	4743.819163964837	0.3
73606.872391061	300	5.540787356166265	0.0	149029	2833.301294528174	0.3
73609.21807500409	300	7.195103413078461	0.0	157421	2345.683943087804	0.3
73611.47092143049	300	8.942256986681674	0.0	157488	2252.846426396788	0.3
73613.13472534441	300	11.278453072763169	0.0	143881	1663.8039139185057	0.3
73616.20673429132	300	12.206444125853855	0.0	163444	3072.008946909313	0.3
73619.71571496465	300	12.69746345251827	0.0	179328	3508.980673335585	0.3
73621.42179427049	300	14.99138414669521	0.0	159914	1706.0793058230593	0.3
73623.26565392714	300	17.14752449003502	0.0	131610	1843.859656660189	0.3
73624.49942072993	300	19.913757687248143	0.0	124011	1233.7668027868792	0.3
73625.84667589622	300	22.5665025209656	0.0	144254	1347.2551662825476	0.3
73629.49295437521	750	22.920224041968666	0.0	390680	3646.278478996929	0.3
73632.97192611749	750	23.44125229968571	0.0	345516	3478.9717422829567	0.75
73638.13492633527	750	22.278252081905478	0.0	384505	5163.000217780234	0.75
73640.38267282146	750	24.03050559572309	0.0	372093	2247.7464861823887	0.75
73643.92321968578	1200	24.489958731406595	0.0	634861	3540.546864316495	0.75
73647.03955190138	1200	25.373626515801423	0.0	630203	3116.332215605171	1.2
73652.86369874778	1200	23.54947966939771	0.0	638661	5824.146846403713	1.2
73659.38308770511	2850	21.03009071208231	0.0	1231456	6519.388957315398	1.2000000000000002
73664.48823734395	2850	19.924941073240355	0.0	1364537	5105.149638841956	2.85

