19451.937901012963	750	4.0	1.7194156181741134	450283	1719.4156181741134	-6.643487158148687
19452.42018051759	300	7.51772049537223	0.0	155580	482.27950462777	-0.15000000000000002
19453.264285090645	750	10.673615922318957	0.0	350812	844.1045730532727	0.3
19454.689657759733	1200	13.248243253230903	0.0	617681	1425.3726690880546	0.75
19457.689166557633	2850	14.248734455331757	0.0	1472558	2999.508797899146	1.2000000000000002
19465.267598871007	2850	10.670302141955089	0.0	1224260	7578.432313376666	2.85
19470.601844946355	1200	9.33605606660755	0.0	561791	5334.246075347539	-0.44999999999999996
19475.461434417757	1200	8.476466595205224	0.0	709534	4859.589471402327	1.2
19476.28795236436	750	11.64994864860467	0.0	374758	826.517946600555	0.3
19478.508493400604	1850	13.429407612360652	0.0	913888	2220.5410362440184	0.75
19484.61878942679	2850	11.319111586176568	0.0	1354548	6110.2960261840835	1.85
19487.450328111965	1850	12.487572901001135	0.0	917428	2831.538685175433	0.8500000000000001
19495.220677771646	1850	8.717223241320971	0.0	946851	7770.349659680163	1.85
19497.14592714674	750	10.791973866227488	0.0	434409	1925.249375093483	-0.3500000000000001
19499.953876711734	1200	11.984024301234296	0.0	526950	2807.9495649931923	0.75
19503.89995732267	1850	12.037943690298885	0.0	923170	3946.08061093541	1.2000000000000002
19506.626474425397	1850	13.311426587570644	0.0	966699	2726.5171027282404	1.85
19510.23416991676	2850	13.703731096207132	0.0	1358801	3607.695491363513	1.85
19514.51885787776	2850	13.419043135205866	0.0	1537156	4284.687961001266	2.85
19520.097983940734	2850	11.839917072230321	0.0	1336050	5579.126062975546	2.85
19522.680731523094	1850	13.257169489873325	0.0	891604	2582.7475823569957	0.8500000000000001
19526.138369912846	2850	13.799531100121238	0.0	1468126	3457.638389752088	1.85
19530.08176090353	2850	13.856140109434264	0.0	1505760	3943.3909906869744	2.85
19535.184767548064	2850	12.753133464897713	0.0	1323990	5103.006644536549	2.85
19539.107270397217	1850	12.830630615748673	0.0	897976	3922.502849149042	0.8500000000000001
19543.95813164596	1850	11.979769367007636	0.0	905935	4850.861248741037	1.85
19546.67446110644	1850	13.263439906527957	0.0	1076599	2716.329460479679	1.85
19551.802102129896	2850	12.135798883069258	0.0	1141971	5127.641023458698	1.85
19555.333818497187	1850	12.604082515774264	0.0	972798	3531.7163672949937	0.8500000000000001
19559.585916451626	1850	12.351984561336408	0.0	975811	4252.097954437854	1.85
19562.347938405295	1850	13.589962607669547	0.0	873429	2762.0219536668633	1.85
19569.17027312911	2850	10.767627883850999	0.0	1497683	6822.334723818547	1.85
19570.38599436976	1200	13.551906643204854	0.0	584349	1215.721240646145	-0.44999999999999996
19575.48519459015	2850	12.452706422814256	0.0	1587293	5099.200220390597	1.2000000000000002
19577.801565127527	1850	14.136335885440802	0.0	1026056	2316.370537373454	0.8500000000000001
19582.940965628088	2850	12.9969353848785	0.0	1439896	5139.400500562302	1.85
19586.128548657114	1850	13.809352355848857	0.0	728962	3187.583029029644	0.8500000000000001
19596.41223022949	2850	7.525670783474194	0.0	1499009	10283.681572374662	1.85
19597.422556983605	750	10.515344029359811	0.0	378327	1010.326754114384	-1.35
19598.782205402975	1200	13.15569560998922	0.0	587506	1359.6484193705917	0.75
19601.660423610683	2850	14.27747740227977	0.0	1339500	2878.218207709449	1.2000000000000002
19609.160123640228	2850	10.777777372733867	0.0	1527299	7499.700029545903	2.85
19614.755730654906	1200	9.182170358054504	0.0	599477	5595.607014679365	-0.44999999999999996
19619.45335856912	1200	8.484542443840672	0.0	634861	4697.627914213832	1.2
19620.74593229962	750	11.191968713340765	0.0	398987	1292.5737304999059	0.3
19623.043868126344	1850	12.894032886614564	0.0	982064	2297.935826726202	0.75
19627.23555567833	1850	12.702345334626425	0.0	830730	4191.687551988139	1.85
19630.159199149974	1850	13.778701862981528	0.0	846370	2923.643471644897	1.85

