61744.62969600723	750	4.0	3.074955914376657	450283	3074.9559143766573	-12.472310431819626
61745.40952298118	300	7.220173026051316	0.0	155580	779.8269739486844	-0.15000000000000002
61746.79735771474	750	9.832338292489647	0.0	350812	1387.8347335616684	0.3
61749.38224422252	1200	11.247451784711142	0.0	617681	2584.886507778506	0.75
61753.41307898251	1850	11.216617024719573	0.0	996749	4030.8347599915696	1.2000000000000002
61757.09095453951	1850	11.538741467712125	0.0	801058	3677.875557007448	1.85
61760.57296484829	1850	12.05673115893695	0.0	905515	3482.010308775176	1.85
61765.01747426824	1850	11.612221738978718	0.0	1060487	4444.50941995823	1.85
61772.99106815255	1850	7.638627854666657	0.0	852833	7973.593884312061	1.85
61774.5349609745	750	10.094735032719626	0.0	362795	1543.8928219470313	-0.3500000000000001
61777.74747319703	1200	10.882222810190404	0.0	607410	3212.5122225292216	0.75
61780.28280106143	1200	12.346894945790888	0.0	594078	2535.327864399517	1.2
61784.56044853138	1850	12.069247475836294	0.0	946851	4277.647469954594	1.2000000000000002
61788.78307524232	1850	11.846620764896455	0.0	1036454	4222.626710939838	1.85
61792.33014311697	1850	12.299552890252432	0.0	821631	3547.0678746440226	1.85
61796.46643312191	1850	12.163262885309775	0.0	923170	4136.290004942657	1.85
61800.39444108699	1850	12.235254920239345	0.0	966699	3928.0079650704297	1.85
61807.064356177376	1850	9.565339829850576	0.0	885714	6669.915090388769	1.85
61809.86072251178	1200	10.768973495443431	0.0	639204	2796.3663344071438	0.5499999999999999
61812.483345986104	1200	12.146350021124144	0.0	586839	2622.6234743192867	1.2
61815.989386158035	1850	12.64030984919304	0.0	891604	3506.0401719311053	1.2000000000000002
61819.71107650387	1850	12.918619503364122	0.0	955231	3721.690345828918	1.85
61823.477913963114	1850	13.151782044114698	0.0	968026	3766.8374592494242	1.85
61829.03466288589	2850	11.595033121342327	0.0	1323990	5556.74892277237	1.85
61833.20707414135	1850	11.422621865883391	0.0	897976	4172.411255458936	0.8500000000000001
61837.793469209115	1850	10.83622679811751	0.0	905935	4586.395067765881	1.85
61841.13831448555	1200	11.491381521683536	0.0	696376	3344.845276433975	0.5499999999999999
61844.609005136015	1850	12.020690871219582	0.0	758197	3470.690650463954	1.2000000000000002
61848.780851222684	1850	11.848844784545847	0.0	972798	4171.846086673736	1.85
61853.012398863444	1850	11.61729714379126	0.0	975811	4231.547640754587	1.85
61860.635087493116	1850	7.994608514117945	0.0	873429	7622.6886296733155	1.85
61862.664749143165	750	9.964946864066007	0.0	400322	2029.6616500519378	-0.3500000000000001
61865.49473211145	1200	11.134963895780327	0.0	584349	2829.9829682856794	0.75
61872.047546354705	1850	8.58214965253212	0.0	1035329	6552.814243248207	1.2000000000000002
61875.346740283996	750	9.282955723237164	0.0	401088	3299.1939292949555	-0.3500000000000001
61877.77317792769	1200	10.856518079548788	0.0	598727	2426.4376436883754	0.75
61880.431508166825	1200	12.198187840411157	0.0	487812	2658.3302391376337	1.2
61884.91611484998	1850	11.71358115726175	0.0	938587	4484.606683149407	1.2000000000000002
61888.95615580482	1850	11.673540202416683	0.0	908665	4040.0409548450666	1.85
61892.93583535167	1850	11.693860655561014	0.0	930577	3979.6795468556684	1.85
61897.50402241853	1850	11.125673588708938	0.0	858450	4568.187066852078	1.85
61902.2866704902	1850	10.34302551704123	0.0	1025005	4782.648071667708	1.85
61905.99956702313	1200	10.63012898411217	0.0	599477	3712.8965329290604	0.5499999999999999
61909.159861659486	1200	11.469834347756048	0.0	634861	3160.294636356122	1.2
61913.27473886622	1850	11.354957141017964	0.0	958994	4114.877206738086	1.2000000000000002
61917.571005305304	1850	11.05869070193021	0.0	982064	4296.266439087753	1.85
61920.93286105112	1850	11.696834956112445	0.0	830730	3361.855745817765	1.85
61924.241668913935	1850	12.388027093294852	0.0	846370	3308.8078628175936	1.85

