1869.855624070312	750	4.0	18.87660394341256	450283	18876.603943412563	-80.419396956674
1872.3741153031215	300	5.481508767190393	0.0	155580	2518.491232809607	-0.15000000000000002
1877.8679935075343	300	4.0	0.012369437222366287	139857	5493.878204412759	0.24681141994382494
1882.0413880625392	300	4.0	0.17339455500509213	155432	4173.394555005092	-0.4455965865218961
1887.3110204591578	300	4.0	1.2696323966185392	163442	5269.632396618539	-5.159419305459719
1890.6870344524114	300	4.623986006746573	0.0	126289	3376.0139932534275	0.3
1893.0158382996506	300	6.295182159507403	0.0	153295	2328.803847239169	0.3
1894.770661668773	300	8.54035879038477	0.0	173849	1754.8233691226328	0.3
1896.3025689559042	300	11.008451503253571	0.0	150710	1531.9072871312	0.3
1897.7226762027785	300	13.588344256379537	0.0	139105	1420.1072468740333	0.3
1906.8399940192126	750	8.471026439945305	0.0	353220	9117.317816434233	0.3
1914.7089454274483	300	4.602075031709673	0.0	156148	7868.951408235631	-0.15000000000000002
1938.4522224759558	300	4.0	19.141202016797855	160746	23743.277048507527	-82.00716867223078
1952.058888700391	300	4.0	9.606666224435164	179801	13606.666224435165	-41.00866476507121
1955.0788067331725	300	4.9800819672183	0.0	140051	3019.918032781699	0.3
1959.2321040342138	300	4.826784666176998	0.0	138313	4153.2973010413025	0.3
1960.8552547029421	300	7.203633997448626	0.0	143509	1623.1506687283731	0.3
1962.447754636096	300	9.611134064294873	0.0	150616	1592.4999331537533	0.3
1964.3745894686447	300	11.684299231746335	0.0	165384	1926.8348325485358	0.3
1965.8237675983762	300	14.235121102014922	0.0	140881	1449.1781297314142	0.3
1969.233582131685	750	14.825306568706107	0.0	386472	3409.8145333088146	0.3
1974.6609963683782	750	13.397892332012901	0.0	399894	5427.4142366932065	0.75
1984.3539591280378	750	7.704929572353176	0.0	401853	9692.962759659726	0.75
1987.1928878742658	300	8.866000826125072	0.0	137654	2838.928746228104	-0.15000000000000002
1991.8171378697434	300	8.241750830647664	0.0	146754	4624.249995477407	0.3
1993.9622657374678	300	10.096622962923412	0.0	153938	2145.1278677242526	0.3
1996.1237565049264	300	11.93513219546467	0.0	181901	2161.4907674587416	0.3
1997.435044149278	300	14.623844551113002	0.0	111155	1311.2876443516668	0.3
2005.9805592470884	750	10.078329453302679	0.0	400396	8545.515097810325	0.3
2008.6166937177147	300	11.442194982676407	0.0	149029	2636.1344706262707	-0.15000000000000002
2011.2481111744823	300	12.810777525908536	0.0	157421	2631.4174567678706	0.3
2013.1602690370291	300	14.898619663361684	0.0	157488	1912.1578625468517	0.3
2017.7494694389268	750	14.309419261464244	0.0	369834	4589.20040189744	0.3
2026.961032283589	750	9.097856416802014	0.0	412837	9211.56284466223	0.75
2028.7786479818958	300	11.280240718495307	0.0	179328	1817.6156983067071	-0.15000000000000002
2030.969255920759	300	13.089632779632153	0.0	159914	2190.607938863153	0.3
2034.267631024521	750	13.791257675869932	0.0	321064	3298.375103762221	0.3
2035.5386661349105	300	16.520222565480555	0.0	124011	1271.035110389377	-0.15000000000000002
2039.4717385753845	750	16.58715012500654	0.0	378327	3933.072440474015	0.3
2057.8335884570215	750	4.0	1.7746997566306235	390680	18361.849881637165	-6.881208953511681
2063.0337233992145	300	4.0	1.200134942193008	147968	5200.134942193008	-5.3105802514299345
2066.437124491961	300	4.596598907253567	0.0	161857	3403.4010927464333	0.3
2069.1392162296324	300	5.894507169582406	0.0	145210	2702.09173767116	0.3
2070.795072464485	300	8.238650934729417	0.0	172312	1655.8562348529883	0.3
2072.402577151485	300	10.631146247729554	0.0	167025	1607.504686999863	0.3
2073.9352120493363	300	13.098511349878422	0.0	160064	1532.634897851133	0.3
2080.3313264150097	750	10.70239698420506	0.0	331053	6396.11436567336	0.3
2085.198585461212	300	9.83513793800233	0.0	118421	4867.259046202731	-0.15000000000000002

