38320.35451312709	750	4.0	6.310273246532645	450283	6310.273246532645	-26.384174960090373
38321.32685643521	300	7.0276566918757855	0.0	155580	972.3433081242142	-0.15000000000000002
38328.70194723435	300	4.0	0.3474341072667912	139857	7375.0907991425765	-1.193966661247202
38329.80293965522	300	6.899007579135563	0.0	155432	1100.9924208644372	0.3
38330.995182910345	300	9.706764324008875	0.0	163442	1192.2432551266886	0.3
38331.989462460646	300	12.71248477370998	0.0	126289	994.2795502988952	0.3
38335.395638372924	750	13.306308861432731	0.0	352642	3406.1759122772464	0.3
38337.43793901125	300	15.264008223099284	0.0	173849	2042.3006383334487	-0.15000000000000002
38339.66484708331	300	17.037100151043646	0.0	150710	2226.9080720556367	0.3
38341.38750857002	300	19.314438664331043	0.0	139105	1722.6614867126027	0.3
38344.68051071731	750	20.021436517041728	0.0	353220	3293.0021472893145	0.3
38352.31120961225	750	16.39073762210102	0.0	405134	7630.698894940711	0.75
38353.74368486326	300	18.958262371099657	0.0	160746	1432.4752510013625	-0.15000000000000002
38359.57866384821	750	17.123283386150796	0.0	434409	5834.978984948859	0.3
38360.5579561141	300	20.14399112025788	0.0	140051	979.2922658929148	-0.15000000000000002
38364.81309040693	1200	19.888856827423833	0.0	587876	4255.134292834048	0.29999999999999993
38371.60517643243	1200	17.09677080192553	0.0	617242	6792.0860254983	1.2
38373.96675581347	750	18.735191420891088	0.0	372963	2361.579381034441	0.3
38378.504223407435	1200	18.197723826922868	0.0	639204	4537.467593968221	0.75
38383.58936069312	1200	17.11258654123214	0.0	586839	5085.137285690729	1.2
38389.46143322681	750	15.240514007544501	0.0	386472	5872.072533687638	0.3
38391.07417374071	300	17.62777349364955	0.0	157812	1612.740513894951	-0.15000000000000002
38398.71373980255	750	13.98820743180491	0.0	401853	7639.566061844643	0.3
38400.30202568719	300	16.399921547171854	0.0	137654	1588.2858846330566	-0.15000000000000002
38401.67818778296	300	19.023759451394486	0.0	146754	1376.1620957773648	0.3
38406.39572695332	750	18.306220281038886	0.0	379700	4717.539170355601	0.3
38408.413003526584	300	20.28894370777445	0.0	181901	2017.2765732644323	-0.15000000000000002
38412.55733044663	750	20.14461678772666	0.0	277716	4144.32692004779	0.3
38415.28617061294	300	21.415776621420786	0.0	153605	2728.8401663058758	-0.15000000000000002
38416.88127401064	300	23.82067322372685	0.0	149029	1595.1033976939389	0.3
38420.21962211391	750	24.482325120458647	0.0	358218	3338.3481032681975	0.3
38434.39137709357	1200	14.310570140799538	0.0	620283	14171.75497965911	0.75
38437.80421290273	300	14.89773433163311	0.0	143881	3412.8358091664277	-0.6000000000000001
38439.07083246045	300	17.631114773917794	0.0	163444	1266.6195577153164	0.3
38443.703229127554	750	16.998718106811165	0.0	401088	4632.396667106629	0.3
38445.27320532853	300	19.42874190583797	0.0	159914	1569.9762009731928	-0.15000000000000002
38449.15907719822	750	19.542870036149147	0.0	321064	3885.8718696888254	0.3
38452.996881493054	750	19.705065741319924	0.0	361565	3837.804294829225	0.75
38459.75168065716	750	16.950266577218848	0.0	378327	6754.799164101076	0.75
38460.54535571782	300	20.156591516555803	0.0	149991	793.6750606630463	-0.15000000000000002
38468.698820129626	1850	16.003127104748522	0.0	858450	8153.464411807283	0.30000000000000004
38472.730730368334	750	15.97121686604366	0.0	384505	4031.91023870486	-0.3500000000000001
38475.16623505789	750	17.535712176486978	0.0	372093	2435.504689556684	0.75
38479.13742723222	1200	17.56452000215561	0.0	634861	3971.192174331366	0.75
38482.317911389226	1200	18.384035845154184	0.0	630203	3180.48415700143	1.2
38485.89637801318	1200	18.805569221197	0.0	638661	3578.46662395718	1.2
38495.687110431005	1200	13.014836803364915	0.0	538612	9790.732417832087	1.2
38498.29922760382	300	14.40271963055223	0.0	118421	2612.1171728126847	-0.6000000000000001

