26942.860036259448	750	4.0	6.740690785705139	450283	6740.690785705139	-28.234970378532097
26945.16732576333	300	5.692710496117892	0.0	155580	2307.2895038821075	-0.15000000000000002
26947.249524170224	300	7.610512089224719	0.0	139857	2082.1984068931733	0.3
26949.554694900184	300	9.305341359263261	0.0	155432	2305.1707299614586	0.3
26951.974537110582	300	10.885499148866684	0.0	163442	2419.8422103965772	0.3
26953.862495486694	300	12.997540772752997	0.0	126289	1887.9583761136873	0.3
26958.921578375368	750	11.938457884078826	0.0	352642	5059.082888674171	0.3
26960.989487336963	300	13.870548922485654	0.0	173849	2067.9089615931725	-0.15000000000000002
26965.354727899918	750	13.505308359533126	0.0	374758	4365.240562952527	0.3
26969.58317529807	750	13.276860961381887	0.0	362795	4228.44739815124	0.75
26973.702135564814	750	13.157900694633499	0.0	353220	4118.960266748387	0.75
26975.567639125577	300	15.292397133871859	0.0	156148	1865.5035607616417	-0.15000000000000002
26980.06544201901	750	14.794594240438572	0.0	386351	4497.802893433288	0.3
26984.82629433449	750	14.033741924961957	0.0	434409	4760.852315476614	0.75
26988.145487476915	750	14.714548782536584	0.0	337059	3319.193142425372	0.75
26991.744865026427	750	15.115171233026958	0.0	366214	3599.377549509626	0.75
26995.290080708604	750	15.569955550848817	0.0	360831	3545.2156821781414	0.75
26998.949325817226	750	15.910710442224325	0.0	372963	3659.245108624492	0.75
27002.921742756917	750	15.93829350253417	0.0	405596	3972.416939690155	0.75
27006.367459436	750	16.492576823450666	0.0	350713	3445.716679083505	0.75
27010.156347490905	750	16.703688768548904	0.0	386472	3788.888054901758	0.75
27014.074043571934	750	16.785992687521343	0.0	399894	3917.696081027561	0.75
27018.010539751544	750	16.84949650791082	0.0	401853	3936.4961796105185	0.75
27021.38991386733	750	17.47012239212695	0.0	343800	3379.3741157838717	0.75
27024.9238249854	750	17.936211274055502	0.0	359903	3533.9111180714453	0.75
27028.647723623453	750	18.212312636001005	0.0	379700	3723.898638054497	0.75
27032.78331411911	750	18.076722140344604	0.0	425781	4135.5904956564045	0.75
27035.360165700535	750	19.499870558920307	0.0	277716	2576.8515814242965	0.75
27041.040415101586	1200	17.819621157867186	0.0	622896	5680.249401053121	0.75
27044.586024043903	750	18.27401221555059	0.0	400508	3545.6089423165936	0.3
27047.676749845974	750	19.18328641347927	0.0	358218	3090.725802071325	0.75
27052.97006138444	1200	17.889974875013287	0.0	620283	5293.311538465982	0.75
27056.15841653768	750	18.70161972177351	0.0	369834	3188.3551532397764	0.3
27059.525191986522	750	19.334844272931427	0.0	412837	3366.7754488420846	0.75
27062.757681115625	750	20.102355143832604	0.0	401088	3232.489129098823	0.75
27067.543581962316	1200	19.316454297140726	0.0	598727	4785.900846691875	0.75
27071.45770820654	1200	19.402328052915134	0.0	487812	3914.126244225594	1.2
27076.061763701364	1200	18.79827255809325	0.0	575591	4604.055494821885	1.2
27080.9039174519	1200	17.956118807557427	0.0	605884	4842.153750535821	1.2
27085.60162298854	1200	17.258413270916257	0.0	587506	4697.705536641169	1.2
27088.397324864265	750	18.462711395193953	0.0	345516	2795.7018757223072	0.3
27091.725683381326	750	19.134352878132567	0.0	384505	3328.3585170613865	0.75
27096.037996887415	1200	18.822039372042557	0.0	599477	4312.313506090009	0.75
27100.60012178093	1200	18.25991447852736	0.0	634861	4562.124893515196	1.2
27103.496973918467	750	19.363062340990247	0.0	398987	2896.8521375371106	0.3
27108.085926849293	1200	18.77410941016396	0.0	638661	4588.952930826289	0.75
27111.96853285777	1200	18.89150340168965	0.0	538612	3882.606008474307	1.2
27114.396981339487	750	20.463054919969856	0.0	314107	2428.448481719791	0.3

