16841.04167991353	750	4.0	3.2440850113209643	450283	3244.0850113209644	-13.199565548680146
16841.87400642227	300	7.167673491263499	0.0	155580	832.3265087365008	-0.15000000000000002
16842.55788498744	300	10.48379492609308	0.0	139857	683.8785651704185	0.3
16843.309013734244	300	13.732666179290499	0.0	155432	751.1287468025804	0.3
16844.094728288743	300	16.946951624791378	0.0	163442	785.7145544991208	0.3
16845.550233063153	750	19.491446850379305	0.0	318564	1455.5047744120725	0.3
16849.540091696905	1850	19.50158821662989	0.0	905515	3989.858633749412	0.75
16854.199092876264	1850	18.84258703726896	0.0	1060487	4659.00117936093	1.85
16857.96147965969	1850	19.08020025384029	0.0	852833	3762.3867834286702	1.85
16861.987491472948	1850	19.05418844058487	0.0	913888	4026.0118132554207	1.85
16866.12546890161	1850	18.916211011926325	0.0	939819	4137.977428658541	1.85
16872.29533145372	2850	16.746348459817625	0.0	1519951	6169.862552108701	1.85
16877.354318812893	2850	15.687361100643914	0.0	1422919	5058.987359173711	2.85
16882.96977710691	2850	14.071902806625275	0.0	1578343	5615.458294018639	2.85
16887.370793392874	2850	13.670886520662101	0.0	1231445	4401.016285963174	2.85
16892.61261208775	2850	12.429067825787044	0.0	1471065	5241.818694875057	2.85
16898.02708838032	2850	11.014591533212373	0.0	1491626	5414.476292574671	2.85
16902.97075305258	2850	10.070926860953685	0.0	1358801	4943.6646722586875	2.85
16908.46599550831	2850	8.575684405220692	0.0	1537156	5495.242455732994	2.85
16913.04562391766	2850	7.996055995870949	0.0	1336050	4579.628409349742	2.85
16917.05137066887	2850	7.990309244662804	0.0	1415116	4005.7467512081457	2.85
16921.155153260694	2850	7.8865266528391125	0.0	1468126	4103.782591823691	2.85
16926.070045166925	2850	6.97163474660593	0.0	1505760	4914.891906233182	2.85
16928.870784203897	1850	8.170895709632157	0.0	874175	2800.739036973772	0.8500000000000001
16931.763687211816	1850	9.277992701713368	0.0	897976	2892.90300791879	1.85
16934.690027781366	1850	10.351652132161165	0.0	905935	2926.3405695522024	1.85
16939.71427218726	2850	9.3274077262688	0.0	1547572	5024.244405892364	1.85
16943.073951972052	2850	9.967727941475763	0.0	1141971	3359.6797847930375	2.85
16951.11181934485	2850	5.929860568679515	0.0	1498470	8037.867372796249	2.85
16955.405204063223	1850	5.636475850306382	0.0	975811	4293.384718373133	0.8500000000000001
16957.948058997506	1200	7.093620916018606	0.0	570392	2542.854934287775	0.5499999999999999
16960.70633472228	1200	8.335345191245425	0.0	620283	2758.27572477318	1.2
16963.309453591402	1200	9.732226322123617	0.0	584349	2603.1188691218094	1.2
16966.28295580437	1200	10.75872410915546	0.0	670129	2973.5022129681556	1.2
16970.793289824578	1850	10.24839008894554	0.0	1026056	4510.334020209921	1.2000000000000002
16974.94906966087	1850	10.092610252654934	0.0	943942	4155.779836290605	1.85
16978.15081459715	1850	10.890865316376773	0.0	728962	3201.7449362781604	1.85
16981.515058330267	1850	11.526621583258603	0.0	938587	3364.2437331181713	1.85
16984.7746009105	1850	12.267079003024886	0.0	908665	3259.5425802337168	1.85
16988.11592306635	1850	12.925756847172037	0.0	930577	3341.3221558528503	1.85
16991.208137522284	1850	13.833542391240115	0.0	858450	3092.2144559319227	1.85
16994.88477667238	1850	14.1569032411411	0.0	1025005	3676.6391500990158	1.85
16998.07455606855	1850	14.96712384497132	0.0	886255	3189.779396169778	1.85
17001.58663848718	1850	15.455041426344149	0.0	973972	3512.082418627171	1.85
17005.099242112512	1850	15.94243780100972	0.0	958994	3512.603625334429	1.85
17013.220340012955	4300	11.82133990056869	0.0	2246506	8121.097900441031	1.8499999999999996
17020.010977166363	4300	9.030702747163076	0.0	1961140	6790.637153405615	4.3
17026.22454251692	4300	6.817137396605199	0.0	2155012	6213.565350557877	4.3

