41881.453087466805	750	4.0	1.5804987994599593	450283	1580.4987994599594	-6.046144837677825
41881.88091632453	300	7.572171142274926	0.0	155580	427.8288577250742	-0.15000000000000002
41882.25789721998	300	11.195190246828663	0.0	139857	376.9808954462628	0.3
41882.67012508731	300	14.782962379501523	0.0	155432	412.22786732714	0.3
41883.18143570311	300	18.271651763695804	0.0	163442	511.3106158057177	0.3
41883.62476922975	300	21.828318237063996	0.0	126289	443.33352663181	0.3
41884.13190294944	300	25.321184517372018	0.0	153295	507.1337196919776	0.3
41884.666404019554	300	28.786683447255704	0.0	173849	534.5010701163109	0.3
41885.14041178651	300	32.31267568030146	0.0	150710	474.0077669542489	0.3
41885.584080092674	300	35.86900737413617	0.0	139105	443.66830616528955	0.3
41886.03489862937	300	39.41818883744457	0.0	141840	450.81853669159756	0.3
41886.57165419541	300	42.88143327140136	0.0	156148	536.755566043206	0.3
41887.27080749568	300	46.182279971127436	0.0	160746	699.1533002739292	0.3
41888.04335587973	300	49.40973158707711	0.0	179801	772.54838405032	0.3
41888.6627972273	300	52.790290239506014	0.0	140051	619.4413475711002	0.3
41891.01551475043	300	54.43757271637799	0.0	138313	2352.7175231280166	0.3
41891.464190680876	300	57.98889678592865	0.0	143509	448.67593044934443	0.3
41892.9846603938	300	59.52196290763141	0.0	150616	466.93387829723895	0.3
41894.91711711425	300	59.793002428465236	0.0	165384	1228.9604791661704	0.3
41897.229402409124	300	59.70060787592998	0.0	140881	1592.394552535256	0.3
41898.40601530138	300	59.66024684576812	0.0	157671	540.3610301618578	0.3
41900.23270401764	750	59.79702837388356	0.0	399894	1363.2184718845613	0.3
41901.6859007967	750	59.76116517904262	0.0	401853	1035.8631948409463	0.75
41902.58525449508	750	59.98115504946032	0.0	343800	780.0101295822998	0.75
41903.99841302746	750	59.54324764017518	0.0	359903	937.9074092851375	0.75
41905.15085291744	750	59.664653256728705	0.0	379700	878.5943834464761	0.75
41906.37111880976	750	59.651443063834556	0.0	425781	1013.2101928941465	0.75
41910.34657603303	750	59.67598584056574	0.0	277716	3475.4572232688197	0.75
41911.64644596127	750	59.53380735304469	0.0	400396	1142.178487521046	0.75
41912.66344813998	750	59.56815193254444	0.0	400508	965.6554205002551	0.75
41915.412866830746	750	59.679615930017725	0.0	358218	888.5360025267174	0.75
41917.110795905995	750	59.65559283476479	0.0	400322	1524.0230952529403	0.75
41919.836639557936	750	59.65512390054109	0.0	369834	1000.4689342236948	0.75
41923.5497663673	750	59.941997091178465	0.0	412837	3213.126809362627	0.75
41925.80302265951	750	59.94511968191482	0.0	401088	996.8774092636447	0.75
41928.730689200325	1200	59.827475869179175	0.0	598727	1617.6438127356485	0.75
41932.55835111741	1200	59.99981395209502	0.0	487812	2827.661917084154	1.2
41936.92916723574	1200	59.55474822601228	0.0	575591	2945.0657260827393	1.2
41939.75023949872	1200	59.816587326897086	0.0	605884	1738.1608991151938	1.2
41942.73403647559	1200	59.57364458239657	0.0	587506	1742.9427445005142	1.2
41946.18619050023	1200	59.93049462410777	0.0	566904	2643.1499582888005	1.2
41949.73450814898	1200	59.770837832910026	0.0	641452	2659.656791197748	1.2
41953.942573044165	1200	59.56277293771838	0.0	599477	3708.0648951916414	1.2
41956.69070198536	1200	59.90707134349499	0.0	634861	2155.7015942233857	1.2
41960.965160421205	1200	59.63261290764596	0.0	630203	4274.458435849039	1.2
41963.555460969874	1200	59.93990547822147	0.0	638661	2192.707429424492	1.2
41966.108342991334	1200	59.5737610376115	0.0	538612	1866.1444406099686	1.2
41968.03122306214	1200	59.656689848630556	0.0	550906	1417.071188980937	1.2

