773.5758904983398	750	4.0	5.163773744747733	450283	5163.773744747733	-21.45422710241525
775.9192532621347	300	5.656637236205139	0.0	155580	2343.3627637948607	-0.15000000000000002
776.684427043865	300	8.891463454474914	0.0	139857	765.173781730224	0.3
778.5379594548737	750	11.037931043466154	0.0	382355	1853.532411008762	0.3
782.7132571789787	1850	10.862633319361239	0.0	996749	4175.297724104914	0.75
784.9537508341339	1200	12.622139664206031	0.0	520315	2240.493655155208	0.5499999999999999
791.0888896615425	1850	10.487000836797375	0.0	905515	6135.138827408658	1.2000000000000002
794.195949090594	1200	11.37994140774593	0.0	709534	3107.0594290514464	0.5499999999999999
796.4569026425812	1850	13.118987855758672	0.0	852833	2260.9535519872597	1.2000000000000002
800.582805110831	2850	12.993085387508835	0.0	1429765	4125.902468249837	1.85
805.6523932348075	1850	11.92349726353231	0.0	939819	5069.588123976525	0.8500000000000001
808.1438203561224	1850	13.43207014221737	0.0	917428	2491.4271213149405	1.85
820.9531721289912	2850	4.622718369348633	0.0	1422919	12809.351772868737	1.85
830.1486700228661	300	4.0	4.572779524526195	179801	9195.497893874828	-21.912951955462635
837.8724905012793	300	4.0	3.7238204784132867	140051	7723.820478413287	-15.712428057177132
843.2152049836363	300	4.0	1.3427144823570016	138313	5342.7144823570015	-5.473672274135107
848.1962884487104	300	4.0	0.9810834650741072	143509	4981.083465074107	-3.918658899818661
856.5241363447097	300	4.0	4.327847895999318	150616	8327.847895999317	-18.309745952797066
865.8783894061941	300	4.0	5.354253061484273	165384	9354.253061484273	-22.72328816438237
880.4544039403585	300	4.0	10.576014534164386	140881	14576.014534164386	-45.176862496906864
884.1271898359253	300	4.327214104433242	0.0	157671	3672.785895566758	0.3
886.7667589040507	300	5.687645036307786	0.0	157812	2639.569068125457	0.3
890.4816000290377	300	5.97280391132076	0.0	163927	3714.8411249870264	0.3
892.2601952865148	300	8.194208653843658	0.0	137654	1778.5952574771013	0.3
896.0909706288777	750	8.363433311480708	0.0	359903	3830.775342362949	0.3
899.0181007613238	750	9.436303179034635	0.0	379700	2927.130132446075	0.75
908.6143340616874	1200	4.0	0.1599301213288909	696376	9596.233300363525	0.06230047828576918
909.741864870984	300	6.872469190703406	0.0	111155	1127.5308092965945	-0.6000000000000001
911.5358079835527	300	9.078526078134765	0.0	153605	1793.9431125686413	0.3
918.7897892387064	1200	5.8245448229810695	0.0	641447	7253.981255153695	0.29999999999999993
920.1677834111488	300	8.446550650538603	0.0	157421	1377.9941724424668	-0.6000000000000001
923.7222691804471	750	8.892064881240357	0.0	400322	3554.485769298247	0.3
928.2357914618	750	8.3785425998875	0.0	369834	4513.522281352856	0.75
932.8343950677395	750	7.77993899394797	0.0	412837	4598.60360593953	0.75
937.9949973451905	750	6.619336716496959	0.0	401088	5160.60227745101	0.75
941.0675030935269	300	7.546830968160668	0.0	159914	3072.505748336291	-0.15000000000000002
947.6872816229583	750	4.927052438729186	0.0	321064	6619.778529431482	0.3
950.2896198626826	300	6.324714199004908	0.0	124011	2602.338239724278	-0.15000000000000002
951.2946575004104	300	9.319676561277117	0.0	144254	1005.0376377277922	0.3
955.2525801450028	1200	9.361753916684663	0.0	587506	3957.9226445924546	0.29999999999999993
959.4443666189431	1200	9.169967442744278	0.0	566904	4191.786473940383	1.2
966.6503816465356	1200	5.963952415151836	0.0	641452	7206.0150275924425	1.2
967.8122503528909	300	8.802083708796472	0.0	145210	1161.868706355364	-0.6000000000000001
970.8537798868645	750	9.760554174822937	0.0	438281	3041.5295339735358	0.3
975.3669285625326	1200	9.247405499154784	0.0	630203	4513.148675668153	0.75
980.4245456231505	1200	8.189788438536864	0.0	638661	5057.61706061792	1.2
982.3535307605417	750	10.260803301145682	0.0	331053	1928.9851373911827	0.3
984.2497570559145	1200	12.36457700577283	0.0	550906	1896.2262953728505	0.75

