11418.618155024336	750	4.0	2.813251493588166	450283	2813.251493588166	-11.346981422429113
11420.058121557859	300	6.560033466478105	0.0	155580	1439.9665335218951	-0.15000000000000002
11420.92532514442	300	9.69282987991379	0.0	139857	867.2035865643147	0.3
11423.433112817453	1200	11.185042206881088	0.0	617681	2507.787673032703	0.29999999999999993
11427.053454923362	1850	11.564700100971862	0.0	996749	3620.3421059092243	1.2000000000000002
11429.445979790067	1850	13.172175234265627	0.0	801058	2392.524866706235	1.85
11434.778050684394	2850	11.840104339938254	0.0	1388403	5332.070894327374	1.85
11437.449328939181	1850	13.168826085150931	0.0	1060487	2671.2782547873235	0.8500000000000001
11440.975327984155	2850	13.642827040175643	0.0	1348011	3525.999044975288	1.85
11447.706642631081	2850	10.911512393249666	0.0	1429765	6731.314646925977	2.85
11449.61438196201	1200	13.00377306232178	0.0	607410	1907.7393309278843	-0.44999999999999996
11454.332794143633	2850	12.285360880700356	0.0	1519951	4718.412181621425	1.2000000000000002
11457.968545118323	1850	12.649609906010307	0.0	946851	3635.750974690051	0.8500000000000001
11461.185959666918	1850	13.432195357413066	0.0	1036454	3217.414548597241	1.85
11465.436053906133	2850	13.182101118198595	0.0	1231445	4250.094239214471	1.85
11470.633702058953	2850	11.984452965379765	0.0	1471065	5197.64815281883	2.85
11476.825068313254	1850	9.793086711078335	0.0	966699	6191.366254301431	0.8500000000000001
11478.254351416763	1200	12.363803607569178	0.0	581493	1429.2831035091558	0.5499999999999999
11480.91034079745	1850	13.707814226881096	0.0	987708	2655.989380688083	1.2000000000000002
11485.6840463237	2850	12.934108700631358	0.0	1336050	4773.705526249739	1.85
11491.262716126375	1850	11.355438897956214	0.0	891604	5578.669802675143	0.8500000000000001
11494.31529050548	1850	12.302864518851566	0.0	955231	3052.574379104648	1.85
11501.473513510842	1850	9.144641513489896	0.0	968026	7158.223005361669	1.85
11504.147825436188	1200	10.470329588143063	0.0	536667	2674.3119253468344	0.5499999999999999
11507.59097024944	1200	11.027184774893067	0.0	587236	3443.1448132499963	1.2
11513.029983397204	1850	9.588171627127226	0.0	905935	5439.0131477658415	1.2000000000000002
11515.551803944596	1200	11.066351079736787	0.0	696376	2521.820547390438	0.5499999999999999
11517.531318339848	1850	13.086836684483874	0.0	758197	1979.5143952529115	1.2000000000000002
11522.967642353013	2850	11.650512671320106	0.0	1498470	5436.324013163769	1.85
11528.390035621955	1850	10.22811940237914	0.0	975811	5422.393268940966	0.8500000000000001
11529.740409403334	1200	12.877745620998912	0.0	570392	1350.3737813802275	0.5499999999999999
11533.610869928707	1850	13.007285095625914	0.0	954453	3870.460525372999	1.2000000000000002
11540.685755089085	2850	9.932399935246515	0.0	1358081	7074.885160379398	1.85
11542.55928100784	1200	12.058874016493293	0.0	670129	1873.5259187532222	-0.44999999999999996
11551.91132254913	1850	6.706832475202937	0.0	1026056	9352.041541290357	1.2000000000000002
11554.681743318995	300	7.936411705336117	0.0	159914	2770.4207698668192	-1.25
11557.181028578196	750	9.437126446135315	0.0	321064	2499.285259200802	0.3
11559.398708328094	1200	11.219446696235883	0.0	575591	2217.679749899434	0.75
11561.534560814753	1850	13.08359420957766	0.0	908665	2135.852486658223	1.2000000000000002
11567.34353423687	2850	11.274620787460547	0.0	1402287	5808.973422117111	1.85
11570.030435077177	1850	12.587719947153337	0.0	858450	2686.9008403072107	0.8500000000000001
11573.448842642374	1850	13.169312381956765	0.0	1025005	3418.4075651965727	1.85
11577.753260724037	2850	12.864894300293567	0.0	1343002	4304.418081663198	1.85
11581.837210646383	1850	12.78094437794871	0.0	973972	4083.949922344857	0.8500000000000001
11586.042071889651	1850	12.576083134680447	0.0	958994	4204.861243268264	1.85
11589.512780324307	1850	13.105374700026518	0.0	982064	3470.708434653929	1.85
11594.04538655121	2850	12.572768473122185	0.0	1231456	4532.606226904332	1.85
11599.0124885032	1850	11.605666521131601	0.0	846370	4967.101951990584	0.8500000000000001

