89646.70865810552	750	4.0	6.031834530305587	450283	6031.834530305587	-25.18688848031402
89648.50511030761	300	6.203547797920244	0.0	155580	1796.4522020797556	-0.15000000000000002
89650.0841554224	300	8.624502683121841	0.0	139857	1579.045114798403	0.3
89653.94870188655	750	8.759956218981275	0.0	382355	3864.5464641405674	0.3
89658.10232908465	750	8.606329020884855	0.0	411561	4153.627198096418	0.75
89661.33547278566	750	9.37318531986754	0.0	318564	3233.143701017316	0.75
89666.97607521701	1200	7.732582888524957	0.0	561791	5640.602431342583	0.75
89671.38310089041	750	7.3255572151151185	0.0	437162	4407.025673409838	0.3
89675.17245231463	750	7.536205790893149	0.0	374758	3789.3514242219685	0.75
89678.15964116265	750	8.549016942873203	0.0	362795	2987.1888480199455	0.75
89680.88374934411	750	9.82490876140498	0.0	353220	2724.1081814682243	0.75
89685.41085454832	1200	9.297803557197177	0.0	594078	4527.105204207802	0.75
89690.16405862437	1200	8.544599481144445	0.0	624282	4753.2040760527325	1.2
89698.8513711532	750	4.0	0.1427130476837865	434409	8687.312528828232	-0.313666105040282
89700.9911215431	300	5.860249610099422	0.0	140051	2139.750389900578	-0.15000000000000002
89702.86988932171	300	7.981481831488061	0.0	138313	1878.7677786113604	0.3
89707.29823276792	750	7.553138385270611	0.0	360831	4428.343446217451	0.3
89713.13511630424	750	5.716254848941898	0.0	372963	5836.883536328712	0.75
89716.03964250574	300	6.811728647458302	0.0	165384	2904.5262014835976	-0.15000000000000002
89717.74540983488	300	9.105961318320865	0.0	140881	1705.767329137436	0.3
89724.43471855386	1200	6.416652599327587	0.0	601738	6689.308718993279	0.29999999999999993
89726.43603886642	300	8.415332286781766	0.0	157812	2001.3203125458206	-0.6000000000000001
89731.31190370161	750	7.5394674515770115	0.0	401853	4875.864835204755	0.3
89735.22077113365	750	7.630600019554919	0.0	343800	3908.867432022092	0.75
89739.27983588848	750	7.571535264726878	0.0	359903	4059.0647548280413	0.75
89743.59457221114	750	7.256798942064884	0.0	379700	4314.736322661994	0.75
89748.12070830938	750	6.730662843817389	0.0	425781	4526.136098247494	0.75
89749.36142299135	300	9.48994816185483	0.0	111155	1240.7146819625584	-0.15000000000000002
89755.77739955514	1200	7.073971598061345	0.0	622896	6415.976563793486	0.29999999999999993
89759.84333848495	750	7.008032668267864	0.0	400508	4065.9389297934804	0.3
89763.52726888061	750	7.324102272593018	0.0	358218	3683.9303956748467	0.75
89767.4958454185	750	7.355525734719169	0.0	400322	3968.5765378738492	0.75
89770.97769312898	750	7.8736780242359705	0.0	369834	3481.8477104831986	0.75
89774.98199444848	750	7.86937670473646	0.0	412837	4004.3013194995106	0.75
89779.17107137106	750	7.680299782161927	0.0	401088	4189.076922574533	0.75
89782.99208241633	750	7.859288736894458	0.0	365161	3821.0110452674694	0.75
89786.24479008392	750	8.606581069303905	0.0	321064	3252.7076675905523	0.75
89789.47986296566	750	9.37150818756132	0.0	361565	3235.072881742586	0.75
89794.81240864341	1200	8.038962509812835	0.0	605884	5332.545677748484	0.75
89798.27930208405	750	8.572069069182652	0.0	390680	3466.8934406301837	0.3
89800.95504152578	750	9.8963296274505	0.0	345516	2675.7394417321507	0.75
89805.45666353118	1200	9.394707622048344	0.0	641452	4501.622005402158	0.75
89809.66894575172	1200	9.182425401504219	0.0	599477	4212.282220544124	1.2
89814.12513503474	1200	8.726236118484413	0.0	634861	4456.189283019805	1.2
89816.95541050208	750	9.895960651154994	0.0	398987	2830.27546732942	0.3
89827.08823561625	1200	4.0	0.2368644630192666	638661	10132.82511417426	-0.2685171909828464
89829.77036586436	300	5.317869751903103	0.0	137507	2682.1302480968975	-0.6000000000000001
89831.67285906547	300	7.415376550775305	0.0	118421	1902.4932011277974	0.3

