42098.42234050549	750	4.0	3.7667387200480547	450283	3766.738720048055	-15.446976496206634
42099.516765995235	300	6.9055745102530075	0.0	155580	1094.4254897469932	-0.15000000000000002
42100.343848792276	300	10.078491713210315	0.0	139857	827.0827970426939	0.3
42102.056919030125	750	12.365421475368358	0.0	382355	1713.070237841958	0.3
42105.04053019002	1200	13.381810315473121	0.0	652874	2983.611159895235	0.75
42106.68069347021	1200	15.74164703528466	0.0	520315	1640.1632801884618	1.2
42109.245908874094	1850	17.176431631397108	0.0	905515	2565.21540388755	1.2000000000000002
42113.73776448626	2850	16.684576019227563	0.0	1638769	4491.855612169546	1.85
42118.800069989724	2850	15.622270515760531	0.0	1348011	5062.305503467031	2.85
42121.14487338324	1850	17.27746712224389	0.0	913888	2344.8033935166395	0.8500000000000001
42124.30937318779	2850	18.11296731769274	0.0	1354548	3164.499804551154	1.85
42127.21019435813	2850	19.21214614734983	0.0	1519951	2900.821170342908	2.85
42131.81981576061	4300	18.602524744873374	0.0	2209463	4609.621402476455	2.8499999999999996
42138.296262517135	4300	16.126077988352506	0.0	2275376	6476.44675652087	4.3
42139.90772171659	1850	18.51461878889558	0.0	821631	1611.4591994569266	-0.6000000000000001
42144.64132491233	4300	17.78101559315118	0.0	2152483	4733.603195744398	1.8499999999999996
42148.86092919146	2850	17.561411314017917	0.0	1491626	4219.60427913326	1.4000000000000001
42154.8084650391	2850	15.613875466374866	0.0	1358801	5947.535847643051	2.85
42155.90661269673	1200	18.5157278087504	0.0	639204	1098.1476576244672	-0.44999999999999996
42159.55898202614	4300	18.863358479344473	0.0	2156729	3652.369329405926	1.1999999999999997
42170.57456309304	4300	11.847777412443127	0.0	2039773	11015.581066901344	4.3
42171.2667906738	750	15.155549831682013	0.0	399894	692.2275807611142	-2.8
42174.761703262106	4300	15.660637243375634	0.0	2221506	3494.912588306379	0.75
42181.866636131854	4300	12.55570437362511	0.0	2044075	7104.932869750522	4.3
42183.19391436573	1200	15.228426139747008	0.0	587236	1327.2782338781033	-1.9000000000000001
42189.1532049004	2850	13.269135605082939	0.0	1480464	5959.290534664068	1.2000000000000002
42191.17986657192	1200	15.242473933566638	0.0	696376	2026.6616715162997	-0.44999999999999996
42192.47134401191	1850	17.95099649357344	0.0	758197	1291.4774399931964	1.2000000000000002
42195.897192777906	4300	18.525147727574165	0.0	2134614	3425.848765999281	1.8499999999999996
42199.50654147603	4300	18.915799029449364	0.0	2164140	3609.348698124798	4.3
42203.31510438657	4300	19.10723611890478	0.0	2113193	3808.5629105445823	4.3
42208.72954708277	4300	17.692793422713418	0.0	2147852	5414.442696191361	4.3
42210.916746969946	2850	19.505593535533368	0.0	1358081	2187.1998871800506	1.4000000000000001
42216.75526207468	4300	17.66707843080193	0.0	2286761	5838.515104731441	2.8499999999999996
42219.367772679405	2850	19.0545678260787	0.0	1492672	2612.5106047232284	1.4000000000000001
42222.749838618365	4300	19.67250188711568	0.0	2143948	3382.065938963019	2.8499999999999996
42227.625510364094	4300	18.79683014138738	0.0	1919781	4875.671745728298	4.3
42230.531149822935	2850	19.89119068254184	0.0	1499009	2905.639458845542	1.4000000000000001
42234.4937620082	4300	19.92857849728025	0.0	2133870	3962.6121852615925	2.8499999999999996
42237.97209045687	4300	20.45025004861345	0.0	2146120	3478.3284486667962	4.3
42245.61192352991	4300	16.810416975563534	0.0	2108491	7639.833073049918	4.3
42247.421865472046	1850	19.000475033430185	0.0	1025005	1809.9419421333496	-0.6000000000000001
42254.89559324057	4300	15.526747264904673	0.0	2121928	7473.727768525513	1.8499999999999996
42256.527142054896	1850	17.89519845058834	0.0	973972	1631.5488143163366	-0.6000000000000001
42262.447448621075	4300	15.974891884407057	0.0	2124950	5920.306566181279	1.8499999999999996
42265.48123106955	2850	16.941109435926712	0.0	1483527	3033.782448480345	1.4000000000000001
42268.00885696444	2850	18.413483541026856	0.0	1231456	2527.625894899854	2.85
42271.8581755259	4300	18.564164979568666	0.0	2155012	3849.3185614581935	2.8499999999999996

