46937.67511277691	750	4.0	2.2919890857297367	450283	2291.989085729737	-9.105553068637867
46938.18778081269	300	7.487331964223682	0.0	155580	512.6680357763182	-0.15000000000000002
46938.656723179825	300	11.01838959708415	0.0	139857	468.94236713953296	0.3
46939.16897962755	300	14.50613314936089	0.0	155432	512.2564477232593	0.3
46940.393530916095	750	17.281581860813922	0.0	411561	1224.5512885469682	0.3
46941.3594575143	750	20.31565526260691	0.0	318564	965.9265982070126	0.75
46943.00179848671	1200	22.67331429020163	0.0	561791	1642.3409724052806	0.75
46946.031013213906	1850	23.644099563010986	0.0	1060487	3029.2147271906438	1.2000000000000002
46948.482742092645	1850	25.192370684265487	0.0	852833	2451.7288787454995	1.85
46951.10426494828	1850	26.570847828631422	0.0	913888	2621.5228556340653	1.85
46954.95126342189	2850	26.723849355018228	0.0	1354548	3846.9984736131914	1.85
46962.065207888285	4300	23.60990488862776	0.0	2102452	7113.944466390468	2.8499999999999996
46972.00165711448	1850	17.67345566242521	0.0	946851	9936.449226202554	-0.6000000000000001
46973.21140074598	750	20.463712030929592	0.0	434409	1209.743631495613	-0.3500000000000001
46974.66181067445	1200	23.01330210245985	0.0	526950	1450.4099284697447	0.75
46977.1426481992	1850	24.532464577712883	0.0	923170	2480.8375247469667	1.2000000000000002
46979.736689203935	1850	25.93842357298421	0.0	966699	2594.0410047286723	1.85
46983.35044834847	2850	26.324664428445605	0.0	1358801	3613.7591445386042	1.85
46987.42804554746	2850	26.247067229457393	0.0	1537156	4077.5971989882123	2.85
46990.982637415626	2850	26.69247536128773	0.0	1336050	3554.5918681696594	2.85
46994.74285188822	2850	26.932260888688074	0.0	1415116	3760.21447259966	2.85
46998.64092655687	2850	27.034186220039107	0.0	1468126	3898.074668648965	2.85
47002.63687390272	2850	27.038238874194903	0.0	1505760	3995.9473458442026	2.85
47006.16010199114	2850	27.515010785771608	0.0	1323990	3523.2280884232982	2.85
47009.83870562028	2850	27.836407156639655	0.0	1383735	3678.6036291319515	2.85
47015.393664276926	4300	26.28144849998857	0.0	2105231	5554.958656651083	2.8499999999999996
47024.3496113315	2850	21.32550144541466	0.0	1547572	8955.947054573915	1.4000000000000001
47025.989416983306	1200	23.685695793606502	0.0	487160	1639.8056518081573	-0.44999999999999996
47028.657140798154	1850	25.017971978760944	0.0	972798	2667.7238148455594	1.2000000000000002
47031.013746616045	1850	26.66136616086871	0.0	975811	2356.6058178922312	1.85
47034.129705443294	2850	27.54540733362074	0.0	1341201	3115.9588272479705	1.85
47039.25447387536	4300	26.420638901555407	0.0	2147852	5124.768432065336	2.8499999999999996
47042.524267286164	2850	27.15084549074883	0.0	1358081	3269.7934108065747	1.4000000000000001
47046.33242249371	2850	27.342690283202742	0.0	1587293	3808.1552075460895	2.85
47049.91833658138	2850	27.75677619553384	0.0	1492672	3585.914087668903	2.85
47053.40246974493	2850	28.272643031982586	0.0	1439896	3484.133163551254	2.85
47056.663822391296	2850	29.011290385618814	0.0	1139291	3261.35264636377	2.85
47075.88920724294	4300	13.785905533974928	0.0	2147467	19225.384851643885	2.8499999999999996
47079.162127281365	750	14.512985495543202	0.0	378327	3272.9200384317264	-2.8
47082.42671859614	750	15.24839418076507	0.0	390680	3264.5913147781325	0.75
47085.28629031354	750	16.38882246336745	0.0	345516	2859.5717173976186	0.75
47088.45951674357	750	17.215596033338247	0.0	384505	3173.2264300292068	0.75
47091.53289238766	750	18.142220389253364	0.0	372093	3073.3756440848824	0.75
47096.720157116586	1200	16.954955660329755	0.0	634861	5187.264728923609	0.75
47100.00988685648	750	17.665225920435443	0.0	398987	3289.729739894314	0.3
47103.25792092899	750	18.41719184792345	0.0	393804	3248.0340725119877	0.75
47106.00114218578	750	19.67397059113756	0.0	331053	2743.2212567858915	0.75
47108.60803799795	750	21.067074778970788	0.0	314107	2606.8958121667706	0.75

