9892.044006896802	750	4.0	2.153957851948654	450283	2153.957851948654	-8.512018763379212
9892.57335768142	300	7.4706492153807975	0.0	155580	529.3507846192018	-0.15000000000000002
9893.904456065335	750	10.13955083146645	0.0	350812	1331.0983839143478	0.3
9895.862052473361	1200	12.181954423439356	0.0	617681	1957.5964080270937	0.75
9898.720103119455	1850	13.323903777344265	0.0	996749	2858.0506460950905	1.2000000000000002
9901.466240991003	2850	14.577765905795337	0.0	1224260	2746.1378715489277	1.85
9904.485029992822	2850	15.558976903976765	0.0	1388403	3018.7890018185717	2.85
9911.08816439851	4300	12.955842498289917	0.0	2290172	6603.13440568685	2.8499999999999996
9913.78568703636	1850	14.258319860440821	0.0	852833	2697.5226378490956	-0.6000000000000001
9918.55539409141	2850	13.488612805389868	0.0	1429765	4769.707055050952	1.85
9923.329783962798	2850	12.714222934003457	0.0	1354548	4774.389871386411	2.85
9926.581959363546	1850	13.46204753325419	0.0	917428	3252.175400749267	0.8500000000000001
9930.984820588936	2850	13.059186307865653	0.0	1422919	4402.861225388536	1.85
9935.826338631397	2850	12.217668265403608	0.0	1578343	4841.518042462045	2.85
9938.393681732345	1850	13.650325164456206	0.0	821631	2567.3431009474025	0.8500000000000001
9944.033385970843	2850	12.010620925959202	0.0	1471065	5639.704238497005	1.85
9947.197635691506	1850	12.846371205297153	0.0	966699	3164.2497206620474	0.8500000000000001
9955.343195408828	1850	8.700811487973416	0.0	885714	8145.559717323737	1.85
9957.033970145747	750	11.010036751055267	0.0	405596	1690.77473691815	-0.3500000000000001
9960.398258126708	1850	11.645748770094219	0.0	923755	3364.28798096105	0.75
9964.709243343204	1850	11.334763553597892	0.0	891604	4310.985216496327	1.85
9968.182207384792	1850	11.861799512008384	0.0	955231	3472.9640415895087	1.85
9972.33075918074	1850	11.713247716059671	0.0	968026	4148.551795948712	1.85
9975.860166975792	1850	12.183839921008257	0.0	874175	3529.407795051414	1.85
9978.955634981266	1850	13.088371915533644	0.0	897976	3095.468005474613	1.85
9984.418168695145	2850	11.625838201656803	0.0	1480464	5462.533713876842	1.85
9987.686541416308	1850	12.357465480493204	0.0	1076599	3268.3727211635996	0.8500000000000001
9989.695044088434	1850	14.348962808367205	0.0	758197	2008.5026721259978	1.85
9993.035882799828	2850	15.008124096974027	0.0	1498470	3340.838711393177	1.85
9998.172324831685	4300	13.871682065117115	0.0	2164140	5136.442031856913	2.8499999999999996
10002.680219326603	2850	13.363787570199962	0.0	1341201	4507.894494917152	1.4000000000000001
10007.373613302943	2850	12.670393593858085	0.0	1497683	4693.393976341877	2.85
10010.528472253129	1850	13.515534643673847	0.0	885062	3154.858950184239	0.8500000000000001
10016.100495686946	2850	11.94351120985686	0.0	1587293	5572.023433816986	1.85
10019.652327858355	1850	12.39167903844753	0.0	1026056	3551.8321714093313	0.8500000000000001
10022.355020671857	1850	13.688986224944575	0.0	943942	2702.6928135029557	1.85
10025.909259958546	2850	14.134746938257427	0.0	1139291	3554.239286687148	1.85
10031.064577562962	2850	12.979429333840217	0.0	1499009	5155.3176044172105	2.85
10034.412460142868	1850	13.63154675393396	0.0	908665	3347.8825799062565	0.8500000000000001
10041.774368845965	2850	10.269638050835336	0.0	1402287	7361.908703098624	1.85
10046.207531724942	1200	9.836475171860448	0.0	566904	4433.162878974888	-0.44999999999999996
10048.642593390734	1200	11.401413506066678	0.0	641452	2435.06166579377	1.2
10052.071247141685	1850	11.972759755116138	0.0	886255	3428.65375095054	1.2000000000000002
10056.656879813076	1850	11.38712708372711	0.0	973972	4585.6326713890285	1.85
10060.227608979329	1850	11.816397917471884	0.0	958994	3570.729166255226	1.85
10064.352043575642	1850	11.69196332115815	0.0	982064	4124.434596313735	1.85
10067.548136131909	1850	12.495870764891764	0.0	830730	3196.0925562663847	1.85
10070.31472799374	1850	13.729278903060525	0.0	846370	2766.5918618312385	1.85

