84321.74219007471	750	4.0	0.9499772728452827	450283	949.9772728452826	-3.3349022732347153
84322.12278117877	300	7.6194088959404	0.0	155580	380.5911040596004	-0.15000000000000002
84322.48238800073	300	11.259802073978795	0.0	139857	359.6068219616042	0.3
84322.89850041215	300	14.84368966255032	0.0	155432	416.112411428475	0.3
84323.97745079554	750	17.764739279157116	0.0	411561	1078.9503833932044	0.3
84324.77328190608	750	20.96890816862278	0.0	318564	795.8311105343358	0.75
84326.79805902294	1200	22.944131051761868	0.0	561791	2024.7771168609088	0.75
84329.16221895748	1850	24.57997111721889	0.0	1060487	2364.1599345429768	1.2000000000000002
84333.04758786866	1850	24.69460220604264	0.0	852833	3885.3689111762524	1.85
84335.57114899711	1850	26.171041077586924	0.0	913888	2523.5611284557153	1.85
84339.26287942054	2850	26.47931065417022	0.0	1354548	3691.7304234167023	1.85
84345.32863975664	4300	24.413550318074464	0.0	2102452	6065.760336095758	2.8499999999999996
84347.32565938066	1850	26.41653069404737	0.0	946851	1997.0196240270936	-0.6000000000000001
84352.91011440064	2850	24.8320756740691	0.0	1578343	5584.45501997827	1.85
84355.97588076236	2850	25.766309312356285	0.0	1231445	3065.766361712815	2.85
84360.98024772486	2850	24.761942349844116	0.0	1471065	5004.3669625121665	2.85
84363.8703499234	1850	25.87184015130126	0.0	966699	2890.1021985428556	0.8500000000000001
84371.904029001	2850	21.838161073699435	0.0	1358801	8033.679077601824	1.85
84373.8281276616	1200	23.914062413103032	0.0	639204	1924.0986605964072	-0.44999999999999996
84377.2444227118	2850	24.497767362918882	0.0	1336050	3416.2950501841483	1.2000000000000002
84379.22178938253	1850	26.520400692177024	0.0	891604	1977.3666707418583	0.8500000000000001
84382.55135617641	2850	27.190833898306384	0.0	1468126	3329.56679387064	1.85
84385.72832571878	2850	28.013864355944584	0.0	1505760	3176.9695423617995	2.85
84388.9405185975	2850	28.801671477217845	0.0	1323990	3212.1928787267393	2.85
84392.33421998916	2850	29.40797008554904	0.0	1383735	3393.7013916688074	2.85
84400.54542962949	4300	25.196760445219873	0.0	2105231	8211.209640329165	2.8499999999999996
84408.14243306131	2850	21.599757013401188	0.0	1547572	7597.0034318186845	1.4000000000000001
84409.3802512694	1200	24.361938805310007	0.0	487160	1237.8182080911806	-0.44999999999999996
84412.65830415612	1850	25.083885918591847	0.0	972798	3278.052886718161	1.2000000000000002
84416.15942789814	1850	25.58276217658127	0.0	975811	3501.1237420105776	1.85
84430.34439142798	2850	15.397798646743395	0.0	1341201	14184.963529837874	1.85
84432.6407790722	750	17.10141100252491	0.0	400322	2296.387644218485	-1.35
84434.37897435129	750	19.363215723426343	0.0	369834	1738.1952790985686	0.75
84437.12378456477	1200	20.618405509954574	0.0	670129	2744.81021347177	0.75
84439.69728574196	1200	22.04490433275585	0.0	690253	2573.5011771987242	1.2
84442.13138891215	1200	23.610801162560616	0.0	598727	2434.1031701952325	1.2
84444.6260849958	1850	25.116105078910746	0.0	728962	2494.696083649871	1.2000000000000002
84449.84199935792	1850	23.900190716804666	0.0	938587	5215.914362106079	1.85
84454.1519865945	1850	23.590203480220637	0.0	908665	4309.987236584032	1.85
84458.45576006421	1850	23.28643001049733	0.0	930577	4303.773469723307	1.85
84461.3580264052	1850	24.38416366950694	0.0	858450	2902.2663409903907	1.85
84467.31489020312	1850	22.42729987158357	0.0	1025005	5956.863797923367	1.85
84472.55223005776	1850	21.189960016946568	0.0	886255	5237.339854637004	1.85
84475.00052998823	1200	22.741660086479314	0.0	634861	2448.299930467251	0.5499999999999999
84480.97390982867	1850	20.768280246041897	0.0	958994	5973.3798404374165	1.2000000000000002
84483.3698254073	1200	22.372364667408196	0.0	638661	2395.9155786337046	0.5499999999999999
84486.41685731613	1850	23.32533275856976	0.0	830730	3047.031908838433	1.2000000000000002
84489.09168772084	1850	24.650502353876647	0.0	846370	2674.8304046931144	1.85

