80323.92038193208	750	4.0	1.1586528544844985	450283	1158.6528544844984	-4.232207274283343
80324.99722138398	750	6.9231605481036	0.0	398865	1076.8394518963994	0.75
80326.75085233091	750	9.16952960116763	0.0	350812	1753.6309469359696	0.75
80328.41456823413	750	11.505813697945305	0.0	382355	1663.7159032223258	0.75
80330.81002543042	750	13.110356501659448	0.0	411561	2395.4571962858577	0.75
80332.38495586532	750	15.53542606674581	0.0	318564	1574.9304349136387	0.75
80334.11057865992	750	17.809803272148102	0.0	352642	1725.6227945977057	0.75
80336.23061856479	750	19.68976336728163	0.0	437162	2120.0399048664717	0.75
80340.2904094711	1850	19.629972460965465	0.0	852833	4059.790906316166	0.75
80344.63511680746	1850	19.285265124603637	0.0	913888	4344.707336361829	1.85
80349.10083254523	1850	18.819549386841203	0.0	939819	4465.715737762437	1.85
80353.46205948132	1850	18.45832245073551	0.0	917428	4361.226936105694	1.85
80355.61502312723	1850	20.305358804826216	0.0	946851	2152.9636459092885	1.85
80357.73106187324	1850	22.18932005881541	0.0	1036454	2116.038746010807	1.85
80361.09530513338	1850	22.82507679868382	0.0	821631	3364.2432601315895	1.85
80364.50310682716	1850	23.417275104889146	0.0	923170	3407.801693794675	1.85
80366.39471160596	1850	25.52567032610937	0.0	966699	1891.6047787797772	1.85
80368.23776398323	1850	27.682617948847255	0.0	885714	1843.0523772621145	1.85
80372.20261606491	1850	27.71776586716373	0.0	987708	3964.8520816835235	1.85
80375.87413638174	1850	28.04624555032651	0.0	923755	3671.5203168372195	1.85
80378.06810530525	1850	29.85227662682005	0.0	891604	2193.9689235064616	1.85
80387.19369735714	4300	24.726684574922785	0.0	2176469	9125.592051897263	1.8499999999999996
80397.46407279072	4300	18.456309141347507	0.0	2221506	10270.375433575278	4.3
80401.3871361943	4300	18.533245737767814	0.0	2044075	3923.063403579695	4.3
80406.58886647953	4300	17.331515452537243	0.0	2186790	5201.730285230571	4.3
80412.82637490258	4300	15.094007029498115	0.0	2105231	6237.508423039126	4.3
80418.36980502421	4300	13.55057690787374	0.0	2395588	5543.430121624377	4.3
80427.654829182	4300	8.265552750071858	0.0	1972048	9285.024157801881	4.3
80430.17218338886	1850	9.748198543229904	0.0	972798	2517.354206841954	-0.6000000000000001
80432.15778713845	1850	11.762594793637522	0.0	975811	1985.6037495923827	1.85
80434.77735275049	1850	13.143029181583403	0.0	873429	2619.5656120541194	1.85
80438.86221345412	1850	13.058168477954132	0.0	954453	4084.860703629271	1.85
80441.41925756636	1850	14.501124365721017	0.0	885062	2557.044112233116	1.85
80444.85108151734	1850	15.069300414751844	0.0	1035329	3431.823950969172	1.85
80447.69793259403	1850	16.222449338058752	0.0	1026056	2846.8510766930913	1.85
80451.39039939601	1850	16.5299825360721	0.0	943942	3692.4668019866526	1.85
80456.07625011151	1850	15.84413182057696	0.0	728962	4685.85071549514	1.85
80458.81551098857	1850	17.10487094351831	0.0	938587	2739.260877058648	1.85
80460.79785527909	1850	19.12252665298972	0.0	908665	1982.3442905285917	1.85
80462.49746566733	1850	21.422916264762357	0.0	930577	1699.610388227364	1.85
80465.44676683856	1850	22.473615093516116	0.0	858450	2949.3011712462408	1.85
80469.31518689719	1850	22.60519503488993	0.0	1025005	3868.4200586261863	1.85
80471.05924999695	1850	24.861131935136907	0.0	886255	1744.0630997530238	1.85
80473.70021114589	1850	26.220170786189502	0.0	973972	2640.9611489474046	1.85
80475.78464288576	1850	28.135739046316765	0.0	958994	2084.4317398727367	1.85
80479.05911798563	1850	28.861263946461012	0.0	982064	3274.4750998557543	1.85
80480.71624281262	1850	31.20413911946006	0.0	830730	1657.124827000951	1.85
80486.66783233074	4300	29.252549601329214	0.0	2155012	5951.589518130846	1.8499999999999996

