37003.05718301111	750	4.0	4.196009243370663	450283	4196.009243370663	-17.29283974649385
37004.61662599959	300	6.44055701152136	0.0	155580	1559.4429884786405	-0.15000000000000002
37006.026555669465	300	9.030627341643116	0.0	139857	1409.9296698782439	0.3
37007.58459129477	300	11.472591716336442	0.0	155432	1558.035625306672	0.3
37009.21879569716	300	13.838387313952293	0.0	163442	1634.2044023841493	0.3
37012.31779035736	750	14.739392653754749	0.0	318564	3098.994660197545	0.3
37017.76967238345	750	13.287510627661376	0.0	352642	5451.882026093371	0.75
37023.018214346404	750	12.038968664712316	0.0	437162	5248.541962949061	0.75
37024.57721329233	300	14.479969718779904	0.0	150710	1558.9989459324127	-0.15000000000000002
37029.34667198711	750	13.710511024000699	0.0	362795	4769.458694779204	0.3
37035.37881976876	750	11.678363242343522	0.0	353220	6032.147781657175	0.75
37036.984848965985	300	14.072334045116992	0.0	156148	1606.02919722653	-0.15000000000000002
37051.90517348172	750	4.0	0.8479904706161178	386351	14920.324515733111	-3.3463590236493066
37054.01518208862	300	5.889991393107446	0.0	179801	2110.008606892554	-0.15000000000000002
37055.67240991934	300	8.232763562386255	0.0	140051	1657.2278307211918	0.3
37057.31006472331	300	10.595108758418128	0.0	138313	1637.654803968127	0.3
37062.2174762741	300	9.687697207629673	0.0	143509	4907.411550788454	0.3
37064.85299061874	300	11.052182862983447	0.0	150616	2635.5143446462266	0.3
37067.70525373934	300	12.19991974238546	0.0	165384	2852.2631205979883	0.3
37069.432222869335	300	14.472950612392356	0.0	140881	1726.9691299931021	0.3
37073.18513911889	750	14.720034362842972	0.0	386472	3752.916249549385	0.3
37077.21806201294	750	14.687111468795692	0.0	399894	4032.922894047279	0.75
37081.21835605962	750	14.686817422109446	0.0	401853	4000.2940466862465	0.75
37084.59052895715	750	15.314644524579228	0.0	343800	3372.1728975302185	0.75
37088.06220242813	750	15.842971053595186	0.0	359903	3471.673470984041	0.75
37095.06741839478	750	12.837755086950176	0.0	379700	7005.215966645009	0.75
37099.02599856901	750	12.87917491271383	0.0	425781	3958.580174236346	0.75
37100.12276369083	300	15.782409790899598	0.0	111155	1096.7651218142335	-0.15000000000000002
37103.865486681985	750	16.039686799745112	0.0	400396	3742.722991154484	0.3
37107.5871482117	750	16.31802527002505	0.0	400508	3721.661529720064	0.75
37110.698044860845	750	17.20712862088225	0.0	358218	3110.896649142797	0.75
37114.35831116998	750	17.546862311755234	0.0	400322	3660.2663091270188	0.75
37117.836477595825	750	18.068695885904894	0.0	369834	3478.1664258503415	0.75
37122.25263658193	750	17.65253689980775	0.0	412837	4416.158986097144	0.75
37126.00986392584	750	17.895309555887494	0.0	401088	3757.227343920256	0.75
37129.39594973244	750	18.509223749293685	0.0	365161	3386.0858065938087	0.75
37133.88887148874	1200	18.016301992990712	0.0	487812	4492.92175630297	0.75
37141.730043897114	750	14.175129584620509	0.0	361565	7841.172408370205	0.3
37145.84489497122	750	14.060278510516763	0.0	378327	4114.851074103745	0.75
37152.968253646315	750	10.936919835426648	0.0	390680	7123.358675090117	0.75
37154.43694649112	300	13.46822699061848	0.0	147968	1468.6928448081687	-0.15000000000000002
37160.297266817135	750	11.607906664604249	0.0	384505	5860.320326014232	0.3
37162.12196568432	300	13.78320779742397	0.0	145210	1824.6988671802783	-0.15000000000000002
37166.823735523736	750	13.081437958001922	0.0	438281	4701.769839422045	0.3
37170.62575770451	750	13.279415777226639	0.0	398987	3802.022180775284	0.75
37174.26382984622	750	13.641343635516877	0.0	393804	3638.072141709762	0.75
37177.40292270341	750	14.50225077831858	0.0	331053	3139.0928571982995	0.75
37180.407317364894	750	15.497856116840554	0.0	314107	3004.3946614780257	0.75

