89464.54245939417	750	4.0	1.1893109060176001	450283	1189.3109060176002	-4.364036895875681
89466.10334937433	1200	6.439110019848833	0.0	611087	1560.8899801511675	0.75
89467.5025880139	1200	9.039871380264243	0.0	571051	1399.2386395845897	1.2
89468.98634033462	1200	11.556119059549468	0.0	617681	1483.7523207147747	1.2
89470.65042560172	1200	13.892033792452812	0.0	652874	1664.0852670966565	1.2
89471.94010601484	1200	16.602353379344766	0.0	520315	1289.6804131080444	1.2
89477.07626973525	4300	15.466189658924673	0.0	2157535	5136.163720420094	1.1999999999999997
89482.65034501707	4300	13.892114377097826	0.0	2290172	5574.075281826846	4.3
89487.52988676351	4300	13.012572630657807	0.0	2055469	4879.54174644002	4.3
89493.00518566322	4300	11.537273730947371	0.0	2169201	5475.298899710438	4.3
89497.96027933336	4300	10.582180060809334	0.0	2173522	4955.093670138036	4.3
89502.98604288524	4300	9.556416508937335	0.0	2102452	5025.763551872	4.3
89508.02651544046	4300	8.515943953714011	0.0	2209463	5040.472555223323	4.3
89513.6614340616	4300	6.881025332573554	0.0	2275376	5634.918621140458	4.3
89518.6236371305	4300	5.918822263672901	0.0	2005399	4962.203068900653	4.3
89523.67072763253	4300	4.8717317616410005	0.0	2152483	5047.0905020319	4.3
89530.48596304728	4300	4.0	1.9435036531033065	2289689	6815.2354147443075	-4.057065708344218
89532.61617663942	1850	5.869786407853024	0.0	885714	2130.213592146976	-0.6000000000000001
89535.51776579353	1850	6.968197253742836	0.0	987708	2901.5891541101887	1.85
89538.96930033716	2850	7.516662710113288	0.0	1336050	3451.5345436295474	1.85
89542.464679892	2850	8.02128315527143	0.0	1415116	3495.3795548418584	2.85
89546.32160306757	2850	8.164359979717155	0.0	1468126	3856.9231755542746	2.85
89549.98873710362	2850	8.497225943665871	0.0	1505760	3667.1340360512836	2.85
89553.31072841998	2850	9.175234627295922	0.0	1323990	3321.991316369949	2.85
89556.88420618947	2850	9.601756857804427	0.0	1383735	3573.477769491496	2.85
89560.86376538174	2850	9.622197665532948	0.0	1480464	3979.559192271479	2.85
89564.73108357127	2850	9.754879475999868	0.0	1547572	3867.318189533079	2.85
89567.63679944056	2850	10.849163606706025	0.0	1141971	2905.715869293843	2.85
89571.31242868482	2850	11.173534362458346	0.0	1498470	3675.629244247679	2.85
89575.19567748303	2850	11.290285564233255	0.0	1561263	3883.2487982250905	2.85
89578.41701336538	2850	12.068949681876997	0.0	1341201	3221.335882356258	2.85
89583.87320159005	4300	10.612761457222154	0.0	2147852	5456.188224654842	2.8499999999999996
89589.0680984052	4300	9.417864642075617	0.0	2191074	5194.896815146536	4.3
89595.13571689838	4300	7.350246148890513	0.0	2286761	6067.618493185105	4.3
89600.89350324978	4300	5.592459797492091	0.0	2307787	5757.786351398422	4.3
89606.75339739946	4300	4.0	0.2674343521855326	2143948	5859.894149677623	3.15003228560221
89609.52201963034	2850	5.231377769119472	0.0	1139291	2768.6222308805286	1.4000000000000001
89613.91063797426	2850	4.842759425195354	0.0	1499009	4388.618343924119	2.85
89617.2110708759	2850	5.542326523557473	0.0	1427478	3300.4329016378806	2.85
89620.92179161815	2850	5.831605781301419	0.0	1402287	3710.720742256054	2.85
89624.44369518038	2850	6.309702219075088	0.0	1339500	3521.90356222633	2.85
89628.3761009497	2850	6.377296449775706	0.0	1527299	3932.4057692993833	2.85
89631.52532757555	2850	7.228069823917831	0.0	1343002	3149.226625857875	2.85
89635.55407118959	2850	7.1993262098871345	0.0	1587250	4028.743614030697	2.85
89639.58243388412	2850	7.1709635153538125	0.0	1464921	4028.3626945333212	2.85
89643.34519973716	2850	7.408197662308606	0.0	1483527	3762.765853045207	2.85
89649.2378852488	4300	5.515512150654495	0.0	1961140	5892.68551165411	2.8499999999999996
89655.34395867032	4300	4.0	0.5905612708509425	2155012	6106.073421505438	1.7605865353409476

