40277.31593214724	750	4.0	8.039413941056264	450283	8039.413941056264	-33.81947994654193
40280.146037349856	300	5.169894797384015	0.0	155580	2830.105202615985	-0.15000000000000002
40282.69821541466	300	6.6177167325796455	0.0	139857	2552.1780648043696	0.3
40285.52570449971	300	7.790227647523676	0.0	155432	2827.4890850559696	0.3
40288.49478210947	300	8.821150037766884	0.0	163442	2969.0776097567928	0.3
40290.807125829306	300	10.508806317923908	0.0	126289	2312.3437198429756	0.3
40293.59684029798	300	11.719091849258156	0.0	153295	2789.7144686657502	0.3
40296.74987693102	300	12.566055216210295	0.0	173849	3153.0366330478623	0.3
40299.49389772473	300	13.82203442249481	0.0	150710	2744.0207937154846	0.3
40302.0327830841	300	15.283149063130518	0.0	139105	2538.885359364292	0.3
40304.620013588916	300	16.69591855831594	0.0	141840	2587.2305048145736	0.3
40307.46015902649	300	17.855773120739897	0.0	156148	2840.1454375760436	0.3
40310.38158087312	300	18.93435127410338	0.0	160746	2921.421846636516	0.3
40313.63982785561	300	19.67610429161491	0.0	179801	3258.246982488474	0.3
40316.19543515559	300	21.12049699163052	0.0	140051	2555.6072999843896	0.3
40318.72032075071	300	22.59561139650631	0.0	138313	2524.885595124211	0.3
40321.33705328396	300	23.978878863261563	0.0	143509	2616.732533244745	0.3
40324.0794124895	300	25.23651965772609	0.0	150616	2742.359205535475	0.3
40327.082817803996	300	26.2331143432291	0.0	165384	3003.405314496992	0.3
40329.653096574075	300	27.662835573144626	0.0	140881	2570.278770084475	0.3
40336.56455728795	750	24.751374859264917	0.0	386472	6911.460713879708	0.3
40339.43411637161	300	25.8818157756087	0.0	157812	2869.5590836562146	-0.15000000000000002
40342.411767069316	300	26.90416507790186	0.0	163927	2977.6506977068425	0.3
40344.92500387071	300	28.390928276507715	0.0	137654	2513.236801394143	0.3
40351.366818453156	750	25.949113694060735	0.0	359903	6441.814582446978	0.3
40354.16789889203	300	27.14803325518492	0.0	153938	2801.080438875816	-0.15000000000000002
40357.46326646152	300	27.85266568569623	0.0	181901	3295.3675694886897	0.3
40362.452305004066	750	26.863627143147696	0.0	277716	4989.038542548533	0.3
40365.24749917843	300	28.068432968781917	0.0	153605	2795.194174365782	-0.15000000000000002
40372.40706682523	750	24.908865321980763	0.0	400508	7159.567646801152	0.3
40375.26971440912	300	26.04621773809459	0.0	157421	2862.647583886174	-0.15000000000000002
40378.133546316494	300	27.18238583071841	0.0	157488	2863.831907376181	0.3
40380.75685449658	300	28.559077650633625	0.0	143881	2623.308180084783	0.3
40388.134355342016	750	25.18157680520121	0.0	412837	7377.500845432417	0.3
40391.3842413542	300	25.931690793022785	0.0	179328	3249.886012178425	-0.15000000000000002
40394.290956377794	300	27.02497576942636	0.0	159914	2906.7150235964305	0.3
40396.69735659451	300	28.618575552712834	0.0	131610	2406.4002167135222	0.3
40403.168549470094	750	26.147382677125687	0.0	361565	6471.192875587149	0.3
40405.79845097349	300	27.517481173730868	0.0	144254	2629.9015033948212	-0.15000000000000002
40412.78429427313	750	24.531637874090723	0.0	390680	6985.843299640141	0.3
40415.47984618611	300	25.836085961115522	0.0	147968	2695.551912975203	-0.15000000000000002
40420.24748611324	300	25.068446033980827	0.0	161857	4767.639927134692	0.3
40423.6318898895	300	25.684042257730674	0.0	145210	3384.403776250153	0.3
40426.44423286908	300	26.871699278140635	0.0	172312	2812.342979590036	0.3
40432.23432174597	750	25.0816104012535	0.0	398987	5790.0888768871355	0.3
40437.95023429468	750	23.36569785253973	0.0	393804	5715.912548713771	0.75
40442.7680880417	750	22.54784410552512	0.0	331053	4817.853747014607	0.75
40447.34341968622	750	21.972512461004403	0.0	314107	4575.3316445207165	0.75

