71508.56226939532	750	4.0	2.3062887652801884	450283	2306.2887652801883	-9.16704169070481
71509.36610298755	300	7.196166407766428	0.0	155580	803.8335922335727	-0.15000000000000002
71510.10365729273	300	10.458612102598932	0.0	139857	737.5543051674946	0.3
71511.85653171092	750	12.705737684396189	0.0	382355	1752.8744182027447	0.3
71515.20693062147	1200	13.355338773839074	0.0	652874	3350.398910557115	0.75
71518.42757639177	1200	14.134693003541706	0.0	520315	3220.6457702973685	1.2
71520.01783339852	750	16.54443599679692	0.0	352642	1590.2570067447848	0.3
71523.82656860667	1200	16.735700788649716	0.0	709534	3808.735208147203	0.75
71526.89103538811	1200	17.67123400721011	0.0	584846	3064.4667814396053	1.2
71529.67717280406	1200	18.885096591270997	0.0	560821	2786.1374159391125	1.2
71534.2520174697	1850	18.31025192562481	0.0	939819	4574.844665646184	1.2000000000000002
71539.20996800481	1850	17.35230139051521	0.0	917428	4957.950535109606	1.85
71542.29768835852	1200	18.26458103680737	0.0	624282	3087.7203537078335	0.5499999999999999
71545.8711385847	1200	18.69113081061955	0.0	687371	3573.4502261878242	1.2
71548.37687266622	1200	20.185396729097533	0.0	526950	2505.7340815220136	1.2
71552.43404016507	1850	20.128229230257936	0.0	923170	4057.1674988395953	1.2000000000000002
71557.45699061146	1850	19.105278783856928	0.0	966699	5022.95044640101	1.85
71560.22223291558	1200	20.340036479745507	0.0	581493	2765.2423041114203	0.5499999999999999
71564.96331483753	1850	19.598954557800376	0.0	987708	4741.081921945135	1.2000000000000002
71570.91344822584	1850	17.648821169494184	0.0	923755	5950.133388306188	1.85
71574.07704441107	1200	18.48522498426594	0.0	601738	3163.5961852282444	0.5499999999999999
71577.04340187229	1200	19.51886752303543	0.0	616206	2966.3574612305147	1.2
71582.45689970137	1850	18.10536969395985	0.0	968026	5413.497829075576	1.2000000000000002
71586.08605878151	1200	18.476210613831764	0.0	536667	3629.1590801280877	0.5499999999999999
71589.69741272561	1200	18.864856669721892	0.0	587236	3611.3539441098715	1.2
71592.49289002366	1200	20.06937937168833	0.0	590335	2795.477298033562	1.2
71597.26923611594	1850	19.29303327938774	0.0	1076599	4776.3460923005905	1.2000000000000002
71601.23439506014	1850	19.327874335204893	0.0	758197	3965.1589441828496	1.85
71604.39297584725	1200	20.16929354810111	0.0	622896	3158.5807871037828	0.5499999999999999
71608.9771562219	1850	19.585113173452612	0.0	975811	4584.180374648495	1.2000000000000002
71612.84791164416	1850	19.714357751192768	0.0	873429	3870.7554222598455	1.85
71617.5538624315	1850	19.008406963860857	0.0	954453	4705.950787331913	1.85
71622.24045859477	1850	18.321810800595344	0.0	885062	4686.5961632655135	1.85
71625.36632919418	1200	19.19594020119055	0.0	670129	3125.870599404794	0.5499999999999999
71630.0896817216	1850	18.47258767376691	0.0	1026056	4723.352527423636	1.2000000000000002
71634.41945910246	1850	18.14281029291035	0.0	943942	4329.777380856559	1.85
71638.2076533356	1850	18.354616059754633	0.0	728962	3788.19423315572	1.85
71641.05960980606	1200	19.50265958928947	0.0	575591	2851.9564704651652	0.5499999999999999
71645.21760567003	1850	19.344663725334275	0.0	908665	4157.995863955195	1.2000000000000002
71649.95677835336	1850	18.60549104198725	0.0	930577	4739.172683347025	1.85
71652.77033041134	1200	19.79193898400314	0.0	566904	2813.5520579841113	0.5499999999999999
71657.58548998776	1850	18.976779407589497	0.0	1025005	4815.159576413644	1.2000000000000002
71661.77337852742	1850	18.788890867930895	0.0	886255	4187.888539658603	1.85
71666.3606790929	1850	18.201590302454502	0.0	973972	4587.300565476395	1.85
71671.09548939859	1850	17.466779996772825	0.0	958994	4734.810305681675	1.85
71674.18611945292	1200	18.376149942429592	0.0	638661	3090.630054343232	0.5499999999999999
71678.40978067274	1850	18.152488722614446	0.0	830730	4223.661219815145	1.2000000000000002
71680.95558874478	1200	19.606680650579516	0.0	550906	2545.8080720349267	0.5499999999999999

