73063.5948001818	750	4.0	1.0410549373086306	450283	1041.0549373086305	-3.7265362304271115
73063.97508600993	300	7.6197141718690755	0.0	155580	380.28582813092476	-0.15000000000000002
73068.59577504567	750	6.999025136125999	0.0	350812	4620.689035743077	0.3
73069.31166150277	300	10.283138679038425	0.0	155432	715.8864570875749	-0.15000000000000002
73072.07745395986	1200	11.517346221937549	0.0	652874	2765.7924571008757	0.29999999999999993
73075.47152879543	1850	12.123271386369042	0.0	801058	3394.074835568506	1.2000000000000002
73080.74672901997	1850	10.848071161839231	0.0	905515	5275.200224529811	1.85
73083.36431944207	1200	12.230480739732505	0.0	709534	2617.590422106727	0.5499999999999999
73085.44088272989	1850	14.153917451921268	0.0	852833	2076.5632878112365	1.2000000000000002
73088.09702700179	2850	15.497773180032398	0.0	1429765	2656.1442718888707	1.85
73095.37432855177	4300	12.22047163004349	0.0	2173522	7277.301549988909	2.8499999999999996
73098.2327653159	1850	13.362034865905713	0.0	917428	2858.4367641377753	-0.6000000000000001
73102.70714371515	2850	12.887656466674407	0.0	1422919	4474.378399231306	1.85
73107.36772861055	1850	12.227071571269391	0.0	1036454	4660.584895405016	0.8500000000000001
73110.21184134015	1850	13.382958841657064	0.0	821631	2844.112729612327	1.85
73113.93759808794	2850	13.657202093868394	0.0	1471065	3725.756747788669	1.85
73119.7687332131	2850	11.826066968710277	0.0	1491626	5831.135125158116	2.85
73122.60714043333	1850	12.987659748466076	0.0	885714	2838.4072202442017	0.8500000000000001
73125.09139006418	1850	14.50341011763048	0.0	987708	2484.249630835597	1.85
73128.94683108933	2850	14.647969092476643	0.0	1336050	3855.441025153835	1.85
73134.34621895048	2850	13.248581231324643	0.0	1415116	5399.387861152	2.85
73138.1847786357	2850	13.410021546108352	0.0	1468126	3838.5596852162907	2.85
73142.00758392962	2850	13.587216252197665	0.0	1505760	3822.8052939106883	2.85
73144.60252508063	2850	14.992275101187959	0.0	1323990	2594.9411510097057	2.85
73148.21249171611	2850	15.382308465688475	0.0	1383735	3609.9666354994847	2.85
73152.13752073425	4300	15.457279447554653	0.0	2105231	3925.0290181338223	2.8499999999999996
73157.60751693435	4300	13.987283247461402	0.0	2395588	5469.99620009325	4.3
73160.00427125521	2850	15.59052892660362	0.0	1141971	2396.7543208577817	1.4000000000000001
73165.10751527203	4300	14.487284909772246	0.0	2134614	5103.244016831373	2.8499999999999996
73169.02062924515	2850	14.574170936668422	0.0	1561263	3913.113973103825	1.4000000000000001
73172.69847070011	2850	14.896329481698833	0.0	1341201	3677.841454969588	2.85
73176.79346829986	2850	14.801331881940637	0.0	1497683	4094.997599758196	2.85
73180.96801223431	2850	14.626787947497826	0.0	1358081	4174.543934442812	2.85
73184.37865124438	2850	15.216148937437602	0.0	1587293	3410.6390100602234	2.85
73190.30670472476	4300	13.288095457047984	0.0	2307787	5928.053480389618	2.8499999999999996
73194.33166595275	2850	13.263134229061095	0.0	1439896	4024.9612279868907	1.4000000000000001
73198.05506900279	2850	13.539731179016943	0.0	1139291	3723.403050044151	2.85
73203.86480559295	2850	11.729994588853101	0.0	1499009	5809.736590163841	2.85
73206.11195778352	1850	13.482842398284271	0.0	908665	2247.1521905688296	0.8500000000000001
73209.20584000659	2850	14.38896017521081	0.0	1402287	3093.882223073461	1.85
73214.52699764448	2850	13.067802537322125	0.0	1339500	5321.157637888685	2.85
73218.54190589557	2850	13.05289428622987	0.0	1527299	4014.9082510922544	2.85
73222.30215455199	2850	13.292645629817926	0.0	1343002	3760.2486564119454	2.85
73227.71062020212	2850	11.88417997968263	0.0	1587250	5408.4656501352965	2.85
73229.79503201507	1850	13.799768166732516	0.0	958994	2084.411812950112	0.8500000000000001
73232.75811535299	2850	14.83668482881	0.0	1483527	2963.083337922516	1.85
73237.05754507467	2850	14.537255107122514	0.0	1231456	4299.429721687488	2.85
73241.52638063607	2850	14.068419545717294	0.0	1364537	4468.83556140522	2.85

