44490.293329406464	750	4.0	15.526560396349405	450283	15526.560396349405	-66.01420970430243
44493.05293059077	300	5.240398815694949	0.0	155580	2759.6011843050505	-0.15000000000000002
44495.38898172251	300	6.90434768395506	0.0	139857	2336.0511317398887	0.3
44497.71973370411	300	8.573595702363283	0.0	155432	2330.751981591776	0.3
44499.64635252326	300	10.646976883206749	0.0	163442	1926.6188191565332	0.3
44501.04877899414	300	13.244550412325273	0.0	126289	1402.4264708814762	0.3
44507.823504689244	750	10.469824717224299	0.0	352642	6774.725695100973	0.3
44512.07309040248	300	10.220239003983599	0.0	173849	4249.5857132407	-0.15000000000000002
44520.10606696293	300	6.187262443542621	0.0	150710	8032.976560440979	0.3
44524.688673834404	300	5.604655572067876	0.0	139105	4582.606871474744	0.3
44530.54443398685	300	4.0	0.2511045803734778	141840	5855.760152441354	-0.7797496956059546
44538.67623457638	300	4.0	4.131800589528947	156148	8131.800589528947	-17.46674253497447
44546.15449054774	300	4.0	3.4782559713554164	160746	7478.2559713554165	-14.656500676828289
44550.88271326894	300	4.0	0.7282227212018652	179801	4728.222721201865	-2.83135770116802
44553.70422616951	300	5.178487099428922	0.0	140051	2821.512900571079	0.3
44556.454022543614	300	6.42869072532246	0.0	138313	2749.7963741064614	0.3
44558.75306258906	300	8.129650679884627	0.0	143509	2299.0400454378337	0.3
44561.54865362899	300	9.33405963994905	0.0	150616	2795.5910399355757	0.3
44564.395208946386	300	10.487504322552343	0.0	165384	2846.555317396705	0.3
44566.89011121738	300	11.992602051559622	0.0	140881	2494.902270992721	0.3
44569.501885208214	300	13.380828060723776	0.0	157671	2611.7739908358462	0.3
44575.34250783506	750	11.540205433872192	0.0	399894	5840.622626851584	0.3
44577.68049963346	300	13.202213635471358	0.0	163927	2337.991798400833	-0.15000000000000002
44580.56742840231	750	14.315284866622639	0.0	343800	2886.9287688487207	0.3
44585.64210733032	750	13.240605938609662	0.0	359903	5074.678928012976	0.75
44601.38063787255	750	4.0	2.4979246036126095	379700	15738.530542222272	-9.99107579553422
44607.00264384863	300	4.0	1.6220059760827854	181901	5622.005976082785	-7.124625697155977
44609.67885927285	300	5.323784575781512	0.0	111155	2676.2154242184884	0.3
44613.393773111246	300	5.608870737376803	0.0	153605	3714.9138384047087	0.3
44615.864323509595	300	7.138320339023325	0.0	149029	2470.5503983534786	0.3
44618.2865223243	300	8.71612152431871	0.0	157421	2422.1988147046136	0.3
44621.87305593611	300	9.129587912515378	0.0	157488	3586.5336118033347	0.3
44623.49622297854	300	11.506420870083122	0.0	143881	1623.1670424322547	0.3
44625.02320324805	300	13.979440600575922	0.0	163444	1526.980269507202	0.3
44628.72200134321	750	14.280642505415258	0.0	401088	3698.7980951606623	0.3
44632.14165912777	750	14.860984720855681	0.0	365161	3419.657784559578	0.75
44635.457691301664	750	15.54495254695563	0.0	321064	3316.03217390005	0.75
44639.16022889241	750	15.842414956214975	0.0	361565	3702.5375907406533	0.75
44642.976971761556	750	16.02567208706574	0.0	378327	3816.742869149236	0.75
44646.89592050198	750	16.106723346644028	0.0	390680	3918.948740421713	0.75
44650.449610681986	750	16.553033166632034	0.0	345516	3553.6901800119927	0.75
44653.89483315541	750	17.107810693203565	0.0	384505	3445.2224734284687	0.75
44657.12642628141	750	17.876217567210734	0.0	372093	3231.593125992832	0.75
44664.415044946676	1200	14.587598901939767	0.0	634861	7288.618665270967	0.75
44669.05827838311	750	13.944365465501447	0.0	398987	4643.2334364383205	0.3
44674.31216379793	750	12.690480050688693	0.0	393804	5253.885414812754	0.75
44680.78174306813	750	10.220900780490998	0.0	331053	6469.579270197695	0.75
44682.58846167971	300	12.414182168910111	0.0	118421	1806.7186115808868	-0.15000000000000002

