51811.52067591117	750	4.0	1.1815076582324435	450283	1181.5076582324434	-4.330482930399507
51811.98503213364	300	7.5356437775264755	0.0	155580	464.35622247352427	-0.15000000000000002
51813.01538312285	300	10.505292788308626	0.0	139857	1030.3509892178486	0.3
51814.660372696715	300	12.860303214446978	0.0	155432	1644.9895738616485	0.3
51815.60700083953	300	15.913675071627013	0.0	163442	946.6281428199649	0.3
51819.07165985821	750	16.44901605295178	0.0	318564	3464.659018675232	0.3
51820.51307879661	750	19.007597114543874	0.0	352642	1441.418938407908	0.75
51822.37178247536	1200	21.148893435790825	0.0	709534	1858.7036787530487	0.75
51828.50287569667	1850	19.01780021447295	0.0	852833	6131.093221317874	1.2000000000000002
51831.779959488646	1200	19.740716422499133	0.0	560821	3277.0837919738183	0.5499999999999999
51834.729372359776	1200	20.79130355136869	0.0	607410	2949.412871130445	1.2
51838.069027781065	1200	21.451648130078706	0.0	594078	3339.655421289982	1.2
51843.33128843637	1200	20.1893874747745	0.0	624282	5262.260655304205	1.2
51847.7036954243	1200	19.816980486840258	0.0	687371	4372.406987934242	1.2
51849.0169977827	1200	22.503678128443518	0.0	526950	1313.3023583967408	1.2
51855.3233138279	1850	20.197362083242442	0.0	923170	6306.3160452010725	1.2000000000000002
51858.979563380715	1200	20.541112530427146	0.0	617242	3656.249552815297	0.5499999999999999
51862.51710832912	1200	21.003567582029945	0.0	581493	3537.544948397202	1.2
51865.93094729771	1200	21.589728613429667	0.0	639204	3413.838968600277	1.2
51868.36218269918	1200	23.158493211966	0.0	586839	2431.2354014636676	1.2
51871.281013835855	1850	24.239662075288873	0.0	891604	2918.8311366771272	1.2000000000000002
51873.56673026805	1850	25.95394564309076	0.0	955231	2285.7164321981145	1.85
51876.937157466484	2850	26.583518444655333	0.0	1505760	3370.427198435428	1.85
51880.005908172585	2850	27.514767738553804	0.0	1323990	3068.7507061015262	2.85
51883.23985333775	2850	28.280822573390306	0.0	1383735	3233.9451651635	2.85
51890.75229462446	4300	24.768381286683113	0.0	2105231	7512.441286707191	2.8499999999999996
51896.081992644045	2850	23.438683267094724	0.0	1547572	5329.69801958839	1.4000000000000001
51899.10414283536	1850	24.41653307577669	0.0	758197	3022.1501913180364	0.8500000000000001
51901.70273257918	1850	25.817943331955558	0.0	972798	2598.589743821133	1.85
51909.22319303109	2850	22.297482880046584	0.0	1561263	7520.460451908974	1.85
51911.57993403981	1850	23.940741871326935	0.0	873429	2356.741008719646	0.8500000000000001
51913.918189321645	1850	25.60248658949404	0.0	954453	2338.2552818328986	1.85
51922.786667576045	2850	20.734008335091655	0.0	1358081	8868.478254402386	1.85
51924.543449138	1200	22.977226773135634	0.0	670129	1756.7815619560208	-0.44999999999999996
51926.80872185035	1850	24.711954060783597	0.0	1026056	2265.2727123520335	1.2000000000000002
51930.52223729439	1850	24.99843861674529	0.0	943942	3713.515444038309	1.85
51933.85802746538	1850	25.662648445757156	0.0	728962	3335.7901709881344	1.85
51943.34745988848	1850	20.173216022659783	0.0	938587	9489.43242309737	1.85
51945.45375942123	1200	22.066916489913456	0.0	605884	2106.2995327463286	0.5499999999999999
51946.85216232146	1200	24.668513589681105	0.0	587506	1398.402900232352	1.2
51948.82627821389	1850	26.694397697253034	0.0	858450	1974.115892428072	1.2000000000000002
51958.99351502829	2850	20.527160882847454	0.0	1527299	10167.23681440558	1.85
51961.07825383076	1200	22.44242208037589	0.0	599477	2084.738802471561	-0.44999999999999996
51966.65787628781	1850	20.862799623322825	0.0	973972	5579.622457053065	1.2000000000000002
51969.0575893027	1200	22.46308660843869	0.0	630203	2399.7130148841343	0.5499999999999999
51972.97498455438	1850	22.545691356754116	0.0	982064	3917.395251684574	1.2000000000000002
51979.13790309181	1850	20.382772819321932	0.0	830730	6162.918537432183	1.85
51980.49070035981	1200	23.029975551319353	0.0	550906	1352.7972680025828	0.5499999999999999

