28897.860452097077	750	4.0	21.237697468390294	450283	21237.697468390295	-90.57209911407826
28906.411109968398	300	4.0	4.550657871321065	155580	8550.657871321066	-19.71782884668058
28917.917645370384	300	4.0	7.5065354019867065	139857	11506.535401986706	-31.978102228542834
28925.706471892918	300	4.0	3.7888265225380864	155432	7788.8265225380865	-15.991954046913769
28938.890312399228	300	4.0	9.183840506308053	163442	13183.840506308054	-39.19051417712463
28945.385275313824	300	4.0	2.494962914597858	126289	6494.962914597858	-10.428340532770788
28951.366551744748	300	4.0	1.9812764309244366	153295	5981.276430924437	-8.219488652975077
28954.448987777192	300	4.917563967554074	0.0	173849	3082.436032445927	0.3
28957.319083868053	300	6.047467876692309	0.0	150710	2870.0960908617644	0.3
28959.05470121986	300	8.311850524887191	0.0	139105	1735.6173518051182	0.3
28966.187484235797	300	5.1790675089466145	0.0	141840	7132.783015940577	0.3
28986.69437653032	300	4.0	15.32782478557667	156148	20506.892294523284	-65.60964657797967
28994.392147548224	300	4.0	3.697771017906197	160746	7697.771017906197	-15.600415376996645
28996.207857945243	300	6.184289602983257	0.0	179801	1815.7103970167436	0.3
28997.840165320857	300	8.551982227365286	0.0	140051	1632.3073756179713	0.3
28999.355992389414	300	11.036155158807716	0.0	138313	1515.8270685575708	0.3
29001.605442874996	300	12.786704673229725	0.0	143509	2249.450485577992	0.3
29005.236259920774	300	13.155887627450058	0.0	150616	3630.817045779665	0.3
29007.548263099692	300	14.843884448529204	0.0	165384	2312.0031789208538	0.3
29011.820682106594	300	14.571465441627115	0.0	140881	4272.419006902091	0.3
29013.688042135753	300	16.70410541247102	0.0	157671	1867.3600291560927	0.3
29015.79719450231	300	18.594953045915737	0.0	157812	2109.152366555284	0.3
29016.760798600888	300	21.6313489473337	0.0	163927	963.6040985820362	0.3
29019.3164354641	1200	23.07571208412008	0.0	536667	2555.6368632136196	0.29999999999999993
29028.27264386857	1850	18.119503679650027	0.0	897976	8956.208404470051	1.2000000000000002
29031.185569042525	750	19.20657850569664	0.0	379700	2912.925173953388	-0.3500000000000001
29034.780735138775	1200	19.611412409447812	0.0	696376	3595.166096248827	0.75
29046.88778676711	1850	11.50436078111066	0.0	758197	12107.051628337153	1.2000000000000002
29048.918926637045	300	13.473220911173016	0.0	153605	2031.139869937645	-1.25
29050.840874516227	300	15.551273031991649	0.0	149029	1921.9478791813676	0.3
29053.74131585904	300	16.650831689180055	0.0	157421	2900.4413428115904	0.3
29057.009532499942	300	17.382615048274737	0.0	157488	3268.2166409053198	0.3
29060.09130324604	300	18.30084430217646	0.0	143881	3081.7707460982733	0.3
29063.622064485975	300	18.770083062243	0.0	163444	3530.761239933463	0.3
29067.851371000925	300	18.54077654729602	0.0	179328	4229.306514946981	0.3
29080.656194482548	300	9.735953065672428	0.0	159914	12804.823481623593	0.3
29084.677220287092	300	9.714927261127489	0.0	131610	4021.025804544939	0.3
29088.453716952496	300	9.938430595724814	0.0	124011	3776.496665402674	0.3
29097.733061437724	300	4.65908611049449	0.0	144254	9279.344485230324	0.3
29108.50210132309	300	4.0	6.1099537748701644	149991	10769.039885364655	-25.972801231941705
29115.81273340997	300	4.0	3.310632086882061	147968	7310.632086882061	-13.935717973592862
29129.314087119674	300	4.0	9.501353709699675	161857	13501.353709699675	-40.555820951708604
29135.958732145613	300	4.0	2.644645025939379	145210	6644.645025939379	-11.071973611539327
29141.908517162286	300	4.0	1.9497850166753388	172312	5949.785016675339	-8.084075571703956
29144.782377623942	300	5.126139538342828	0.0	167025	2873.8604616571715	0.3
29147.748928551136	300	6.159588611148438	0.0	160064	2966.5509271943906	0.3
29149.28332680941	300	8.625190352874343	0.0	137507	1534.3982582740962	0.3
29159.73908502237	300	4.0	1.8305678600856117	118421	10455.758212959954	-7.57144179836813

