44397.97111841435	750	4.0	11.253695020194034	450283	11253.695020194034	-47.64088858683434
44401.90078879428	300	4.070329620070485	0.0	155580	3929.670379929515	-0.15000000000000002
44405.78102919007	300	4.190089224278383	0.0	139857	3880.2403957921015	0.3
44410.03264843379	300	4.0	0.0615300194368474	155432	4251.61924371523	0.0354209164215562
44414.36630940933	300	4.0	0.33366097554044516	163442	4333.660975540445	-1.134742194823914
44418.13711292486	300	4.229196484470624	0.0	126289	3770.803515529377	0.3
44422.41192533626	300	4.0	0.04561592692794511	153295	4274.812411398569	0.10385151420983602
44429.63758947426	300	4.0	3.225664138005037	173849	7225.664138005037	-13.570355793421657
44435.29075008726	300	4.0	1.653160612996753	150710	5653.160612996753	-6.808590635886039
44439.022836262004	300	4.267913825262185	0.0	139105	3732.086174737815	0.3
44442.80464670364	300	4.486103383623878	0.0	141840	3781.810441638306	0.3
44448.7871773221	300	4.0	1.4964272348343657	156148	5982.530618458244	-6.134637109787772
44452.848020847334	300	4.0	0.06084352524201086	160746	4060.843525242011	0.038372841459353324
44457.35102161464	300	4.0	0.5030007673083373	179801	4503.000767308337	-1.8629032994258503
44461.111582485544	300	4.239439129102207	0.0	140051	3760.560870897793	0.3
44464.82646846091	300	4.524553153732619	0.0	138313	3714.8859753695892	0.3
44468.61388724795	300	4.7371343666964165	0.0	143509	3787.4187870362016	0.3
44472.54655978282	300	4.8044618318190295	0.0	150616	3932.672534877387	0.3
44476.77391421697	300	4.577107397682615	0.0	165384	4227.354434136415	0.3
44481.00743610188	300	4.343585512771743	0.0	140881	4233.521884910871	0.3
44485.34511946289	300	4.005902151764433	0.0	157671	4337.68336100731	0.3
44489.57651774508	300	4.0	0.22549613042577493	157812	4231.398282190208	-0.6696333608308322
44493.755209626695	300	4.0	0.1786918816223424	163927	4178.691881622342	-0.4683750909760723
44497.2785542684	300	4.476655358297588	0.0	137654	3523.344641702411	0.3
44500.95697787957	300	4.798231747122594	0.0	146754	3678.423611174994	0.3
44504.998804690156	300	4.756404936530218	0.0	153938	4041.8268105923758	0.3
44509.9691187214	300	4.0	0.21390909470548194	181901	4970.3140312357	-0.6198091072335723
44512.868463658444	300	5.100655062953397	0.0	111155	2899.3449370466033	0.3
44516.93684963423	300	5.032269087164153	0.0	153605	4068.385975789244	0.3
44520.74399823913	300	5.225120482268041	0.0	149029	3807.148604896112	0.3
44524.794229325635	300	5.174889395762699	0.0	157421	4050.2310865053414	0.3
44528.83234414653	300	5.136774574862251	0.0	157488	4038.1148209004486	0.3
44532.81195133389	300	5.1571673875066955	0.0	143881	3979.6071873555557	0.3
44537.56512870495	300	4.4039900164456895	0.0	163444	4753.177371061006	0.3
44542.258133020645	300	4.0	0.28901429925114097	179328	4693.00431569683	-0.9427614867799061
44546.32390756987	300	4.0	0.06577454922596235	159914	4065.7745492259623	0.01716943832836193
44550.586631648584	300	4.0	0.26272407871700215	131610	4262.724078717002	-0.8297135384831091
44554.35701013879	300	4.229621509796787	0.0	124011	3770.3784902032135	0.3
44558.17782452311	300	4.408807125469126	0.0	144254	3820.8143843276616	0.3
44562.41682333792	300	4.169808310666199	0.0	149991	4238.998814802927	0.3
44566.4467784215	300	4.139853227089166	0.0	147968	4029.9550835770333	0.3
44570.87803323603	300	4.0	0.2914015874488086	161857	4431.254814537974	-0.9530268260298769
44574.68283613184	300	4.195197104189937	0.0	145210	3804.802895810063	0.3
44580.487653954704	300	4.0	1.609620718679851	172312	5804.817822869788	-6.621369090323359
44585.17256061602	300	4.0	0.6849066613090409	167025	4684.906661309041	-2.645098643628876
44589.33108215518	300	4.0	0.15852153915938652	160064	4158.5215391593865	-0.381642618385362
44593.33646938188	300	4.0	0.005387226711957282	137507	4005.3872267119573	0.27683492513858365
44596.32847212309	300	5.0079972587951085	0.0	118421	2992.0027412048908	0.3

