61377.29196875973	750	4.0	0.873165132506688	450283	873.165132506688	-3.0046100697787583
61377.76180349075	300	7.530165268979712	0.0	155580	469.8347310202884	-0.15000000000000002
61378.15516242335	300	11.136806336383371	0.0	139857	393.3589325963396	0.3
61378.48927928258	300	14.802689477157362	0.0	155432	334.1168592260089	0.3
61379.52163394338	750	17.7703348163519	0.0	411561	1032.354660805463	0.3
61380.364476076546	750	20.927492683191332	0.0	318564	842.842133160569	0.75
61381.55308098462	1200	23.7388877751224	0.0	561791	1188.604908068934	0.75
61385.31925737605	1850	23.972711383685194	0.0	1060487	3766.1763914372054	1.2000000000000002
61390.857510355	1850	22.43445840473484	0.0	852833	5538.252978950354	1.85
61393.66065374283	1200	23.631315016911213	0.0	560821	2803.1433878236257	0.5499999999999999
61397.58880760916	1850	23.703161150581593	0.0	939819	3928.153866329619	1.2000000000000002
61400.8719359234	1850	24.42003283633434	0.0	917428	3283.1283142472525	1.85
61403.42591167123	1850	25.866057088510416	0.0	946851	2553.975747823924	1.85
61410.15481493747	2850	23.137153822266423	0.0	1578343	6728.903266243991	1.85
61412.889637041335	1850	24.40233171840431	0.0	821631	2734.8221038621155	0.8500000000000001
61415.489238277056	1850	25.802730482685632	0.0	923170	2599.6012357186764	1.85
61420.03949048146	2850	25.252478278283128	0.0	1491626	4550.252204402504	1.85
61423.31607130156	2850	25.9758974581866	0.0	1358801	3276.580820096527	2.85
61427.36867390088	2850	25.923294858863148	0.0	1537156	4052.6025993234534	2.85
61431.45799288167	2850	25.833975878070962	0.0	1336050	4089.318980792183	2.85
61435.81532815864	2850	25.47664060110361	0.0	1415116	4357.335276967352	2.85
61439.14162844364	2850	26.150340316101058	0.0	1468126	3326.3002850025564	2.85
61443.1678316638	2850	26.124137095943055	0.0	1505760	4026.203220157999	2.85
61451.101739973594	2850	22.19022878615068	0.0	1323990	7933.908309792375	2.85
61454.88409736013	1850	22.407871399610165	0.0	897976	3782.357386540516	0.8500000000000001
61458.518453400415	1850	22.773515359327135	0.0	905935	3634.3560402830303	1.85
61467.12540255439	1850	18.16656620535031	0.0	1076599	8606.949153976824	1.85
61468.43761462816	750	20.854354131583683	0.0	277716	1312.212073766626	-0.3500000000000001
61471.24461757411	1200	22.047351185630887	0.0	622896	2807.0029459527977	0.75
61473.58825757203	1850	23.703711187712347	0.0	975811	2343.639997918541	1.2000000000000002
61475.66969057242	1850	25.62227818732843	0.0	873429	2081.433000383917	1.85
61479.712398286356	2850	25.579570473392668	0.0	1497683	4042.7077139357593	1.85
61483.44155297523	2850	25.85041578451919	0.0	1358081	3729.1546888734792	2.85
61492.37964738531	2850	20.912321374439227	0.0	1587293	8938.094410079962	2.85
61495.74776979028	1200	21.544198969472706	0.0	690253	3368.1224049665225	-0.44999999999999996
61498.214000617314	1200	23.077968142440007	0.0	598727	2466.2308270326976	1.2
61501.60418750578	1850	23.68778125396956	0.0	728962	3390.1868884704454	1.2000000000000002
61504.685088908474	1850	24.606879851281114	0.0	938587	3080.901402688448	1.85
61509.8180473593	1850	23.473921400445985	0.0	908665	5132.95845083513	1.85
61513.17836799331	1850	24.11360076643915	0.0	930577	3360.3206340068396	1.85
61515.12173524525	1850	26.170233514501604	0.0	858450	1943.3672519375434	1.85
61519.588484041946	2850	25.703484717808823	0.0	1527299	4466.748796692778	1.85
61523.431956495275	2850	25.86001226447279	0.0	1343002	3843.472453336035	2.85
61525.096984846	1850	28.194983913750438	0.0	973972	1665.0283507223498	0.8500000000000001
61530.29586145323	4300	26.99610730652156	0.0	2124950	5198.876607228881	1.8499999999999996
61538.06847626773	2850	23.22349249203186	0.0	1483527	7772.614814489696	1.4000000000000001
61539.77356557062	1850	25.51840318913407	0.0	830730	1705.0893028977866	0.8500000000000001
61541.374807600245	1850	27.917161159509014	0.0	846370	1601.2420296250548	1.85

