11343.622340209362	750	4.0	5.325431284314587	450283	5325.431284314587	-22.149354522552724
11345.331982136973	300	6.290358072386457	0.0	155580	1709.641927613543	-0.15000000000000002
11346.876931558943	300	8.745408650415461	0.0	139857	1544.9494219709943	0.3
11348.53275852645	300	11.08958168291015	0.0	155432	1655.8269675053102	0.3
11350.188792572188	300	13.433547637172794	0.0	163442	1656.0340457373584	0.3
11353.340632795302	750	14.28170741405832	0.0	318564	3151.8402231144732	0.3
11356.821079424424	750	14.80126078493659	0.0	352642	3480.446629121728	0.75
11361.116533197031	750	14.505807012328356	0.0	437162	4295.453772608234	0.75
11364.810239385848	750	14.812100823512502	0.0	374758	3693.7061888158546	0.75
11368.388589085578	750	15.233751123782415	0.0	362795	3578.349699730087	0.75
11371.874609237286	750	15.747730972075082	0.0	353220	3486.020151707332	0.75
11375.861224287797	750	15.761115921563226	0.0	405134	3986.615050511856	0.75
11379.666719139821	750	15.955621069538202	0.0	386351	3805.494852025024	0.75
11383.935626359353	750	15.686713850006381	0.0	434409	4268.907219531821	0.75
11387.265809662433	750	16.35653054692524	0.0	337059	3330.183303081143	0.75
11390.877128001819	750	16.745212207540863	0.0	366214	3611.3183393843747	0.75
11394.436539296084	750	17.185800913274658	0.0	360831	3559.411294266203	0.75
11398.112936708012	750	17.50940350134662	0.0	372963	3676.3974119280374	0.75
11402.104006719483	750	17.51833348987534	0.0	405596	3991.070011471283	0.75
11405.565852440184	750	18.056487769175114	0.0	350713	3461.8457207002243	0.75
11411.448275162702	1200	16.17406504665638	0.0	601738	5882.4227225187315	0.75
11415.384362084584	750	16.237978124775253	0.0	399894	3936.0869218811267	0.3
11419.339339198066	750	16.28300101129344	0.0	401853	3954.977113481814	0.75
11422.73452443151	750	16.88781577784975	0.0	343800	3395.1852334436912	0.75
11426.284987232768	750	17.337352976592957	0.0	359903	3550.462801256791	0.75
11430.026348003967	750	17.595992205392925	0.0	379700	3741.360771200028	0.75
11434.212057381166	750	17.4102828281943	0.0	425781	4185.709377198627	0.75
11436.970009627505	750	18.65233058185617	0.0	277716	2757.952246338127	0.75
11442.66478236356	1200	16.95755784580123	0.0	622896	5694.7727360549425	0.75
11446.296476015927	750	17.325864193434477	0.0	400508	3631.6936523667478	0.3
11449.553143140587	750	18.069197068774017	0.0	358218	3256.6671246604606	0.75
11455.133795296777	1200	16.488544912584867	0.0	620283	5580.652156189149	0.75
11458.493472781945	750	17.12886742741752	0.0	369834	3359.677485167347	0.3
11462.234499658716	750	17.38784055064569	0.0	412837	3741.026876771828	0.75
11464.559074423172	750	19.06326578619072	0.0	401088	2324.5747644549733	0.75
11467.776283091618	1200	19.846057117743634	0.0	598727	3217.2086684470846	0.75
11470.412319540572	1200	21.210020668790253	0.0	487812	2636.036448953378	1.2
11473.508300237418	1200	22.114039971944905	0.0	575591	3095.9806968453504	1.2
11478.349521486358	1850	21.272818723004285	0.0	908665	4841.221248940619	1.2000000000000002
11481.507934378988	1200	22.11440583037597	0.0	587506	3158.4128926283147	0.5499999999999999
11486.086039160346	1850	21.53630104901752	0.0	858450	4578.104781358449	1.2000000000000002
11489.527118207712	1200	22.095222001650825	0.0	641452	3441.0790473666952	0.5499999999999999
11494.250915578557	1850	21.37142463080473	0.0	886255	4723.797370846096	1.2000000000000002
11497.65745911586	1200	21.964881093501443	0.0	634861	3406.5435373032865	0.5499999999999999
11502.76239416938	1850	20.859946039981654	0.0	958994	5104.935053519791	1.2000000000000002
11506.188848939917	1200	21.433491269445025	0.0	638661	3426.454770536628	0.5499999999999999
11509.091067138412	1200	22.531273070951187	0.0	538612	2902.2181984938393	1.2
11513.657985465448	1850	21.964354743914367	0.0	846370	4566.9183270368185	1.2000000000000002

