22455.51258832172	750	4.0	2.6174252561485205	450283	2617.4252561485205	-10.504928601438637
22456.16533173784	300	7.3472565838823485	0.0	155580	652.743416117652	-0.15000000000000002
22457.31423461565	300	10.198353706070188	0.0	139857	1148.9028778121606	0.3
22459.081616699383	300	12.430971622337267	0.0	155432	1767.3820837329208	0.3
22459.882684539745	300	15.629903781972445	0.0	163442	801.0678403648221	0.3
22461.66736262188	750	17.84522569983809	0.0	318564	1784.6780821343586	0.3
22463.474982204392	750	20.03760611732576	0.0	352642	1807.6195825123284	0.75
22466.434423627456	1200	21.078164694262384	0.0	709534	2959.441423063374	0.75
22471.985840423018	1850	19.526747898698975	0.0	852833	5551.416795563413	1.2000000000000002
22477.134394031844	1200	18.378194289870038	0.0	560821	5148.5536088289355	0.5499999999999999
22478.892240358073	750	20.620347963642626	0.0	353220	1757.8463262274083	0.3
22483.961892466436	1200	19.550695855279947	0.0	594078	5069.652108362678	0.75
22486.82459682575	1200	20.687991495965914	0.0	624282	2862.7043593140334	1.2
22491.764939866855	1200	19.747648454861693	0.0	687371	4940.343041104219	1.2
22494.379776757254	1200	21.132811564463015	0.0	526950	2614.836890398677	1.2
22496.8424792249	1200	22.670109096819388	0.0	587876	2462.7024676436263	1.2
22501.734447301813	1850	21.77814101990482	0.0	966699	4891.968076914572	1.2000000000000002
22507.833135392608	1850	19.679452929109758	0.0	885714	6098.68809079506	1.85
22512.41988449661	1200	19.092703825109652	0.0	639204	4586.749104000104	0.5499999999999999
22513.83752907585	750	21.67505924586786	0.0	350713	1417.6445792417917	0.3
22520.025726952317	1850	19.48686136939899	0.0	891604	6188.19787646887	0.75
22525.91706531002	1200	17.595523011696983	0.0	616206	5891.338357702006	0.5499999999999999
22528.129159545773	750	19.383428775945227	0.0	401853	2212.094235751756	0.3
22530.319355455376	1200	21.19323286634109	0.0	536667	2190.195909604135	0.75
22532.649610544177	1200	22.8629777775424	0.0	587236	2330.2550887986913	1.2
22538.191317820903	1850	21.3212705008142	0.0	905935	5541.707276728199	1.2000000000000002
22542.42395674046	1200	21.08863158126018	0.0	696376	4232.63891955402	0.5499999999999999
22547.939843510954	1200	19.57274481076127	0.0	487160	5515.88677049891	1.2
22552.863415280015	1200	18.64917304170197	0.0	622896	4923.571769059303	1.2
22555.626024609137	1200	19.886563712579512	0.0	641447	2762.6093291224606	1.2
22558.38758366735	1200	21.12500465436875	0.0	570392	2761.5590582107584	1.2
22563.85814685226	1200	19.654441469457126	0.0	620283	5470.56318491163	1.2
22568.01977352244	1200	19.49281479927739	0.0	584349	4161.626670179738	1.2
22571.203813761123	1200	20.30877456059675	0.0	670129	3184.040238680639	1.2
22581.20875083753	1200	14.303837484186976	0.0	690253	10004.937076409773	1.2
22584.08433041352	750	15.428257908198594	0.0	365161	2875.579575988383	0.3
22585.91079683284	750	17.601791488880597	0.0	321064	1826.4664193179974	0.75
22588.735154192793	750	18.77743412892185	0.0	361565	2824.357359958748	0.75
22591.596277264773	1200	19.916311056942348	0.0	605884	2861.123071979501	0.75
22596.62877538999	1200	18.883812931728457	0.0	587506	5032.49812521389	1.2
22598.040371048977	750	21.47221727274125	0.0	345516	1411.5956589872067	0.3
22601.3970363395	1200	22.11555198221659	0.0	641452	3356.6652905246583	0.75
22605.597880119654	1850	21.914708202060748	0.0	886255	4200.843780155842	1.2000000000000002
22612.953745212802	1850	18.55884310891493	0.0	973972	7355.865093145816	1.85
22615.312247489994	1200	20.200340831724134	0.0	630203	2358.5022771907948	0.5499999999999999
22618.129059752293	1200	21.38352856942491	0.0	638661	2816.8122622992228	1.2
22620.269547714175	1200	23.24304060754587	0.0	538612	2140.4879618790446	1.2
22623.74576286882	1850	23.76682545289716	0.0	846370	3476.2151546487075	1.2000000000000002

