29205.06865383753	750	4.0	5.864958067569815	450283	5864.958067569815	-24.469319690550204
29207.46495667852	300	5.6036971590118005	0.0	155580	2396.302840988199	-0.15000000000000002
29209.77520441844	300	7.293449419090805	0.0	139857	2310.247739920996	0.3
29211.82997725703	300	9.238676580500922	0.0	155432	2054.7728385898827	0.3
29213.965701709494	300	11.102952128040583	0.0	163442	2135.7244524603384	0.3
29215.645681903265	300	13.422971934267874	0.0	126289	1679.9801937727084	0.3
29217.63230179188	300	15.436352045651804	0.0	153295	1986.619888616071	0.3
29223.536123074875	750	13.532530762656991	0.0	437162	5903.821282994811	0.3
29228.383624980717	750	12.685028856813146	0.0	374758	4847.5019058438465	0.75
29233.65067045396	750	11.417983383569371	0.0	362795	5267.045473243773	0.75
29238.457614350744	750	10.611039486786552	0.0	353220	4806.943896782819	0.75
29240.655870012448	300	12.412783825082592	0.0	156148	2198.25566170396	-0.15000000000000002
29242.764385241953	300	14.304268595578224	0.0	160746	2108.5152295043686	0.3
29245.196980438825	300	15.87167339870546	0.0	179801	2432.5951968727636	0.3
29249.72687616712	750	15.34177767041184	0.0	337059	4529.895728293619	0.3
29255.1137103213	750	13.954943516230884	0.0	366214	5386.834154180957	0.75
29262.614089599152	750	10.454564238379538	0.0	360831	7500.379277851345	0.75
29264.638845285437	300	12.429808552090892	0.0	150616	2024.7556862886465	-0.15000000000000002
29266.84941516676	300	14.219238670772649	0.0	165384	2210.5698813182426	0.3
29268.730497499895	300	16.338156337637248	0.0	140881	1881.0823331354002	0.3
29274.002231968774	750	15.06642186875641	0.0	386472	5271.734468880837	0.3
29279.2970577028	750	13.771596134734889	0.0	399894	5294.825734021522	0.75
29284.590718406223	750	12.477935431308953	0.0	401853	5293.660703425937	0.75
29289.069013029573	750	11.999640807961844	0.0	343800	4478.294623347108	0.75
29294.293339221793	750	10.775314615738589	0.0	359903	5224.326192223257	0.75
29299.504412922935	750	9.564240914597873	0.0	379700	5211.073701140716	0.75
29302.413838595436	300	10.654815242096968	0.0	181901	2909.4256725009054	-0.15000000000000002
29304.049120620242	300	13.019533217288043	0.0	111155	1635.2820248089245	0.3
29306.192992508455	300	14.875661329075273	0.0	153605	2143.8718882127696	0.3
29308.303284021622	300	16.76536981590901	0.0	149029	2110.2915131662608	0.3
29312.945392366844	750	16.123261470687822	0.0	358218	4642.108345221191	0.3
29318.15796875728	750	14.910685080251383	0.0	400322	5212.5763904364385	0.75
29325.41309522605	750	11.655558611483917	0.0	369834	7255.1264687674675	0.75
29327.679040906372	300	13.38961293115885	0.0	163444	2265.945680325069	-0.15000000000000002
29330.049043831743	300	15.01961000579049	0.0	179328	2370.002925368359	0.3
29335.50913012463	750	13.559523712906062	0.0	365161	5460.086292884427	0.3
29339.875267286337	750	13.193386551195301	0.0	321064	4366.1371617107625	0.75
29346.069029808084	750	10.99962402944716	0.0	361565	6193.762521748139	0.75
29351.30321114827	750	9.765442689258364	0.0	378327	5234.181340188795	0.75
29354.028848276655	300	11.039805560874957	0.0	149991	2725.6371283834096	-0.15000000000000002
29356.055795645076	300	13.012858192453903	0.0	147968	2026.9473684210525	0.3
29358.443872828884	300	14.62478100864377	0.0	161857	2388.0771838101314	0.3
29360.427212498438	300	16.64144133909128	0.0	145210	1983.3396695524902	0.3
29366.262397150513	750	14.806256687016939	0.0	438281	5835.184652074342	0.3
29372.09727243449	750	12.971381403038604	0.0	398987	5834.875283978336	0.75
29374.417944031233	300	14.650709806299018	0.0	160064	2320.671596739587	-0.15000000000000002
29379.28512570951	750	13.783528128020281	0.0	331053	4867.1816782787355	0.3
29383.582512714147	750	13.486141123383021	0.0	314107	4297.387004637261	0.75

