39136.19736546459	750	4.0	10.326579643008218	450283	10326.579643008217	-43.65429246493534
39139.71275429748	300	4.484611167111417	0.0	155580	3515.388832888582	-0.15000000000000002
39151.15480214431	300	4.0	6.957436679718985	139857	11442.047846830403	-29.61697772279163
39160.58403188307	300	4.0	5.4292297387599024	155432	9429.229738759903	-23.04568787666758
39166.873148905484	300	4.0	2.2891170224139596	163442	6289.11702241396	-9.543203196380025
39171.26761753457	300	4.0	0.3944686290867239	126289	4394.468629086724	-1.3962151050729128
39176.56431962258	300	4.0	1.2967020880075033	153295	5296.702088007503	-5.275818978432264
39182.32355240139	300	4.0	1.7592327788076654	173849	5759.232778807665	-7.264700948872961
39187.34228779285	300	4.0	1.0187353914652577	150710	5018.735391465258	-4.080562183300608
39192.01976584174	300	4.0	0.6774780488822635	139105	4677.4780488822635	-2.613155610193733
39198.12237869305	300	4.0	2.1026128513173337	141840	6102.6128513173335	-8.741235260664533
39202.590731843375	300	4.0	0.4683531503225177	156148	4468.353150322518	-1.7139185463868258
39206.64558693429	300	4.0	0.05485509091693757	160746	4054.8550909169376	0.06412310905716845
39211.05612979661	300	4.0	0.41054286232117465	179801	4410.542862321175	-1.4653343079810508
39214.50928599936	300	4.546843797248386	0.0	140051	3453.1562027516134	0.3
39217.93117859729	300	5.1249511993217105	0.0	138313	3421.892597926676	0.3
39221.483701037585	300	5.572428759023498	0.0	143509	3552.5224402982126	0.3
39224.802159454426	300	6.253970342179381	0.0	150616	3318.458416844117	0.3
39228.4096351417	300	6.646494654908943	0.0	165384	3607.4756872704384	0.3
39231.49448628993	300	7.561643506682109	0.0	140881	3084.851148226834	0.3
39234.93432033134	300	8.121809465263047	0.0	157671	3439.8340414190616	0.3
39238.51274692501	300	8.543382871600128	0.0	157812	3578.426593662919	0.3
39241.9890692153	300	9.067060581308679	0.0	163927	3476.322290291449	0.3
39244.71908608424	300	10.337043712367118	0.0	137654	2730.0168689415596	0.3
39247.67360138384	300	11.382528412770746	0.0	146754	2954.5152995963726	0.3
39250.83263626156	300	12.22349353504777	0.0	153938	3159.0348777229756	0.3
39254.45086408406	300	12.6052657125534	0.0	181901	3618.227822494369	0.3
39256.87341211823	300	14.182717678384181	0.0	111155	2422.54803416922	0.3
39260.52943080894	300	14.526698987663243	0.0	153605	3656.018690720938	0.3
39263.90016588014	300	15.155963916468023	0.0	149029	3370.735071195221	0.3
39267.456206151786	300	15.599923644825438	0.0	157421	3556.040271642585	0.3
39271.01372586199	300	16.042403934618747	0.0	157488	3557.5197102066913	0.3
39283.99166500071	300	7.064464795902817	0.0	143881	12977.939138715928	0.3
39293.178873502424	300	4.0	2.1227437058144387	163444	9187.208501717256	-8.827797935002085
39299.54879510792	300	4.0	2.3699216054867485	179328	6369.921605486748	-9.890662903593018
39305.08220224456	300	4.0	1.533407136638555	159914	5533.407136638555	-6.293650687545787
39309.52959599448	300	4.0	0.44739374992139436	131610	4447.393749921394	-1.6237931246619957
39313.68111768639	300	4.0	0.15152169191208667	124011	4151.521691912087	-0.35154327522197265
39318.42539085668	300	4.0	0.7442731702953879	144254	4744.273170295388	-2.900374632270168
39323.95487982914	300	4.0	1.5294889724621699	149991	5529.48897246217	-6.27680258158733
39329.64944346316	300	4.0	1.6945636340177144	147968	5694.563634017714	-6.986623626276172
39334.200933328895	300	4.0	0.5514898657350613	161857	4551.489865735061	-2.071406422660764
39337.79368057745	300	4.407252751444708	0.0	145210	3592.747248555292	0.3
39342.02384938459	300	4.177083944306337	0.0	172312	4230.168807138371	0.3
39346.12682811719	300	4.074105211711632	0.0	167025	4102.978732594705	0.3
39350.07993594933	300	4.120997379562476	0.0	160064	3953.1078321491555	0.3
39353.33876731297	300	4.862166015929883	0.0	137507	3258.831363632592	0.3
39355.944569073494	300	6.256364255407386	0.0	118421	2605.8017605224964	0.3

