1777.2206063503088	750	4.0	3.5472386965368474	450283	3547.2386965368473	-14.503126395108444
1778.4671152873805	300	6.753491062928245	0.0	155580	1246.508937071755	-0.15000000000000002
1779.5957747555267	300	9.62483159478199	0.0	139857	1128.659468146255	0.3
1786.9494814364523	1200	6.271124913856345	0.0	617681	7353.706680925646	0.29999999999999993
1788.3133146877087	300	8.907291662600015	0.0	163442	1363.8332512563286	-0.6000000000000001
1790.8522004717722	750	10.368405878536453	0.0	318564	2538.885784063562	0.3
1794.994154093056	1200	10.226452257252465	0.0	561791	4141.9536212839885	0.75
1800.5051667971557	1200	8.71543955315276	0.0	709534	5511.012704099705	1.2
1804.3175431775644	750	8.903063172744124	0.0	374758	3812.3763804086348	0.3
1807.4797726808622	750	9.740833669446342	0.0	362795	3162.229503297783	0.75
1812.1890170776894	1200	9.031589272618902	0.0	607410	4709.24439682744	0.75
1817.2011365480198	1200	8.01946980228875	0.0	594078	5012.119470330151	1.2
1820.4573940318357	750	8.76321231847269	0.0	386351	3256.2574838160613	0.3
1824.6936526195907	750	8.526953730717596	0.0	434409	4236.258587755093	0.75
1827.587186971217	750	9.633419379091126	0.0	337059	2893.534351626469	0.75
1831.8178050580243	1200	9.402801292283991	0.0	587876	4230.618086807134	0.75
1836.2903129212089	1200	8.930293429099656	0.0	617242	4472.507863184334	1.2
1839.715846594631	750	9.504759755677153	0.0	372963	3425.533673422504	0.3
1845.730661629477	1200	7.489944720831371	0.0	639204	6014.815034845781	0.75
1848.8889262798996	750	8.331680070408678	0.0	350713	3158.2646504226923	0.3
1851.7435408946878	750	9.477065455620572	0.0	386472	2854.6146147881063	0.75
1856.619004029199	1200	8.601602321109397	0.0	616206	4875.463134511175	0.75
1859.2272524912	750	9.993353859108288	0.0	401853	2608.2484620011082	0.3
1864.0419095337845	1200	9.17869681652381	0.0	536667	4814.657042584477	0.75
1869.0012593394456	1200	8.219347010862903	0.0	587236	4959.349805660908	1.2
1871.5979041119344	750	9.622702238374053	0.0	379700	2596.6447724888494	0.3
1878.0173177656593	1200	7.203288584649307	0.0	696376	6419.413653724746	0.75
1880.059286527755	750	9.161319822553502	0.0	277716	2041.9687620958052	0.3
1886.2868366409768	1200	6.933769709331656	0.0	622896	6227.550113221845	0.75
1887.8327390637023	300	9.38786728660623	0.0	149029	1545.902422725427	-0.6000000000000001
1891.9345341491414	1200	9.286072201166974	0.0	570392	4101.795085439257	0.29999999999999993
1896.127324562249	1200	9.093281788059379	0.0	620283	4192.790413107593	1.2
1901.4418733884736	1200	7.778732961834747	0.0	584349	5314.548826224633	1.2
1904.8708589888822	750	8.349747361426195	0.0	412837	3428.9856004085527	0.3
1907.1976511488942	750	10.02295520141409	0.0	401088	2326.792160012105	0.75
1911.6032620591461	1200	9.617344291162372	0.0	598727	4405.610910251718	0.75
1916.1639257304469	1200	9.056680619861714	0.0	487812	4560.663671300657	1.2
1921.84155757658	1200	7.37904877372851	0.0	575591	5677.631846133205	1.2
1925.3884528354486	750	7.832153514859827	0.0	378327	3546.895258868683	0.3
1928.9882252336479	750	8.232381116660305	0.0	390680	3599.7723981995223	0.75
1931.7889183956609	750	9.431687954647357	0.0	345516	2800.6931620129467	0.75
1938.1403128694667	1200	7.080293480841594	0.0	641452	6351.3944738057635	0.75
1941.75558264335	750	7.465023706958262	0.0	372093	3615.269773883332	0.3
1946.6497304032905	750	6.570875947017644	0.0	438281	4894.147759940618	0.75
1948.2258944485034	300	8.99471190180475	0.0	167025	1576.1640452128931	-0.15000000000000002
1951.8839225711124	750	9.336683779195639	0.0	393804	3658.028122609113	0.3
1956.7331932764266	1200	8.487413073881475	0.0	538612	4849.270705314163	0.75
1958.9056271453692	750	10.314979204938998	0.0	314107	2172.433868942476	0.3

