31987.29751479003	750	4.0	4.838762596688711	450283	4838.762596688711	-20.056679165761455
31988.599596322598	300	6.697918467430856	0.0	155580	1302.0815325691442	-0.15000000000000002
31989.40527757837	300	9.892237211654589	0.0	139857	805.6812557762687	0.3
31994.08913747151	750	9.208377318516419	0.0	382355	4683.859893138169	0.3
31996.38151418715	750	10.916000602876865	0.0	411561	2292.3767156395525	0.75
32000.313515077265	750	10.983999712760381	0.0	318564	3932.0008901164847	0.75
32002.003642228905	750	13.29387256112375	0.0	352642	1690.1271516366328	0.75
32004.10562942465	750	15.191885365383191	0.0	437162	2101.9871957405576	0.75
32007.34045611111	750	15.957058678918527	0.0	374758	3234.8266864646644	0.75
32008.742960380183	750	18.55455440984881	0.0	362795	1402.504269069717	0.75
32014.070373077848	1200	17.227141712184572	0.0	607410	5327.412697664238	0.75
32017.039069131963	1200	18.25844565806805	0.0	594078	2968.696054116521	1.2
32019.288250364654	1200	20.00926442537557	0.0	624282	2249.1812326924855	1.2
32023.800554623565	1200	19.496960166463708	0.0	687371	4512.304258911861	1.2
32026.43102591253	1200	20.866488877501258	0.0	526950	2630.4712889624516	1.2
32028.78899419311	1200	22.508520596919734	0.0	587876	2357.968280581523	1.2
32031.796279850223	1200	23.501234939809358	0.0	617242	3007.2856571103785	1.2
32035.377089413247	1850	23.920425376782177	0.0	885714	3580.8095630271814	1.2000000000000002
32038.564340537505	1850	24.73317425252754	0.0	987708	3187.2511242546343	1.85
32043.820119384225	2850	23.477395405803907	0.0	1336050	5255.77884672363	1.85
32049.989996904635	2850	21.30751788539412	0.0	1415116	6169.877520409791	2.85
32058.10641078301	2850	17.191104007015195	0.0	1468126	8116.413878378925	2.85
32064.6660595572	2850	14.631455232828324	0.0	1505760	6559.648774186869	2.85
32069.227594981916	2850	14.06991980811166	0.0	1323990	4561.535424716664	2.85
32072.25085868009	1850	15.046656109935375	0.0	897976	3023.263698176285	0.8500000000000001
32075.186879269182	1850	16.1106355208443	0.0	905935	2936.0205890910734	1.85
32078.678530045203	1850	16.61898474482358	0.0	1076599	3491.6507760207196	1.85
32083.81217914509	2850	15.485335644935741	0.0	1141971	5133.64909988784	1.85
32089.057691271053	2850	14.239823518973756	0.0	1498470	5245.512125961986	2.85
32093.932033393245	2850	13.365481396778588	0.0	1561263	4874.342122195166	2.85
32100.076562721497	2850	11.220952068527081	0.0	1341201	6144.529328251507	2.85
32106.587519745237	2850	8.709995044788622	0.0	1497683	6510.95702373846	2.85
32113.34550080702	1850	5.952013983005838	0.0	885062	6757.981061782784	0.8500000000000001
32115.864043099606	750	7.433471690423452	0.0	412837	2518.542292582386	-0.3500000000000001
32117.294358235562	750	10.003156554469019	0.0	401088	1430.315135954434	0.75
32118.863583407838	750	12.433931382193332	0.0	365161	1569.2251722756855	0.75
32120.570043700813	750	14.727471089218799	0.0	321064	1706.460292974532	0.75
32123.003705783718	1200	16.293809006314987	0.0	575591	2433.6620829038106	0.75
32127.421127143447	1850	15.876387646587283	0.0	908665	4417.421359727706	1.2000000000000002
32133.025811665277	1850	14.27170312475547	0.0	930577	5604.684521831812	1.85
32136.67766654982	1850	14.619848240215898	0.0	858450	3651.8548845395717	1.85
32142.78791996344	1850	12.509594826590703	0.0	1025005	6110.253413625196	1.85
32147.130975985812	1850	12.166538804216959	0.0	886255	4343.056022373743	1.85
32151.12339378349	1850	12.174121006537964	0.0	973972	3992.4177976789956	1.85
32156.100411312626	1850	11.197103477403306	0.0	958994	4977.017529134657	1.85
32160.021166151826	1850	11.27634863820286	0.0	982064	3920.7548392004455	1.85
32165.8684198055	2850	9.429094984526124	0.0	1231456	5847.2536536767375	1.85
32173.29691345175	2850	6.0006013382785035	0.0	1364537	7428.493646247621	2.85

