59103.45852444992	750	4.0	3.042693995911183	450283	3042.6939959111833	-12.333584182418088
59104.56077530891	300	6.897749140999311	0.0	155580	1102.2508590006887	-0.15000000000000002
59105.55971693629	300	9.89880751362266	0.0	139857	998.9416273766507	0.3
59106.660995349426	300	12.797529100483471	0.0	155432	1101.278413139189	0.3
59109.445189884595	750	14.013334565317109	0.0	411561	2784.1945351663608	0.3
59111.61834017799	750	15.840184271920172	0.0	318564	2173.1502933969364	0.75
59114.368648301075	750	17.089876148836538	0.0	352642	2750.308123083635	0.75
59118.34438549094	750	17.114138958968983	0.0	437162	3975.7371898675556	0.75
59121.059123062245	750	18.399401387665378	0.0	374758	2714.7375713036045	0.75
59124.804782335545	1200	18.653742114372296	0.0	560821	3745.6592732930826	0.75
59128.88351755603	1200	18.57500689388207	0.0	607410	4078.735220490226	1.2
59132.95239637685	1200	18.506128073071473	0.0	594078	4068.878820810598	1.2
59137.245057848115	1200	18.213466601799272	0.0	624282	4292.6614712722	1.2
59141.809437325675	1200	17.649087124241166	0.0	687371	4564.379477558105	1.2
59145.399996277265	1200	18.05852817265449	0.0	526950	3590.5589515866777	1.2
59149.499781780374	1200	17.95874266954345	0.0	587876	4099.7855031110375	1.2
59153.84751380781	1200	17.61101064211356	0.0	617242	4347.73202742989	1.2
59157.82754038701	1200	17.630984062913434	0.0	581493	3980.0265792001264	1.2
59163.6093730487	1200	15.84915140121472	0.0	639204	5781.832661698715	1.2
59166.78944883987	750	16.66907561004828	0.0	350713	3180.075791166435	0.3
59169.62876250004	750	17.82976194987545	0.0	386472	2839.313660172831	0.75
59173.82510681702	1200	17.63341763289437	0.0	616206	4196.344316981077	0.75
59179.18609173275	1200	16.27243271716517	0.0	656471	5360.984915729201	1.2
59183.11669240543	750	16.34183204448543	0.0	343800	3930.6006726797423	0.3
59185.24547431776	300	18.213050132150784	0.0	146754	2128.7819123346444	-0.15000000000000002
59187.15175814181	300	20.306766308101352	0.0	153938	1906.2838240494327	0.3
59190.215688257726	750	21.2428361921892	0.0	425781	3063.930115912152	0.3
59193.62028544692	1200	21.8382390029909	0.0	487160	3404.597189198301	0.75
59197.78237725889	1200	21.676147191020412	0.0	622896	4162.091811970486	1.2
59202.37729880014	1200	21.08122564977397	0.0	641447	4594.921541246445	1.2
59206.47216853238	1200	20.986355917524982	0.0	570392	4094.8697322489843	1.2
59212.10018338089	1200	19.35834106900921	0.0	620283	5628.014848515773	1.2
59215.09730829778	750	20.36121615211757	0.0	369834	2997.12491689164	0.3
59219.7415282029	1200	19.716996246996672	0.0	670129	4644.219905120897	0.75
59224.19277232976	1200	19.26575212013833	0.0	690253	4451.244126858338	1.2
59229.07446888159	1200	18.384055568311275	0.0	598727	4881.696551827056	1.2
59231.259357643605	750	20.199166806302344	0.0	321064	2184.8887620089345	0.3
59235.11974932508	1200	20.33877512482786	0.0	575591	3860.3916814744853	0.75
59239.09824155248	1200	20.360282897431436	0.0	605884	3978.4922273964216	1.2
59242.260079127176	1200	21.198445322734685	0.0	587506	3161.8375746967517	1.2
59247.46868317998	1850	19.989841269936804	0.0	858450	5208.60405279788	1.2000000000000002
59250.08529962982	1200	21.373224820088513	0.0	641452	2616.616449848293	0.5499999999999999
59256.34092052672	1850	19.11760392319011	0.0	886255	6255.620896898404	1.2000000000000002
59260.61865504998	1200	18.83986939992987	0.0	634861	4277.7345232602365	0.5499999999999999
59264.813283687334	1200	18.645240762580254	0.0	630203	4194.628637349615	1.2
59269.73140663927	1200	17.727117810640063	0.0	638661	4918.122951940194	1.2
59272.10167510814	750	19.356849341766182	0.0	331053	2370.268468873881	0.3
59275.29573410347	1200	20.162790346434814	0.0	550906	3194.0589953313665	0.75

