49254.409366696374	750	4.0	2.6289505583655934	450283	2628.950558365593	-10.554487400972052
49255.64769826141	300	6.76166843496352	0.0	155580	1238.3315650364798	-0.15000000000000002
49256.18610195944	300	10.22326473692721	0.0	139857	538.4036980363109	0.3
49256.77555521236	300	13.633811484010444	0.0	155432	589.4532529167641	0.3
49257.39126252208	300	17.01810417429802	0.0	163442	615.7073097124256	0.3
49257.88519492891	300	20.52417176747314	0.0	126289	493.93240682488295	0.3
49258.60128186847	300	23.808084827915685	0.0	153295	716.0869395574528	0.3
49259.601650407116	300	26.807716289268555	0.0	173849	1000.3685386471312	0.3
49260.44811636052	300	29.961250335862328	0.0	150710	846.4659534062265	0.3
49260.93466019506	300	33.474706501322935	0.0	139105	486.543834539392	0.3
49261.42919725333	300	36.980169443049924	0.0	141840	494.5370582730121	0.3
49261.96555041587	300	40.44381628050611	0.0	156148	536.353162543812	0.3
49262.5153415465	300	43.89402514987192	0.0	160746	549.7911306341907	0.3
49263.323158765284	300	47.08620793109212	0.0	179801	807.817218779803	0.3
49264.104691497545	300	50.3046751988348	0.0	140051	781.5327322573173	0.3
49264.87751837345	300	53.53184832293455	0.0	138313	772.8268759002531	0.3
49267.24520277437	750	55.164163922008136	0.0	360831	2367.684400926416	0.3
49271.52433590306	1200	54.88503079331979	0.0	581493	4279.133128688344	0.75
49273.7425950372	1200	56.666771659174394	0.0	639204	2218.2591341453945	1.2
49275.34246807276	1200	59.06689862361123	0.0	586839	1599.8730355631658	1.2
49278.016628928395	1200	59.968344177474954	0.0	601738	1598.5544461362824	1.2
49281.17611064735	1200	59.903906565644974	0.0	616206	2064.437611829978	1.2
49283.69727295888	1200	59.815847425291594	0.0	656471	1588.0591403533851	1.2
49286.57524418914	1200	59.618913416752086	0.0	536667	1696.9340085395045	1.2
49290.54931090609	1200	59.644846699796034	0.0	587236	2974.066716956053	1.2
49294.90514678758	1200	59.28901081830047	0.0	590335	4355.835881495564	1.2
49298.65547048102	1200	59.538687124868076	0.0	696376	3250.3236934323972	1.2
49300.22532298217	1200	59.97189257388678	0.0	487160	1066.7945509812982	1.2
49303.04807143162	1200	59.52654735570139	0.0	622896	1945.345218185385	1.2
49304.88727472419	1200	59.74814727260047	0.0	641447	1278.4000831009198	1.2
49307.24660102162	1200	59.74588588406493	0.0	570392	2002.2613885355402	1.2
49308.720215034074	1200	59.71761114633938	0.0	620283	1028.2747377255478	1.2
49311.802768910595	1200	59.85350400564075	0.0	584349	2864.107140698627	1.2
49317.36912758457	1200	58.28714533166914	0.0	670129	5566.358673971609	1.2
49319.39762115558	1200	59.76730117286539	0.0	690253	2019.8441588037524	1.2
49323.36357642365	1200	59.57264824587621	0.0	598727	3694.6529269891744	1.2
49324.54605869982	1200	59.57705827833599	0.0	487812	995.5899675402202	1.2
49330.38859903062	1850	57.7345179475414	0.0	938587	5842.540330794599	1.2000000000000002
49333.79719699219	1850	58.325919985966806	0.0	908665	3408.597961574592	1.85
49336.358155116046	1850	59.7649618621177	0.0	930577	2060.9581238491073	1.85
49340.49622895603	1850	59.62688802213197	0.0	858450	3138.073839985732	1.85
49344.33105006891	1850	59.57000873180658	0.0	1025005	2056.8792903253907	1.85
49348.09397957691	1850	59.807079223809744	0.0	886255	3262.9295079968365	1.85
49352.23173309454	1850	59.65463820077613	0.0	973972	2652.4410230336125	1.85
49355.528832880016	1850	59.984244495330024	0.0	958994	2170.3937054461076	1.85
49359.87895593662	1850	59.63412143872404	0.0	982064	3350.123056605981	1.85
49363.58308115845	1850	59.92999621689024	0.0	830730	2704.1252218338072	1.85
49366.843736199306	1850	59.90164588170156	0.0	846370	2528.350335188677	1.85

