52420.09369783038	750	4.0	7.220483015225618	450283	7220.483015225618	-30.298076965470155
52423.46100069546	300	4.632697134921389	0.0	155580	3367.302865078611	-0.15000000000000002
52427.6671428685	300	4.42655496187844	0.0	139857	4206.142173042948	0.3
52431.05263349157	300	5.041064338813944	0.0	155432	3385.490623064497	0.3
52437.080295766835	300	4.0	0.9865979364553159	163442	6027.662275269259	-3.942371126757858
52440.24128466701	300	4.839011099824653	0.0	126289	3160.9889001753468	0.3
52442.905074359405	300	6.175221407434726	0.0	153295	2663.789692389927	0.3
52446.49879603843	300	6.581499728405215	0.0	173849	3593.7216790295106	0.3
52452.78435193126	300	4.295943835579946	0.0	150710	6285.555892825269	0.3
52456.30983660893	300	4.770459157910431	0.0	139105	3525.484677669515	0.3
52460.9800404288	300	4.100255338040472	0.0	141840	4670.203819869959	0.3
52468.932932858675	300	4.0	3.8526370918297532	156148	7952.892429870225	-16.26633949486794
52474.52211589376	300	4.0	1.589183035085226	160746	5589.183035085226	-6.533487050866472
52483.79970034285	300	4.0	5.27758444909571	179801	9277.58444909571	-22.39361313111155
52487.47283701899	300	4.326863323864805	0.0	140051	3673.1366761351956	0.3
52491.46348016051	300	4.336220182345175	0.0	138313	3990.6431415196294	0.3
52495.43947091901	300	4.360229423851939	0.0	143509	3975.9907584932366	0.3
52499.29205697583	300	4.507643367027787	0.0	150616	3852.5860568241524	0.3
52508.29959420164	300	4.0	4.4998938587827	165384	9007.537225810487	-19.04954359276561
52521.425394770784	300	4.0	9.1258005691483	140881	13125.8005691483	-38.94094244733769
52531.68846630173	300	4.0	6.263071530943238	157671	10263.071530943238	-26.63120758305592
52540.14535344264	300	4.0	4.456887140905613	157812	8456.887140905614	-18.864614705894137
52549.22043763645	300	4.0	5.07508419381153	163927	9075.08419381153	-21.522862033389575
52555.66234117497	300	4.0	2.441903538517142	137654	6441.903538517142	-10.200185215623709
52560.01281454627	300	4.0	0.35047337130717277	146754	4350.473371307173	-1.2070354966208428
52565.78280529129	300	4.0	1.7699907450155314	153938	5769.9907450155315	-7.310960203566785
52582.10832860584	300	4.0	12.325523314558678	181901	16325.523314558679	-52.699750252602314
52589.3067254011	300	4.0	3.198396795249312	111155	7198.396795249312	-13.45310621957204
52599.510383973306	300	4.0	6.203658572213748	153605	10203.658572213748	-26.375731860519117
52611.5603534292	300	4.0	8.049969455897608	149029	12049.969455897608	-34.31486866035972
52615.68966102021	300	4.0	0.12930759100480738	157421	4129.307591004807	-0.2560226413206717
52627.094486795584	300	4.0	7.404825775372079	157488	11404.825775372079	-31.54075083409994
52635.520697343505	300	4.0	4.426210547925428	143881	8426.210547925428	-18.73270535607934
52643.98589543056	300	4.0	4.4651980870499735	163444	8465.198087049974	-18.900351774314885
52652.80215915803	300	4.0	4.816263727480984	179328	8816.263727480984	-20.40993402816823
52662.59134699612	300	4.0	5.789187838085791	159914	9789.18783808579	-24.5935077037689
52665.386748129116	300	5.204598867007247	0.0	131610	2795.4011329927525	0.3
52669.7999713533	300	4.7913756428195375	0.0	124011	4413.22322418771	0.3
52672.56610881892	300	6.025238177195279	0.0	144254	2766.1374656242583	0.3
52674.97377403733	300	7.6175729587926275	0.0	149991	2407.6652184026516	0.3
52680.87809051248	750	5.713256483649181	0.0	345516	5904.316475143447	0.3
52683.76282604377	300	6.828520952355195	0.0	161857	2884.735531293985	-0.15000000000000002
52686.3186245413	300	8.27272245481854	0.0	145210	2555.798497536655	0.3
52695.91045305873	750	4.0	1.31910606260052	438281	9591.82851741906	-5.372156069182236
52700.5790957925	300	4.0	0.6686427337663244	167025	4668.642733766324	-3.0251637551951953
52703.240462763	300	5.33863302948902	0.0	160064	2661.3669705109805	0.3
52705.46393340878	300	7.115162383721186	0.0	137507	2223.470645767833	0.3
52710.53545392761	750	6.043641864892097	0.0	314107	5071.52051882909	0.3

