26400.389786000465	750	4.0	4.694004695967678	450283	4694.004695967677	-19.434220192661012
26401.353671588895	300	7.036114411569737	0.0	155580	963.8855884302627	-0.15000000000000002
26402.228231215715	300	10.161554784746937	0.0	139857	874.5596268228002	0.3
26403.251203324457	300	13.138582676005718	0.0	155432	1022.9721087412181	0.3
26404.406385561797	300	15.983400438662013	0.0	163442	1155.182237343706	0.3
26405.317161553106	300	19.072624447350726	0.0	126289	910.7759913112867	0.3
26406.405593052194	300	21.98419294826479	0.0	153295	1088.4314990859352	0.3
26407.629236404453	300	24.76054959600548	0.0	173849	1223.643352259309	0.3
26408.700662812535	300	27.68912318792145	0.0	150710	1071.4264080840296	0.3
26409.695747216334	300	30.694038784122572	0.0	139105	995.0844037988782	0.3
26410.708823466895	300	33.680962533557654	0.0	141840	1013.0762505649177	0.3
26411.816023060615	300	36.57376293983789	0.0	156148	1107.19959371976	0.3
26412.95347000769	300	39.43631599276155	0.0	160746	1137.4469470763415	0.3
26414.216267828673	300	42.17351817178141	0.0	179801	1262.7978209801379	0.3
26415.21757537216	300	45.17221062829673	0.0	140051	1001.307543484682	0.3
26416.207449705522	300	48.18233629493248	0.0	138313	989.8743333642517	0.3
26417.231505258558	300	51.158280741898636	0.0	143509	1024.0555530338463	0.3
26418.302313299693	300	54.087472700760124	0.0	150616	1070.8080411385058	0.3
26419.470270734997	300	56.919515265456766	0.0	165384	1167.9574353033586	0.3
26420.47703832704	300	59.91274767341054	0.0	140881	1006.7675920462223	0.3
26423.27573231652	300	59.795529219498945	0.0	157671	1117.2184539115985	0.3
26426.116500120148	300	59.67738321516906	0.0	157812	1118.1460043298841	0.3
26429.075867414744	300	59.51901046752132	0.0	163927	1158.3727476477386	0.3
26431.842150471588	300	59.744866082872996	0.0	137654	1274.144384648322	0.3
26434.844918495735	300	59.7000513706451	0.0	146754	1544.8147122279001	0.3
26437.301696310264	300	59.658139181343586	0.0	153938	1041.9121893015172	0.3
26439.576851248694	300	59.941494628691636	0.0	181901	1216.644552651946	0.3
26441.6055097827	300	59.666920518323764	0.0	111155	774.5741103678761	0.3
26443.892853891823	300	59.60979071183378	0.0	153605	1057.1298064899809	0.3
26446.227328338828	300	59.51716043749835	0.0	149029	1092.6302743354295	0.3
26448.18947829148	300	59.86750774965801	0.0	157421	1149.6526878403374	0.3
26450.219191182983	300	59.71739980660976	0.0	157488	1150.107943048253	0.3
26452.13709712428	300	59.6597494398915	0.0	143881	1057.6503667182624	0.3
26453.798508884007	300	59.969171347315694	0.0	163444	1190.5780925758067	0.3
26455.778357518004	300	59.67066379619461	0.0	179328	1298.5075511210828	0.3
26457.223592359882	300	59.752716984390865	0.0	159914	917.9468118037454	0.3
26458.211148923103	300	59.983082681568774	0.0	131610	769.6343028220851	0.3
26459.307702583825	300	59.75326701765821	0.0	124011	729.8156639105661	0.3
26460.26621790332	300	59.91737835631563	0.0	144254	835.8886613425808	0.3
26461.54074546182	300	59.55142790639095	0.0	149991	865.9504499246817	0.3
26462.581022421717	300	59.69607794423019	0.0	147968	855.3499621607651	0.3
26463.54120569414	300	59.76794984338774	0.0	161857	928.1281008424454	0.3
26467.55378357427	750	59.73818845261213	0.0	372093	2029.7613907756106	0.3
26471.430369030353	750	59.8616029965285	0.0	438281	2376.5854560836287	0.75
26475.47014209324	750	59.69091747430317	0.0	398987	2170.685522225327	0.75
26479.54628300354	750	59.54739078948782	0.0	393804	2143.5266848153515	0.75
26483.0293220455	750	59.73267834474837	0.0	331053	1814.7124447394558	0.75
26486.54287181089	750	59.519566797162696	0.0	314107	1713.1115475856705	0.75

