71311.26500530475	750	4.0	13.356772286425155	450283	13356.772286425155	-56.684120831628164
71313.71709711723	300	5.5479081875217595	0.0	155580	2452.0918124782397	-0.15000000000000002
71314.96553947397	300	8.299465830786634	0.0	139857	1248.4423567351255	0.3
71317.83229501332	750	9.432710291448574	0.0	382355	2866.7555393380617	0.3
71326.08215786474	1200	5.182847440013109	0.0	652874	8249.862851435464	0.75
71326.62690331809	300	8.638101986672023	0.0	126289	544.745453341086	-0.6000000000000001
71328.00463127664	750	11.260374028123715	0.0	352642	1377.7279585483077	0.3
71331.94904771826	1850	11.315957586511198	0.0	1060487	3944.416441612516	0.75
71334.4876074581	1850	12.777397846667602	0.0	852833	2538.5597398435975	1.85
71337.05330659302	1850	14.211698711754922	0.0	913888	2565.6991349126797	1.85
71342.02805846212	2850	13.23694684264532	0.0	1354548	4974.751869109601	1.85
71346.83564413765	2850	12.429361167120438	0.0	1519951	4807.585675524883	2.85
71350.13486019595	1850	13.130145108823408	0.0	946851	3299.2160582970305	0.8500000000000001
71355.67787069049	2850	11.587134614276772	0.0	1578343	5543.010494546635	1.85
71358.10443768634	1850	13.160567618426567	0.0	821631	2426.5669958502062	0.8500000000000001
71362.0893005438	2850	13.175704760968683	0.0	1471065	3984.862857457883	1.85
71366.00256685918	2850	13.262438445583998	0.0	1491626	3913.266315384687	2.85
71369.42030766321	2850	13.844697641545386	0.0	1358801	3417.74080403861	2.85
71373.81403296081	2850	13.45097234393872	0.0	1537156	4393.725297606667	2.85
71376.66656162703	2850	14.598443677720494	0.0	1336050	2852.5286662182257	2.85
71379.62278095075	2850	15.642224353999225	0.0	1415116	2956.219323721269	2.85
71390.43400290297	4300	8.83100240177766	0.0	2176469	10811.221952221566	2.8499999999999996
71391.43407810481	750	11.830927199937515	0.0	401853	1000.0752018401453	-2.8
71392.82485754981	1850	14.440147754932484	0.0	874175	1390.7794450050296	0.75
71395.00992866333	2850	16.255076641421226	0.0	1383735	2185.071113511257	1.85
71400.26183143115	4300	15.00317387359354	0.0	2105231	5251.902767827688	2.8499999999999996
71404.54165214764	4300	14.723353157099632	0.0	2395588	4279.820716493907	4.3
71406.69420491294	2850	16.57080039181013	0.0	1141971	2152.5527652895034	1.4000000000000001
71410.76299387527	4300	16.502011429486302	0.0	2134614	4068.788962323829	2.8499999999999996
71414.8869558023	4300	16.37804950244774	0.0	2164140	4123.961927038561	4.3
71418.91571698988	4300	16.34928831487004	0.0	2113193	4028.761187577698	4.3
71431.60591528227	4300	7.659090022494633	0.0	2147852	12690.19829237541	4.3
71436.59610800925	750	6.6688972955070795	0.0	369834	4990.192726987553	-2.8
71438.5950194696	300	8.669985835150857	0.0	163444	1998.9114603562216	-0.15000000000000002
71444.58450991883	750	6.680495385934727	0.0	401088	5989.49044921613	0.3
71445.97492371869	300	9.290081586065796	0.0	159914	1390.413799868932	-0.15000000000000002
71450.27695227058	1200	8.98805303418059	0.0	487812	4302.028551885205	0.29999999999999993
71451.91562092079	750	11.349384383963491	0.0	361565	1638.6686502171008	0.3
71455.87379409914	1850	11.391211205611164	0.0	908665	3958.173178352327	0.75
71458.10637411436	1850	13.158631190387663	0.0	930577	2232.5800152235	1.85
71463.67604690144	2850	11.588958403319293	0.0	1339500	5569.67278706837	1.85
71468.36705456444	1850	10.897950740312801	0.0	1025005	4691.007663006492	0.8500000000000001
71471.09445316643	1200	12.170552138328178	0.0	599477	2727.3986019846225	0.5499999999999999
71473.51671985982	1850	13.748285444933776	0.0	973972	2422.266693394403	1.2000000000000002
71480.07003811101	2850	11.194967193751632	0.0	1464921	6553.318251182143	1.85
71482.516362168	1850	12.748643136747507	0.0	982064	2446.324057004125	0.8500000000000001
71484.20408251001	1850	15.06092279474044	0.0	830730	1687.7203420070668	1.85
71489.81124011661	4300	13.453765188140986	0.0	2155012	5607.157606599454	1.8499999999999996

