75776.6431188356	750	4.0	7.262531807425087	450283	7262.531807425087	-30.478886771927872
75778.39821206569	300	6.2449067699127605	0.0	155580	1755.0932300872391	-0.15000000000000002
75779.9840194566	300	8.659099378986479	0.0	139857	1585.8073909262823	0.3
75781.73751920553	300	10.90559963005397	0.0	155432	1753.499748932509	0.3
75783.5772607386	300	13.065858097003973	0.0	163442	1839.7415330499969	0.3
75785.016984668	300	15.62613416761403	0.0	126289	1439.7239293899431	0.3
75788.89379805561	750	15.749320780003641	0.0	352642	3876.813387610388	0.3
75792.34448671286	750	16.298632122747073	0.0	437162	3450.6886572565713	0.75
75794.30641190275	750	18.336706932842215	0.0	374758	1961.925189904857	0.75
75797.58254876507	750	19.060570070513645	0.0	362795	3276.1368623285716	0.75
75799.99285299539	750	20.650265840198678	0.0	353220	2410.3042303149673	0.75
75802.74565032862	750	21.897468506966064	0.0	405134	2752.7973332326146	0.75
75809.0723263118	1850	19.570792523788562	0.0	946851	6326.6759831775025	0.75
75815.99014166972	1850	16.65297716586186	0.0	1036454	6917.815357926702	1.85
75821.49070164668	1850	15.152417188912885	0.0	821631	5500.5599769489745	1.85
75825.4491058415	1200	15.194012994074988	0.0	587876	3958.4041948378967	0.5499999999999999
75827.90962224976	750	16.733496585805977	0.0	360831	2460.5164082690108	0.3
75830.45017730512	750	18.192941530455315	0.0	372963	2540.5550553506628	0.75
75837.04639985967	1850	15.596718975911587	0.0	987708	6596.2225545437295	0.75
75843.22070421468	1850	13.42241462090733	0.0	923755	6174.304355004255	1.85
75849.18289823814	1850	11.460220597449581	0.0	891604	5962.19402345775	1.85
75855.56485973587	1850	9.07825909972013	0.0	955231	6381.961497729451	1.85
75858.29601127276	750	10.34710756281746	0.0	401853	2731.151536902669	-0.3500000000000001
75860.64416877908	750	11.998950056497645	0.0	343800	2348.157506319817	0.75
75863.09856287739	750	13.544555958193335	0.0	359903	2454.3940983043085	0.75
75865.68356405583	750	14.959554779747629	0.0	379700	2585.0011784457083	0.75
75868.57257618845	750	16.07054264711715	0.0	425781	2889.0121326304775	0.75
75870.4847566132	750	18.158362222378596	0.0	277716	1912.1804247385528	0.75
75873.20629585956	750	19.43682297601318	0.0	400396	2721.539246365415	0.75
75875.9285740054	750	20.714544830169267	0.0	400508	2722.278145843913	0.75
75878.37185162495	750	22.2712672106263	0.0	358218	2443.277619542968	0.75
75881.09290266987	750	23.550216165702032	0.0	400322	2721.0510449242634	0.75
75883.61281472105	750	25.030304114531926	0.0	369834	2519.9120511701085	0.75
75891.36298805744	750	21.28013077812636	0.0	412837	7750.1733364055635	0.75
75899.19264117314	750	17.45047766244174	0.0	401088	7829.653115684618	0.75
75904.45859378797	750	16.184525047613416	0.0	365161	5265.952614828327	0.75
75907.35711977695	750	17.285999058626395	0.0	321064	2898.5259889870217	0.75
75911.16101575243	750	17.48210308315489	0.0	361565	3803.8959754715074	0.75
75915.13754996538	750	17.505568870185687	0.0	378327	3976.5342129692003	0.75
75919.24131244156	750	17.401806394013466	0.0	390680	4103.76247617222	0.75
75922.87991363874	750	17.763205196826203	0.0	345516	3638.601197187265	0.75
75926.92007743238	750	17.723041403182812	0.0	384505	4040.16379364339	0.75
75930.8324052993	750	17.810713536267816	0.0	372093	3912.327866914994	0.75
75935.42642864786	750	17.21669018769805	0.0	438281	4594.023348569766	0.75
75939.61574808853	750	17.02737074702915	0.0	398987	4189.319440668898	0.75
75943.7516858334	750	16.891433002157324	0.0	393804	4135.937744871824	0.75
75947.24132707181	750	17.401791763741635	0.0	331053	3489.64123841569	0.75
75950.55643498649	750	18.086683849072273	0.0	314107	3315.107914669365	0.75

