28791.533292732896	750	4.0	2.995120564854714	450283	2995.1205648547143	-12.12901842887527
28794.15108216662	750	5.3822105662793485	0.0	398865	2617.7894337206517	0.75
28796.069655089363	750	7.463637643535536	0.0	350812	1918.5729227438121	0.75
28797.13069880353	750	10.402593929369539	0.0	382355	1061.0437141659972	0.75
28798.924874605396	1200	12.608418127503105	0.0	652874	1794.1758018664325	0.75
28800.40219079316	1200	15.13110193973867	0.0	520315	1477.3161877644363	1.2
28802.644720024437	1850	16.88857270846388	0.0	905515	2242.5292312747893	1.2000000000000002
28805.297334139912	1850	18.235958592988535	0.0	1060487	2652.6141154753423	1.85
28809.39002935717	1850	18.143263375730406	0.0	852833	4092.6952172581314	1.85
28812.248342499814	1850	19.28495023308911	0.0	913888	2858.3131426412983	1.85
28814.45015044029	1850	21.083142292614315	0.0	939819	2201.807940474792	1.85
28819.420557677786	1850	20.11273505511961	0.0	917428	4970.407237494705	1.85
28825.848339775923	1850	17.684952956981117	0.0	946851	6427.782098138495	1.85
28828.663823339695	1850	18.869469393206213	0.0	1036454	2815.483563774902	1.85
28832.70157131106	1850	18.83172142184308	0.0	821631	4037.7479713631333	1.85
28841.551561246753	1850	13.981731486151443	0.0	923170	8849.98993569164	1.85
28843.194154964433	1200	16.33913776847351	0.0	617242	1642.593717677933	0.5499999999999999
28845.91737531835	1200	17.615917414557682	0.0	581493	2723.2203539158245	1.2
28847.691380838136	1200	19.841911894767733	0.0	639204	1774.0055197899492	1.2
28849.22874148395	1200	22.304551248955008	0.0	586839	1537.3606458127244	1.2
28850.80310242501	1200	24.730190307896123	0.0	601738	1574.3609410588886	1.2
28853.153221163113	1850	26.38007156979343	0.0	955231	2350.1187381026957	1.2000000000000002
28860.539020687087	1850	22.994272045817624	0.0	968026	7385.799523975805	1.85
28862.583261161475	1850	24.95003157143103	0.0	874175	2044.2404743865902	1.85
28865.496046391945	1850	26.03724634096249	0.0	897976	2912.78523046854	1.85
28870.011001037135	1850	25.52229169577211	0.0	905935	4514.9546451903825	1.85
28875.45900502873	1850	24.074287704177813	0.0	1076599	5448.0039915943	1.85
28880.867607888693	1850	22.665684844215004	0.0	758197	5408.602859962809	1.85
28886.718792366173	1850	20.814500366732833	0.0	972798	5851.184477482171	1.85
28892.43135742411	1850	19.101935308795866	0.0	975811	5712.565057936968	1.85
28897.330987813897	1850	18.20230491900924	0.0	873429	4899.630389786627	1.85
28902.529410767027	1850	17.00388196588123	0.0	954453	5198.422953128008	1.85
28904.687592306178	1850	18.845700426730655	0.0	885062	2158.1815391505775	1.85
28907.545984096472	1850	19.98730863643642	0.0	1035329	2858.391790294236	1.85
28916.362778137587	1850	15.170514595319657	0.0	1026056	8816.794041116764	1.85
28919.56309499452	1850	15.970197738387524	0.0	943942	3200.3168569321333	1.85
28924.485178787643	1850	15.048113945260578	0.0	728962	4922.083793126945	1.85
28931.443388233653	1850	12.089904499252443	0.0	938587	6958.209446008134	1.85
28937.231595514444	1850	10.30169721846445	0.0	908665	5788.207280787992	1.85
28938.224283407504	750	13.309009325403215	0.0	390680	992.687893061237	-0.3500000000000001
28941.866443827603	1200	13.66684890530641	0.0	566904	3642.1604200968045	0.75
28947.29897247192	1200	12.234320260992293	0.0	641452	5432.528644314116	1.2
28949.26274044318	1200	14.270552289730864	0.0	599477	1963.7679712614306	1.2
28950.724437088455	1200	16.808855644454912	0.0	634861	1461.696645275955	1.2
28952.53975487872	1200	18.993537854191242	0.0	630203	1815.317790263668	1.2
28956.736605329963	2850	18.796687402945032	0.0	1483527	4196.850451246211	1.2000000000000002
28961.23934446555	4300	18.293948267359735	0.0	1961140	4502.7391355853	2.8499999999999996
28969.604074959523	4300	13.929217773384204	0.0	2155012	8364.73049397553	4.3

