85017.2900452472	750	4.0	3.9109266483430414	450283	3910.9266483430415	-16.066984587875076
85018.68877756299	300	6.601267684203109	0.0	155580	1398.7323157968904	-0.15000000000000002
85019.84477525634	300	9.445269990851457	0.0	139857	1155.9976933516525	0.3
85021.07038860198	300	12.219656645213668	0.0	155432	1225.6133456377881	0.3
85022.35503974484	300	14.935005502349064	0.0	163442	1284.6511428646054	0.3
85024.78301937478	750	16.507025872415998	0.0	318564	2427.979629933066	0.3
85026.66047918054	750	18.629566066637747	0.0	352642	1877.4598057782505	0.75
85028.69201537184	750	20.59802987533174	0.0	437162	2031.5361913060087	0.75
85030.49811572135	1200	22.791929525829758	0.0	584846	1806.1003495019834	0.75
85032.57730115618	1850	24.712744091002396	0.0	913888	2079.185434827364	1.2000000000000002
85035.51085522781	2850	25.77919001936585	0.0	1354548	2933.554071636547	1.85
85037.16124380441	1850	28.128801442771103	0.0	917428	1650.3885765947457	0.8500000000000001
85039.59535355658	2850	29.694691690609123	0.0	1422919	2434.109752161981	1.85
85043.53864146901	4300	29.75140377816863	0.0	2275376	3943.287912440489	2.8499999999999996
85047.11082343738	4300	30.17922180980553	0.0	2005399	3572.181968363099	4.3
85050.63393132867	4300	30.656113918507824	0.0	2152483	3523.1078912977064	4.3
85054.36869732187	4300	30.92134792530532	0.0	2289689	3734.7659932025044	4.3
85057.57072588963	4300	31.719319357565006	0.0	2059512	3202.0285677403153	4.3
85061.10209994197	4300	32.18794530522077	0.0	2220726	3531.374052344229	4.3
85064.55719535283	4300	32.73284989437021	0.0	2156729	3455.095410850566	4.3
85067.82926468164	4300	33.46078056555009	0.0	2039773	3272.0693288201214	4.3
85071.31525149489	4300	33.97479375229792	0.0	2176469	3485.9868132521615	4.3
85074.48662868307	4300	34.803416564120056	0.0	2221506	3171.3771881778653	4.3
85077.22434983334	4300	36.06569541383619	0.0	2044075	2737.7211502838622	4.3
85079.81929243637	4300	37.47075281080924	0.0	2186790	2594.9426030269497	4.3
85082.32043718785	4300	38.969608059318226	0.0	2105231	2501.1447514910114	4.3
85085.16712444881	4300	40.12292079836293	0.0	2395588	2846.687260955302	4.3
85087.78414645074	4300	41.505898796418656	0.0	1972048	2617.022001944271	4.3
85090.55030355613	4300	42.73974169102821	0.0	2134614	2766.157105390445	4.3
85093.24607819675	4300	44.04396705041365	0.0	2164140	2695.7746406145498	4.3
85096.314171521	4300	44.97587372616372	0.0	2113193	3068.0933242499323	4.3
85099.4861649719	4300	45.80388027527317	0.0	2147852	3171.9934508905494	4.3
85102.37421886122	4300	46.915826385946325	0.0	2191074	2888.0538893268467	4.3
85105.43940683501	4300	47.85063841216908	0.0	2286761	3065.18797377724	4.3
85108.63817379826	4300	48.65187144890535	0.0	2307787	3198.76696326374	4.3
85111.36906051968	4300	49.920984727492666	0.0	2143948	2730.886721412682	4.3
85114.44910297905	4300	50.84094226811793	0.0	1919781	3080.0424593747352	4.3
85118.39700929655	4300	50.89303595061016	0.0	2147467	3947.90631750777	4.3
85121.31203026845	4300	51.97801497870254	0.0	2133870	2915.0209719076247	4.3
85124.68474462652	4300	52.605300620644336	0.0	2146120	3372.7143580581987	4.3
85127.86084569537	4300	53.42919955179749	0.0	2108491	3176.101068846851	4.3
85130.91688769255	4300	54.37315755460482	0.0	2184571	3056.0419971926594	4.3
85134.03196704637	4300	55.25807820079995	0.0	2121928	3115.079353804877	4.3
85137.0716533695	4300	56.21839187765739	0.0	2219102	3039.6863231425573	4.3
85141.76299863252	4300	55.527046614642266	0.0	2124950	4691.3452630151205	4.3
85144.8325732789	4300	56.457471968276366	0.0	2246506	3069.5746463658993	4.3
85147.50363159168	4300	57.786413655485134	0.0	1961140	2671.0583127912305	4.3
85150.2706483753	4300	59.01939687185537	0.0	2155012	2767.01678362976	4.3

