14711.332327014827	750	4.0	1.5616929339170054	450283	1561.6929339170053	-5.965279615843123
14711.75880585513	300	7.573521159695278	0.0	155580	426.4788403047223	-0.15000000000000002
14712.150269354092	300	11.182057660733344	0.0	139857	391.4634989619331	0.3
14712.576418596322	300	14.7559084185027	0.0	155432	426.14924223064406	0.3
14713.572970710955	750	17.75935630386938	0.0	411561	996.5521146333194	0.3
14715.736533953612	750	19.59579306121228	0.0	318564	2163.563242657104	0.75
14719.18255613024	1200	20.149770884584317	0.0	561791	3446.022176627967	0.75
14722.842244879992	1200	20.490082134831606	0.0	709534	3659.68874975271	1.2
14725.872866903093	1200	21.459460111732113	0.0	584846	3030.62202309949	1.2
14728.78227976326	1200	22.550047251566056	0.0	560821	2909.4128601660586	1.2
14739.57621516746	1850	15.756111847363998	0.0	939819	10793.935404202057	1.2000000000000002
14745.499875870673	750	13.832451144151769	0.0	405134	5923.660703212231	-0.3500000000000001
14749.304955150283	750	14.02737186454257	0.0	386351	3805.079279609199	0.75
14755.43341981004	750	11.898907204784315	0.0	434409	6128.464659758253	0.75
14757.508175904914	300	13.82415110991047	0.0	140051	2074.756094873845	-0.15000000000000002
14762.255306576884	750	13.07702043794078	0.0	366214	4747.1306719696895	0.3
14765.984041330943	750	13.348285683881732	0.0	360831	3728.734754059049	0.75
14769.875555519575	750	13.456771495249525	0.0	372963	3891.5141886322067	0.75
14773.85566980583	750	13.476657208996741	0.0	405596	3980.1142862527827	0.75
14775.985480606783	750	15.346846408042945	0.0	350713	2129.810800953797	0.75
14778.943840794786	750	16.388486220041116	0.0	386472	2958.36018800183	0.75
14781.876423312415	750	17.45590370241109	0.0	399894	2932.582517630029	0.75
14784.165404356987	750	19.16692265783917	0.0	401853	2288.981044571917	0.75
14787.112777963848	1200	20.219549050976195	0.0	536667	2947.3736068629737	0.75
14790.997155871808	1200	20.3351711430162	0.0	587236	3884.3779079599944	1.2
14794.028067079633	1200	21.304259935191375	0.0	590335	3030.9112078248236	1.2
14796.687864497504	1200	22.644462517321966	0.0	696376	2659.7974178694094	1.2
14799.507168739498	1850	23.82515827532763	0.0	758197	2819.304241994333	1.2000000000000002
14802.344825412521	1850	24.987501602304942	0.0	972798	2837.656673022689	1.85
14805.191023241628	1850	26.14130377319865	0.0	975811	2846.1978291062924	1.85
14809.073016962333	2850	26.259310052493323	0.0	1341201	3881.99372070533	1.85
14813.398600854387	2850	25.933726160439022	0.0	1497683	4325.5838920543	2.85
14817.32844545949	2850	26.003881555335678	0.0	1358081	3929.844605103348	2.85
14821.908052914987	2850	25.424274099839053	0.0	1587293	4579.607455496623	2.85
14826.219431784426	2850	25.112895230398408	0.0	1492672	4311.378869440648	2.85
14830.381202936154	2850	24.951124078670425	0.0	1439896	4161.771151727982	2.85
14832.527641111068	1850	26.80468590375645	0.0	728962	2146.4381749139757	0.8500000000000001
14836.856983905534	2850	26.47534310929031	0.0	1499009	4329.342794466136	1.85
14840.983552907828	2850	26.348774106996842	0.0	1427478	4126.569002293469	2.85
14845.0387112686	2850	26.293615746224134	0.0	1402287	4055.1583607727066	2.85
14848.915883048881	2850	26.416443965943035	0.0	1339500	3877.171780281099	2.85
14852.96588292134	2850	26.366444093483736	0.0	1527299	4049.9998724592992	2.85
14861.018017838916	2850	22.31430917590731	0.0	1343002	8052.134917576427	2.85
14866.011829736548	1850	21.3204972782757	0.0	973972	4993.81189763161	0.8500000000000001
14869.271283559987	1200	22.061043454836078	0.0	630203	3259.4538234396196	0.5499999999999999
14883.522202953467	1850	11.810124061356218	0.0	982064	14250.91939347986	1.2000000000000002
14885.20154231455	300	14.130784700274306	0.0	137507	1679.3393610819126	-1.25
14888.223843439047	750	15.108483575775855	0.0	314107	3022.3011244984496	0.3

