93227.2294895571	750	4.0	2.4706839830999345	450283	2470.6839830999347	-9.873941127329719
93228.00441436576	300	7.225075191356174	0.0	155580	774.9248086438267	-0.15000000000000002
93229.46425937532	750	9.765230181795024	0.0	350812	1459.8450095611477	0.3
93231.21379075706	750	12.015698800060797	0.0	382355	1749.531381734229	0.75
93232.52487979132	750	14.704609765797636	0.0	411561	1311.0890342631596	0.75
93234.81156496383	1850	16.417924593286365	0.0	801058	2286.6851725112697	0.75
93238.64220205063	1850	16.587287506489794	0.0	905515	3830.6370867965743	1.85
93241.52260821353	1850	17.706881343593015	0.0	1060487	2880.4061628967775	1.85
93246.71140424693	1850	16.518085310190195	0.0	852833	5188.7960334028185	1.85
93249.08951025845	1850	18.13997929866176	0.0	913888	2378.106011528436	1.85
93252.44801327716	1850	18.781476279948308	0.0	939819	3358.5030187134553	1.85
93257.56463276489	1850	17.664856792218583	0.0	917428	5116.619487729723	1.85
93259.87791347108	1850	19.351576086041746	0.0	946851	2313.2807061768362	1.85
93263.05738142012	1850	20.172108136995128	0.0	1036454	3179.467949046619	1.85
93264.94248258558	1850	22.287006971535252	0.0	821631	1885.1011654598763	1.85
93267.14584035889	1850	24.083649198219696	0.0	923170	2203.3577733155553	1.85
93269.38429140735	1850	25.845198149766656	0.0	966699	2238.4510484530383	1.85
93271.49098285713	1850	27.738506699997625	0.0	885714	2106.6914497690314	1.85
93279.47514246983	4300	23.75434708728462	0.0	2220726	7984.159612713004	1.8499999999999996
93288.31105325173	4300	18.918436305394323	0.0	2156729	8835.910781890301	4.3
93292.85021602284	4300	18.37927353429224	0.0	2039773	4539.162771102083	4.3
93298.50188642432	4300	16.727603132814885	0.0	2176469	5651.670401477352	4.3
93304.40805388734	4300	14.821435669794628	0.0	2221506	5906.167463020258	4.3
93311.5016614359	4300	11.727828121228832	0.0	2044075	7093.607548565797	4.3
93316.83588777471	4300	10.393601782424842	0.0	2186790	5334.226338803989	4.3
93321.18742284094	4300	10.042066716198388	0.0	2105231	4351.535066226455	4.3
93326.30645161727	4300	8.923037939865067	0.0	2395588	5119.028776333321	4.3
93331.58463207146	4300	7.644857485673025	0.0	1972048	5278.18045419204	4.3
93334.26056734366	1850	8.968922213464838	0.0	972798	2675.9352722081885	-0.6000000000000001
93336.6823083045	1850	10.547181252635623	0.0	975811	2421.7409608292146	1.85
93339.0040871846	1850	12.225402372544266	0.0	873429	2321.7788800913563	1.85
93342.26445203097	1850	12.965037526159755	0.0	954453	3260.3648463845116	1.85
93344.66787010469	1850	14.561619452446646	0.0	885062	2403.418073713108	1.85
93348.89207866223	1850	14.337410894907574	0.0	1035329	4224.208557539072	1.85
93351.12707896999	1850	16.102410587151574	0.0	1026056	2235.0003077559986	1.85
93353.35281379704	1850	17.876675760088276	0.0	943942	2225.734827063301	1.85
93358.42381237837	1850	16.805677178756103	0.0	728962	5070.998581332175	1.85
93361.82041958408	1850	17.409069973057083	0.0	938587	3396.6072056990192	1.85
93365.42724267604	1850	17.802246881085534	0.0	908665	3606.8230919715465	1.85
93368.18997060452	1850	19.039518952614888	0.0	930577	2762.7279284706497	1.85
93370.55446051614	1850	20.67502904100637	0.0	858450	2364.489911608519	1.85
93373.3636183893	1850	21.865871167852745	0.0	1025005	2809.15787315362	1.85
93375.7599179964	1850	23.469571560734916	0.0	886255	2396.2996071178327	1.85
93378.15454787777	1850	25.074941679367164	0.0	973972	2394.6298813677545	1.85
93380.92338572601	1850	26.306103831130123	0.0	958994	2768.83784823704	1.85
93388.75219401285	1850	22.477295544291234	0.0	982064	7828.80828683889	1.85
93393.05884275446	1850	22.170646802688864	0.0	830730	4306.648741602371	1.85
93397.16847673763	1850	22.061012819514005	0.0	846370	4109.633983174858	1.85

