43119.971414215855	750	4.0	2.46741483337502	450283	2467.41483337502	-9.859883783512585
43120.315079044274	300	7.656335171584022	0.0	155580	343.6648284159778	-0.15000000000000002
43123.02429005754	750	8.947124158322316	0.0	350812	2709.2110132617045	0.3
43124.94079588114	750	11.030618334720426	0.0	382355	1916.5058236018906	0.75
43130.639251168475	1850	9.332163047392958	0.0	996749	5698.455287327468	0.75
43132.681112599515	1200	11.290301616351922	0.0	520315	2041.8614310410358	0.5499999999999999
43134.62554154583	1850	13.345872670038082	0.0	905515	1944.4289463138418	1.2000000000000002
43140.34015767895	2850	11.631256536924981	0.0	1638769	5714.616133113101	1.85
43144.52683993709	1850	11.444574278781172	0.0	852833	4186.682258143807	0.8500000000000001
43149.45747157275	1850	10.513942643121881	0.0	913888	4930.631635659291	1.85
43151.590042929856	1200	12.38137128601686	0.0	607410	2132.5713571050223	0.5499999999999999
43154.60781638229	1850	13.363597833582732	0.0	917428	3017.773452434128	1.2000000000000002
43160.47918442485	2850	11.492229791025794	0.0	1422919	5871.368042556937	1.85
43166.069235523515	1850	9.90217869235993	0.0	1036454	5590.051098665865	0.8500000000000001
43168.08871126486	1200	11.882702951011987	0.0	526950	2019.4757413479417	0.5499999999999999
43171.67872643764	1850	12.292687778233965	0.0	923170	3590.0151727780226	1.2000000000000002
43176.183538570636	1850	11.787875645245323	0.0	966699	4504.812132988642	1.85
43179.10001215341	1850	12.871402062470908	0.0	885714	2916.4735827744153	1.85
43181.92715136889	1850	14.044262846996387	0.0	987708	2827.139215474521	1.85
43186.79168665925	2850	13.17972755663472	0.0	1336050	4864.535290361669	1.85
43192.01061899754	2850	11.960795218339749	0.0	1415116	5218.9323382949715	2.85
43194.883762486	1850	13.087651729878399	0.0	955231	2873.143488461349	0.8500000000000001
43201.34848734044	2850	10.622926875443234	0.0	1505760	6464.724854435165	1.85
43203.27198002637	1200	12.699434189504204	0.0	536667	1923.4926859390284	-0.44999999999999996
43206.67071317452	1850	13.30070104135316	0.0	897976	3398.733148151046	1.2000000000000002
43212.32862360332	2850	11.642790612563928	0.0	1480464	5657.9104287892305	1.85
43217.32987475269	1850	10.641539463187534	0.0	1076599	5001.251149376393	0.8500000000000001
43219.63123439715	1200	12.34017981873328	0.0	487160	2301.359644454256	0.5499999999999999
43222.52728199429	1850	13.444132221594925	0.0	972798	2896.047597138353	1.2000000000000002
43227.571605708006	2850	12.399808507879655	0.0	1561263	5044.32371371527	1.85
43232.04290631406	1850	11.928507901826118	0.0	873429	4471.300606053538	0.8500000000000001
43235.5968488404	1850	12.374565375485762	0.0	954453	3553.9425263403555	1.85
43239.459970926655	1850	12.511443289230913	0.0	885062	3863.122086254849	1.85
43244.03082005861	1850	11.940594157281016	0.0	1035329	4570.849131949898	1.85
43247.38836019825	1850	12.58305401763522	0.0	1026056	3357.5401396457946	1.85
43250.09727032866	1850	13.874143887221967	0.0	943942	2708.9101304132532	1.85
43254.204368023384	2850	13.767046192507468	0.0	1139291	4107.097694714499	1.85
43260.36721588941	2850	11.60419832647765	0.0	1499009	6162.847866029818	2.85
43264.81218793432	1850	11.159226281563042	0.0	908665	4444.972044914607	0.8500000000000001
43269.80055675614	1850	10.170857459750943	0.0	930577	4988.368821812099	1.85
43272.76928737094	1200	11.202126844957744	0.0	566904	2968.7306147932004	0.5499999999999999
43275.04719116308	1850	12.924223052817739	0.0	1025005	2277.9037921400045	1.2000000000000002
43277.23839192173	1850	14.733022294170501	0.0	886255	2191.2007586472378	1.85
43284.696774533804	2850	11.274639682096142	0.0	1587250	7458.382612074361	1.85
43289.92333171798	1850	10.048082497910407	0.0	958994	5226.5571841857345	0.8500000000000001
43292.161706593564	1200	11.809707622329517	0.0	638661	2238.3748755808906	0.5499999999999999
43294.91857722671	1850	13.052836989191345	0.0	830730	2756.870633138173	1.2000000000000002
43300.13115853162	2850	11.84025568427376	0.0	1364537	5212.581304917585	1.85

