3319.0443520271688	750	4.0	5.423668042622055	450283	5423.6680426220555	-22.571772583274836
3321.027349809803	300	6.017002217366093	0.0	155580	1982.9977826339068	-0.15000000000000002
3322.818029594389	300	8.226322432780474	0.0	139857	1790.6797845856172	0.3
3324.9371106151148	300	10.107241412054401	0.0	155432	2119.081020726074	0.3
3327.239573821826	300	11.80477820534331	0.0	163442	2302.463206711093	0.3
3328.929983095205	300	14.114368931964421	0.0	126289	1690.409273378888	0.3
3330.924852327418	300	16.119499699751472	0.0	153295	1994.8692322129486	0.3
3333.2042969536506	300	17.840055073518837	0.0	173849	2279.444626232637	0.3
3335.207429703851	300	19.836922323318415	0.0	150710	2003.1327502004194	0.3
3337.062477021326	300	21.9818750058436	0.0	139105	1855.0473174748147	0.3
3339.057968387273	300	23.986383639896466	0.0	141840	1995.4913659471338	0.3
3341.3845569396863	300	25.659795087483623	0.0	156148	2326.5885524128435	0.3
3343.643348368729	300	27.401003658440757	0.0	160746	2258.791429042869	0.3
3346.0780910681915	300	28.966260958978346	0.0	179801	2434.7426994624097	0.3
3347.9922525567395	300	31.052099470430395	0.0	140051	1914.16148854795	0.3
3349.8836525322167	300	33.16069949495337	0.0	138313	1891.3999754770236	0.3
3351.593471060611	300	35.45088096655886	0.0	143509	1709.8185283945047	0.3
3353.36061222695	300	37.68373980022027	0.0	150616	1767.1411663385913	0.3
3355.4764758459264	300	39.567876181243726	0.0	165384	2115.863618976553	0.3
3357.240740785507	300	41.80361124166296	0.0	140881	1764.2649395807573	0.3
3359.235699521912	300	43.80865250525808	0.0	157671	1994.958736404875	0.3
3361.232370743059	300	45.81198128411072	0.0	157812	1996.671221147365	0.3
3363.32336047632	300	47.72099155084983	0.0	163927	2090.9897332608916	0.3
3365.2285313573702	300	49.81582066979955	0.0	137654	1905.1708810502819	0.3
3367.2543600089352	300	51.789992018234386	0.0	146754	2025.8286515651637	0.3
3369.3753202830117	300	53.66903174415826	0.0	153938	2120.9602740761266	0.3
3371.8670231427	300	55.1773288844698	0.0	181901	2491.702859688456	0.3
3373.4207524315366	300	57.62359959563318	0.0	111155	1553.7292888366217	0.3
3375.537297682868	300	59.507054344301714	0.0	153605	2116.5452513314676	0.3
3379.023661719269	300	59.95117919531127	0.0	149029	2055.875148990445	0.3
3382.5347455555143	300	59.62988166459382	0.0	157421	1821.2975307174493	0.3
3386.009923230835	300	59.697685943447844	0.0	157488	1932.195721145976	0.3
3389.383724991273	300	59.741776076565685	0.0	143881	1955.9098668821593	0.3
3392.800689610388	300	59.95123978628639	0.0	163444	2290.536290279293	0.3
3395.926209682886	300	59.91319380570528	0.0	179328	2038.0459805811113	0.3
3398.610311141738	300	59.820880173737834	0.0	159914	1592.3136319674545	0.3
3401.065848778805	300	59.85250525339608	0.0	131610	1468.3749203417483	0.3
3403.3840227725245	300	59.896499651149306	0.0	124011	1456.005602246774	0.3
3407.2830535165085	750	59.99746890716534	0.0	378327	3399.0307439839635	0.3
3410.553610533081	750	59.908789899107475	0.0	390680	2588.679008057866	0.75
3413.7618221571097	750	59.61012312285038	0.0	345516	2298.666776257095	0.75
3417.189421791373	750	59.56109572960453	0.0	384505	2549.027393245853	0.75
3420.427646043681	750	59.59176968745936	0.0	372093	2469.3260421451714	0.75
3423.8942243006773	750	59.69742970504252	0.0	438281	2894.3399824168373	0.75
3427.170504304488	750	59.55540884042702	0.0	398987	2642.0208646155015	0.75
3430.2466648881136	750	59.54945811371171	0.0	393804	2505.950726715313	0.75
3432.7903239261896	750	59.52273352312915	0.0	331053	2026.7245905825516	0.75
3435.1333259097432	750	59.56969975509898	0.0	314107	1953.0337680301661	0.75

