5727.996374464681	750	4.0	2.458269235998058	450283	2458.269235998058	-9.820557714791649
5729.373151496497	750	6.623222968184064	0.0	398865	1376.7770318159362	0.75
5730.339391678349	750	9.656982786331676	0.0	350812	966.2401818523867	0.75
5734.379932104345	1850	9.616442360335618	0.0	933276	4040.540425996057	0.75
5740.214073744139	1850	7.782300720541871	0.0	996749	5834.141639793748	1.85
5743.660452864491	1850	8.335921600189268	0.0	801058	3446.379120352604	1.85
5746.226018468254	1850	9.770355996427531	0.0	905515	2565.565603761736	1.85
5753.281703242617	1850	6.714671222063152	0.0	1060487	7055.68477436438	1.85
5755.390290884823	1200	8.606083579857128	0.0	584846	2108.5876422060237	0.5499999999999999
5756.897503742832	1200	11.09887072184874	0.0	560821	1507.212858008389	1.2
5758.699710550202	1200	13.296663914478199	0.0	607410	1802.206807370542	1.2
5761.732536594223	1850	14.263837870456808	0.0	917428	3032.8260440213903	1.2000000000000002
5765.236760223427	1850	14.759614241253391	0.0	946851	3504.2236292034163	1.85
5769.70685324713	1850	14.289521217549792	0.0	1036454	4470.093023703599	1.85
5774.129274882141	1850	13.867099582539257	0.0	821631	4422.421635010535	1.85
5777.79138426077	1850	14.204990203908801	0.0	923170	3662.1093786304564	1.85
5787.225163299501	1850	8.771211165178592	0.0	966699	9433.779038730208	1.85
5789.685908428953	750	10.310466035726517	0.0	372963	2460.7451294520765	-0.3500000000000001
5792.167070423721	750	11.829304040957926	0.0	405596	2481.1619947685895	0.75
5794.332533556472	750	13.66384090820704	0.0	350713	2165.4631327508855	0.75
5796.800235121472	750	15.196139343207353	0.0	386472	2467.701564999688	0.75
5799.195579334105	750	16.800795130574713	0.0	399894	2395.3442126326395	0.75
5810.283447008615	1200	9.712927456063746	0.0	656471	11087.867674510966	0.75
5813.178298608005	750	10.818075856674453	0.0	343800	2894.851599389293	0.3
5816.137940306965	750	11.85843415771402	0.0	359903	2959.6416989604336	0.75
5821.597823001998	750	10.398551462680418	0.0	379700	5459.8826950336015	0.75
5824.675283738003	750	11.321090726676056	0.0	425781	3077.4607360043615	0.75
5826.290331787608	300	13.706042677071718	0.0	111155	1615.048049604338	-0.15000000000000002
5830.752571701678	300	13.243802763002007	0.0	153605	4462.239914069711	0.3
5832.021913592058	300	15.974460872621075	0.0	149029	1269.3418903809322	0.3
5833.5974422547315	300	18.398932209947787	0.0	157421	1575.528662673291	0.3
5835.483300108157	300	20.5130743565224	0.0	157488	1885.8578534253872	0.3
5837.067784911527	300	22.928589553151784	0.0	143881	1584.4848033706148	0.3
5837.863015920041	300	26.133358544637947	0.0	163444	795.231008513837	0.3
5844.40387087788	750	23.592503586799193	0.0	401088	6540.854957838754	0.3
5851.766100185661	750	20.230274279017408	0.0	365161	7362.229307781784	0.75
5854.795781921813	750	21.200592542866804	0.0	321064	3029.6817361506055	0.75
5858.0016855141985	750	21.994688950480953	0.0	361565	3205.9035923858523	0.75
5861.105602417653	750	22.890772047026054	0.0	378327	3103.9169034548995	0.75
5868.093408232471	750	19.902966232208364	0.0	390680	6987.805814817689	0.75
5870.353124994799	750	21.643249469879876	0.0	345516	2259.716762328487	0.75
5874.304530006543	750	21.691844458136735	0.0	384505	3951.4050117431384	0.75
5879.934772557758	750	20.061601906921684	0.0	372093	5630.242551215049	0.75
5891.908579000766	750	12.0877954639136	0.0	438281	11973.806443008085	0.75
5893.269861432997	300	14.726513031682561	0.0	167025	1361.2824322310394	-0.15000000000000002
5898.383531552724	300	13.612842911955216	0.0	160064	5113.670119727346	0.3
5899.544703031913	300	16.45167143276614	0.0	137507	1161.1714791890763	0.3
5901.068145701523	750	18.92822876315521	0.0	314107	1523.44266961093	0.3

