66693.5697021738	750	4.0	13.356772286425155	450283	13356.772286425155	-56.684120831628164
66696.02179398628	300	5.5479081875217595	0.0	155580	2452.0918124782397	-0.15000000000000002
66697.27023634301	300	8.299465830786634	0.0	139857	1248.4423567351255	0.3
66698.53592703133	300	11.033775142463577	0.0	155432	1265.6906883230572	0.3
66699.76398483005	300	13.80571734375704	0.0	163442	1228.0577987065367	0.3
66702.26780478112	750	15.301897392685477	0.0	318564	2503.8199510715626	0.3
66708.38070572261	750	13.188996451192994	0.0	352642	6112.900941492485	0.75
66710.06946857506	750	15.500233598739527	0.0	437162	1688.7628524534664	0.75
66711.52858375218	750	18.04111842162039	0.0	374758	1459.1151771191371	0.75
66713.6724136177	1200	19.897288556088153	0.0	560821	2143.8298655322405	0.75
66715.71880875401	1200	21.850893419786726	0.0	607410	2046.3951363014266	1.2
66717.36661481153	1200	24.203087362270725	0.0	594078	1647.8060575159968	1.2
66720.1648001384	1850	25.404902035399598	0.0	946851	2798.185326871128	1.2000000000000002
66725.75120166749	2850	23.81850050630039	0.0	1578343	5586.40152909921	1.85
66728.34942232273	1850	25.220279851070778	0.0	821631	2598.220655229613	0.8500000000000001
66731.57476550076	1850	25.99493667303636	0.0	923170	3225.3431780344126	1.85
66736.66094224894	2850	24.908759924851065	0.0	1491626	5086.1767481852985	1.85
66739.71729653572	1850	25.852405638082303	0.0	885714	3056.3542867687597	0.8500000000000001
66743.8775943951	2850	25.692107778695714	0.0	1537156	4160.297859386587	1.85
66747.876548349	2850	25.69315382480625	0.0	1336050	3998.9539538894655	2.85
66750.8674993845	2850	26.702202789289878	0.0	1415116	2990.951035516374	2.85
66755.0867786657	2850	26.482923508094867	0.0	1468126	4219.279281195009	2.85
66758.68082656393	2850	26.88887560985825	0.0	1505760	3594.04789823662	2.85
66761.05087137297	2850	28.518830800821473	0.0	1323990	2370.044809036777	2.85
66767.87900494311	2850	25.690697230674147	0.0	1383735	6828.133570147326	2.85
66771.69950913772	1850	25.870193036070777	0.0	905935	3820.5041946033716	0.8500000000000001
66775.38467034826	2850	26.185031825530377	0.0	1547572	3685.1612105404006	1.85
66777.20127320457	2850	28.368428969217085	0.0	1141971	1816.6028563132893	2.85
66782.45186642556	4300	27.117835748234224	0.0	2134614	5250.593220982862	2.8499999999999996
66786.32592450458	4300	27.2437776692185	0.0	2164140	3874.058079015725	4.3
66788.80067603725	2850	28.769026136542557	0.0	1341201	2474.7515326759417	1.4000000000000001
66792.89420183175	4300	28.675500342040525	0.0	2147852	4093.5257945020326	2.8499999999999996
66795.51194331697	2850	30.0577588568157	0.0	1358081	2617.741485224827	1.4000000000000001
66799.86503767327	4300	29.704664500518685	0.0	2286761	4353.094356297017	2.8499999999999996
66804.2574216982	4300	29.312280475587514	0.0	2307787	4392.38402493117	4.3
66831.60543892572	4300	5.964263248077743	0.0	2143948	27348.017227509772	4.3
66832.58005410856	300	8.989648065227763	0.0	131610	974.6151828499777	-3.7
66833.19465247395	300	12.375049699838213	0.0	124011	614.5983653895506	0.3
66833.89651628121	300	15.673185892588014	0.0	144254	701.8638072501975	0.3
66836.28332643877	750	17.28637573501699	0.0	390680	2386.8101575710225	0.3
66837.56104101594	750	20.008661157849243	0.0	345516	1277.7145771677483	0.75
66839.37473115772	1200	22.194971016070905	0.0	641452	1813.6901417783395	0.75
66841.82220401596	1850	23.74749815782998	0.0	886255	2447.472858240924	1.2000000000000002
66846.10262885706	1850	23.46707331672927	0.0	973972	4280.42484110071	1.85
66850.43161887988	1850	23.138083293914587	0.0	958994	4328.990022814683	1.85
66854.26340168033	1850	23.30630049346164	0.0	982064	3831.782800452949	1.85
66856.45277078236	1850	25.11693139143901	0.0	830730	2189.369102022628	1.85
66861.63051820561	1850	23.939183968176266	0.0	846370	5177.747423262745	1.85

