53362.36030553203	750	4.0	0.9627026281131968	450283	962.7026281131969	-3.3896213008867466
53362.683652451335	300	7.676653080693573	0.0	155580	323.3469193064275	-0.15000000000000002
53362.98903246598	300	11.371273066048625	0.0	139857	305.38001464494783	0.3
53363.32243572234	300	15.03786980969035	0.0	155432	333.4032563582752	0.3
53363.66889780881	300	18.691407723210673	0.0	163442	346.4620864796774	0.3
53363.95478876976	300	22.405516762261637	0.0	126289	285.8909609490338	0.3
53364.2847080411	300	26.075597490918273	0.0	153295	329.91927134336424	0.3
53364.64813682485	300	29.712168707175994	0.0	173849	363.42878374227826	0.3
53364.97384172966	300	33.386463802357454	0.0	150710	325.7049048185422	0.3
53365.637527210914	750	36.72277832110639	0.0	362795	663.6854812510632	0.3
53366.25057303975	750	40.1097324922679	0.0	353220	613.045828838482	0.75
53366.9419625104	750	43.41834302162454	0.0	405134	691.3894706433654	0.75
53367.60500647456	750	46.75529905747309	0.0	386351	663.0439641514532	0.75
53368.340574974245	750	50.019730557784804	0.0	434409	735.5684996882851	0.75
53369.701113752046	750	52.659191779986095	0.0	337059	1360.5387777987046	0.75
53372.06246118029	750	54.29784435174097	0.0	366214	2361.347428245129	0.75
53375.09236315845	750	55.267942373582855	0.0	360831	3029.9019781581187	0.75
53376.16556325706	750	58.194742274972	0.0	372963	1073.2000986108533	0.75
53378.42256486911	750	59.937740662919516	0.0	405596	1757.001612052482	0.75
53382.833469784324	750	59.52683574770724	0.0	350713	4410.904915212285	0.75
53386.5828669794	750	59.777438552636255	0.0	386472	2249.3971950709797	0.75
53389.95086803063	750	59.63556990550746	0.0	399894	1641.868647128795	0.75
53393.36532446398	750	59.750407963335626	0.0	401853	1885.1619421718356	0.75
53396.5566054843	750	59.629414698764464	0.0	343800	1620.9932645711574	0.75
53399.10585405821	750	59.85093421723494	0.0	359903	1278.480481529521	0.75
53403.05481042439	750	59.901977851048265	0.0	379700	3448.9563661866805	0.75
53406.04487406029	750	59.685808334834675	0.0	425781	1716.1695162135854	0.75
53408.263378284944	750	59.67450320989408	0.0	277716	1011.3051249405994	0.75
53410.972853282365	750	59.63336526104742	0.0	400396	1541.1379488466519	0.75
53413.400888212076	750	59.709516371970864	0.0	400508	1423.8488890765586	0.75
53422.53799764059	750	54.5724069434597	0.0	358218	9137.109428511169	0.75
53424.79188301622	750	56.318521567823694	0.0	400322	2253.885375636001	0.75
53425.49216839056	300	59.61823619348361	0.0	143881	700.2853743400851	-0.15000000000000002
53426.84388142518	300	59.83361277049071	0.0	163444	784.623422992896	0.3
53428.882732637016	300	59.798232062881766	0.0	179328	1535.3807076089447	0.3
53430.269644172695	300	59.57551149085427	0.0	159914	722.7205720274986	0.3
53431.09024839061	300	59.699804811276884	0.0	131610	375.7066795773867	0.3
53431.699161840545	300	59.83579687172616	0.0	124011	364.0079395507224	0.3
53432.844224125205	300	59.589718442588754	0.0	144254	746.0784291374106	0.3
53435.5999295406	300	59.87785766840543	0.0	149991	711.8607741833158	0.3
53436.65414952278	300	59.58167007016606	0.0	147968	796.1875982393742	0.3
53438.782025889945	300	59.607248042557536	0.0	161857	1974.4220276085216	0.3
53440.88070283356	300	59.59513670403015	0.0	145210	2012.11133852738	0.3
53446.11662167446	300	58.35921786311927	0.0	172312	5235.918840910881	0.3
53448.792721087026	300	59.683118450562155	0.0	167025	1176.0994125571144	0.3
53451.045705446675	300	59.81041835550884	0.0	160064	872.700095053321	0.3
53453.00327268854	300	59.98127690337969	0.0	137507	829.141452129149	0.3
53455.25624548668	750	59.879003399178195	0.0	314107	1102.2735042014876	0.3

