29161.042019146415	750	4.0	2.850420826626487	450283	2850.420826626487	-11.506809554493893
29161.820133686357	300	7.221885460058458	0.0	155580	778.1145399415423	-0.15000000000000002
29167.864584593288	750	5.1774345531267345	0.0	350812	6044.450906931724	0.3
29169.5909514386	300	7.451067707815136	0.0	155432	1726.3668453115981	-0.15000000000000002
29171.661325194535	750	9.38069395188468	0.0	411561	2070.373755930456	0.3
29174.7376478984	1200	10.30437124801536	0.0	520315	3076.32270386932	0.75
29177.781948543598	1200	11.260070602821989	0.0	561791	3044.300645193373	1.2
29186.83282364125	1850	6.209195505171618	0.0	1060487	9050.87509765037	1.2000000000000002
29189.448234537787	300	7.593784608630855	0.0	150710	2615.410896540762	-1.25
29192.42602820965	750	8.615990936766426	0.0	362795	2977.793671864429	0.3
29194.657025649503	750	10.384993496915195	0.0	353220	2230.9974398512304	0.75
29197.393079653382	1200	11.648939493035025	0.0	594078	2736.054003880171	0.75
29205.18442364106	1850	7.85759550535573	0.0	946851	7791.3439876792945	1.2000000000000002
29208.321392235728	750	8.720626910690886	0.0	434409	3136.9685946648447	-0.3500000000000001
29210.10187414751	750	10.940144998910592	0.0	337059	1780.4819117802947	0.75
29214.829612665097	1200	10.212406481321127	0.0	587876	4727.738517589465	0.75
29218.670585209748	1200	10.371433936673288	0.0	617242	3840.972544647839	1.2
29222.02996244406	1200	11.012056702361146	0.0	581493	3359.377234312142	1.2
29227.72702564685	1850	9.31499349957191	0.0	987708	5697.063202789235	1.2000000000000002
29229.80547661687	1200	11.236542529551658	0.0	586839	2078.4509700202534	0.5499999999999999
29234.22059717287	1850	10.82142197355382	0.0	891604	4415.120555997839	1.2000000000000002
29239.984280067594	1200	9.057739078828435	0.0	616206	5763.682894725383	0.5499999999999999
29243.521616111087	1200	9.520403035332787	0.0	656471	3537.3360434956494	1.2
29246.310189097952	1200	10.731830048467465	0.0	536667	2788.5729868653225	1.2
29250.916384318843	1200	10.12563482757463	0.0	587236	4606.195220892834	1.2
29254.26107364428	1200	10.780945502137694	0.0	590335	3344.6893254369365	1.2
29258.03958403031	1200	11.002435116108165	0.0	696376	3778.510386029529	1.2
29263.129016349783	1850	9.913002796634425	0.0	758197	5089.432319473742	1.2000000000000002
29265.932372224535	1200	11.109646921884565	0.0	622896	2803.355874749859	0.5499999999999999
29280.86175584648	1850	4.0	3.819736700058187	975811	14929.383621942752	-15.224867810250206
29287.191257434326	300	4.0	2.3295015878474534	157421	6329.501587847453	-11.26685682774405
29293.523418874458	300	4.0	2.3321614401313653	157488	6332.161440131365	-9.728294192564869
29299.31539210523	300	4.0	1.7919732307702234	143881	5791.973230770223	-7.405484892311961
29305.884002503615	300	4.0	2.5686103983848354	163444	6568.610398384835	-10.745024713054791
29313.08319638973	300	4.0	3.1991938861111793	179328	7199.193886111179	-13.45653371027807
29314.369489045566	300	6.71370734415833	0.0	159914	1286.2926558416702	0.3
29315.249199506754	300	9.833996882973583	0.0	131610	879.710461184747	0.3
29318.542452010122	1200	10.54074437960388	0.0	575591	3293.252503369702	0.29999999999999993
29321.385219276763	1200	11.69797711296275	0.0	605884	2842.7672666411304	1.2
29327.096982194114	1850	9.986214195611264	0.0	930577	5711.762917351484	1.2000000000000002
29331.24587082057	1200	9.837325569156024	0.0	566904	4148.88862645524	0.5499999999999999
29335.96206496129	1200	9.121131428435023	0.0	641452	4716.1941407210015	1.2
29339.318692456258	1200	9.764503933468772	0.0	599477	3356.627494966252	1.2
29344.63656063497	1200	8.446635754759514	0.0	634861	5317.868178709257	1.2
29347.542644262325	750	9.540552127399769	0.0	398987	2906.083627359745	0.3
29351.05388620824	1200	10.029310181483964	0.0	638661	3511.241945915805	0.75
29356.359595572732	1200	8.723600816990423	0.0	538612	5305.709364493542	1.2
29357.831234401103	750	11.251961988618095	0.0	314107	1471.6388283723293	0.3

