74838.9253382015	750	4.0	1.9655250237066086	450283	1965.5250237066086	-7.701757601938416
74839.66117821733	300	7.264159984184287	0.0	155580	735.8400158157125	-0.15000000000000002
74840.1060092488	300	10.819328952690848	0.0	139857	444.8310314934375	0.3
74840.5878021868	300	14.337536014691414	0.0	155432	481.792937999434	0.3
74841.69053536434	750	17.234802837142155	0.0	411561	1102.7331775492628	0.3
74842.54214272102	750	20.38319548046607	0.0	318564	851.6073566760844	0.75
74845.47643126137	1200	21.44890694012351	0.0	561791	2934.288540342562	0.75
74849.61354260026	1850	21.311795601234326	0.0	1060487	4137.111338889183	1.2000000000000002
74851.84885561564	1850	23.076482585861584	0.0	852833	2235.313015372742	1.85
74855.00655184542	1850	23.91878635607159	0.0	913888	3157.6962297899954	1.85
74859.31006975747	2850	23.61526844401655	0.0	1354548	4303.517912055039	1.85
74862.06285018656	1850	24.86248801493786	0.0	917428	2752.7804290786917	0.8500000000000001
74866.94407124759	2850	23.98126695390705	0.0	1422919	4881.22106103081	1.85
74869.410644733	1850	25.514693468496006	0.0	1036454	2466.5734854110415	0.8500000000000001
74872.63894273083	2850	26.28639547066602	0.0	1231445	3228.2979978299886	1.85
74876.56447880318	2850	26.360859398318702	0.0	1471065	3925.5360723473186	2.85
74882.39352544755	2850	24.531812753944585	0.0	1491626	5829.046644374115	2.85
74886.23575274211	1850	24.68958545937698	0.0	885714	3842.227294567604	0.8500000000000001
74888.48659936825	1850	26.43873883324112	0.0	987708	2250.84662613586	1.85
74899.73050891112	2850	19.194829290368684	0.0	1336050	11243.909542872436	1.85
74903.59897701265	1200	19.326361188843475	0.0	601738	3868.4681015252113	-0.44999999999999996
74905.27595125187	1200	21.649386949635275	0.0	616206	1676.9742392082007	1.2
74907.75777451832	1850	23.167563683170737	0.0	968026	2481.823266464537	1.2000000000000002
74910.05933564011	1850	24.866002561388502	0.0	874175	2301.5611217822384	1.85
74912.5072055802	1850	26.418132621283753	0.0	897976	2447.86994010475	1.85
74916.92152566086	2850	26.0038125406295	0.0	1480464	4414.320080654253	1.85
74922.19469909204	2850	24.730639109434357	0.0	1547572	5273.173431195145	2.85
74924.06013321866	1850	26.865204982824228	0.0	758197	1865.4341266101278	0.8500000000000001
74931.73167451417	2850	23.193663687312686	0.0	1498470	7671.541295511542	1.85
74935.17482897914	1850	23.750509222340757	0.0	975811	3443.1544649719285	0.8500000000000001
74937.630335992	1850	25.295002209499494	0.0	873429	2455.507012841263	1.85
74941.73762510704	1850	25.187713094461504	0.0	954453	4107.289115037989	1.85
74944.92234838883	2850	26.00298981266154	0.0	1358081	3184.7232817999648	1.85
74949.3524182835	2850	25.57291991800023	0.0	1587293	4430.069894661308	2.85
74955.46795707269	2850	23.457381128806365	0.0	1492672	6115.538789193868	2.85
74957.65669342587	1850	25.268644775613808	0.0	943942	2188.7363531925594	0.8500000000000001
74959.54609644611	1850	27.379241755381265	0.0	728962	1889.4030202325396	1.85
74965.23132963822	4300	25.694008563282797	0.0	2147467	5685.233192098469	1.8499999999999996
74968.98852254378	2850	25.93681565772248	0.0	1427478	3757.1929055603164	1.4000000000000001
74975.93523193349	2850	22.990106268002627	0.0	1402287	6946.709389719855	2.85
74977.8424336051	1850	25.082904596399313	0.0	858450	1907.2016716033133	0.8500000000000001
74984.65500856527	2850	22.27032963620519	0.0	1527299	6812.574960194122	1.85
74986.92424008348	1850	24.001098118016138	0.0	886255	2269.23151818905	0.8500000000000001
74989.46473324543	1850	25.460604956051018	0.0	973972	2540.493161965123	1.85
74997.15237238961	2850	21.772965811873757	0.0	1464921	7687.639144177259	1.85
74998.7647202809	1200	24.1606179205921	0.0	638661	1612.3478912816565	-0.44999999999999996
75006.16425617127	1850	20.761082030219228	0.0	830730	7399.53589037287	1.2000000000000002
75008.26216074206	1200	22.66317745942781	0.0	550906	2097.9045707914192	0.5499999999999999

