91829.55168227793	750	4.0	1.155411749928016	450283	1155.4117499280162	-4.218270524690469
91829.88815009317	300	7.663532184769747	0.0	155580	336.46781523025334	-0.15000000000000002
91830.63733847773	750	10.91434380021202	0.0	350812	749.1883845577274	0.3
91833.31277794686	1200	12.23890433108637	0.0	617681	2675.4394691256493	0.75
91836.62088992771	1850	12.93079235023611	0.0	996749	3308.1119808502604	1.2000000000000002
91840.31303972026	1850	13.238642557689804	0.0	801058	3692.149792546306	1.85
91846.39751808193	2850	11.154164196036263	0.0	1388403	6084.478361653541	1.85
91852.3807449486	1850	9.170937329341658	0.0	1060487	5983.2268666946065	0.8500000000000001
91853.98633382675	1200	11.565348451206537	0.0	584846	1605.58887813512	0.5499999999999999
91855.95828655026	1850	13.593395727704225	0.0	913888	1971.9527235023131	1.2000000000000002
91859.62698391265	2850	13.924698365303835	0.0	1354548	3668.697362400389	1.85
91865.9623786697	2850	11.589303608244489	0.0	1519951	6335.394757059346	2.85
91870.71089571128	1850	10.840786566677144	0.0	946851	4748.5170415673465	0.8500000000000001
91872.68399088034	1200	12.86769139761079	0.0	687371	1973.095169066354	0.5499999999999999
91876.08627260652	1850	13.465409671425002	0.0	821631	3402.281726185787	1.2000000000000002
91880.55397390404	2850	12.997708373901416	0.0	1471065	4467.701297523586	1.85
91883.28121622134	1850	14.270466056616119	0.0	966699	2727.242317285298	0.8500000000000001
91886.12688001474	2850	15.424802263210706	0.0	1358801	2845.6637934054124	1.85
91894.34435885595	4300	11.207323421992047	0.0	2220726	8217.478841218659	2.8499999999999996
91896.64300019188	1850	12.908682086053275	0.0	923755	2298.6413359387707	-0.6000000000000001
91898.27015039395	1850	15.2815318839942	0.0	891604	1627.1502020590763	1.85
91908.39488829528	4300	9.156793982659288	0.0	2176469	10124.737901334911	1.8499999999999996
91909.62697439264	1200	11.924707885295858	0.0	656471	1232.0860973634294	-1.9000000000000001
91912.0526676098	1850	13.4990146681424	0.0	874175	2425.6932171534568	1.2000000000000002
91919.02912435473	2850	10.522557923220226	0.0	1383735	6976.456744922174	1.85
91920.165495423	1200	13.386186854932138	0.0	590335	1136.3710682880903	-0.44999999999999996
91927.59632087959	2850	9.955361398339617	0.0	1547572	7430.825456592521	1.2000000000000002
91928.39642107295	1200	13.155261204991731	0.0	487160	800.1001933478849	-0.44999999999999996
91933.49307999651	2850	12.058602281429248	0.0	1498470	5096.658923562483	1.2000000000000002
91936.24677177715	1850	13.304910500783109	0.0	975811	2753.6917806461383	0.8500000000000001
91940.7923467384	2850	12.759335539544692	0.0	1341201	4545.574961238417	1.85
91943.91297511428	1850	13.638707163671624	0.0	954453	3120.628375873067	0.8500000000000001
91949.90256837463	2850	11.649113903315454	0.0	1358081	5989.5932603561705	1.85
91951.90166824004	1850	13.650014037908035	0.0	1035329	1999.0998654074197	0.8500000000000001
91955.5105730237	2850	14.041109254253831	0.0	1492672	3608.904783654204	1.85
91961.56168530344	2850	11.989996974493867	0.0	1439896	6051.1122797599655	2.85
91963.79583161986	1850	13.75585065807749	0.0	728962	2234.146316416376	0.8500000000000001
91973.53783381083	2850	8.01384846711995	0.0	1499009	9742.00219095754	1.85
91974.36343591854	750	11.188246359402175	0.0	378327	825.6021077177738	-1.35
91976.18980438971	1850	13.36187788822534	0.0	930577	1826.3684711768344	0.75
91979.44584019812	2850	14.105842079812412	0.0	1339500	3256.0358084129293	1.85
91984.80927607689	2850	12.74240620104903	0.0	1527299	5363.43587876338	2.85
91987.16653836658	1850	14.385143911356318	0.0	886255	2357.262289692713	0.8500000000000001
92001.5953301247	2850	4.0	0.043647846758340166	1587250	14428.791758114658	1.6623142589391375
92002.57132886752	300	7.024001257186188	0.0	167025	975.9987428138122	-2.25
92004.32059094925	750	9.274739175462479	0.0	393804	1749.2620817237093	0.3
92008.25968049656	1200	9.33564962815373	0.0	538612	3939.089547308749	0.75
92010.5617655364	1200	11.033564588315516	0.0	550906	2302.0850398382145	1.2

