90722.55681540896	750	4.0	2.563274371489584	450283	2563.2743714895837	-10.27207979740521
90723.24631379201	300	7.310501616938458	0.0	155580	689.498383061542	-0.15000000000000002
90723.85790028186	300	10.698915127102081	0.0	139857	611.5864898363759	0.3
90724.48592847079	300	14.07088693817439	0.0	155432	628.0281889276919	0.3
90725.23189589214	300	17.324919516826775	0.0	163442	745.967421347615	0.3
90727.15601995295	750	19.40079545602096	0.0	318564	1924.1240608058176	0.3
90730.66539462152	1850	19.891420787446137	0.0	905515	3509.3746685748206	0.75
90740.45203006458	1850	14.104785344383561	0.0	1060487	9786.635443062574	1.85
90744.69778769035	1200	13.859027718613456	0.0	584846	4245.757625770106	0.5499999999999999
90753.8809378822	1200	8.675877526766428	0.0	560821	9183.150191847028	1.2
90754.51113091063	300	12.045684498336417	0.0	141840	630.1930284300097	-0.6000000000000001
90755.37895287495	300	15.17786253402513	0.0	156148	867.8219643112872	0.3
90757.06755568669	300	17.48925972226505	0.0	160746	1688.60281176008	0.3
90763.1051945619	300	15.451620847057796	0.0	179801	6037.638875207254	0.3
90765.87439709881	300	16.682418310150673	0.0	140051	2769.2025369071216	0.3
90766.845070064	300	19.71174534496379	0.0	138313	970.6729651868872	0.3
90767.84920291168	300	22.707612497284938	0.0	143509	1004.1328476788514	0.3
90770.61208382531	300	23.944731583656324	0.0	150616	2762.8809136286154	0.3
90771.9495034879	300	26.607311921055178	0.0	165384	1337.4196626011487	0.3
90773.29867025015	750	29.258145158810233	0.0	350713	1349.166762244946	0.3
90777.7977141813	1200	28.759101227648934	0.0	601738	4499.043931161295	0.75
90783.35477945585	1200	27.20203595310234	0.0	616206	5557.065274546596	1.2
90791.23864211816	1200	23.318173290794768	0.0	656471	7883.862662307571	1.2
90799.7482990308	1200	18.808516378141935	0.0	536667	8509.65691265283	1.2
90804.86579722071	1200	17.69101818822573	0.0	587236	5117.498189916203	1.2
90810.51373042744	1200	16.04308498149642	0.0	590335	5647.933206729309	1.2
90821.49795711845	1200	9.058858290489017	0.0	696376	10984.226691007405	1.2
90824.86939136722	300	9.687424041729372	0.0	111155	3371.4342487596464	-0.6000000000000001
90827.58686282554	300	10.96995258339127	0.0	153605	2717.471458338101	0.3
90829.79543330644	300	12.76138210248989	0.0	149029	2208.570480901381	0.3
90831.79764947439	300	14.759165934533543	0.0	157421	2002.2161679563467	0.3
90833.61042849855	300	16.9463869103821	0.0	157488	1812.7790241514451	0.3
90835.0846454299	300	19.47216997902918	0.0	143881	1474.2169313529184	0.3
90840.66912124719	750	17.887694161758386	0.0	412837	5584.475817270793	0.3
90842.77085780061	750	19.7859576083351	0.0	401088	2101.7365534232877	0.75
90844.26345517146	750	22.29336023750729	0.0	365161	1492.5973708278084	0.75
90845.98171376971	750	24.575101639251585	0.0	321064	1718.2585982557064	0.75
90851.98352584525	1200	22.573289563705004	0.0	575591	6001.812075546583	0.75
90858.09319793113	1200	20.463617477826965	0.0	605884	6109.672085878041	1.2
90861.06986109045	1200	21.4869543184989	0.0	587506	2976.663159328066	1.2
90866.61071734424	1200	19.946098064713574	0.0	566904	5540.856253785327	1.2
90870.76924617143	1200	19.787569237519858	0.0	641452	4158.528827193717	1.2
90882.41257524096	1200	12.144240167999794	0.0	599477	11643.329069520063	1.2
90884.23134704227	300	14.325468366691227	0.0	172312	1818.7718013085655	-0.6000000000000001
90886.66172085225	300	15.895094556694144	0.0	167025	2430.3738099970856	0.3
90888.32670549692	300	18.23010991202476	0.0	160064	1664.9846446693803	0.3
90890.18365307727	750	20.373162331673765	0.0	331053	1856.9475803509958	0.3
90897.93424053366	1850	16.622574875287835	0.0	846370	7750.58745638593	0.75

