4202.686348515646	750	4.0	5.033012401569621	450283	5033.012401569621	-20.89195332674937
4206.610956537186	300	4.075391978460393	0.0	155580	3924.6080215396064	-0.15000000000000002
4207.797828512945	300	6.888520002701252	0.0	139857	1186.8719757591416	0.3
4210.152765132593	300	8.533583383053479	0.0	155432	2354.9366196477727	0.3
4211.9050147873795	300	10.781333728266501	0.0	163442	1752.2496547869787	0.3
4212.959361222484	300	13.726987293161892	0.0	126289	1054.3464351046093	0.3
4214.494494254803	300	16.191854260843513	0.0	153295	1535.1330323183793	0.3
4215.97097490921	300	18.71537360643638	0.0	173849	1476.480654407132	0.3
4217.166004611228	300	21.52034390441745	0.0	150710	1195.0297020189291	0.3
4218.2754748661555	300	24.410873649490533	0.0	139105	1109.4702549269207	0.3
4219.405883842213	300	27.280464673433315	0.0	141840	1130.4089760572165	0.3
4220.672074453634	300	30.014274062012564	0.0	156148	1266.190611420748	0.3
4222.000039787671	300	32.686308727975074	0.0	160746	1327.9653340374905	0.3
4223.475940245694	300	35.21040826995263	0.0	179801	1475.9004580224382	0.3
4224.634263119826	300	38.05208539581998	0.0	140051	1158.3228741326548	0.3
4225.77637060222	300	40.909977913427	0.0	138313	1142.1074823929803	0.3
4226.9354482437375	300	43.7509002719089	0.0	143509	1159.077641518102	0.3
4228.130137005194	300	46.556211510451604	0.0	150616	1194.6887614572915	0.3
4229.427722587562	300	49.258625928083774	0.0	165384	1297.5855823678278	0.3
4230.544213372361	300	52.14213514328537	0.0	140881	1116.4907847984086	0.3
4236.381114317099	750	50.3052341985479	0.0	386472	5836.90094473747	0.3
4241.751031119145	750	48.935317396501176	0.0	399894	5369.916802046723	0.75
4243.054106865306	300	51.632241650341044	0.0	163927	1303.0757461601333	-0.15000000000000002
4244.161157130131	300	54.525191385516294	0.0	137654	1107.0502648247514	0.3
4246.887673433692	750	55.79867508195463	0.0	359903	2726.516303561663	0.3
4249.789172279116	750	56.89717623652996	0.0	379700	2901.4988454246695	0.75
4251.285879696667	300	59.40046881898004	0.0	181901	1496.7074175499217	-0.15000000000000002
4252.998276864083	300	59.93104204756644	0.0	111155	969.426771413596	0.3
4256.876020483995	300	59.663155505212	0.0	153605	1267.8865423544426	0.3
4260.559543865243	300	59.97963212396348	0.0	149029	1183.5233812485174	0.3
4264.467327521861	300	59.930930428757364	0.0	157421	2548.7016952061217	0.3
4267.356174089357	300	59.533048071315456	0.0	157488	1397.8823574419073	0.3
4269.713832351497	300	59.83870108917234	0.0	143881	1194.3469821431165	0.3
4271.076699956316	300	59.98842292486162	0.0	163444	1350.2781643107223	0.3
4273.179880565127	300	59.55312743605941	0.0	179328	1435.295488802205	0.3
4275.552582392781	300	59.78971903073793	0.0	159914	1263.408405321486	0.3
4276.853431045979	300	59.736441277004715	0.0	131610	1053.2777537332183	0.3
4280.620990973669	750	59.968881349315076	0.0	361565	2767.559927689636	0.3
4284.235384499682	750	59.51775017538556	0.0	378327	2951.131173929516	0.75
4288.236984723563	750	59.51614995150472	0.0	390680	3001.6002238808355	0.75
4292.756330208209	750	58.99680446685833	0.0	345516	4519.34548464639	0.75
4298.83138514816	750	56.9217495269072	0.0	384505	6075.054939951132	0.75
4300.031574456373	300	59.72156021869411	0.0	145210	1200.189308213095	-0.15000000000000002
4303.376297384545	300	59.957424893741106	0.0	172312	2264.1353249530066	0.3
4307.570523980665	300	59.7631982976217	0.0	167025	3694.2265961194057	0.3
4309.885661755478	300	59.552536412589376	0.0	160064	2210.66188503232	0.3
4311.278599269301	300	59.95230571121833	0.0	137507	1100.230701371046	0.3
4313.676584397536	300	59.996166554275966	0.0	118421	956.1391569423636	0.3

