66495.06141790377	750	4.0	7.281277526628009	450283	7281.277526628009	-30.559493364500437
66497.24986893123	300	5.811548972523	0.0	155580	2188.451027477	-0.15000000000000002
66500.67274765397	300	6.388670249788427	0.0	139857	3422.8787227345733	0.3
66504.12578722856	300	6.93563067518606	0.0	155432	3453.0395746023682	0.3
66506.48773482452	300	8.573683079231488	0.0	163442	2361.9475959545703	0.3
66510.78922197121	750	8.27219593254921	0.0	318564	4301.487146682279	0.3
66518.6755342185	750	4.385883685246278	0.0	352642	7886.312247302932	0.75
66521.14909644541	300	5.9123214583458985	0.0	173849	2473.5622269003798	-0.15000000000000002
66523.23971269533	300	7.82170520843778	0.0	150710	2090.616249908119	0.3
66528.99432683211	750	6.067091071649587	0.0	362795	5754.614136788192	0.3
66530.92216996478	300	8.139247938992682	0.0	141840	1927.843132656905	-0.15000000000000002
66539.21527692076	750	4.0	0.15385901699723672	405134	8293.106955989919	-0.36159377308811785
66541.38344565521	300	5.83183126554379	0.0	160746	2168.16873445621	-0.15000000000000002
66543.87794188497	300	7.337335035781176	0.0	179801	2494.4962297626134	0.3
66551.2308717865	750	4.0	0.01559486574771381	337059	7352.92990152889	0.23294207728483057
66554.35224577031	300	4.878626016185467	0.0	138313	3121.373983814533	-0.15000000000000002
66556.41677488916	300	6.81409689733425	0.0	143509	2064.529118851218	0.3
66558.53855327227	300	8.69231851422116	0.0	150616	2121.7783831130896	0.3
66564.09600330988	750	7.134868476625112	0.0	405596	5557.450037596049	0.3
66569.43046179383	750	5.800409992666394	0.0	350713	5334.458483958718	0.75
66571.64054740439	300	7.590324382115463	0.0	157671	2210.085610550931	-0.15000000000000002
66581.77384497385	750	4.0	2.542973187347388	399894	10133.297569462851	-10.634784705593768
66585.01439453059	300	4.75945044326019	0.0	163927	3240.5495567398098	-0.15000000000000002
66589.85617990914	300	4.0	0.08233493529798944	137654	4841.785378558179	-0.05404022178135459
66592.21617865072	300	5.640001258431783	0.0	146754	2359.9987415682162	0.3
66595.0001064049	300	6.856073504252471	0.0	153938	2783.9277541793126	0.3
66598.33354853955	300	7.522631369586952	0.0	181901	3333.4421346655186	0.3
66602.92142062556	750	6.934759283589329	0.0	277716	4587.872085997624	0.3
66605.18877134245	300	8.667408566682166	0.0	153605	2267.3507169071627	-0.15000000000000002
66612.11128281966	750	5.744897089471401	0.0	400508	6922.511477210765	0.3
66615.68370925223	300	6.172470656896854	0.0	157421	3572.426432574547	-0.15000000000000002
66617.81732060421	300	8.038859304929549	0.0	157488	2133.6113519673045	0.3
66623.12108788051	750	6.735092028625635	0.0	369834	5303.7672763039145	0.3
66628.2616348805	300	5.59454502863802	0.0	163444	5140.546999987615	-0.15000000000000002
66630.77016481815	300	7.086015090981363	0.0	179328	2508.5299376566572	0.3
66636.45011851427	750	5.406061394868172	0.0	365161	5679.953696113191	0.3
66638.40048514154	300	7.455694767599433	0.0	131610	1950.366627268739	-0.15000000000000002
66645.932204502	750	4.0	0.07602459285757322	361565	7531.719360457007	-0.02690574928756484
66648.10479237494	300	5.827412127046434	0.0	144254	2172.587872953566	-0.15000000000000002
66650.12220721299	300	7.8099972890111475	0.0	149991	2017.4148380352865	0.3
66654.90428419191	750	7.027920310082438	0.0	345516	4782.07697892871	0.3
66663.90445491031	750	4.0	1.9722504083161585	384505	9000.170718398596	-7.730676755759481
66666.06973108504	300	5.834723825275875	0.0	145210	2165.276174724125	-0.15000000000000002
66668.46709432827	300	7.437360582048322	0.0	172312	2397.3632432275513	0.3
66673.85736417753	750	6.047090732782175	0.0	398987	5390.2698492661475	0.3
66676.71152158387	300	7.192933326435466	0.0	160064	2854.157406346709	-0.15000000000000002
66681.24708188257	750	6.657373027739868	0.0	331053	4535.560298695598	0.3
66682.94190274805	300	8.962552162270555	0.0	118421	1694.820865469313	-0.15000000000000002

