23452.779622871112	750	4.0	1.3000886568336467	450283	1300.0886568336466	-4.84038122438468
23454.042711797076	750	6.736911074034035	0.0	398865	1263.088925965965	0.75
23455.523235067194	1200	9.256387803919232	0.0	571051	1480.5232701148022	0.75
23458.686903750433	1850	10.092719120678447	0.0	933276	3163.6686832407827	1.2000000000000002
23466.466092077728	1850	6.313530793384922	0.0	996749	7779.188327293526	1.85
23469.13890382956	1200	7.640719041555227	0.0	520315	2672.8117518296963	0.5499999999999999
23470.938141766477	750	9.841481104637593	0.0	352642	1799.2379369176338	0.3
23474.38764740848	750	10.391975462638117	0.0	437162	3449.5056419994767	0.75
23475.2707169329	750	13.508905938217497	0.0	374758	883.0695244206207	0.75
23476.280205299074	750	16.49941757204541	0.0	362795	1009.4883661720886	0.75
23477.567374493803	750	19.21224837731359	0.0	353220	1287.1691947318182	0.75
23481.52890467734	1850	19.250718193777	0.0	917428	3961.530183536588	0.75
23484.90034042606	1850	19.8792824450594	0.0	946851	3371.4357487176044	1.85
23488.628384769432	1850	20.151238101684864	0.0	1036454	3728.044343374536	1.85
23490.708626496715	1850	22.07099637440314	0.0	821631	2080.2417272817224	1.85
23493.191964156675	1850	23.58765871444089	0.0	923170	2483.337659962249	1.85
23499.412139507942	1850	21.367483363175303	0.0	966699	6220.175351265589	1.85
23505.088302158736	1850	19.691320712380985	0.0	885714	5676.162650794318	1.85
23509.238977733756	1850	19.54064513736018	0.0	987708	4150.675575020802	1.85
23511.493556825277	1850	21.286066045842563	0.0	923755	2254.579091517619	1.85
23516.91739551087	1850	19.862227360248987	0.0	891604	5423.838685593577	1.85
23526.025927921146	1850	14.75369494997268	0.0	955231	9108.532410276308	1.85
23533.707279912538	1850	11.072342958581103	0.0	968026	7681.351991391576	1.85
23539.252360138948	1200	9.527262732172016	0.0	536667	5545.080226409087	0.5499999999999999
23540.41571150165	750	12.363911369471696	0.0	359903	1163.3513627003188	0.3
23541.58731090176	750	15.192311969362818	0.0	379700	1171.5994001088784	0.75
23542.78284088787	750	17.996781983252383	0.0	425781	1195.5299861104359	0.75
23543.74975749557	750	21.02986537555226	0.0	277716	966.9166077001249	0.75
23556.970001569633	1850	11.809621301489042	0.0	972798	13220.244074063216	0.75
23558.937484753482	1200	13.84213811763956	0.0	641447	1967.4831838494806	0.5499999999999999
23560.324131201935	1200	16.455491669187744	0.0	570392	1386.646448451814	1.2
23562.11542525981	1200	18.66419761131156	0.0	620283	1791.2940578761848	1.2
23564.917288094963	750	19.862334776158082	0.0	369834	2801.8628351534812	0.3
23566.671596671298	750	22.108026199823943	0.0	412837	1754.3085763341371	0.75
23569.53252246957	1200	23.24710040155146	0.0	690253	2860.925798272486	0.75
23575.040479788328	1850	21.73914308279533	0.0	943942	5507.957318756128	1.2000000000000002
23577.809201561824	1850	22.970421309297464	0.0	728962	2768.721773497865	1.85
23584.85412756164	1850	19.9254953094797	0.0	938587	7044.925999817762	1.85
23586.982346295572	1850	21.797276575547183	0.0	908665	2128.2187339325174	1.85
23589.159956795334	1850	23.619666075784654	0.0	930577	2177.6104997625307	1.85
23591.174986065904	1850	25.604636805212582	0.0	858450	2015.0292705720694	1.85
23594.697665627806	2850	26.081957243309795	0.0	1527299	3522.6795619027916	1.85
23597.804921939107	2850	26.974700932008226	0.0	1343002	3107.256311301567	2.85
23602.886992326883	4300	25.892630544233725	0.0	2219102	5082.070387774501	2.8499999999999996
23612.940001033163	4300	19.839621837950347	0.0	2124950	10053.008706283377	4.3
23619.655642632293	4300	17.123980238821197	0.0	2246506	6715.641599129151	4.3
23631.9505391392	4300	8.82908373191444	0.0	1961140	12294.896506906756	4.3
23637.783232413985	2850	6.996390457130421	0.0	1364537	5832.69327478402	1.4000000000000001

