2261.156598421541	750	4.0	1.5225731928695017	450283	1522.5731928695016	-5.797064729338857
2261.6524283059493	300	7.504170115591404	0.0	155580	495.82988440859583	-0.15000000000000002
2262.185690080874	300	10.97090834066735	0.0	139857	533.2617749240532	0.3
2263.154725157521	300	14.001873264019975	0.0	155432	969.035076647375	0.3
2265.509922004902	750	15.646676416639183	0.0	411561	2355.1968473807938	0.3
2268.0119687827287	750	17.14462963881241	0.0	318564	2502.046777826774	0.75
2269.484536968572	750	19.672061452969544	0.0	352642	1472.568185842865	0.75
2272.669149870187	1200	20.48744855135429	0.0	709534	3184.6129016152568	0.75
2278.2762307819	1200	18.880367639641573	0.0	584846	5607.080911712717	1.2
2280.3752938554635	1200	20.781304566077722	0.0	560821	2099.0630735638533	1.2
2282.3693328090308	1200	22.78726561251081	0.0	607410	1994.038953566911	1.2
2286.543906898551	1850	22.6126915229902	0.0	917428	4174.574089520611	1.2000000000000002
2289.048244515312	1850	24.108353906229418	0.0	946851	2504.337616760782	1.85
2296.1996549975443	1850	20.956943423996787	0.0	1036454	7151.410482232629	1.85
2298.261689479064	1200	22.894908942477056	0.0	526950	2062.034481519733	0.5499999999999999
2302.837287484117	1850	22.319310937424373	0.0	923170	4575.598005052685	1.2000000000000002
2305.6606036003245	1850	23.495994821216442	0.0	966699	2823.3161162079305	1.85
2308.959486061133	1850	24.19711236040804	0.0	885714	3298.8824608084046	1.85
2316.333311494202	1850	20.823286927339034	0.0	987708	7373.825433069003	1.85
2318.5278917588034	1200	22.62870666273759	0.0	586839	2194.580264601445	0.5499999999999999
2322.094960200343	1850	23.061638221198	0.0	891604	3567.0684415395904	1.2000000000000002
2327.052159996266	1850	22.10443842527482	0.0	955231	4957.199795923179	1.85
2330.7332756056003	1850	22.42332281594065	0.0	968026	3681.1156093341697	1.85
2335.9451286919066	1200	21.211469729634274	0.0	536667	5211.853086306375	0.5499999999999999
2338.615693584416	1200	22.54090483712502	0.0	587236	2670.564892509255	1.2
2341.7294264018096	1850	23.427172019731305	0.0	905935	3113.732817393715	1.2000000000000002
2346.276727980094	1850	22.87987044144724	0.0	1076599	4547.301578284066	1.85
2350.039757861792	1850	23.11684055974911	0.0	758197	3763.0298816981253	1.85
2354.0142589291117	1850	23.14233949242978	0.0	972798	3974.5010673193315	1.85
2357.44646466799	1850	23.71013375355123	0.0	975811	3432.2057388785524	1.85
2361.4479037563283	1850	23.70869466521286	0.0	873429	4001.439088338368	1.85
2365.2591012994926	1850	23.89749712204856	0.0	954453	3811.1975431643004	1.85
2372.009737261919	1850	21.14686115962238	0.0	885062	6750.635962426184	1.85
2374.9269079820588	1200	22.229690439482464	0.0	670129	2917.170720139915	0.5499999999999999
2378.91613073591	1850	22.240467685631426	0.0	1026056	3989.2227538510383	1.2000000000000002
2381.0060781443503	1200	24.150520277190996	0.0	598727	2089.9474084404274	0.5499999999999999
2386.991862279383	1850	22.164736142158628	0.0	728962	5985.784135032368	1.2000000000000002
2389.8766795274682	1200	23.279918894073674	0.0	575591	2884.8172480849535	0.5499999999999999
2395.092615012844	1850	22.063983408697514	0.0	908665	5215.9354853761615	1.2000000000000002
2397.0087640975685	1200	24.147834323973083	0.0	587506	1916.1490847244304	0.5499999999999999
2398.984020192393	1850	26.17257822914848	0.0	858450	1975.2560948245982	1.2000000000000002
2404.36432635041	2850	24.792272071131542	0.0	1527299	5380.306158016943	1.85
2407.4220780856253	1850	25.734520335915768	0.0	886255	3057.751735215774	0.8500000000000001
2410.427672748565	1850	26.72892567297643	0.0	973972	3005.5946629393375	1.85
2420.7687740670945	2850	20.38782435444658	0.0	1464921	10341.101318529853	1.85
2423.5107526754114	1200	21.645845746129723	0.0	638661	2741.978608316858	-0.44999999999999996
2425.5375133591183	1200	23.61908506242295	0.0	538612	2026.7606837067729	1.2
2428.2105807836415	1850	24.946017637899594	0.0	846370	2673.0674245233563	1.2000000000000002

