25522.8310057317	750	4.0	1.5068308092891032	450283	1506.8308092891032	-5.729372479943144
25523.39328331286	300	7.43772241883885	0.0	155580	562.2775811611506	-0.15000000000000002
25524.697313768065	750	10.133691963633515	0.0	350812	1304.0304552053346	0.3
25526.89722936073	1200	11.933776370972005	0.0	617681	2199.9155926615085	0.75
25530.173266240803	1850	12.657739490901225	0.0	996749	3276.03688007078	1.2000000000000002
25532.92326392182	1850	13.907741809881756	0.0	801058	2749.9976810194694	1.85
25537.552626660643	2850	13.278379071061929	0.0	1388403	4629.362738819827	1.85
25543.256328932155	2850	11.57467679955004	0.0	1638769	5703.7022715118865	2.85
25546.637526471408	1850	12.19347926029854	0.0	852833	3381.1975392515014	0.8500000000000001
25550.325313125013	1850	12.505692606691362	0.0	913888	3687.786653607179	1.85
25553.93695493443	1850	12.894050797277767	0.0	939819	3611.6418094135956	1.85
25557.138179579015	1850	13.692826152690692	0.0	917428	3201.224644587075	1.85
25561.76941227833	2850	13.061593453377162	0.0	1422919	4631.23269931353	1.85
25567.111543185354	2850	11.719462546353633	0.0	1578343	5342.130907023529	2.85
25569.971111886407	1850	12.85989384529836	0.0	821631	2859.568701055271	0.8500000000000001
25573.13200407484	1850	13.699001656868077	0.0	923170	3160.8921884302845	1.85
25578.456836305842	2850	12.374169425864027	0.0	1491626	5324.8322310040485	1.85
25581.687472769987	1850	13.143532961718845	0.0	885714	3230.6364641451814	0.8500000000000001
25586.901299812576	2850	11.92970591912684	0.0	1537156	5213.8270425920055	1.85
25590.38200168949	1850	12.449004042216078	0.0	923755	3480.7018769107626	0.8500000000000001
25593.549832152043	1850	13.281173579665287	0.0	891604	3167.830462550792	1.85
25598.55191544955	2850	12.279090282161098	0.0	1468126	5002.083297504189	1.85
25602.44553620466	1850	12.385469527047709	0.0	968026	3893.620755113388	0.8500000000000001
25606.89756989727	1850	11.933435834439667	0.0	874175	4452.033692608043	1.85
25610.128713522437	1850	12.702292209272322	0.0	897976	3231.143625167346	1.85
25613.51373832939	1850	13.31726740231827	0.0	905935	3385.024806954053	1.85
25618.935717246743	2850	11.895288484967692	0.0	1547572	5421.978917350579	1.85
25622.102148038426	1850	12.728857693282425	0.0	758197	3166.4307916852676	0.8500000000000001
25626.095364501864	1850	12.735641229843448	0.0	972798	3993.216463438977	1.85
25629.272048550625	1850	13.558957181084244	0.0	975811	3176.684048759204	1.85
25633.876103756782	2850	12.954901974925264	0.0	1341201	4604.055206158981	1.85
25637.027979733386	1850	13.80302599832037	0.0	954453	3151.875976604893	0.8500000000000001
25642.303551696106	2850	12.527454035597334	0.0	1358081	5275.571962723037	1.85
25645.785139229218	1850	13.045866502483412	0.0	1035329	3481.5875331139214	0.8500000000000001
25651.07523501128	2850	11.755770720421056	0.0	1492672	5290.095782062355	1.85
25654.356556832525	1850	12.474448899177279	0.0	943942	3281.3218212437764	0.8500000000000001
25657.072133585465	1850	13.7588721462389	0.0	728962	2715.576752938379	1.85
25661.871366608295	2850	12.959639123406312	0.0	1499009	4799.233022832587	1.85
25664.85623417458	1850	13.974771557121706	0.0	908665	2984.867566284608	0.8500000000000001
25669.57748372103	2850	13.253522010671345	0.0	1402287	4721.249546450361	1.85
25674.422614415962	2850	12.408391315736717	0.0	1339500	4845.130694934626	2.85
25678.151025162486	1850	12.67998056921439	0.0	1025005	3728.4107465223274	0.8500000000000001
25681.209665113376	1850	13.621340618323313	0.0	886255	3058.6399508910763	1.85
25687.110611499123	2850	11.720394232575838	0.0	1587250	5900.946385747475	1.85
25690.459531682205	1850	12.371474049494068	0.0	958994	3348.9201830817688	0.8500000000000001
25694.131244251093	1850	12.699761480601989	0.0	982064	3671.7125688920814	1.85
25696.933222418076	1850	13.897783313619362	0.0	830730	2801.9781669826257	1.85
25701.56781983288	2850	13.263185898816923	0.0	1364537	4634.597414802441	1.85

