45992.452575776166	750	4.0	5.194358296586338	450283	5194.358296586338	-21.58574067532125
45994.29966861285	300	6.152907163310846	0.0	155580	1847.0928366891542	-0.15000000000000002
45995.968178079755	300	8.48439769640742	0.0	139857	1668.5094669034263	0.3
46000.391003517296	750	8.061572258868653	0.0	382355	4422.825437538769	0.3
46005.14555355561	750	7.307022220556369	0.0	411561	4754.5500383122835	0.75
46008.84383458419	750	7.608741191972722	0.0	318564	3698.281028583647	0.75
46012.92917686544	750	7.523398910730038	0.0	352642	4085.342281242684	0.75
46017.97450556239	750	6.4780702137721775	0.0	437162	5045.328696957861	0.75
46019.76628446339	300	8.68629131277319	0.0	150710	1791.7789009989872	-0.15000000000000002
46023.96694551036	750	8.4856302658093	0.0	362795	4200.661046963888	0.3
46028.058852772054	750	8.393723004108933	0.0	353220	4091.907261700367	0.75
46032.740404316595	750	7.712171459570921	0.0	405134	4681.5515445380115	0.75
46037.20861671246	750	7.243959063712254	0.0	386351	4468.212395858667	0.75
46042.22267656651	750	6.22989920966097	0.0	434409	5014.059854051285	0.75
46043.89338950437	300	8.559186271808079	0.0	140051	1670.712937852891	-0.15000000000000002
46048.132883887294	750	8.319691888884297	0.0	366214	4239.494382923782	0.3
46052.31123763042	750	8.141338145759319	0.0	360831	4178.35374312498	0.75
46056.627387814566	750	7.82518796160906	0.0	372963	4316.150184150258	0.75
46061.314186800235	750	7.138388975943974	0.0	405596	4686.798985665087	0.75
46065.37761931105	750	7.07495646512148	0.0	350713	4063.4325108224925	0.75
46069.847206036735	750	6.605369739443817	0.0	386472	4469.586725677664	0.75
46071.71965014744	300	8.732925628738142	0.0	157812	1872.4441107056746	-0.15000000000000002
46076.3639357735	750	8.088640002680508	0.0	401853	4644.2856260576345	0.3
46080.34884975508	750	8.103726021103627	0.0	343800	3984.9139815768817	0.75
46084.51666318355	750	7.935912592623509	0.0	359903	4167.813428480118	0.75
46088.90933287176	750	7.543242904418906	0.0	379700	4392.669688204602	0.75
46093.82539505905	750	6.627180717130408	0.0	425781	4916.062187288499	0.75
46095.16790440641	300	9.28467136977096	0.0	111155	1342.5093473594482	-0.15000000000000002
46102.247638530986	1200	6.2049372451926645	0.0	622896	7079.734124578295	0.29999999999999993
46103.8841883077	300	8.568387468479894	0.0	149029	1636.5497767127717	-0.6000000000000001
46107.66008075458	750	8.792495021593426	0.0	358218	3775.8924468864675	0.3
46111.8703786629	750	8.582197113273676	0.0	400322	4210.297908319751	0.75
46115.76611848391	750	8.686457292265771	0.0	369834	3895.7398210079054	0.75
46122.73736209768	750	5.715213678496787	0.0	412837	6971.243613768985	0.75
46125.288396269156	300	7.164179507022182	0.0	179328	2551.0341714746046	-0.15000000000000002
46130.40009967906	750	6.052476097126136	0.0	365161	5111.703409896047	0.3
46132.29360792822	300	8.158967847952706	0.0	131610	1893.508249173429	-0.15000000000000002
46137.355760577055	750	7.096815199123659	0.0	361565	5062.152648829047	0.3
46142.64888370892	750	5.803692067256507	0.0	378327	5293.123131867153	0.75
46144.79567130714	300	7.6569044690362205	0.0	149991	2146.787598220286	-0.15000000000000002
46149.63667819279	750	6.815897583378546	0.0	345516	4841.0068856576745	0.3
46151.946972279	300	8.505603497165769	0.0	161857	2310.294086212778	-0.15000000000000002
46156.46227611863	750	7.990299657537109	0.0	372093	4515.303839628659	0.3
46161.666810973205	750	6.7857648029705775	0.0	438281	5204.534854566531	0.75
46163.69972573356	300	8.752850042613696	0.0	167025	2032.9147603568829	-0.15000000000000002
46168.38421993675	750	8.06835583942506	0.0	393804	4684.494203188636	0.3
46172.335007484486	750	8.117568291690128	0.0	331053	3950.787547734932	0.75
46176.08765646896	750	8.364919307218226	0.0	314107	3752.6489844719017	0.75

