81035.06715180604	750	4.0	4.34703785049011	450283	4347.03785049011	-17.94226275710747
81036.80376368714	300	6.263388118895311	0.0	155580	1736.6118811046888	-0.15000000000000002
81038.24031496324	300	8.826836842785266	0.0	139857	1436.5512761100445	0.3
81040.08870437676	300	10.978447429285543	0.0	155432	1848.3894134997229	0.3
81041.60437699372	300	13.462774812313022	0.0	163442	1515.6726169725214	0.3
81044.69028255413	750	14.37686925191221	0.0	318564	3085.905560400814	0.3
81047.80602815506	750	15.261123650994453	0.0	352642	3115.7456009177567	0.75
81053.76976828229	750	13.297383523763477	0.0	437162	5963.7401272309735	0.75
81057.43490818272	750	13.632243623338589	0.0	374758	3665.1399004248883	0.75
81060.84877165226	750	14.218380153791387	0.0	362795	3413.863469547203	0.75
81064.4622801026	750	14.604871703466175	0.0	353220	3613.50845032521	0.75
81068.40504772763	750	14.662104078429474	0.0	405134	3942.7676250367012	0.75
81072.2553473047	750	14.811804501364534	0.0	386351	3850.2995770649404	0.75
81076.08893968933	750	14.978212116728836	0.0	434409	3833.5923846357	0.75
81079.11669213095	750	15.950459675114582	0.0	337059	3027.7524416142537	0.75
81082.35761377914	750	16.709538026930154	0.0	366214	3240.9216481844287	0.75
81085.64397584583	750	17.42317596024328	0.0	360831	3286.362066686875	0.75
81089.10242022971	750	17.964731576352378	0.0	372963	3458.4443838909037	0.75
81093.46608933495	750	17.60106247112667	0.0	405596	4363.669105225703	0.75
81097.7160346319	750	17.35111717418784	0.0	350713	4249.945296938831	0.75
81101.7438659974	750	17.32328580867529	0.0	386472	4027.831365512553	0.75
81105.8189714422	750	17.248180363866652	0.0	399894	4075.1054448086365	0.75
81110.31821650769	750	16.748935298386545	0.0	401853	4499.245065480106	0.75
81113.36076750526	750	17.706384300812562	0.0	343800	3042.5509975739865	0.75
81116.61736050333	750	18.449791302734216	0.0	359903	3256.59299807835	0.75
81120.1751162838	750	18.892035522256	0.0	379700	3557.7557804782145	0.75
81124.18564363495	750	18.88150817111814	0.0	425781	4010.5273511378614	0.75
81127.04080999762	750	20.026341808451974	0.0	277716	2855.166362666166	0.75
81130.89531876834	750	20.17183303772667	0.0	400396	3854.5087707253	0.75
81134.82267046299	750	20.244481343072987	0.0	400508	3927.351694653684	0.75
81138.66822080997	750	20.398930996101736	0.0	358218	3845.550346971252	0.75
81143.24214240462	750	19.825009401450195	0.0	400322	4573.92159465154	0.75
81146.7515735509	750	20.31557825516592	0.0	369834	3509.431146284273	0.75
81152.14293826681	750	18.924213539241663	0.0	412837	5391.364715924256	0.75
81156.45161343833	750	18.61553836773392	0.0	401088	4308.675171507744	0.75
81161.08413690564	750	17.98301490041523	0.0	365161	4632.52346731869	0.75
81164.97029067723	750	18.096861128815522	0.0	321064	3886.153771599708	0.75
81169.58639772751	750	17.48075407852851	0.0	361565	4616.107050287013	0.75
81174.07966928075	750	16.987482525296194	0.0	378327	4493.271553232316	0.75
81177.58422365716	750	17.48292814889052	0.0	390680	3504.554376405676	0.75
81186.181963577	1850	12.885188229059253	0.0	858450	8597.739919831265	0.75
81189.7059614894	750	13.361190316644912	0.0	384505	3523.99791241434	-0.3500000000000001
81193.41197568862	750	13.65517611742098	0.0	372093	3706.0141992239314	0.75
81197.53559682965	750	13.531554976390641	0.0	438281	4123.6211410303395	0.75
81201.19585171551	750	13.871300090525967	0.0	398987	3660.254885864675	0.75
81205.21149929003	750	13.85565251601632	0.0	393804	4015.6475745096463	0.75
81208.40080300138	750	14.666348804674335	0.0	331053	3189.303711341985	0.75
81211.59155218315	750	15.475599622897011	0.0	314107	3190.749181777324	0.75

