2533.8579252741515	750	4.0	1.1010376323790223	450283	1101.0376323790224	-3.9844618192297956
2535.36475370875	1200	6.493171565401495	0.0	611087	1506.8284345985046	0.75
2536.8495992545413	1200	9.00832601961051	0.0	571051	1484.8455457909852	1.2
2541.1384991304703	2850	8.719426143681357	0.0	1520281	4288.899875929154	1.2000000000000002
2547.5785990395584	2850	6.2793262345934355	0.0	1472558	6440.099909087922	2.85
2555.245740504656	1850	4.0	1.3878152305042868	801058	7667.141465097722	-5.117605491168433
2556.016236983538	300	7.229503521117641	0.0	153295	770.4964788823593	-1.25
2556.8793161600097	300	10.366424344646006	0.0	173849	863.0791764716348	0.3
2557.5260957252513	300	13.719644779404552	0.0	150710	646.7795652414538	0.3
2558.1154970064035	300	17.130243498252366	0.0	139105	589.401281152187	0.3
2558.7149138333953	300	20.530826671261057	0.0	141840	599.4168269913102	0.3
2563.526682926715	1200	19.7190575779413	0.0	594078	4811.769093319755	0.29999999999999993
2565.3183082130886	1200	21.927432291567637	0.0	624282	1791.6252863736645	1.2
2573.502934602411	1200	17.742805902245358	0.0	687371	8184.626389322277	1.2
2574.94307395636	1200	20.302666548296067	0.0	526950	1440.1393539492938	1.2
2576.509793984963	1200	22.735946519693055	0.0	587876	1566.720028603012	1.2
2578.103961966714	1200	25.141778537942134	0.0	617242	1594.1679817509203	1.2
2579.5441602410983	1200	27.701580263558036	0.0	581493	1440.1982743840952	1.2
2581.13828687092	1200	30.10745363373615	0.0	639204	1594.126629821886	1.2
2597.2654187502353	4300	17.98032175442089	0.0	2156729	16127.131879315262	1.1999999999999997
2603.17146638697	1850	16.07427411768607	0.0	891604	5906.047636734821	-0.6000000000000001
2605.836934825233	1850	17.408805679422944	0.0	955231	2665.468438263125	1.85
2612.481763446324	1850	14.763977058332198	0.0	968026	6644.828621090745	1.85
2613.644238659082	750	17.601501845574106	0.0	343800	1162.4752127580946	-0.3500000000000001
2614.743061846107	750	20.50267865854906	0.0	359903	1098.8231870250443	0.75
2616.284870709061	1200	22.96086979559537	0.0	590335	1541.8088629536858	0.75
2618.4180860986676	1850	24.82765440598884	0.0	1076599	2133.21538960653	1.2000000000000002
2620.887441547343	2850	26.35829895731335	0.0	1141971	2469.3554486754856	1.85
2624.9677760141085	4300	26.277964490547674	0.0	2134614	4080.3344667656793	2.8499999999999996
2630.813809837768	4300	24.43193066688866	0.0	2164140	5846.033823659015	4.3
2638.7826057897864	4300	20.463134714870094	0.0	2113193	7968.795952018566	4.3
2653.74468090009	4300	9.501059604566318	0.0	2147852	14962.075110303776	4.3
2655.8064969597563	1200	11.43924354489992	0.0	584349	2061.8160596663993	-1.9000000000000001
2663.900390310456	1200	7.345350194200645	0.0	670129	8093.893350699275	1.2
2665.101181375204	750	10.144559129452572	0.0	401088	1200.7910647480728	0.3
2666.1237183267694	750	13.122022177887002	0.0	365161	1022.5369515655719	0.75
2667.025992432378	750	16.21974807227827	0.0	321064	902.2741056087297	0.75
2668.008968842131	750	19.23677166252605	0.0	361565	982.9764097522215	0.75
2669.0328614256864	750	22.212879078970197	0.0	378327	1023.8925835558554	0.75
2671.2927988966658	1850	23.95294160799098	0.0	930577	2259.9374709792182	0.75
2677.47425270603	1850	21.771487798626964	0.0	858450	6181.453809364013	1.85
2682.9264192200867	1850	20.319321284570236	0.0	1025005	5452.166514056726	1.85
2690.611199974594	1850	16.634540530062704	0.0	886255	7684.780754507533	1.85
2695.347514307368	1850	15.898226197288997	0.0	973972	4736.314332773705	1.85
2697.0192671616282	1200	18.22647334302906	0.0	630203	1671.7528542599396	0.5499999999999999
2702.6937757563173	1200	16.55196474833995	0.0	638661	5674.508594689103	1.2
2705.266772795764	1850	17.978967708892952	0.0	830730	2572.9970394469983	1.2000000000000002
2708.5463657222062	2850	18.699374782450626	0.0	1364537	3279.5929264423285	1.85

