41782.19646031643	750	4.0	2.747228378707316	450283	2747.228378707316	-11.063082028441459
41783.14617242658	300	7.050287889843733	0.0	155580	949.7121101562668	-0.15000000000000002
41783.97904312733	300	10.2174171890972	0.0	139857	832.8707007465337	0.3
41784.891983644025	300	13.304476672398579	0.0	155432	912.9405166986202	0.3
41785.9694309978	300	16.227029318619138	0.0	163442	1077.447353779442	0.3
41786.98444786595	300	19.212012450478454	0.0	126289	1015.0168681406806	0.3
41788.114856764645	300	22.081603551785168	0.0	153295	1130.4088986932866	0.3
41789.3857851401	300	24.810675176331962	0.0	173849	1270.9283754532048	0.3
41790.33649753301	300	27.859962783420787	0.0	150710	950.712392911176	0.3
41791.440084319875	300	30.756375996555118	0.0	139105	1103.5867868656665	0.3
41792.25631544563	300	33.940144870800765	0.0	141840	816.2311257543479	0.3
41793.18516751817	300	37.0112927982632	0.0	156148	928.8520725375703	0.3
41794.32296362	300	39.87349669643541	0.0	160746	1137.7961018277842	0.3
41795.44175816284	300	42.75470215360069	0.0	179801	1118.7945428347264	0.3
41796.38092989803	300	45.81553041840713	0.0	140051	939.1717351935562	0.3
41797.568359266006	300	48.62810105042724	0.0	138313	1187.429367979884	0.3
41798.676564110545	300	51.51989620588827	0.0	143509	1108.2048445389657	0.3
41799.62218285139	300	54.574277465049434	0.0	150616	945.6187408388447	0.3
41800.653726155644	300	57.5427341607916	0.0	165384	1031.5433042578275	0.3
41801.59833241424	300	59.647178272048656	0.0	140881	895.5558887429424	0.3
41804.46321694221	300	59.9047611996953	0.0	157671	1242.4170723533596	0.3
41807.52503718502	300	59.89558476984657	0.0	157812	1509.176429848727	0.3
41811.01793081658	300	59.87195988534666	0.0	163927	2023.6248844999122	0.3
41813.629709614106	300	59.766204938317586	0.0	137654	1105.7549470290776	0.3
41815.90206060751	300	59.84054119040853	0.0	146754	925.6637479090595	0.3
41818.07309764055	300	59.648866370090836	0.0	153938	691.6748203176905	0.3
41820.42632036032	300	59.66543611081198	0.0	181901	983.4302592788513	0.3
41822.428497465364	300	59.55724393353747	0.0	111155	608.1921772745144	0.3
41824.37568450689	300	59.991142840408756	0.0	153605	1066.1010931287162	0.3
41826.1479036062	300	59.76307619820293	0.0	149029	728.0666422058245	0.3
41828.11338305578	300	59.998912726763095	0.0	157421	1264.163471439834	0.3
41830.77996556112	750	59.98977943836711	0.0	400322	2009.133288395988	0.3
41834.20364245505	750	59.822165558816934	0.0	369834	2667.6138795501734	0.75
41837.33109238246	750	59.84097214335886	0.0	412837	2481.193415458069	0.75
41839.75066553195	750	59.906813891335375	0.0	401088	1934.1582520234908	0.75
41843.10441234309	750	59.68414782575276	0.0	365161	2722.6660655826117	0.75
41845.64795699231	750	59.94441587966914	0.0	321064	2239.7319460836293	0.75
41848.63274021533	750	59.564430583482704	0.0	361565	2379.98529618643	0.75
41851.14081456899	750	59.57229240631405	0.0	378327	1992.138177168659	0.75
41853.74575387895	750	59.98779083958249	0.0	390680	2584.5015667315597	0.75
41855.559107585155	750	59.79433288854359	0.0	345516	1693.4579510388971	0.75
41857.1651874879	750	59.75074086075321	0.0	384505	1543.5920277903774	0.75
41860.96938392486	750	59.94654442379796	0.0	372093	2804.196436955252	0.75
41865.17087232077	750	59.745056027885525	0.0	438281	2701.4883959124363	0.75
41869.30442112567	750	59.611507222982134	0.0	398987	2633.548804903395	0.75
41873.166878961536	750	59.631139051914396	0.0	393804	1980.368171067731	0.75
41876.13701661518	750	59.983615010486744	0.0	331053	2147.524041427654	0.75
41879.87258866735	750	59.6326357355139	0.0	314107	2350.9792749728394	0.75

