36416.399328838816	750	4.0	2.2161985052673345	450283	2216.1985052673344	-8.779653572649538
36418.247901800765	750	6.151427038051543	0.0	398865	1848.5729619484566	0.75
36419.883407091846	750	8.515921746970445	0.0	350812	1635.5052910810975	0.75
36423.12215003216	1200	9.27717880665477	0.0	617681	3238.742940315674	0.75
36426.67526739404	1200	9.724061444773568	0.0	652874	3553.117361881203	1.2
36429.52635408376	1200	10.872974755052507	0.0	520315	2851.0866897210612	1.2
36434.412337447204	1850	9.986991391613167	0.0	905515	4885.983363439339	1.2000000000000002
36440.269458443036	1850	8.129870395782277	0.0	1060487	5857.12099583089	1.85
36445.2962064894	1850	7.103122349420064	0.0	852833	5026.748046362212	1.85
36449.43070637817	1850	6.968622460652419	0.0	913888	4134.499888767645	1.85
36453.70997848983	1850	6.689350348991318	0.0	939819	4279.272111661102	1.85
36458.07242046803	1850	6.326908370787799	0.0	917428	4362.441978203518	1.85
36463.38137505842	1850	5.017953780398446	0.0	946851	5308.954590389353	1.85
36470.692012842126	1850	4.0	2.292684003305034	1036454	7310.63778370348	-8.008541214211647
36472.32809043695	750	6.363922405178935	0.0	337059	1636.077594821065	-0.3500000000000001
36474.155495475876	750	8.536517366258511	0.0	366214	1827.405038920423	0.75
36477.22638763722	1200	9.465625204915002	0.0	617242	3070.89216134351	0.75
36480.11657843118	1200	10.575434410955754	0.0	581493	2890.190793959246	1.2
36483.375261156216	1200	11.316751685921664	0.0	639204	3258.6827250340907	1.2
36487.59443414251	1850	11.097578699624096	0.0	923755	4219.172986297567	1.2000000000000002
36491.54865116412	1850	11.143361678016639	0.0	891604	3954.217021607457	1.85
36495.74007926131	1850	10.951933580827324	0.0	955231	4191.428097189314	1.85
36499.93437279595	1850	10.757640046193703	0.0	968026	4194.293534633622	1.85
36504.00553141095	1850	10.686481431195123	0.0	874175	4071.15861499858	1.85
36508.57730904663	1850	10.114703795512098	0.0	897976	4571.777635683025	1.85
36513.32393524469	1850	9.368077597450023	0.0	905935	4746.626198062075	1.85
36519.617680622374	1850	7.0743322197697385	0.0	1076599	6293.745377680284	1.85
36524.07372323817	1850	6.618289603975875	0.0	758197	4456.042615793864	1.85
36529.768366272314	1850	4.923646569831663	0.0	972798	5694.643034144212	1.85
36533.41708271569	1200	5.274930126460264	0.0	641447	3648.7164433713992	0.5499999999999999
36536.13663329628	1200	6.555379545866103	0.0	570392	2719.5505805941607	1.2
36539.08705986745	1200	7.604952974696296	0.0	620283	2950.426571169806	1.2
36542.00780739841	1200	8.684205443739309	0.0	584349	2920.747530956988	1.2
36545.744808525305	1200	8.947204316835784	0.0	670129	3737.0011269035263	1.2
36549.650565085016	1200	9.041447757125061	0.0	690253	3905.7565597107227	1.2
36552.918369478895	1200	9.773643363242943	0.0	598727	3267.8043938821183	1.2
36555.47191456227	1200	11.220098279866482	0.0	487812	2553.5450833764603	1.2
36560.714193420026	1850	9.977819422115326	0.0	938587	5242.2788577511565	1.2000000000000002
36566.00073608403	1850	8.691276758108812	0.0	908665	5286.542664006514	1.85
36570.74764090363	1850	7.9443719385084055	0.0	930577	4746.904819600406	1.85
36575.16460875912	1850	7.527404083015339	0.0	858450	4416.967855493067	1.85
36581.15001788028	1850	5.5419949618551385	0.0	1025005	5985.409121160201	1.85
36584.60430600774	1200	6.087706834392984	0.0	599477	3454.2881274621545	0.5499999999999999
36588.19055036867	1200	6.501462473460703	0.0	634861	3586.244360932282	1.2
36591.563521346536	1200	7.128491495595336	0.0	630203	3372.970977865367	1.2
36597.44925534716	1850	5.242757494981102	0.0	982064	5885.734000614233	1.2000000000000002
36602.25267102099	1850	4.439341821141851	0.0	830730	4803.415673839251	1.85
36606.868878828085	1850	4.0	0.17686598594946007	846370	4616.207807091311	1.0894762604173218

