2089.9262139545967	750	4.0	4.727628493384408	450283	4727.628493384408	-19.578802521552955
2091.636594062241	300	6.28961989235593	0.0	155580	1710.3801076440704	-0.15000000000000002
2093.182207063364	300	8.74400689123254	0.0	139857	1545.6130011233884	0.3
2094.8910362245115	300	11.035177730085008	0.0	155432	1708.829161147533	0.3
2096.6838051251	300	13.242408829496485	0.0	163442	1792.7689005885215	0.3
2098.850433682507	750	15.075780272089258	0.0	318564	2166.6285574072285	0.3
2100.935574014597	750	16.990639939999724	0.0	352642	2085.1403320895333	0.75
2103.501299361711	750	18.424914592885866	0.0	437162	2565.7253471138565	0.75
2106.906763437633	1200	19.01945051696401	0.0	584846	3405.4640759218564	0.75
2110.1756201426842	1200	19.750593811912474	0.0	560821	3268.8567050515376	1.2
2113.7093842692334	1200	20.216829685363443	0.0	607410	3533.7641265490315	1.2
2117.1673419662948	1200	20.758871988302154	0.0	594078	3457.957697061286	1.2
2120.7970411422225	1200	21.129172812374392	0.0	624282	3629.699175927763	1.2
2124.7854675781227	1200	21.1407463764742	0.0	687371	3988.4264359001895	1.2
2127.861732055963	1200	22.064481898633844	0.0	526950	3076.2644778403583	1.2
2131.2844248658594	1200	22.6417890887375	0.0	587876	3422.692809896344	1.2
2136.8611245042766	1850	21.065089450320578	0.0	966699	5576.6996384169215	1.2000000000000002
2140.24752325181	1200	21.678690702786994	0.0	581493	3386.3987475335866	0.5499999999999999
2143.962069678024	1200	21.96414427657299	0.0	639204	3714.546426214002	1.2
2147.3788660532236	1200	22.547347901373527	0.0	586839	3416.796375199465	1.2
2152.5285717055635	1850	21.397642249033886	0.0	891604	5149.705652339642	1.2000000000000002
2156.112350335096	1200	21.813863619501486	0.0	616206	3583.778629532396	0.5499999999999999
2161.696595362947	1850	20.229618591650855	0.0	968026	5584.245027850632	1.2000000000000002
2164.828111196573	1200	21.098102758024986	0.0	536667	3131.5158336258696	0.5499999999999999
2168.2471649339464	1200	21.679049020651306	0.0	587236	3419.05373737368	1.2
2171.683839742801	1200	22.24237421179679	0.0	590335	3436.674808854517	1.2
2177.8854363659693	1850	20.040777588628647	0.0	1076599	6201.596623168141	1.2000000000000002
2180.735452881815	1200	21.190761072783296	0.0	487160	2850.0165158453538	0.5499999999999999
2184.3572711913107	1200	21.568942763287424	0.0	622896	3621.8183094958686	1.2
2188.0845714295065	1200	21.841642525091647	0.0	641447	3727.3002381957763	1.2
2193.1309331082534	1850	20.795280846344845	0.0	873429	5046.3616787468	1.2000000000000002
2196.737893766965	1200	21.188320187632915	0.0	620283	3606.960658711929	0.5499999999999999
2200.1405318756315	1200	21.78568207896694	0.0	584349	3402.6381086659753	1.2
2204.0309194233505	1200	21.895294531247647	0.0	670129	3890.3875477192933	1.2
2209.945125980092	1850	19.981087974506085	0.0	1026056	5914.206556741563	1.2000000000000002
2213.4295181274	1200	20.496695827198135	0.0	598727	3484.3921473079504	0.5499999999999999
2216.283241948378	1200	21.64297200622032	0.0	487812	2853.723820977817	1.2
2219.6360816239917	1200	22.290132330606678	0.0	575591	3352.839675613644	1.2
2224.882796989314	1850	21.043416965283956	0.0	908665	5246.715365322723	1.2000000000000002
2228.3033859604084	1200	21.622827994189777	0.0	587506	3420.588971094179	0.5499999999999999
2233.264576283973	1850	20.661637670625765	0.0	858450	4961.190323564011	1.2000000000000002
2236.991904952423	1200	20.934309002175905	0.0	641452	3727.32866844986	0.5499999999999999
2240.480561637843	1200	21.44565231675546	0.0	599477	3488.6566854204466	1.2
2244.17041354536	1200	21.755800409238223	0.0	634861	3689.851907517236	1.2
2249.7033021622346	1850	20.22291179236369	0.0	958994	5532.888616874536	1.2000000000000002
2253.414761062855	1200	20.511452891743133	0.0	638661	3711.4589006205542	0.5499999999999999
2256.5573362653195	1200	21.368877689278854	0.0	538612	3142.5752024642775	1.2
2259.634025228672	1200	22.29218872592679	0.0	550906	3076.688963352064	1.2

