15906.143132820547	750	4.0	2.5491690061764642	450283	2549.1690061764643	-10.211426726558797
15907.33919319097	750	6.803939629577797	0.0	398865	1196.0603704222035	0.75
15913.964983261649	1200	4.178149558899209	0.0	571051	6625.790070678588	0.75
15914.317602542149	300	7.825530278399506	0.0	155432	352.6192804997035	-0.6000000000000001
15914.684270927317	300	11.458861893231505	0.0	163442	366.66838516799976	0.3
15915.323014869833	750	14.82011795071576	0.0	318564	638.7439425157468	0.3
15916.021529772259	750	18.121603048289124	0.0	352642	698.5149024266331	0.75
15917.34601384613	1200	20.7971189744171	0.0	709534	1324.4840738720254	0.75
15920.04779107134	2850	22.095341749206863	0.0	1348011	2701.7772252102377	1.2000000000000002
15924.842076829356	4300	21.301055991189852	0.0	2169201	4794.285758017009	2.8499999999999996
15927.355803043225	4300	22.787329777321037	0.0	2173522	2513.7262138688156	4.3
15934.73310578931	4300	19.4100270312382	0.0	2102452	7377.302746082833	4.3
15939.824364071283	4300	18.31876874926334	0.0	2209463	5091.258281974862	4.3
15947.522347377484	4300	14.620785443061443	0.0	2275376	7697.983306201898	4.3
15951.245805766323	2850	14.897327054224037	0.0	1231445	3723.458388837406	1.4000000000000001
15955.331750921805	2850	14.811381898741681	0.0	1471065	4085.9451554823554	2.85
15961.93888330466	2850	12.204249515886783	0.0	1491626	6607.1323828549	2.85
15968.827659380986	2850	9.315473439560268	0.0	1358801	6888.776076326513	2.85
15975.802817801055	2850	6.340315019490328	0.0	1537156	6975.15842006994	2.85
15979.733682918439	1850	6.409449902106613	0.0	923755	3930.8651173837147	0.8500000000000001
15982.644693108661	1200	7.498439711883399	0.0	601738	2911.010190223215	0.5499999999999999
15984.41915535636	1200	9.723977464185955	0.0	616206	1774.4622476974428	1.2
15987.821629541733	1200	10.321503278812578	0.0	656471	3402.474185373375	1.2
15988.578237655673	1200	13.56489516487218	0.0	536667	756.6081139403994	1.2
15992.03285836041	1850	14.110274460136074	0.0	897976	3454.620704736106	1.2000000000000002
15995.980420233125	1850	14.162712587421781	0.0	905935	3947.561872714293	1.85
15997.316814644475	1850	16.82631817607144	0.0	1076599	1336.3944113503426	1.85
15999.19610584653	1850	18.947026974015852	0.0	758197	1879.2912020555896	1.85
16002.709258783301	2850	19.433874037244916	0.0	1498470	3513.152936770934	1.85
16008.666921102471	2850	17.4762117180743	0.0	1561263	5957.662319170616	2.85
16013.025931040265	2850	17.11720178028212	0.0	1341201	4359.0099377921815	2.85
16016.581425292148	2850	17.561707528400085	0.0	1497683	3555.4942518820353	2.85
16018.403301988455	2850	19.739830832090878	0.0	1358081	1821.8766963092078	2.85
16020.105128769097	2850	22.038004051449498	0.0	1587293	1701.8267806413794	2.85
16021.632875958476	2850	24.51025686207127	0.0	1492672	1527.7471893782258	2.85
16023.828651046555	4300	26.314481773991698	0.0	2143948	2195.7750880795716	2.8499999999999996
16025.670774783282	4300	28.472358037265412	0.0	1919781	1842.123736726289	4.3
16027.625844980119	4300	30.517287840429073	0.0	2147467	1955.070196836336	4.3
16029.56904289698	4300	32.57408992357021	0.0	2133870	1943.197916858863	4.3
16034.106605319364	4300	32.0365275011852	0.0	2146120	4537.562422385016	4.3
16039.713716328986	4300	30.42941649156393	0.0	2108491	5607.111009621265	4.3
16045.041584898814	4300	29.10154792173575	0.0	2184571	5327.8685698281815	4.3
16049.261817100278	4300	28.881315720273015	0.0	2121928	4220.232201462733	4.3
16059.242216623215	4300	22.90091619733482	0.0	2219102	9980.399522938194	4.3
16066.71257265862	2850	19.43056016192836	0.0	1464921	7470.356035406462	1.4000000000000001
16070.073814749863	2850	20.069318070685316	0.0	1483527	3361.242091243045	2.85
16071.504660062743	2850	22.638472757804063	0.0	1231456	1430.8453128812544	2.85
16073.08148854115	2850	25.061644279398784	0.0	1364537	1576.8284784052767	2.85

