36942.62571128407	750	4.0	3.599503647752503	450283	3599.503647752503	-14.727865685335763
36943.885220886914	300	6.740490397151983	0.0	155580	1259.5096028480177	-0.15000000000000002
36945.06912984754	300	9.55658143653014	0.0	139857	1183.9089606218433	0.3
36946.444468702364	300	12.181242581708542	0.0	155432	1375.338854821597	0.3
36947.80363103329	300	14.822080250785326	0.0	163442	1359.162330923216	0.3
36948.859921281204	300	17.765790002865128	0.0	126289	1056.2902479202003	0.3
36950.14263738598	300	20.483073898089877	0.0	153295	1282.7161047752497	0.3
36951.58966652506	300	23.03604475901357	0.0	173849	1447.029139076308	0.3
36952.858110404624	300	25.767600879443364	0.0	150710	1268.4438795702054	0.3
36954.0444177417	300	28.58129354237061	0.0	139105	1186.3073370727575	0.3
36955.25461264876	300	31.371098635315118	0.0	141840	1210.1949070554922	0.3
36956.57371389605	300	34.05199738802947	0.0	156148	1319.1012472856498	0.3
36957.928516114385	300	36.69719516968661	0.0	160746	1354.8022183428627	0.3
36959.43324112661	300	39.19247015746771	0.0	179801	1504.7250122189002	0.3
36960.68676368982	300	41.93894759425882	0.0	140051	1253.5225632088939	0.3
36961.94633012388	300	44.67938116019651	0.0	138313	1259.566434062305	0.3
36963.30508562975	300	47.32062565433257	0.0	143509	1358.755505863946	0.3
36964.66872815043	300	49.95698313365215	0.0	150616	1363.6425206804113	0.3
36966.128972649436	300	52.49673863464845	0.0	165384	1460.2444990037027	0.3
36967.37815894184	300	55.24755234223963	0.0	140881	1249.1862924088186	0.3
36968.827846042725	300	57.79786524135722	0.0	157671	1449.6871008824085	0.3
36970.816322296145	300	59.80938898793347	0.0	157812	1488.4762534237493	0.3
36972.918723756135	300	59.82274565744785	0.0	163927	1486.6433304856166	0.3
36974.886611304944	300	59.606680947794885	0.0	137654	1216.064709652963	0.3
36976.63350368638	300	59.81864621290678	0.0	146754	1288.0347348881057	0.3
36978.561675477824	300	59.543989140458024	0.0	153938	1274.6570724487558	0.3
36980.62720257935	300	59.54848291294297	0.0	181901	1495.5062275150526	0.3
36982.14553181269	300	59.534328733276915	0.0	111155	1014.1541796660529	0.3
36983.783065714706	300	59.67714934535415	0.0	153605	1357.1793879227641	0.3
36986.99392956503	300	59.92239464099282	0.0	149029	1254.7547043613347	0.3
36990.43942655879	300	59.88770071709456	0.0	157421	1534.6939238982616	0.3
36991.933692287086	300	59.55596938787859	0.0	157488	1331.7313292159658	0.3
36995.16358995982	300	59.73228775105003	0.0	143881	1323.681636828556	0.3
36998.54390879437	300	59.70473638797505	0.0	163444	1527.5513630749754	0.3
37002.00797212477	300	59.609588422263876	0.0	179328	1595.1479657111777	0.3
37004.988004433326	300	59.76402995032833	0.0	159914	1345.558471935543	0.3
37008.02420953837	300	59.523164316118034	0.0	131610	1240.8656342103018	0.3
37010.64181126496	300	59.82203318824036	0.0	124011	1201.131127877668	0.3
37013.1380452373	300	59.991651537678656	0.0	144254	1330.381650561706	0.3
37015.8543089719	300	59.6764458312616	0.0	149991	1315.2057064170524	0.3
37018.20340286523	300	59.91242789884467	0.0	147968	1264.0179324169385	0.3
37020.57852966341	300	59.97740248020352	0.0	161857	1435.0254186411469	0.3
37022.947741263066	300	59.72284737014881	0.0	145210	1254.5551100547066	0.3
37025.40435826424	300	59.76186711436464	0.0	172312	1460.9802557841708	0.3
37027.71634923456	300	59.81369000189775	0.0	167025	1448.1771124668921	0.3
37029.87584726853	300	59.87584791383797	0.0	160064	1437.842088059777	0.3
37031.838566104656	300	59.71531646873216	0.0	137507	1160.5314451058052	0.3
37033.623004624096	300	59.68419090452191	0.0	118421	1031.1255642102474	0.3

