23505.805347367183	750	4.0	3.088426302750708	450283	3088.426302750708	-12.530233101828044
23506.706469718265	300	7.098877648917764	0.0	155580	901.1223510822371	-0.15000000000000002
23507.07902510797	300	10.726322259211418	0.0	139857	372.5553897063467	0.3
23507.48416056299	300	14.321186804190669	0.0	155432	405.1354550207489	0.3
23508.425071269947	750	17.38027609723332	0.0	411561	940.9107069573474	0.3
23509.17144917857	750	20.63389818860942	0.0	318564	746.3779086238987	0.75
23510.426613703326	1200	23.37873366385544	0.0	561791	1255.164524753986	0.75
23512.724959496267	1850	25.080387870913256	0.0	1060487	2298.34579294218	1.2000000000000002
23514.58893091471	1850	27.21641645246847	0.0	852833	1863.9714184447882	1.85
23517.65973907421	2850	28.145608292966298	0.0	1429765	3070.808159502168	1.85
23520.57320695938	2850	29.232140407798216	0.0	1354548	2913.467885168082	2.85
23525.05115389231	4300	28.75419347486752	0.0	2102452	4477.946932930694	2.8499999999999996
23528.1076414658	2850	29.697705901377702	0.0	1422919	3056.487573489815	1.4000000000000001
23532.947313934164	4300	28.85803343301024	0.0	2275376	4839.672468367463	2.8499999999999996
23535.60327274836	2850	30.202074618814798	0.0	1231445	2655.9588141954437	1.4000000000000001
23539.88379010888	4300	29.921557258296477	0.0	2152483	4280.517360518318	2.8499999999999996
23544.15077924097	4300	29.6545681262091	0.0	2289689	4266.989132087379	4.3
23549.055191765976	4300	28.75015560120498	0.0	2059512	4904.412525004119	4.3
23555.85230989471	4300	25.953037472467592	0.0	2220726	6797.118128737389	4.3
23558.064489765125	2850	27.740857602052255	0.0	1336050	2212.179870415336	1.4000000000000001
23561.895920904193	4300	27.909426462984232	0.0	2039773	3831.4311390680223	2.8499999999999996
23564.87817460373	2850	28.927172763446553	0.0	1468126	2982.2536995376795	1.4000000000000001
23569.37692045332	4300	28.428426913857127	0.0	2221506	4498.745849589426	2.8499999999999996
23572.090438128896	2850	29.71490923828123	0.0	1323990	2713.5176755758953	1.4000000000000001
23576.520131191362	4300	29.28521617581655	0.0	2186790	4429.69306246468	2.8499999999999996
23580.85012504166	4300	28.955222325518225	0.0	2105231	4329.993850298325	4.3
23586.30408304227	4300	27.50126432490978	0.0	2395588	5453.958000608447	4.3
23589.00704277338	2850	28.798304593796665	0.0	1141971	2702.959731113114	1.4000000000000001
23594.236641799736	4300	27.56870556744134	0.0	2134614	5229.599026355323	2.8499999999999996
23600.632537769354	4300	25.17280959782297	0.0	2164140	6395.895969618373	4.3
23603.579732035	2850	26.22561533217693	0.0	1341201	2947.1942656460396	1.4000000000000001
23606.81391434747	2850	26.99143301970721	0.0	1497683	3234.1823124697207	2.85
23609.754089076767	2850	28.051258290407887	0.0	1358081	2940.1747292993186	2.85
23614.650102277858	4300	27.15524508931956	0.0	2286761	4896.013201088329	2.8499999999999996
23617.873731217172	2850	27.93161615000543	0.0	1492672	3223.628939314129	1.4000000000000001
23620.986211718715	2850	28.819135648460108	0.0	1439896	3112.480501545321	2.85
23623.465605663197	2850	30.33974170397657	0.0	1139291	2479.393944483539	2.85
23628.019400276502	4300	29.785947090673368	0.0	2147467	4553.794613303206	2.8499999999999996
23632.93064113623	4300	28.874706230945517	0.0	2133870	4911.240859727847	4.3
23637.140569265703	4300	28.664778101473782	0.0	2146120	4209.928129471736	4.3
23639.825839467532	2850	29.979507899642766	0.0	1339500	2685.270201831016	1.4000000000000001
23644.405707504997	4300	29.39963986218023	0.0	2184571	4579.8680374625355	2.8499999999999996
23648.654701996584	4300	29.150645370591025	0.0	2121928	4248.994491589203	4.3
23654.741019980647	4300	27.064327386527744	0.0	2219102	6086.31798406328	4.3
23659.39318504252	2850	26.412162324652716	0.0	1464921	4652.165061875029	1.4000000000000001
23664.10342129263	2850	25.70192607454211	0.0	1483527	4710.2362501106045	2.85
23668.026918722484	2850	25.778428644690006	0.0	1231456	3923.497429852105	2.85
23671.222635944356	1850	26.582711422819283	0.0	846370	3195.7172218707237	0.8500000000000001

