29937.302362851155	750	4.0	3.6644071869921913	450283	3664.4071869921913	-15.006950904066422
29938.705420617258	300	6.596942233897317	0.0	155580	1403.0577661026825	-0.15000000000000002
29940.030672233977	300	9.27169061717661	0.0	139857	1325.2516167207082	0.3
29941.559118137757	300	11.743244713396274	0.0	155432	1528.4459037803342	0.3
29943.231607688816	300	14.070755162336862	0.0	163442	1672.489551059412	0.3
29944.33559807064	300	16.96676478051421	0.0	126289	1103.9903818226496	0.3
29945.548539566862	300	19.753823284291638	0.0	153295	1212.9414962225737	0.3
29946.972608242686	300	22.329754608468814	0.0	173849	1424.0686758228235	0.3
29948.297261094784	300	25.00510175637288	0.0	150710	1324.652852095932	0.3
29949.82941510344	300	27.472947747717818	0.0	139105	1532.1540086550644	0.3
29951.30621494253	300	29.99614790862833	0.0	141840	1476.79983908949	0.3
29952.664514847856	300	32.637848003301364	0.0	156148	1358.2999053269639	0.3
29953.845228078135	300	35.45713477302395	0.0	160746	1180.71323027742	0.3
29955.39164933944	300	37.91071351171954	0.0	179801	1546.421261304404	0.3
29956.634314848572	300	40.668048002586815	0.0	140051	1242.6655091327268	0.3
29957.755403696552	300	43.54695915460744	0.0	138313	1121.088847979373	0.3
29959.006998189587	300	46.295364661572194	0.0	143509	1251.594493035247	0.3
29960.46241556952	300	48.83994728163861	0.0	150616	1455.4173799335845	0.3
29965.315901088725	750	47.986461762434544	0.0	405596	4853.485519204067	0.3
29968.202879649798	750	49.099483201360094	0.0	350713	2886.978561074446	0.75
29971.69687707818	750	49.60548577297866	0.0	386472	3493.9974283814363	0.75
29972.953779715117	300	52.348583136041874	0.0	157812	1256.9026369367846	-0.15000000000000002
29974.653006735705	300	54.64935611545369	0.0	163927	1699.2270205881775	0.3
29976.15628633009	300	57.146076521070725	0.0	137654	1503.2795943829713	0.3
29977.795817844988	300	59.50654500617313	0.0	146754	1639.5315148975994	0.3
29979.70176054251	300	59.723004706822095	0.0	153938	1783.5402993510288	0.3
29981.857319052182	300	59.66642665106973	0.0	181901	2056.578055752369	0.3
29984.87278633507	300	59.92368331478848	0.0	111155	1242.7433362812494	0.3
29986.217507518715	300	59.597684696266754	0.0	153605	1325.998618521718	0.3
29989.088028071914	300	59.88128573848115	0.0	149029	1216.3989577856087	0.3
29993.014660284527	300	59.705030429879976	0.0	157421	2176.255308601167	0.3
29996.353956359126	300	59.61607069388816	0.0	157488	1588.9597359918148	0.3
29998.953592972095	300	59.70442064920332	0.0	143881	1411.6500446848438	0.3
30002.455949506297	300	59.7182357511481	0.0	163444	1986.1848980552197	0.3
30005.602379361408	300	59.60610655296502	0.0	179328	1612.129198183089	0.3
30007.78227978752	300	59.502806695071534	0.0	159914	1603.2998578934762	0.3
30010.428784695272	300	59.91585456060558	0.0	131610	1586.9521344659588	0.3
30012.6069203103	300	59.611562977584356	0.0	124011	1304.291583021226	0.3
30014.923744741016	300	59.72907284592967	0.0	144254	1382.4901316546802	0.3
30017.27358470703	300	59.81132005540501	0.0	149991	1417.7527905246636	0.3
30019.80183008849	300	59.71924100396819	0.0	147968	1592.079051436819	0.3
30023.73544414366	300	59.78562694879993	0.0	161857	2433.614055168263	0.3
30025.540080862855	300	59.630198741797834	0.0	145210	1655.4282070021031	0.3
30029.22779212028	300	59.750947316682435	0.0	172312	2879.251425115397	0.3
30031.691939646844	300	59.808603504555066	0.0	167025	1942.3438121273678	0.3
30034.18453314144	300	59.53370857847462	0.0	160064	1774.8949260804513	0.3
30036.077717393353	300	59.65246575177796	0.0	137507	1381.2428266966517	0.3
30037.92474263803	300	59.94792386304673	0.0	118421	1704.5418887312367	0.3

