28529.70933079403	750	4.0	5.864958067569815	450283	5864.958067569815	-24.469319690550204
28532.10563363502	300	5.6036971590118005	0.0	155580	2396.302840988199	-0.15000000000000002
28534.41588137494	300	7.293449419090805	0.0	139857	2310.247739920996	0.3
28536.470654213528	300	9.238676580500922	0.0	155432	2054.7728385898827	0.3
28538.60637866599	300	11.102952128040583	0.0	163442	2135.7244524603384	0.3
28540.28635885976	300	13.422971934267874	0.0	126289	1679.9801937727084	0.3
28542.272978748377	300	15.436352045651804	0.0	153295	1986.619888616071	0.3
28544.705488071937	300	17.003842722092834	0.0	173849	2432.509323558967	0.3
28546.783499473237	300	18.925831320793616	0.0	150710	2078.011401299218	0.3
28548.683272561688	300	21.026058232341708	0.0	139105	1899.7730884519094	0.3
28553.247164514607	750	20.462166279422146	0.0	353220	4563.891952919563	0.3
28559.070813807724	750	18.6385169863033	0.0	405134	5823.649293118846	0.75
28561.290157348427	300	20.419173445599494	0.0	160746	2219.3435407038037	-0.15000000000000002
28563.8104886078	300	21.898842186224883	0.0	179801	2520.331259374611	0.3
28568.270502130636	750	21.438828663391018	0.0	337059	4460.013522833865	0.3
28573.23797814723	750	20.47135264679398	0.0	366214	4967.476016597035	0.75
28578.31689009255	750	19.392440701478634	0.0	360831	5078.911945315349	0.75
28580.575404249634	300	21.133926544390565	0.0	150616	2258.51415708807	-0.15000000000000002
28585.589063195235	300	20.12026759878885	0.0	165384	5013.658945601715	0.3
28587.422097559313	300	22.287233234710868	0.0	140881	1833.034364077982	0.3
28592.483710283253	750	21.225620510772337	0.0	386472	5061.612723938532	0.3
28597.887724685108	750	19.821606108920747	0.0	399894	5404.01440185159	0.75
28600.136089388285	300	21.573241405743936	0.0	163927	2248.3647031768123	-0.15000000000000002
28604.698746716767	750	21.01058407726119	0.0	343800	4562.657328482747	0.3
28609.439756800628	750	20.269573993399767	0.0	359903	4741.010083861422	0.75
28614.344195120302	750	19.365135673726037	0.0	379700	4904.438319673732	0.75
28616.81802408414	300	20.89130670988695	0.0	181901	2473.8289638390856	-0.15000000000000002
28621.146967248416	750	20.562363545609315	0.0	277716	4328.943164277637	0.3
28623.170626049265	300	22.538704744761738	0.0	153605	2023.6588008475771	-0.15000000000000002
28629.12101086544	750	20.588319928584333	0.0	400508	5950.384816177404	0.3
28631.334952046796	300	22.37437874722985	0.0	157421	2213.9411813544843	-0.15000000000000002
28636.60927568832	750	21.10005510570692	0.0	400322	5274.3236415229285	0.3
28641.430961772974	750	20.278369021053393	0.0	369834	4821.686084653528	0.75
28649.159938707464	750	16.54939208656562	0.0	412837	7728.97693448777	0.75
28651.678029983468	300	18.031300810559266	0.0	179328	2518.091276006354	-0.15000000000000002
28653.88327704312	300	19.826053750903963	0.0	159914	2205.247059655302	0.3
28655.551829231877	300	22.15750156214857	0.0	131610	1668.5521887553898	0.3
28661.047098906973	750	20.66223188705483	0.0	361565	5495.269675093744	0.3
28663.119844296474	300	22.58948649755224	0.0	144254	2072.7453895025915	-0.15000000000000002
28669.244720596398	750	20.464610197628282	0.0	390680	6124.876299923961	0.3
28671.700821257207	300	22.00850953681896	0.0	147968	2456.1006608093244	-0.15000000000000002
28673.9597249248	300	23.74960586922633	0.0	161857	2258.903667592629	0.3
28679.705288391047	750	22.004042402980232	0.0	372093	5745.563466246099	0.3
28682.157294276636	300	23.552036517390302	0.0	172312	2452.005885589931	-0.15000000000000002
28687.70961925556	750	21.999711538468205	0.0	398987	5552.324978922098	0.3
28692.883054101123	750	20.826276692900294	0.0	393804	5173.43484556791	0.75
28697.798493201524	750	19.910837592501245	0.0	331053	4915.43910039905	0.75
28699.536221180068	300	22.173109613958296	0.0	118421	1737.7279785429491	-0.15000000000000002

