4435.408139464281	750	4.0	1.862897639637223	450283	1862.897639637223	-7.260459850440059
4436.585625310942	750	6.822514153337585	0.0	398865	1177.4858466624148	0.75
4438.458139799113	750	8.949999665166827	0.0	350812	1872.514488170759	0.75
4440.624616207245	750	10.783523257035071	0.0	382355	2166.4764081317553	0.75
4442.003077738102	750	13.405061726178745	0.0	411561	1378.4615308563268	0.75
4442.659620244468	750	16.748519219812657	0.0	318564	656.5425063660875	0.75
4445.5194317495925	1850	17.888707714687467	0.0	905515	2859.8115051251893	0.75
4454.895558105843	1850	12.51258135843814	0.0	1060487	9376.126356249324	1.85
4455.51268774311	750	15.895451721169378	0.0	374758	617.1296372687631	-0.3500000000000001
4458.080668101083	1850	17.327471363197397	0.0	913888	2567.9803579719814	0.75
4465.184195839589	1850	14.223943624691543	0.0	939819	7103.527738505854	1.85
4469.439817696305	1850	13.968321767974722	0.0	917428	4255.621856716823	1.85
4471.889408630042	1850	15.518730834237187	0.0	946851	2449.5909337375333	1.85
4473.414199160974	1850	17.9939403033048	0.0	1036454	1524.790530932389	1.85
4474.2990418862055	1850	21.1090975780736	0.0	821631	884.8427252311981	1.85
4480.05656854085	1850	19.351570923429414	0.0	923170	5757.526654644189	1.85
4483.134971597438	1850	20.273167866840417	0.0	966699	3078.403056588995	1.85
4483.835110795816	1850	23.57302866846312	0.0	885714	700.1391983772943	1.85
4484.606661846551	1850	26.801477617727965	0.0	987708	771.551050735159	1.85
4493.198886589985	4300	22.20925287429483	0.0	2156729	8592.224743433133	1.8499999999999996
4497.147620121204	4300	22.26051934307456	0.0	2039773	3948.7335312202717	4.3
4504.229123901475	4300	19.17901556280363	0.0	2176469	7081.503780270929	4.3
4511.698353817148	4300	15.709785647131074	0.0	2221506	7469.229915672558	4.3
4519.484177742133	4300	11.923961722145727	0.0	2044075	7785.823924985348	4.3
4521.351870156257	1850	14.056269308022081	0.0	897976	1867.6924141236454	-0.6000000000000001
4531.642064987127	1850	7.766074477153175	0.0	905935	10290.194830868906	1.85
4534.9555936920815	750	8.452545772198544	0.0	425781	3313.5287049546314	-0.3500000000000001
4536.744973757053	750	10.663165707226453	0.0	277716	1789.3800649720904	0.75
4542.42716759586	750	8.980971868419786	0.0	400396	5682.193838806667	0.75
4543.800024945801	750	11.608114518477873	0.0	400508	1372.8573499419144	0.75
4545.220987892361	750	14.18715157191781	0.0	358218	1420.9629465600626	0.75
4546.295571620258	750	17.11256784402127	0.0	400322	1074.5837278965362	0.75
4547.329806384595	1850	20.07833307968404	0.0	885062	1034.2347643372354	0.75
4550.0809020317565	1850	21.327237432521784	0.0	1035329	2751.0956471622567	1.85
4552.297770142534	1850	23.110369321744354	0.0	1026056	2216.868110777427	1.85
4555.325572657111	1850	24.082566807168725	0.0	943942	3027.802514575631	1.85
4562.5087122580435	1850	20.89942720623551	0.0	728962	7183.139600933214	1.85
4563.472769767577	1850	23.93536969670209	0.0	938587	964.0575095334228	1.85
4564.408643668346	1850	26.99949579593403	0.0	908665	935.8739007680562	1.85
4575.933205333977	4300	19.47493413030213	0.0	2146120	11524.5616656319	1.8499999999999996
4580.4062506956825	1850	19.00188876859686	0.0	858450	4473.045361705273	-0.6000000000000001
4585.317693882883	1850	18.090445581396118	0.0	1025005	4911.443187200742	1.85
4586.4838181907935	1850	20.92432127348529	0.0	886255	1166.1243079108276	1.85
4591.624140785529	1850	19.78399867875078	0.0	973972	5140.322594734509	1.85
4595.482647353938	1850	19.92549211034172	0.0	958994	3858.506568409057	1.85
4598.683639986643	1850	20.724499477635817	0.0	982064	3200.992632705903	1.85
4600.614229386733	1850	22.79391007754664	0.0	830730	1930.589400089175	1.85
4605.5084171003755	1850	21.899722363904463	0.0	846370	4894.18771364218	1.85

