31027.82477350387	750	4.0	9.534054872630644	450283	9534.054872630644	-40.24643595231177
31030.28582603126	300	5.538947472609147	0.0	155580	2461.0525273908534	-0.15000000000000002
31032.611931502797	300	7.212842001072562	0.0	139857	2326.105471536585	0.3
31038.610815411157	750	5.213958092711484	0.0	382355	5998.883908361078	0.3
31041.24323334166	300	6.581540162210966	0.0	163442	2632.4179305005187	-0.15000000000000002
31043.30876837096	300	8.516005132909292	0.0	126289	2065.535029301672	0.3
31050.417648427865	750	5.407125076001551	0.0	352642	7108.880056907742	0.3
31052.680280272034	300	7.144493231834954	0.0	173849	2262.631844166597	-0.15000000000000002
31057.46527566836	750	6.359497835507188	0.0	374758	4784.995396327766	0.3
31059.29170505641	300	8.533068447458971	0.0	139105	1826.429388048217	-0.15000000000000002
31063.575978930014	750	8.248794573852312	0.0	353220	4284.273873606659	0.3
31068.273703244256	750	7.551070259609516	0.0	405134	4697.724314242796	0.75
31072.73102766083	750	7.093745843040104	0.0	386351	4457.324416569412	0.75
31078.20704783481	750	5.617725669060077	0.0	434409	5476.020173980027	0.75
31080.13688242571	300	7.687891078159699	0.0	140051	1929.8345909003779	-0.15000000000000002
31084.242250751515	750	7.5825227523556	0.0	366214	4105.368325804098	0.3
31088.573169848856	750	7.251603655015374	0.0	360831	4330.9190973402265	0.75
31092.777603922408	750	7.047169581462981	0.0	372963	4204.434073552393	0.75
31097.49687846814	750	6.32789503572976	0.0	405596	4719.274545733221	0.75
31099.05954320568	300	8.76523029819278	0.0	140881	1562.6647375369794	-0.15000000000000002
31102.365798394138	750	9.45897510973614	0.0	386472	3306.2551884566406	0.3
31108.459080919656	1200	7.365692584214818	0.0	616206	6093.282525521323	0.75
31112.511496389845	750	7.313277114028376	0.0	401853	4052.4154701864404	0.3
31115.788717104537	750	8.0360563993375	0.0	343800	3277.220714690876	0.75
31119.184573201128	750	8.640200302745455	0.0	359903	3395.8560965920456	0.75
31122.76282289584	750	9.06195060803327	0.0	379700	3578.2496947121854	0.75
31129.614858786208	1200	6.209914717664988	0.0	696376	6852.035890368282	0.75
31130.74848446342	300	9.076289040450353	0.0	111155	1133.625677214634	-0.6000000000000001
31136.675085267343	1200	7.149688236528471	0.0	622896	5926.600803921883	0.29999999999999993
31140.618614460927	750	7.20615904294361	0.0	400508	3943.529193584861	0.3
31144.817912732236	750	7.006860771633523	0.0	358218	4199.298271310087	0.75
31149.864111738403	750	5.960661765467697	0.0	400322	5046.199006165825	0.75
31151.780622725862	300	8.044150778006086	0.0	143881	1916.5109874616123	-0.15000000000000002
31156.03177519394	750	7.792998309929137	0.0	412837	4251.152468076948	0.3
31160.164220108316	750	7.660553395553617	0.0	401088	4132.444914375521	0.75
31163.991550726216	750	7.833222777653972	0.0	365161	3827.3306178996454	0.75
31167.380117224664	750	8.444656279205386	0.0	321064	3388.5664984485848	0.75
31171.13252217748	750	8.69225132638737	0.0	361565	3752.4049528180167	0.75
31174.735220925846	750	9.089552578021332	0.0	378327	3602.6987483660378	0.75
31181.830485243165	1200	5.994288260701436	0.0	587506	7095.264317319897	0.75
31183.848942773373	300	7.97583073049471	0.0	147968	2018.4575302067256	-0.6000000000000001
31189.24435471628	750	6.580418787587147	0.0	384505	5395.411942907563	0.3
31192.840143340443	300	6.984630163422999	0.0	145210	3595.7886241641495	-0.15000000000000002
31196.65275721623	300	7.172016287637043	0.0	172312	3812.613875785955	0.3
31202.898722055725	750	4.926051448142081	0.0	398987	6245.964839494963	0.3
31205.470168078267	300	6.354605425602674	0.0	160064	2571.4460225394055	-0.15000000000000002
31207.66786339997	300	8.156910103902147	0.0	137507	2197.695321700527	0.3
31212.64375782093	750	7.181015682938414	0.0	314107	4975.894420963734	0.3

