47951.00562914466	750	4.0	3.6644071869921913	450283	3664.4071869921913	-15.006950904066422
47952.40868691076	300	6.596942233897317	0.0	155580	1403.0577661026825	-0.15000000000000002
47953.73393852749	300	9.27169061717661	0.0	139857	1325.2516167207082	0.3
47959.15387529761	1200	7.85175384705046	0.0	617681	5419.936770126149	0.29999999999999993
47962.78943835173	750	8.21619079293243	0.0	411561	3635.5630541180303	0.3
47965.80352911901	750	9.202100025655472	0.0	318564	3014.0907672769567	0.75
47970.21611208023	1200	8.78951706443602	0.0	561791	4412.582961219454	0.75
47974.22148397936	750	8.784145165297371	0.0	437162	4005.3718991386486	0.3
47978.54048011091	750	8.465149033741593	0.0	374758	4318.996131555777	0.75
47981.58507080905	750	9.420558335606733	0.0	362795	3044.5906981348594	0.75
47986.924100392374	1200	8.0815287522894	0.0	607410	5339.029583317334	0.75
47991.306165503425	750	7.699463641231125	0.0	405134	4382.065111058274	0.3
47995.06065308218	750	7.9449760624704515	0.0	386351	3754.4875787606734	0.75
47999.982825222556	750	7.022803922099356	0.0	434409	4922.172140371095	0.75
48003.232839540666	750	7.772789603990041	0.0	337059	3250.0143181093154	0.75
48006.5310941672	750	8.474534977453807	0.0	366214	3298.254626536235	0.75
48009.896915801204	750	9.108713343451054	0.0	360831	3365.821634002753	0.75
48016.94947121358	1200	6.0561579310729385	0.0	581493	7052.555412378116	0.75
48018.44134373995	300	8.564285404704853	0.0	165384	1491.8725263680853	-0.6000000000000001
48021.807772513035	750	9.197856631622848	0.0	350713	3366.4287730820047	0.3
48027.60651120975	1200	7.399117934908453	0.0	601738	5798.738696714395	0.75
48031.76996303456	750	7.2356661100918584	0.0	399894	4163.451824816595	0.3
48035.52502648165	750	7.48060266300723	0.0	401853	3755.063447084628	0.75
48039.11484445483	750	7.890784689822938	0.0	343800	3589.8179731842924	0.75
48043.63083850083	750	7.374790643831233	0.0	359903	4515.994045991705	0.75
48046.87366217261	750	8.131966972039566	0.0	379700	3242.823671791667	0.75
48050.66701483323	750	8.338614311429094	0.0	425781	3793.352660610473	0.75
48054.26526808608	750	8.74036105857977	0.0	277716	3598.253252849323	0.75
48058.922715055494	750	8.08291408915785	0.0	400396	4657.446969421921	0.75
48063.934233119835	750	7.0713960248172105	0.0	400508	5011.518064340639	0.75
48068.26332136099	750	6.742307783668134	0.0	358218	4329.088241149077	0.75
48070.16727535631	300	8.838353788348098	0.0	157488	1903.9539953200367	-0.15000000000000002
48074.11790967995	750	8.887719464698428	0.0	369834	3950.6343236496696	0.3
48078.45373803013	750	8.551891114517039	0.0	412837	4335.828350181389	0.75
48083.64815975158	750	7.357469393070287	0.0	401088	5194.421721446752	0.75
48087.46212756034	750	7.543501584310426	0.0	365161	3813.9678087598613	0.75
48090.661184046796	750	8.344445097852224	0.0	321064	3199.0564864582016	0.75
48093.93538621572	750	9.070242928928304	0.0	361565	3274.20216892392	0.75
48100.35471938003	1200	6.650909764613554	0.0	605884	6419.3331643147485	0.75
48101.9355780165	300	9.070051128151645	0.0	149991	1580.8586364619086	-0.6000000000000001
48108.978882180505	1200	6.02674696414151	0.0	566904	7043.304164010135	0.29999999999999993
48110.75475804821	300	8.250871096430515	0.0	161857	1775.8758677109943	-0.6000000000000001
48115.487224868	750	7.518404276645472	0.0	372093	4732.466819785043	0.3
48120.07196489819	750	6.933664246455501	0.0	438281	4584.740030189972	0.75
48122.17881917919	300	8.826809965456782	0.0	167025	2106.8542809987193	-0.15000000000000002
48127.2183600905	750	7.787269054151406	0.0	393804	5039.540911305375	0.3
48131.23936800078	750	7.766261143861219	0.0	331053	4021.0079102901873	0.75
48134.74924580421	750	8.256383340432617	0.0	314107	3509.877803428604	0.75

