9707.59882737033	750	4.0	1.1856115272269183	450283	1185.6115272269183	-4.348129567075748
9708.025825792438	300	7.573001577891575	0.0	155580	426.99842210842525	-0.15000000000000002
9708.8882606199	750	10.710566750428526	0.0	350812	862.4348274630471	0.3
9710.345907697714	1200	13.252919672614192	0.0	617681	1457.6470778143346	0.75
9713.710232819602	2850	13.888594550727456	0.0	1472558	3364.3251218867367	1.2000000000000002
9716.52076558892	2850	15.078061781409673	0.0	1224260	2810.532769317783	2.85
9721.412831668387	4300	14.185995701941225	0.0	2157535	4892.066079468449	2.8499999999999996
9725.147866102121	2850	14.450961268208085	0.0	1638769	3735.0344337331403	1.4000000000000001
9728.234407366968	2850	15.3644200033617	0.0	1348011	3086.5412648463844	2.85
9733.152492752211	4300	14.446334618119264	0.0	2169201	4918.085385242436	2.8499999999999996
9736.25361383892	2850	15.345213531410671	0.0	1354548	3101.1210867085947	1.4000000000000001
9750.322711968545	4300	5.276115401785242	0.0	2102452	14069.098129625429	2.8499999999999996
9751.736205454454	300	7.862621915877058	0.0	160746	1413.493485908185	-3.7
9755.71327817874	750	7.885549191591029	0.0	434409	3977.072724286027	0.3
9758.366385015885	750	9.232442354446432	0.0	337059	2653.1068371445976	0.75
9765.549760913587	1200	6.049066456742566	0.0	587876	7183.375897703865	0.75
9767.240667643508	300	8.358159726822581	0.0	143509	1690.9067299199855	-0.6000000000000001
9770.401063736675	750	9.197763633656134	0.0	372963	3160.3960931664483	0.3
9776.053055296512	1200	7.545772073819884	0.0	639204	5651.9915598362495	0.75
9779.567309178718	750	8.031518191615035	0.0	350713	3514.253882204849	0.3
9783.578035910241	750	8.020791460090678	0.0	386472	4010.7267315243575	0.75
9789.556725139646	750	6.042102230686766	0.0	399894	5978.689229403911	0.75
9792.35918239353	300	7.2396449768032545	0.0	163927	2802.4572538835114	-0.15000000000000002
9800.101405586862	750	4.0	0.5025782165296314	343800	7742.223193332886	-1.8610863310774148
9802.223602433673	300	5.87780315318951	0.0	146754	2122.1968468104897	-0.15000000000000002
9804.474531174192	300	7.626874412668567	0.0	153938	2250.9287405209434	0.3
9809.897476193142	750	6.203929393717175	0.0	425781	5422.945018951392	0.3
9810.912813282162	300	9.188592304699112	0.0	111155	1015.3370890180619	-0.15000000000000002
9815.340348473976	1200	8.761057112885677	0.0	622896	4427.535191813435	0.29999999999999993
9817.763103830033	750	10.33830175682672	0.0	400508	2422.7553560589567	0.3
9821.278561214443	1200	10.822844372416851	0.0	570392	3515.4573844098686	0.75
9825.6153254477	1200	10.486080139160526	0.0	620283	4336.764233256326	1.2
9828.971545736464	1200	11.12985985039644	0.0	584349	3356.2202887640865	1.2
9833.927306979853	1850	10.174098607007256	0.0	1035329	4955.761243389183	1.2000000000000002
9836.951193145762	1200	11.150212441099274	0.0	690253	3023.8861659079807	0.5499999999999999
9841.346996178172	1850	10.754409408688279	0.0	943942	4395.803032410997	1.2000000000000002
9843.094810556262	1200	13.006595030598115	0.0	487812	1747.814378090162	0.5499999999999999
9852.287860407054	2850	7.813545179806027	0.0	1499009	9193.049850792087	1.2000000000000002
9854.063185252693	750	10.038220334167985	0.0	378327	1775.3248456380416	-1.35
9858.411912138426	1200	9.689493448434325	0.0	587506	4348.726885733659	0.75
9865.361358334152	1200	6.740047252708904	0.0	566904	6949.446195725421	1.2
9866.900119169966	300	9.201286416895824	0.0	161857	1538.7608358130801	-0.6000000000000001
9871.386631256826	1200	8.714774330035056	0.0	599477	4486.512086860768	0.29999999999999993
9874.218331109258	750	9.883074477604335	0.0	438281	2831.6998524307196	0.3
9878.893734133084	1200	9.207671453779039	0.0	630203	4675.403023825295	0.75
9883.805879343707	1200	8.295526243156008	0.0	638661	4912.145210623032	1.2
9886.097874212333	750	10.003531374530015	0.0	331053	2291.9948686259927	0.3
9889.890049044852	1200	10.211356542011528	0.0	550906	3792.1748325184876	0.75

