66158.47562785946	750	4.0	4.210829652513772	450283	4210.829652513772	-17.35656750580922
66160.29364105417	300	6.181986805292712	0.0	155580	1818.0131947072875	-0.15000000000000002
66161.93600968363	300	8.539618175827632	0.0	139857	1642.3686294650797	0.3
66163.75236954274	300	10.723258316721429	0.0	155432	1816.359859106203	0.3
66165.40788745676	300	13.067740402698862	0.0	163442	1655.5179140225684	0.3
66168.4603233609	750	14.015304498571451	0.0	318564	3052.4359041274092	0.3
66171.8307320138	750	14.644895845668744	0.0	352642	3370.408652902707	0.75
66175.982880652	750	14.492747207461614	0.0	437162	4152.148638207129	0.75
66179.54446782703	750	14.931160032435233	0.0	374758	3561.5871750263814	0.75
66182.99491600734	750	15.480711852106339	0.0	362795	3450.448180328895	0.75
66186.35641025686	750	16.11921760258313	0.0	353220	3361.494249523208	0.75
66190.08436457958	750	16.39126327987193	0.0	405134	3727.954322711201	0.75
66193.46299503995	750	17.012632819497625	0.0	386351	3378.6304603743006	0.75
66197.25194042812	750	17.22368743133831	0.0	434409	3788.945388159316	0.75
66200.2097201785	750	18.26590768094734	0.0	337059	2957.77975039097	0.75
66203.41642272468	750	19.05920513477685	0.0	366214	3206.7025461704884	0.75
66206.56037493054	750	19.915252928910785	0.0	360831	3143.952205866064	0.75
66211.51687176932	1200	18.958756090149	0.0	581493	4956.496838761786	0.75
66216.86529125078	1200	17.610336608678526	0.0	639204	5348.419481470472	1.2
66219.83592272618	750	18.639705133273253	0.0	350713	2970.6314754052755	0.3
66224.87554156766	1200	17.600086291806242	0.0	601738	5039.6188414670105	0.75
66228.25153054789	750	18.224097311569647	0.0	399894	3375.988980236596	0.3
66231.64366591295	750	18.831961946510365	0.0	401853	3392.135365059283	0.75
66236.14695938086	1200	18.328668478599784	0.0	536667	4503.29346791058	0.75
66239.19333627562	750	19.282291583837445	0.0	359903	3046.376894762341	0.3
66244.10476617569	1200	18.370861683761753	0.0	590335	4911.429900075696	0.75
66247.63837296759	750	18.8372548918655	0.0	425781	3533.6067918962544	0.3
66249.97099077773	750	20.50463708172775	0.0	277716	2332.6178101377473	0.75
66255.10344228742	1200	19.372185572043172	0.0	622896	5132.451509684579	0.75
66260.38636518872	1200	18.08926267073598	0.0	641447	5282.92290130719	1.2
66263.37195307964	750	19.103674779826118	0.0	358218	2985.5878909098637	0.3
66268.48320995041	1200	17.992417909045635	0.0	620283	5111.256870780482	0.75
66271.62764142481	750	18.847986434652725	0.0	369834	3144.4314743929085	0.3
66278.38944771871	1200	16.086180140746578	0.0	670129	6761.806293906145	0.75
66282.59153475436	750	15.884093105107643	0.0	401088	4202.087035638936	0.3
66286.07875486456	750	16.39687299490351	0.0	365161	3487.2201102041313	0.75
66289.15451760337	750	17.321110256104518	0.0	321064	3075.7627387989937	0.75
66292.60136277208	750	17.874265087394154	0.0	361565	3446.845168710366	0.75
66296.19610676997	750	18.27952108949096	0.0	378327	3594.743997903196	0.75
66301.73417132057	1200	16.74145653889818	0.0	587506	5538.0645505927805	0.75
66305.02409365543	750	17.45153420404098	0.0	345516	3289.9223348572023	0.3
66308.41131399325	750	18.064313866229355	0.0	384505	3387.2203378116224	0.75
66311.66821091829	750	18.80741694117402	0.0	372093	3256.8969250553378	0.75
66317.16859764617	1200	17.307030213292663	0.0	634861	5500.386727881355	0.75
66320.65511315019	750	17.82051470927336	0.0	398987	3486.5155040193017	0.3
66324.06709185858	750	18.40853600088859	0.0	393804	3411.9787083847727	0.75
66326.92344304139	750	19.5521848180803	0.0	331053	2856.3511828082896	0.75
66329.60840107793	750	20.867226781543042	0.0	314107	2684.9580365372576	0.75

