12044.929760687286	750	4.0	10.178519156201638	450283	10178.519156201637	-43.01763237166704
12048.253093092506	300	4.676667594779929	0.0	155580	3323.3324052200705	-0.15000000000000002
12051.248652548715	300	5.6811081385717825	0.0	139857	2995.5594562081465	0.3
12054.171949929874	300	6.757810757413542	0.0	155432	2923.2973811582406	0.3
12056.923589079926	300	8.006171607361663	0.0	163442	2751.639150051879	0.3
12059.067921605352	300	9.861839081934283	0.0	126289	2144.332525427379	0.3
12061.390600969526	300	11.539159717760915	0.0	153295	2322.679364173369	0.3
12063.122831737921	300	13.806928949364663	0.0	173849	1732.230768396252	0.3
12064.929483589563	750	16.0002770977227	0.0	374758	1806.6518516419603	0.3
12066.68101737541	750	18.248743311875717	0.0	362795	1751.5337858469863	0.75
12068.38843551468	750	20.54132517260458	0.0	353220	1707.4181392711382	0.75
12071.205577560266	1200	21.724183127018488	0.0	594078	2817.142045586091	0.75
12075.648078247053	1850	21.28168244023117	0.0	946851	4442.500686787318	1.2000000000000002
12078.895056430081	1200	22.03470425720376	0.0	687371	3246.9781830274096	0.5499999999999999
12081.402914389677	1200	23.526846297606554	0.0	526950	2507.857959597209	1.2
12085.736307752542	1850	23.19345293474223	0.0	923170	4333.393362864324	1.2000000000000002
12090.270255682488	1850	22.65950500479695	0.0	966699	4533.947929945275	1.85
12094.431075086277	1850	22.49868560100782	0.0	885714	4160.819403789131	1.85
12099.061819425508	1850	21.8679412617767	0.0	987708	4630.744339231123	1.85
12101.84560866007	1200	23.084152027215424	0.0	586839	2783.78923456128	0.5499999999999999
12106.033565521648	1850	22.896195165637074	0.0	891604	4187.956861578348	1.2000000000000002
12110.514676038023	1850	22.4150846492617	0.0	955231	4481.110516375371	1.85
12115.054737958882	1850	21.875022728401945	0.0	968026	4540.061920859755	1.85
12117.607365812764	1200	23.32239487451988	0.0	536667	2552.6278538820675	0.5499999999999999
12121.824680888438	1850	23.10507979884427	0.0	897976	4217.315075675611	1.2000000000000002
12126.078666087467	1850	22.85109459981647	0.0	905935	4253.9851990277975	1.85
12131.11896488516	1850	21.810795802123337	0.0	1076599	5040.298797693132	1.85
12133.443495264888	1200	23.486265422395896	0.0	487160	2324.5303797274437	0.5499999999999999
12138.005543594672	1850	22.92421709261082	0.0	972798	4562.048329785076	1.2000000000000002
12142.581473955073	1850	22.348286732211328	0.0	975811	4575.930360399492	1.85
12146.685691717277	1850	22.244068970008026	0.0	873429	4104.217762203303	1.85
12151.163217693387	1850	21.766542993897513	0.0	954453	4477.5259761105135	1.85
12155.321033086568	1850	21.608727600715948	0.0	885062	4157.815393181564	1.85
12158.488570854111	1200	22.441189833172693	0.0	670129	3167.5377675432555	0.5499999999999999
12163.2959989338	1850	21.633761753483018	0.0	1026056	4807.428079689675	1.2000000000000002
12166.134560680788	1200	22.7952000064942	0.0	598727	2838.561746988819	0.5499999999999999
12169.573164331881	1850	23.356596355400352	0.0	728962	3438.603651093844	1.2000000000000002
12173.977589644956	1850	22.952171042326125	0.0	938587	4404.42531307423	1.85
12178.244152986557	1850	22.6856077007237	0.0	908665	4266.563341602426	1.85
12182.61167319999	1850	22.31808748729151	0.0	930577	4367.520213432189	1.85
12188.356498222123	1850	20.573262465158404	0.0	858450	5744.825022133107	1.85
12195.065987277254	1200	17.863773410027534	0.0	641452	6709.489055130873	0.5499999999999999
12198.99161636718	750	17.93814432010216	0.0	372093	3925.629089925375	0.3
12205.632986588225	1200	15.296774099057657	0.0	634861	6641.370221044505	0.75
12209.836568632772	750	15.093192054509505	0.0	398987	4203.582044548151	0.3
12213.98658370462	750	14.94317698266195	0.0	393804	4150.015071847555	0.75
12217.488059107562	750	15.441701579719497	0.0	331053	3501.4754029424503	0.75
12220.814395417436	750	16.11536526984753	0.0	314107	3326.3363098719665	0.75

