54805.253584170954	750	4.0	2.4351397930312824	450283	2435.1397930312824	-9.721101110034514
54805.86856769589	300	7.385016475058871	0.0	155580	614.9835249411288	-0.15000000000000002
54807.05399856547	750	10.19958560548361	0.0	350812	1185.4308695752595	0.3
54808.897314088084	1200	12.356270082861663	0.0	617681	1843.3155226219485	0.75
54811.697861204775	1850	13.555722966170203	0.0	996749	2800.547116691461	1.2000000000000002
54815.758037926564	2850	13.49554624438167	0.0	1224260	4060.176721788532	1.85
54821.553639037025	2850	11.699945133916888	0.0	1388403	5795.601110464783	2.85
54825.54468429133	1850	11.708899879615355	0.0	1060487	3991.045254301533	0.8500000000000001
54828.33945870263	1850	12.914125468327148	0.0	852833	2794.7744112882083	1.85
54833.06470381501	1850	12.18888035594132	0.0	913888	4725.245112385827	1.85
54836.18146455252	1850	13.072119618433142	0.0	939819	3116.7607375081784	1.85
54841.48934456959	2850	11.764239601362831	0.0	1519951	5307.88001707031	1.85
54845.92371662213	1850	11.329867548830684	0.0	946851	4434.372052532147	0.8500000000000001
54850.144199163056	1850	11.109385007903715	0.0	1036454	4220.482540926969	1.85
54853.50381126157	1850	11.749772909389401	0.0	821631	3359.612098514314	1.85
54856.89178810928	1850	12.361796061679888	0.0	923170	3387.976847709513	1.85
54860.27402187836	1850	12.97956229259745	0.0	966699	3382.2337690824393	1.85
54862.95555267016	1850	14.29803150080283	0.0	885714	2681.5307917946193	1.85
54869.06499919716	2850	12.188584973809476	0.0	1537156	6109.4465269933535	1.85
54872.22965861774	1850	13.023925553219888	0.0	923755	3164.659420589588	0.8500000000000001
54877.48119814081	2850	11.772386030146048	0.0	1415116	5251.5395230738395	1.85
54880.9346741737	1850	12.318909997252561	0.0	955231	3453.4760328934863	0.8500000000000001
54884.792509956125	1850	12.461074214830951	0.0	968026	3857.8357824216114	1.85
54888.286244874806	1850	12.96733929615258	0.0	874175	3493.734918678371	1.85
54891.57805197439	1850	13.675532196561523	0.0	897976	3291.8070995910566	1.85
54897.45900508929	2850	11.794579081665091	0.0	1480464	5880.953114896433	1.85
54901.50626303918	1850	11.747321131776097	0.0	1076599	4047.257949888993	0.8500000000000001
54911.72830340692	1850	5.525280764038169	0.0	758197	10222.040367737929	1.85
54913.71007173228	300	7.543512438673699	0.0	153605	1981.7683253644698	-1.25
54917.245189042864	750	8.008395128093229	0.0	400508	3535.11731058047	0.3
54919.65134735068	750	9.602236820282748	0.0	358218	2406.158307810482	0.75
54923.00606774102	1200	10.247516429943722	0.0	620283	3354.720390339026	0.75
54925.443401641154	1200	11.810182529812263	0.0	584349	2437.3339001314603	1.2
54933.099871489234	1850	8.153712681727193	0.0	1035329	7656.46984808507	1.2000000000000002
54934.45665518411	750	10.796928986847833	0.0	401088	1356.7836948793586	-0.3500000000000001
54936.40714623386	1200	12.846437937093857	0.0	598727	1950.4910497539772	0.75
54938.38852736613	1850	14.86505680482377	0.0	728962	1981.3811322700885	1.2000000000000002
54943.980803057675	2850	13.272781113274347	0.0	1499009	5592.275691549423	1.85
54949.185234777564	2850	12.068349393390722	0.0	1427478	5204.431719883623	2.85
54952.83972208886	1850	12.413862082094797	0.0	930577	3654.4873112959267	0.8500000000000001
54956.372048269084	1850	12.881535901868235	0.0	858450	3532.326180226562	1.85
54960.8822582006	1850	12.371325970350012	0.0	1025005	4510.209931518223	1.85
54965.91222691762	1850	11.341357253327562	0.0	886255	5029.968717022449	1.85
54969.38785301885	1850	11.865731152101963	0.0	973972	3475.6261012255977	1.85
54972.84425326243	1850	12.409330908521621	0.0	958994	3456.4002435803427	1.85
54976.994488680684	1850	12.259095490270694	0.0	982064	4150.235418250926	1.85
54979.89848353763	1850	13.355100633322815	0.0	830730	2903.99485694788	1.85
54986.88030033546	2850	10.373283835496347	0.0	1364537	6981.816797826468	1.85

