90602.04143753854	750	4.0	2.0584857924285047	450283	2058.4857924285047	-8.10148890744257
90602.76269375446	300	7.278743784101545	0.0	155580	721.2562158984545	-0.15000000000000002
90603.88514968698	750	10.156287851574621	0.0	350812	1122.4559325269238	0.3
90606.14213962998	1200	11.899297908554693	0.0	617681	2256.989943019928	0.75
90608.69946722512	1200	13.341970313422186	0.0	652874	2557.327595132509	1.2
90610.92444649652	1200	15.116991042029301	0.0	520315	2224.979271392883	1.2
90612.5192300132	1200	17.522207525344484	0.0	561791	1594.7835166848142	1.2
90617.67017114937	2850	16.371266389175993	0.0	1638769	5150.94113616849	1.2000000000000002
90619.8745941893	1850	18.166843349244814	0.0	852833	2204.4230399311823	0.8500000000000001
90623.53420116412	2850	18.507236374434367	0.0	1429765	3659.6069748104433	1.85
90627.1178678884	2850	18.923569650134432	0.0	1354548	3583.666724299936	2.85
90630.89352266642	2850	19.147914872117145	0.0	1519951	3775.6547780172887	2.85
90635.20721446384	2850	18.83422307471506	0.0	1422919	4313.691797402088	2.85
90641.13062991011	2850	16.91080762843653	0.0	1578343	5923.415446278526	2.85
90643.80554501236	1850	18.23589252617628	0.0	821631	2674.9151022602505	0.8500000000000001
90649.87800927577	1850	16.163428262783206	0.0	923170	6072.4642633930725	1.85
90652.00438068075	1200	18.03705685779952	0.0	617242	2126.3714049836817	0.5499999999999999
90654.55163383746	1850	19.48980370109851	0.0	885714	2547.2531567010124	1.2000000000000002
90660.29333034849	2850	17.74810719007095	0.0	1537156	5741.696511027559	1.85
90664.22639221123	1850	17.815045327338748	0.0	923755	3933.0618627322033	0.8500000000000001
90667.31784569005	1850	18.72359184850782	0.0	891604	3091.4534788309293	1.85
90670.02126278072	1850	20.020174757831942	0.0	955231	2703.417090675878	1.85
90673.53816827711	2850	20.503269261446523	0.0	1505760	3516.9054963854173	1.85
90679.88825783716	4300	18.153179701403534	0.0	2044075	6350.0895600429885	2.8499999999999996
90685.31976268343	2850	16.721674855124295	0.0	1383735	5431.5048462792365	1.4000000000000001
90688.07343896272	1850	17.967998575841744	0.0	905935	2753.6762792825534	0.8500000000000001
90692.61345128155	2850	17.427986257011842	0.0	1547572	4540.012318829899	1.85
90695.7875972185	2850	18.253840320061695	0.0	1141971	3174.1459369501445	2.85
90699.49841809916	2850	18.543019439390207	0.0	1498470	3710.820880671488	2.85
90704.04755393375	2850	17.993883604796633	0.0	1561263	4549.135834593571	2.85
90708.91603954913	2850	17.12539798942973	0.0	1341201	4868.485615366903	2.85
90714.05841335114	1850	15.98302418740231	0.0	954453	5142.373802027421	0.8500000000000001
90716.0443776904	1200	17.99705984815186	0.0	584349	1985.9643392504454	0.5499999999999999
90719.30484749455	1850	18.7365900440009	0.0	1035329	3260.4698041509596	1.2000000000000002
90727.5015450811	2850	14.539892457445426	0.0	1492672	8196.697586555474	1.85
90729.29316025812	1200	16.74827728042767	0.0	598727	1791.6151770177555	-0.44999999999999996
90731.41374355528	1850	18.62769398328576	0.0	728962	2120.583297141906	1.2000000000000002
90735.65932733781	2850	18.382110200747572	0.0	1499009	4245.58378253819	1.85
90740.62088369869	2850	17.420553839878515	0.0	1427478	4961.556360869057	2.85
90743.23605870744	1850	18.80537883113949	0.0	930577	2615.175008739025	0.8500000000000001
90747.00933615434	2850	19.03210138422586	0.0	1339500	3773.277446913628	1.85
90751.94346961103	2850	18.097967927550823	0.0	1527299	4934.133456675036	2.85
90755.69104197662	1850	18.350395561958006	0.0	886255	3747.5723655928205	0.8500000000000001
90765.43940398096	1850	12.602033557621752	0.0	973972	9748.362004336253	1.85
90766.68478113336	300	15.356656405223701	0.0	167025	1245.3771523980502	-1.25
90768.81612949003	750	17.22530804854833	0.0	393804	2131.348356675368	0.3
90773.92872751477	1200	16.112710023828658	0.0	538612	5112.598024719675	0.75
90775.3517714393	750	18.68966609928608	0.0	314107	1423.0439245425814	0.3

