65878.07029703216	750	4.0	11.094442318336403	450283	11094.442318336403	-46.95610196884653
65881.30177305217	300	4.768523979984239	0.0	155580	3231.476020015762	-0.15000000000000002
65884.38834529601	300	5.68195173614841	0.0	139857	3086.5722438358275	0.3
65887.82266323676	300	6.247633795397482	0.0	155432	3434.3179407509288	0.3
65890.14467839932	300	7.925618632849433	0.0	163442	2322.015162548048	0.3
65891.53696580649	300	10.533331225670146	0.0	126289	1392.2874071792855	0.3
65893.05785784457	300	13.01243918759265	0.0	153295	1520.8920380774955	0.3
65894.52418465208	300	15.546112380075682	0.0	173849	1466.3268075169685	0.3
65897.1818690694	750	16.888427962747688	0.0	374758	2657.6844173279937	0.3
65898.58245259072	750	19.487844441436515	0.0	362795	1400.5835213111725	0.75
65910.92781445976	1850	11.142482572407296	0.0	939819	12345.361869029219	0.75
65912.70804646164	300	13.362250570519759	0.0	156148	1780.2320018875375	-1.25
65914.53834421362	300	15.531952818544617	0.0	160746	1830.2977519751398	0.3
65916.54050751562	300	17.529789516554644	0.0	179801	2002.1633019899766	0.3
65920.13522578745	750	17.93507124471127	0.0	337059	3594.7182718433733	0.3
65924.03396089675	750	18.036336135413343	0.0	366214	3898.7351092979247	0.75
65930.8145610736	750	15.255735958568724	0.0	360831	6780.60017684462	0.75
65933.61618601465	300	16.45411101750785	0.0	150616	2801.6249410608757	-0.15000000000000002
65936.82651242286	300	17.24378460929647	0.0	165384	3210.3264082113838	0.3
65938.59292791461	300	19.477369117558954	0.0	140881	1766.4154917375145	0.3
65947.47146732482	750	14.598829707337815	0.0	386472	8878.539410221141	0.3
65951.60458142652	300	14.465715605634344	0.0	157812	4133.11410170347	-0.15000000000000002
65955.89474817779	300	14.175548854373702	0.0	163927	4290.166751260643	0.3
65959.51014072433	300	14.560156307825343	0.0	137654	3615.392546548357	0.3
65963.35925021462	300	14.711046817536957	0.0	146754	3849.109490288387	0.3
65967.39286767456	300	14.6774293575971	0.0	153938	4033.6174599398564	0.3
65972.11003849936	300	13.9602585328004	0.0	181901	4717.1708247967	0.3
65974.96447483472	300	15.105822197431312	0.0	111155	2854.436335369087	0.3
65978.87846604784	300	15.191830984311178	0.0	153605	3913.991213120135	0.3
65982.67823999075	300	15.392057041405149	0.0	149029	3799.7739429060293	0.3
65986.68747882255	300	15.382818209592482	0.0	157421	4009.2388318126673	0.3
65990.69838997892	300	15.37190705323778	0.0	157488	4010.911156354701	0.3
65994.36966949284	300	15.700627539322621	0.0	143881	3671.2795139151604	0.3
65998.05457252289	300	16.015724509272296	0.0	163444	3684.9030300503237	0.3
66008.45389081519	300	9.616406216973527	0.0	179328	10399.31829229877	0.3
66014.42542917411	300	7.644867858051166	0.0	159914	5971.53835892236	0.3
66018.18171888967	300	7.888578142482818	0.0	131610	3756.2897155683477	0.3
66021.46358463026	300	8.606712401891231	0.0	124011	3281.865740591587	0.3
66028.19860411686	300	5.871692915302146	0.0	144254	6735.019486589084	0.3
66033.34286458668	300	4.727432445480126	0.0	149991	5144.26046982202	0.3
66040.13366367287	300	4.0	2.063366640710964	147968	6790.79908619109	-8.572476555057145
66043.70859646889	300	4.425067203965503	0.0	161857	3574.932796034497	0.3
66046.76957574421	300	5.364087928650789	0.0	145210	3060.979275314714	0.3
66050.2877474395	300	5.845916233349073	0.0	172312	3518.171695301716	0.3
66053.65114706785	300	6.4825166050106455	0.0	167025	3363.3996283384276	0.3
66059.88014317995	300	4.253520492913904	0.0	160064	6228.996112096741	0.3
66067.1260009015	300	4.0	2.9923372286346055	137507	7245.85772154851	-12.567050083128802
66070.5397017871	300	4.586299114384199	0.0	118421	3413.7008856158004	0.3

