61973.6558572215	750	4.0	10.326579643008218	450283	10326.579643008217	-43.65429246493534
61977.171246054386	300	4.484611167111417	0.0	155580	3515.388832888582	-0.15000000000000002
61988.61329390122	300	4.0	6.957436679718985	139857	11442.047846830403	-29.61697772279163
61998.042523639975	300	4.0	5.4292297387599024	155432	9429.229738759903	-23.04568787666758
62004.33164066239	300	4.0	2.2891170224139596	163442	6289.11702241396	-9.543203196380025
62008.72610929148	300	4.0	0.3944686290867239	126289	4394.468629086724	-1.3962151050729128
62014.02281137949	300	4.0	1.2967020880075033	153295	5296.702088007503	-5.275818978432264
62019.782044158295	300	4.0	1.7592327788076654	173849	5759.232778807665	-7.264700948872961
62024.80077954976	300	4.0	1.0187353914652577	150710	5018.735391465258	-4.080562183300608
62029.47825759865	300	4.0	0.6774780488822635	139105	4677.4780488822635	-2.613155610193733
62035.58087044996	300	4.0	2.1026128513173337	141840	6102.6128513173335	-8.741235260664533
62040.04922360028	300	4.0	0.4683531503225177	156148	4468.353150322518	-1.7139185463868258
62044.1040786912	300	4.0	0.05485509091693757	160746	4054.8550909169376	0.06412310905716845
62048.51462155352	300	4.0	0.41054286232117465	179801	4410.542862321175	-1.4653343079810508
62051.96777775627	300	4.546843797248386	0.0	140051	3453.1562027516134	0.3
62055.3896703542	300	5.1249511993217105	0.0	138313	3421.892597926676	0.3
62058.94219279449	300	5.572428759023498	0.0	143509	3552.5224402982126	0.3
62062.260651211334	300	6.253970342179381	0.0	150616	3318.458416844117	0.3
62065.86812689861	300	6.646494654908943	0.0	165384	3607.4756872704384	0.3
62068.95297804684	300	7.561643506682109	0.0	140881	3084.851148226834	0.3
62072.39281208825	300	8.121809465263047	0.0	157671	3439.8340414190616	0.3
62075.971238681916	300	8.543382871600128	0.0	157812	3578.426593662919	0.3
62079.44756097221	300	9.067060581308679	0.0	163927	3476.322290291449	0.3
62082.17757784115	300	10.337043712367118	0.0	137654	2730.0168689415596	0.3
62085.132093140746	300	11.382528412770746	0.0	146754	2954.5152995963726	0.3
62088.29112801847	300	12.22349353504777	0.0	153938	3159.0348777229756	0.3
62091.909355840966	300	12.6052657125534	0.0	181901	3618.227822494369	0.3
62094.331903875136	300	14.182717678384181	0.0	111155	2422.54803416922	0.3
62097.98792256585	300	14.526698987663243	0.0	153605	3656.018690720938	0.3
62101.35865763705	300	15.155963916468023	0.0	149029	3370.735071195221	0.3
62104.914697908695	300	15.599923644825438	0.0	157421	3556.040271642585	0.3
62127.69515551377	750	4.0	7.1805339602560165	400322	22780.457605081454	-30.57629602910087
62133.38914917128	300	4.0	1.693993657510594	143881	5693.993657510594	-7.434172727295555
62139.09687126851	300	4.0	1.7077220972338791	163444	5707.722097233879	-7.04320501810568
62145.25044050814	300	4.0	2.153569239632333	179328	6153.569239632333	-8.96034773041903
62150.55477928855	300	4.0	1.3043387804056419	159914	5304.338780405642	-5.30865675574426
62154.96189252835	300	4.0	0.40711323980027647	131610	4407.1132398002765	-1.4505869311411888
62158.78962352466	300	4.172269003689605	0.0	124011	3827.7309963103953	0.3
62165.39871289629	300	4.0	2.4368203679430107	144254	6609.089371632615	-10.178327582154944
62169.69403091106	300	4.0	0.29531801476819874	149991	4295.318014768199	-0.9698674635032545
62173.545107748076	300	4.14892316297857	0.0	147968	3851.0768370214296	0.3
62177.523465799844	300	4.170565111206231	0.0	161857	3978.3580517723394	0.3
62181.10087754415	300	4.593153366901928	0.0	145210	3577.4117443043024	0.3
62185.339688824286	300	4.354342086761896	0.0	172312	4238.811280140032	0.3
62189.46123367925	300	4.2327972317994265	0.0	167025	4121.54485496247	0.3
62192.96377887657	300	4.73025203448503	0.0	160064	3502.5451973143963	0.3
62195.976665971626	300	5.717364939424468	0.0	137507	3012.887095060563	0.3
62198.58246773215	300	7.111563178901971	0.0	118421	2605.801760522497	0.3

