75037.20094991	750	4.0	1.4443858048243738	450283	1444.3858048243737	-5.460858960744807
75038.33094513904	750	6.87000477096148	0.0	398865	1129.9952290385197	0.75
75039.28181518942	750	9.919134720582049	0.0	350812	950.870050379431	0.75
75040.30866992364	750	12.892279986356264	0.0	382355	1026.8547342257834	0.75
75042.85762896853	1850	14.343320941467404	0.0	996749	2548.9590448888607	0.75
75044.89096247069	1850	16.309987439319436	0.0	801058	2033.333502147967	1.85
75047.17280482	1850	18.02814508999535	0.0	905515	2281.8423493240903	1.85
75050.0870613244	1850	19.113888585594044	0.0	1060487	2914.2565044013054	1.85
75052.2671531322	1850	20.9337967777923	0.0	852833	2180.0918078017435	1.85
75054.61217547713	1850	22.58877443286558	0.0	913888	2345.0223449267223	1.85
75056.88464759444	1850	24.316302315539318	0.0	939819	2272.4721173262637	1.85
75059.13948436773	1850	26.06146554227011	0.0	917428	2254.836773269204	1.85
75061.48489905651	1850	27.71605085349426	0.0	946851	2345.414688775852	1.85
75064.26855657662	1850	28.93239333339692	0.0	1036454	2783.65752009734	1.85
75066.76785507223	1850	30.433094837772565	0.0	821631	2499.2984956243577	1.85
75070.32531392807	1850	30.87563598193756	0.0	923170	3557.458855835004	1.85
75073.59370862217	1850	31.607241287827993	0.0	966699	3268.394694109567	1.85
75076.17773468042	1850	33.02321522957956	0.0	885714	2584.0260582484343	1.85
75078.78154375206	1850	34.41940615792699	0.0	987708	2603.8090716525735	1.85
75085.05926469761	4300	32.14168521237176	0.0	2156729	6277.720945555229	1.8499999999999996
75090.29159327784	4300	30.909356632134486	0.0	2039773	5232.328580237278	4.3
75097.84493798859	4300	27.35601192139041	0.0	2176469	7553.344710744072	4.3
75104.41890719155	4300	24.78204271843051	0.0	2221506	6573.9692029599	4.3
75109.76024199367	4300	23.44070791628983	0.0	2044075	5341.334802140682	4.3
75116.15904646796	4300	21.041903442007467	0.0	2186790	6398.804474282364	4.3
75122.68283363876	4300	18.51811627121597	0.0	2105231	6523.787170791496	4.3
75129.98303273889	4300	15.21791717108658	0.0	2395588	7300.199100129392	4.3
75137.01242494429	4300	12.188524965704076	0.0	1972048	7029.392205382504	4.3
75143.72396964388	4300	9.476980266111973	0.0	2134614	6711.544699592106	4.3
75150.57336027845	4300	6.627589631539038	0.0	2164140	6849.390634572934	4.3
75153.30886367742	1850	7.892086232564086	0.0	873429	2735.5033989749513	-0.6000000000000001
75155.73812535522	1850	9.462824554764664	0.0	954453	2429.261677799423	1.85
75158.41542441347	1850	10.785525496513372	0.0	885062	2677.299058251291	1.85
75161.49177016229	1850	11.709179747698634	0.0	1035329	3076.345748814738	1.85
75164.28335728032	1850	12.91759262967157	0.0	1026056	2791.5871180270624	1.85
75166.71771246057	1850	14.483237449428412	0.0	943942	2434.3551802431584	1.85
75168.53591232888	1850	16.665037581112518	0.0	728962	1818.199868315891	1.85
75170.87591983484	1850	18.32503007515364	0.0	938587	2340.00750595888	1.85
75173.42820264141	1850	19.772747268572516	0.0	908665	2552.2828065811254	1.85
75175.98077517407	1850	21.220174735919766	0.0	930577	2552.572532652749	1.85
75178.75636281514	1850	22.444587094841	0.0	858450	2775.587641078764	1.85
75182.38398000506	1850	22.816969904931348	0.0	1025005	3627.617189909652	1.85
75185.2320571019	1850	23.968892808101593	0.0	886255	2848.077096829754	1.85
75188.37069595624	1850	24.83025395374959	0.0	973972	3138.6388543520034	1.85
75190.79921234287	1850	26.401737567127633	0.0	958994	2428.51638662196	1.85
75193.69726837738	1850	27.50368153262354	0.0	982064	2898.0560345040944	1.85
75195.81090683515	1850	29.390043074855395	0.0	830730	2113.638457768141	1.85
75198.14672994277	1850	31.054219967246695	0.0	846370	2335.823107608698	1.85

