89503.47381315274	750	4.0	12.46111802488848	450283	12461.11802488848	-52.83280750702046
89508.79523566812	300	4.0	1.3214225153806982	155580	5321.422515380698	-5.8321168161370025
89513.57810923297	300	4.0	0.782873564856789	139857	4782.873564856789	-3.066356328884193
89520.27902985811	300	4.0	2.700920625140854	155432	6700.920625140854	-11.313958688105672
89524.64926730016	300	4.0	0.37023744204263037	163442	4370.23744204263	-1.2920210007833104
89527.33986968762	300	5.309397612527435	0.0	126289	2690.6023874725647	0.3
89530.45054414582	300	6.198723154333348	0.0	153295	3110.6744581940866	0.3
89533.59935503543	300	7.049912264713979	0.0	173849	3148.81088961937	0.3
89536.33971252483	300	8.309554775314929	0.0	150710	2740.3574893990485	0.3
89538.87521666233	300	9.774050637813405	0.0	139105	2535.5041375015244	0.3
89544.3613839884	300	8.287883311736085	0.0	141840	5486.16732607732	0.3
89547.29394443512	300	9.355322865030175	0.0	156148	2932.5604467059097	0.3
89554.53412612205	300	6.11514117810627	0.0	160746	7240.1816869239055	0.3
89557.61925009734	300	7.030017202807316	0.0	179801	3085.1239752989545	0.3
89562.2321200986	300	6.417147201539208	0.0	140051	4612.870001268107	0.3
89564.94777593086	300	7.70149136927743	0.0	138313	2715.6558322617784	0.3
89566.89759363995	300	9.751673660184904	0.0	143509	1949.8177090925258	0.3
89569.03076681285	300	11.618500487288145	0.0	150616	2133.1731728967593	0.3
89571.73761946961	300	12.911647830514227	0.0	165384	2706.852656773918	0.3
89579.64473952692	750	9.00452777319868	0.0	350713	7907.1200573155475	0.3
89583.43062506846	300	9.218642231675123	0.0	157671	3785.885541523556	-0.15000000000000002
89587.21982466178	300	9.429442638351585	0.0	157812	3789.199593323537	0.3
89597.45430591622	300	4.0	0.8050386160942162	163927	10234.481254445802	-3.1616660492051296
89602.50223325884	300	4.0	1.047927342618832	137654	5047.927342618832	-4.2060875732609775
89607.0347035296	300	4.0	0.5324702707490978	146754	4532.470270749098	-1.9896221642211203
89611.04487376563	300	4.0	0.010170236038095026	153938	4010.170236038095	0.25626798503619136
89616.08397570011	300	4.0	1.039101934472951	181901	5039.101934472951	-4.16813831823369
89618.34304773487	300	5.740927965239837	0.0	111155	2259.072034760163	0.3
89621.32054628327	300	6.763429416830397	0.0	153605	2977.49854840944	0.3
89624.91058892121	300	7.173386778901265	0.0	149029	3590.042637929132	0.3
89627.67172293192	300	8.412252768186995	0.0	157421	2761.1340107142687	0.3
89630.52471662541	300	9.559259074697238	0.0	157488	2852.9936934897587	0.3
89635.90655793212	300	8.177417767983412	0.0	143881	5381.841306713826	0.3
89640.23117267826	300	7.852803021847631	0.0	163444	4324.614746135781	0.3
89643.57315540653	300	8.510820293575511	0.0	179328	3341.9827282721203	0.3
89646.79440932714	300	9.2895663729753	0.0	159914	3221.253920600212	0.3
89649.77923454854	300	10.304741151564551	0.0	131610	2984.8252214107492	0.3
89652.2646800263	300	11.819295673788874	0.0	124011	2485.445477775677	0.3
89655.02256687966	300	13.06140882044331	0.0	144254	2757.886853345565	0.3
89658.3936111502	300	13.690364549908987	0.0	149991	3371.0442705343235	0.3
89670.09492192125	750	5.989053778848711	0.0	345516	11701.310771060276	0.3
89674.0427880985	300	6.041187601598558	0.0	161857	3947.8661772501528	-0.15000000000000002
89678.04479251211	300	6.039183187986023	0.0	145210	4002.0044136125352	0.3
89682.70034289188	300	5.383632808217533	0.0	172312	4655.55037976849	0.3
89687.27493766132	300	4.809038038777287	0.0	167025	4574.594769440246	0.3
89689.76219451867	300	6.3217811814258935	0.0	160064	2487.2568573513936	0.3
89691.91020899215	300	8.173766707941423	0.0	137507	2148.0144734844694	0.3
89693.7711826296	300	10.312793070493845	0.0	118421	1860.97363744758	0.3

