25163.116830791132	750	4.0	3.088426302750708	450283	3088.426302750708	-12.530233101828044
25164.017953142215	300	7.098877648917764	0.0	155580	901.1223510822371	-0.15000000000000002
25164.83178799763	750	10.28504279350357	0.0	350812	813.8348554141938	0.3
25166.203864230276	1200	12.912966560857326	0.0	617681	1372.0762326462452	0.75
25168.36888172768	1850	14.747949063453467	0.0	996749	2165.0174974038578	1.2000000000000002
25171.00981082956	2850	16.107019961571602	0.0	1224260	2640.929101881865	1.85
25175.60298137326	4300	15.513849417872803	0.0	2157535	4593.170543698797	2.8499999999999996
25180.473604380724	4300	14.643226410411156	0.0	2290172	4870.623007461646	4.3
25183.37339805164	2850	15.743432739494134	0.0	1348011	2899.793670917023	1.4000000000000001
25187.9909717441	4300	15.125859047034	0.0	2169201	4617.573692460133	2.8499999999999996
25192.617584182128	4300	14.499246609005743	0.0	2173522	4626.612438028258	4.3
25195.738563701372	2850	15.378267089762252	0.0	1519951	3120.97951924349	1.4000000000000001
25199.8588493335	4300	15.25798145763091	0.0	2209463	4120.285632131342	2.8499999999999996
25205.13142727087	4300	13.985403520261702	0.0	2275376	5272.57793736921	4.3
25209.528427913727	2850	13.588402877407265	0.0	1231445	4397.000642854437	1.4000000000000001
25212.916553113035	2850	14.200277678095388	0.0	1471065	3388.1251993118763	2.85
25215.410048309568	2850	15.706782481563105	0.0	1491626	2493.4951965322834	2.85
25219.289809619946	4300	15.827021171186301	0.0	2059512	3879.7613103768035	2.8499999999999996
25223.7870039897	4300	15.329826801432032	0.0	2220726	4497.194369754268	4.3
25228.156903417133	4300	14.959927373998953	0.0	2156729	4369.89942743308	4.3
25231.051677697145	2850	16.065153093989093	0.0	1415116	2894.774280009862	1.4000000000000001
25235.460841498865	4300	15.655989292266273	0.0	2176469	4409.163801722817	2.8499999999999996
25240.728388405718	4300	14.388442385414189	0.0	2221506	5267.546906852082	4.3
25243.34740875852	2850	15.769422032611718	0.0	1323990	2619.020352802472	1.4000000000000001
25248.740890213357	4300	14.375940577775454	0.0	2186790	5393.481454836264	2.8499999999999996
25252.543616071252	2850	14.573214719881886	0.0	1480464	3802.725857893569	1.4000000000000001
25257.103265920367	2850	14.01356487076744	0.0	1547572	4559.649849114447	2.85
25259.723070404096	2850	15.393760387037869	0.0	1141971	2619.804483729571	2.85
25264.298655733404	4300	14.818175057732374	0.0	2134614	4575.585329305494	2.8499999999999996
25267.66674015428	2850	15.450090636854647	0.0	1561263	3368.0844208777253	1.4000000000000001
25272.197211972038	4300	14.919618819096934	0.0	2113193	4530.471817757714	2.8499999999999996
25275.431394284507	2850	15.685436506627212	0.0	1497683	3234.1823124697207	1.4000000000000001
25280.12588670788	4300	14.990944083255725	0.0	2191074	4694.492423371488	2.8499999999999996
25283.52179765729	2850	15.595033133848355	0.0	1587293	3395.9109494073687	1.4000000000000001
25288.91993570631	4300	14.196895084825945	0.0	2307787	5398.138049022412	2.8499999999999996
25291.705493942194	2850	15.411336848942135	0.0	1439896	2785.558235883809	1.4000000000000001
25295.51302644387	4300	15.603804347266982	0.0	1919781	3807.532501675154	2.8499999999999996
25299.979824642014	4300	15.137006149121117	0.0	2147467	4466.798198145865	4.3
25304.329426604683	4300	14.787404186450782	0.0	2133870	4349.601962670334	4.3
25307.24950084767	2850	15.867329943466473	0.0	1402287	2920.074242984308	1.4000000000000001
25313.675959333188	4300	13.440871457943526	0.0	2108491	6426.458485522949	2.8499999999999996
25318.522812376348	2850	12.59401841478511	0.0	1527299	4846.853043158417	1.4000000000000001
25321.36890293475	1850	13.747927856378167	0.0	886255	2846.0905584069405	0.8500000000000001
25326.40286904928	2850	12.713961741849714	0.0	1587250	5033.966114528455	1.85
25331.41026508147	1850	11.706565709656726	0.0	958994	5007.396032192987	0.8500000000000001
25333.579668401966	1850	13.537162389162106	0.0	982064	2169.403320494621	1.85
25336.23565022616	2850	14.881180564968687	0.0	1231456	2655.981824193418	1.85
25339.17001328131	2850	15.946817509821434	0.0	1364537	2934.3630551472515	2.85

