16822.976443299893	750	4.0	5.52878823926276	450283	5528.788239262761	-23.02378942882987
16824.64436983252	300	6.332073467373534	0.0	155580	1667.9265326264656	-0.15000000000000002
16828.913891476543	300	6.062551823350234	0.0	139857	4269.5216440233	0.3
16829.934765876435	300	9.041677423458301	0.0	155432	1020.8743998919333	0.3
16830.873975210074	300	12.102468089817085	0.0	163442	939.2093336412164	0.3
16831.498104609233	300	15.478338690657262	0.0	126289	624.129399159824	0.3
16832.684907270712	750	18.291536029178232	0.0	352642	1186.8026614790297	0.3
16834.136984519304	750	20.839458780587602	0.0	437162	1452.077248590626	0.75
16836.893687334617	1850	22.08275596527591	0.0	852833	2756.7028153116908	0.75
16838.388842836306	1200	24.587600463585996	0.0	560821	1495.1555016899154	0.5499999999999999
16841.366042183854	2850	25.610401116036982	0.0	1354548	2977.1993475490167	1.2000000000000002
16843.40829955902	1850	27.568143740865928	0.0	917428	2042.257375171053	0.8500000000000001
16846.531735449385	2850	28.444707850506123	0.0	1422919	3123.4358903598095	1.85
16851.478464323245	4300	27.497978976646582	0.0	2275376	4946.72887385954	2.8499999999999996
16857.937152377053	2850	25.03929092283692	0.0	1231445	6458.688053809662	1.4000000000000001
16872.572106789215	1850	14.404336510673517	0.0	923170	14634.954412163404	0.8500000000000001
16876.26472021095	750	14.711723088940083	0.0	360831	3692.613421733433	-0.3500000000000001
16879.774919389405	750	15.201523910487047	0.0	372963	3510.1991784530364	0.75
16883.659083654606	750	15.31735964528476	0.0	405596	3884.1642652022883	0.75
16886.79338983899	750	16.18305346089864	0.0	350713	3134.30618438612	0.75
16889.692071174155	750	17.284372125733395	0.0	386472	2898.6813351652413	0.75
16892.25844765973	750	18.717995640157113	0.0	399894	2566.376485576282	0.75
16899.261716384743	750	15.714726915146038	0.0	401853	7003.268725011076	0.75
16903.262766848806	750	15.713676451082108	0.0	343800	4001.05046406393	0.75
16906.050649187637	750	16.92579411225382	0.0	359903	2787.8823388282894	0.75
16910.657936089552	750	16.318507210335024	0.0	379700	4607.286901918794	0.75
16918.800353511513	750	12.176089788377311	0.0	425781	8142.417421957715	0.75
16920.130037573635	300	14.846405726254842	0.0	111155	1329.6840621224687	-0.15000000000000002
16925.268979111188	750	13.707464188705085	0.0	400396	5138.941537549755	0.3
16930.60267851493	750	12.373764784962512	0.0	400508	5333.699403742574	0.75
16934.60387290895	750	12.37257039094524	0.0	358218	4001.194394017271	0.75
16936.375468235405	300	14.600975064490264	0.0	157488	1771.5953264549764	-0.15000000000000002
16941.43482266952	750	13.541620630376654	0.0	369834	5059.354434113609	0.3
16946.2689994263	750	12.707443873594228	0.0	412837	4834.176756782425	0.75
16953.4481955899	750	9.528247709991705	0.0	401088	7179.196163602523	0.75
16954.98147254363	300	11.99497075626246	0.0	159914	1533.2769537292456	-0.15000000000000002
16956.32815416895	300	14.648289130943535	0.0	131610	1346.6816253189252	0.3
16961.078074985835	750	13.89836831405754	0.0	361565	4749.920816885993	0.3
16965.174793932372	750	13.801649367524025	0.0	378327	4096.718946533516	0.75
16970.921367433482	750	12.055075866414752	0.0	390680	5746.573501109273	0.75
16971.772551204882	300	15.20389209501204	0.0	147968	851.1837714027121	-0.15000000000000002
16973.05935912156	750	17.917084178337355	0.0	384505	1286.8079166746847	0.3
16974.30721071813	750	20.66923258176713	0.0	372093	1247.8515965702227	0.75
16976.379786317375	1200	22.59665698252133	0.0	634861	2072.5755992458016	0.75
16979.03106289637	1850	23.945380403523572	0.0	958994	2651.276578997757	1.2000000000000002
16981.21156814244	1850	25.764875157455233	0.0	982064	2180.5052460683396	1.85
16983.925489952326	2850	27.05095334757081	0.0	1231456	2713.92180988442	1.85
16986.92405445215	2850	28.05238884774763	0.0	1364537	2998.564499823183	2.85

