46561.55346432612	750	4.0	3.888220918863058	450283	3888.220918863058	-15.969349951111148
46562.705176241325	300	6.848288084794199	0.0	155580	1151.7119152057999	-0.15000000000000002
46563.74666437309	300	9.8067999530312	0.0	139857	1041.4881317629984	0.3
46564.86323337855	300	12.690230947560703	0.0	155432	1116.5690054704967	0.3
46566.02836068386	300	15.525103642251427	0.0	163442	1165.127305309277	0.3
46569.66251614668	750	15.890948179425479	0.0	318564	3634.1554628259464	0.3
46572.518969809826	750	17.034494516282955	0.0	352642	2856.4536631425262	0.75
46575.728741458784	750	17.824722867324752	0.0	437162	3209.7716489582012	0.75
46578.449015347	750	19.1044489790984	0.0	374758	2720.2738882263534	0.75
46582.77845904882	1200	18.77500527727794	0.0	560821	4329.443701820459	0.75
46585.58651845942	750	19.966945866673157	0.0	353220	2808.059410604781	0.3
46590.16249774124	1200	19.390966584849515	0.0	594078	4575.979281823641	0.75
46595.86057227618	1200	17.692892049920076	0.0	624282	5698.074534929442	1.2
46599.01923776817	750	18.534226557930186	0.0	434409	3158.665491989891	0.3
46604.54180678646	1200	17.0116575396317	0.0	526950	5522.569018298487	0.75
46607.28294282396	750	18.27052150214413	0.0	366214	2741.1360374875667	0.3
46609.92109074882	750	19.632373577277406	0.0	360831	2638.1479248667283	0.75
46616.03418701031	1200	17.519277315792234	0.0	581493	6113.09626148517	0.75
46619.152516492664	750	18.400947833440082	0.0	405596	3118.3294823521537	0.3
46621.720812993095	750	19.832651333010283	0.0	350713	2568.2965004298007	0.75
46627.466781167415	1200	18.086683158686014	0.0	601738	5745.968174324267	0.75
46631.96797031464	1200	17.585494011465578	0.0	616206	4501.189147220435	1.2
46634.98226722969	750	18.571197096422356	0.0	401853	3014.2969150432223	0.3
46638.87010519643	1200	18.683359129676745	0.0	536667	3887.8379667456097	0.75
46641.50497675535	750	20.048487570754833	0.0	359903	2634.871558921912	0.3
46645.902970883355	1200	19.650493442754357	0.0	590335	4397.994128000479	0.75
46651.225856617	1200	18.327607709114456	0.0	696376	5322.885733639899	1.2
46653.287980244684	750	20.26548408143097	0.0	277716	2062.1236276834898	0.3
46657.93210268324	1200	19.621361642870138	0.0	622896	4644.122438560829	0.75
46663.41508202229	1200	18.138382303812104	0.0	641447	5482.979339058035	1.2
46666.23428302704	750	19.319181299059657	0.0	358218	2819.201004752445	0.3
46670.8206853477	1200	18.732778978407627	0.0	620283	4586.402320652031	0.75
46675.100692731045	1200	18.452771595064426	0.0	584349	4280.0073833432	1.2
46680.107475077646	750	17.44598924846685	0.0	412837	5006.782346597575	0.3
46683.19885685897	750	18.354607467135246	0.0	401088	3091.381781331605	0.75
46686.12043408635	750	19.433030239766353	0.0	365161	2921.5772273688935	0.75
46689.83082267723	1200	19.72264164888386	0.0	487812	3710.3885908824914	0.75
46694.34761982555	1200	19.20584450055668	0.0	575591	4516.797148327183	1.2
46699.00598480196	1200	18.547479524150663	0.0	605884	4658.364976406017	1.2
46706.106846897106	1200	15.446617429005224	0.0	587506	7100.862095145438	1.2
46708.67885821872	750	16.874606107384583	0.0	345516	2572.011321620643	0.3
46712.99629516543	750	16.557169160680292	0.0	384505	4317.436946704291	0.75
46715.69222031869	750	17.861244007419568	0.0	372093	2695.9251532607236	0.75
46720.23859778199	1200	17.314866544125803	0.0	634861	4546.377463293767	0.75
46724.567608082274	750	16.985856243837812	0.0	398987	4329.010300287986	0.3
46728.27696955424	750	17.276494771869825	0.0	393804	3709.361471967992	0.75
46731.69241541943	750	17.861048906681532	0.0	331053	3415.4458651882924	0.75
46734.076735769086	750	19.47672855702907	0.0	314107	2384.3203496524616	0.75

