14242.902269814313	750	4.0	1.5786867529171147	450283	1578.6867529171147	-6.038353037543593
14244.163316542457	750	6.738953271854214	0.0	398865	1261.0467281457854	0.75
14245.212521632986	750	9.689748181325205	0.0	350812	1049.205090529009	0.75
14246.565729865992	750	12.336539948319325	0.0	382355	1353.2082330058809	0.75
14249.612359648907	1850	13.289910165404962	0.0	996749	3046.629782914364	0.75
14252.492431560242	1850	14.409838254070623	0.0	801058	2880.0719113343375	1.85
14256.59768132488	1850	14.30458848943212	0.0	905515	4105.249764638502	1.85
14260.347951846154	1850	14.55431796815797	0.0	1060487	3750.27052127415	1.85
14263.086943086679	1850	15.815326727634885	0.0	852833	2738.991240523086	1.85
14265.937367421333	1850	16.96490239298121	0.0	913888	2850.4243346536764	1.85
14268.917724062123	1850	17.984545752191703	0.0	939819	2980.3566407895055	1.85
14272.177494094016	1850	18.724775720298144	0.0	917428	3259.770031893559	1.85
14276.25006028212	1850	18.65220953219365	0.0	946851	4072.566188104497	1.85
14279.495601789813	1850	19.406668024500824	0.0	1036454	3245.541507692823	1.85
14282.438753223258	1850	20.46351659105786	0.0	821631	2943.1514334429644	1.85
14285.71327833062	1850	21.188991483694945	0.0	923170	3274.5251073629147	1.85
14288.621476615366	1850	22.280793198949496	0.0	966699	2908.198284745448	1.85
14291.700187823839	1850	23.202081990474948	0.0	885714	3078.711208474549	1.85
14294.807503715005	1850	24.094766099309503	0.0	987708	3107.3158911654464	1.85
14298.01598738197	1850	24.886282432344	0.0	923755	3208.4836669655015	1.85
14300.88894920632	1850	26.013320607993986	0.0	891604	2872.961824350016	1.85
14303.588260875555	1850	27.314008938760356	0.0	955231	2699.311669233631	1.85
14306.369078445863	1850	28.533191368451927	0.0	968026	2780.817570308427	1.85
14310.369365892011	1850	28.532903922302797	0.0	874175	4000.287446149129	1.85
14313.373279308262	1850	29.52899050605354	0.0	897976	3003.913416249259	1.85
14316.280710935538	1850	30.621558878777012	0.0	905935	2907.431627276525	1.85
14319.939891018783	1850	30.96237879553248	0.0	1076599	3659.180083244532	1.85
14322.452571389365	1850	32.44969842495043	0.0	758197	2512.6803705820553	1.85
14326.554522273924	1850	32.34774754039136	0.0	972798	4101.950884559065	1.85
14330.282903596519	1850	32.61936621779678	0.0	975811	3728.381322594578	1.85
14332.957152870356	1850	33.94511694395876	0.0	873429	2674.2492738380224	1.85
14336.035907237223	1850	34.86636257709313	0.0	954453	3078.754366865636	1.85
14338.757040862976	1850	36.14522895133907	0.0	885062	2721.1336257540493	1.85
14343.288650502853	1850	35.61361931146197	0.0	1035329	4531.609639877104	1.85
14347.161855057435	1850	35.74041475687991	0.0	1026056	3873.204554582055	1.85
14350.234854009123	1850	36.66741580519308	0.0	943942	3072.998951686831	1.85
14352.564064443774	1850	38.338205370541594	0.0	728962	2329.2104346514834	1.85
14355.419397677419	1850	39.48287213689677	0.0	938587	2855.3332336448207	1.85
14363.355732256836	4300	35.5465375574791	0.0	2133870	7936.334579417679	1.8499999999999996
14370.650008546578	4300	32.252261267736785	0.0	2146120	7294.276289742312	4.3
14377.449667499088	4300	29.452602315226976	0.0	2108491	6799.658952509807	4.3
14384.602443203086	4300	26.299826611228873	0.0	2184571	7152.775703998105	4.3
14391.050809557568	4300	23.851460256747163	0.0	2121928	6448.36635448171	4.3
14398.903061523095	4300	19.999208291220093	0.0	2219102	7852.251965527068	4.3
14405.92109490709	4300	16.981174907225565	0.0	2124950	7018.033383994526	4.3
14414.194633652922	4300	12.707636161394474	0.0	2246506	8273.538745831092	4.3
14420.773995259358	4300	10.12827455495847	0.0	1961140	6579.361606436006	4.3
14423.499218355702	1850	11.403051458614303	0.0	846370	2725.2230963441643	-0.6000000000000001

