76410.37019157692	750	4.0	1.9582933944616088	450283	1958.2933944616088	-7.670661596184917
76410.89051967129	300	7.479671905616021	0.0	155580	520.3280943839789	-0.15000000000000002
76411.36634796733	300	11.003843609586582	0.0	139857	475.8282960294391	0.3
76411.8862571868	300	14.483934390109203	0.0	155432	519.9092194773789	0.3
76413.03218298784	750	17.33800858906869	0.0	411561	1145.9258010405144	0.3
76413.89847818471	750	20.47171339219438	0.0	318564	866.2951968743085	0.75
76415.36511812189	1200	23.005073455016248	0.0	561791	1466.6399371781326	0.75
76418.06266384094	1850	24.307527735953062	0.0	1060487	2697.545719063186	1.2000000000000002
76420.32460713982	1850	26.04558443709242	0.0	852833	2261.9432988606413	1.85
76423.99906764903	2850	26.37112392788371	0.0	1429765	3674.460509208713	1.85
76427.5119809846	2850	26.858210592305785	0.0	1354548	3512.9133355779245	2.85
76432.73655735707	4300	25.633634219838275	0.0	2102452	5224.5763724675135	2.8499999999999996
76436.29835645038	2850	26.0718351265248	0.0	1422919	3561.799093313475	1.4000000000000001
76443.73283249751	2850	22.637359079397246	0.0	1578343	7434.4760471275495	2.85
76445.88551903226	1850	24.48467254463009	0.0	821631	2152.686534767155	0.8500000000000001
76448.30584205774	1850	26.064349519155147	0.0	923170	2420.323025474944	1.85
76453.32861229134	2850	25.041579285565177	0.0	1491626	5022.770233589969	1.85
76455.87480949433	1850	26.495382082574018	0.0	885714	2546.197202991161	0.8500000000000001
76460.02358774006	2850	26.34660383686349	0.0	1537156	4148.778245710528	1.85
76463.86972099505	2850	26.50047058186409	0.0	1336050	3846.1332549993995	2.85
76467.5826155196	2850	26.78757605731826	0.0	1415116	3712.8945245458276	2.85
76472.78586714221	2850	25.58432443469989	0.0	1468126	5203.2516226183725	2.85
76479.09632451151	2850	23.273867065402143	0.0	1505760	6310.457369297747	2.85
76482.63988176709	1850	23.73030980984211	0.0	874175	3543.557255560034	0.8500000000000001
76485.20547442682	1850	25.16471715010627	0.0	897976	2565.5926597358416	1.85
76486.98855402268	1850	27.381637554244	0.0	905935	1783.0795958622678	1.85
76489.97785578974	2850	28.39233578719917	0.0	1547572	2989.3017670448335	1.85
76492.18441550303	2850	30.18577607390753	0.0	1141971	2206.559713291636	2.85
76501.22643421682	4300	25.14375736010878	0.0	2134614	9042.018713798754	2.8499999999999996
76507.20156703293	1850	23.168624544003737	0.0	975811	5975.132816105039	-0.6000000000000001
76510.08647717732	1850	24.28371439961739	0.0	873429	2884.9101443863474	1.85
76513.42691552932	1850	24.943276047621264	0.0	954453	3340.4383519961275	1.85
76516.43529336968	1850	25.934898207256886	0.0	885062	3008.3778403643787	1.85
76521.68989248636	2850	24.680299090569264	0.0	1587293	5254.599116687621	1.85
76527.6709648125	2850	22.699226764437157	0.0	1492672	5981.072326132108	2.85
76530.92159641096	1850	23.44859516598091	0.0	943942	3250.6315984562457	0.8500000000000001
76533.30528333818	1850	25.06490823876768	0.0	728962	2383.6869272132312	1.85
76536.14625856087	1850	26.223933016074685	0.0	938587	2840.9752226929922	1.85
76540.1225673528	2850	26.24762422413447	0.0	1427478	3976.308791940217	1.85
76543.64154819539	2850	26.72864338154615	0.0	1402287	3518.9808425883193	2.85
76546.83336847783	2850	27.5368230990988	0.0	1339500	3191.8202824473474	2.85
76552.17345939255	4300	26.19673218439272	0.0	2184571	5340.09091470608	2.8499999999999996
76556.09672149591	2850	26.27347008103259	0.0	1343002	3923.262103360131	1.4000000000000001
76562.38891291733	2850	23.981278659619875	0.0	1587250	6292.191421412714	2.85
76566.39719429509	1850	23.97299728186334	0.0	958994	4008.281377756534	0.8500000000000001
76568.85955285425	1850	25.51063872269988	0.0	982064	2462.358559163458	1.85
76571.91281871384	2850	26.457372863110606	0.0	1231456	3053.265859589276	1.85
76576.55682222705	2850	25.81336934990996	0.0	1364537	4644.003513200648	2.85

