74253.2467821768	750	4.0	1.8348021232063272	450283	1834.8021232063272	-7.139649129787206
74253.85165452785	300	7.395127648936722	0.0	155580	604.8723510632782	-0.15000000000000002
74255.45407549496	750	9.792706681832712	0.0	350812	1602.4209671040119	0.3
74256.51754035981	750	12.729241816986956	0.0	382355	1063.4648648457553	0.75
74259.39698095631	1850	13.84980122047373	0.0	996749	2879.440596513226	0.75
74262.08385673627	1850	15.16292544051892	0.0	801058	2686.8757799548084	1.85
74265.29820634883	1850	15.948575827950396	0.0	905515	3214.3496125685238	1.85
74269.59055133803	1850	15.656230838760726	0.0	1060487	4292.344989189672	1.85
74273.44241946752	1850	15.804362709266476	0.0	852833	3851.868129494251	1.85
74275.93839641853	1200	17.30838575826781	0.0	560821	2495.976950998663	0.5499999999999999
74279.43994261838	1850	17.806839558411315	0.0	939819	3501.546199856494	1.2000000000000002
74282.7465062919	1850	18.500275884896435	0.0	917428	3306.563673514882	1.85
74286.68521026317	1850	18.561571913625563	0.0	946851	3938.70397127087	1.85
74290.835158122	1850	18.41162405477833	0.0	1036454	4149.947858847234	1.85
74294.26857455843	1850	18.97820761834648	0.0	821631	3433.4164364318494	1.85
74297.41717147076	1850	19.82961070601819	0.0	923170	3148.596912328294	1.85
74302.31329527652	2850	18.933486900257872	0.0	1491626	4896.1238057603205	1.85
74308.62269935844	2850	16.62408281832724	0.0	1358801	6309.404081930632	2.85
74311.10736015975	1200	18.13942201703313	0.0	639204	2484.660801294106	-0.44999999999999996
74315.14239804195	1850	18.104384134820883	0.0	923755	4035.037882212247	1.2000000000000002
74319.16815506927	1850	18.078627107490263	0.0	891604	4025.7570273306205	1.85
74323.30715177908	1850	17.939630397681373	0.0	955231	4138.996709808887	1.85
74328.05788294581	1850	17.18889923095625	0.0	968026	4750.731166725123	1.85
74330.70308439781	1200	18.543697778957124	0.0	536667	2645.2014519991253	0.5499999999999999
74335.56152467705	1850	17.685257499706378	0.0	897976	4858.440279250747	1.2000000000000002
74337.56133534628	1200	19.685446830471584	0.0	590335	1999.8106692347942	0.5499999999999999
74344.47351467189	2850	16.77326750486118	0.0	1547572	6912.179325610403	1.2000000000000002
74346.98240475626	1850	18.264377420484983	0.0	758197	2508.890084376201	0.8500000000000001
74350.59147442377	1850	18.6553077529878	0.0	972798	3609.069667497182	1.85
74354.8731319857	1850	18.37365019104984	0.0	975811	4281.657561937959	1.85
74359.15714324322	1850	18.08963893353417	0.0	873429	4284.011257515671	1.85
74362.13656876126	1200	19.110213415495092	0.0	620283	2979.4255180390774	0.5499999999999999
74366.2998757047	1850	18.94690647204132	0.0	885062	4163.306943453772	1.2000000000000002
74373.99593029538	1850	15.25085188137198	0.0	1035329	7696.054590669339	1.85
74375.68097653745	750	17.56580563929611	0.0	401088	1685.0462420758736	-0.3500000000000001
74380.46088185499	1850	16.785900321748173	0.0	943942	4779.905317547933	0.75
74382.8238722662	1200	18.422909910538124	0.0	487812	2362.99041121005	0.5499999999999999
74386.94993494419	1850	18.29684723254829	0.0	938587	4126.062677989835	1.2000000000000002
74391.02702438233	1850	18.219757794414015	0.0	908665	4077.089438134278	1.85
74395.66586403445	1850	17.580918142291093	0.0	930577	4638.839652122924	1.85
74398.15085440488	1200	19.09592777186542	0.0	566904	2484.9903704256735	0.5499999999999999
74400.61446400401	1850	20.632318172738717	0.0	1025005	2463.6095991267016	1.2000000000000002
74405.18999552117	2850	20.0567866555808	0.0	1343002	4575.531517157919	1.85
74411.10202825666	2850	18.144753920102264	0.0	1587250	5912.032735478538	2.85
74415.19110155162	1850	18.055680625138265	0.0	958994	4089.0732949639987	0.8500000000000001
74419.5637747102	1850	17.68300746655593	0.0	982064	4372.673158582333	1.85
74422.61313192238	1850	18.63365025438205	0.0	830730	3049.3572121738844	1.85
74425.67639393537	1850	19.570388241398934	0.0	846370	3063.2620129831143	1.85

