41434.24427108557	750	4.0	3.6046938228349314	450283	3604.6938228349313	-14.750183438190204
41434.71482532546	300	7.529445760102013	0.0	155580	470.55423989798686	-0.15000000000000002
41435.555920092025	300	10.68835099354686	0.0	139857	841.094766555151	0.3
41436.918918257405	300	13.325352828162737	0.0	155432	1362.998165384125	0.3
41437.40348149994	300	16.840789585630752	0.0	163442	484.5632425319875	0.3
41437.79608099907	300	20.448190086504933	0.0	126289	392.59949912581936	0.3
41438.25552766678	300	23.988743418794424	0.0	153295	459.4466677105091	0.3
41439.27151281507	300	26.972758270508592	0.0	173849	1015.9851482858327	0.3
41440.36776943992	300	29.876501645650013	0.0	150710	1096.2566248585786	0.3
41442.441548007795	300	31.80272307777886	0.0	139105	2073.7785678711525	0.3
41443.030247619434	300	35.21402346613862	0.0	141840	588.6996116402424	0.3
41443.50724864696	300	38.737022438616755	0.0	156148	477.00102752186393	0.3
41443.995939934524	300	42.24833115105604	0.0	160746	488.69128756070876	0.3
41444.5330779174	300	45.71119316818429	0.0	179801	537.1379828717542	0.3
41444.96915286492	300	49.27511822066358	0.0	140051	436.0749475207148	0.3
41447.472654241545	300	50.77161684403137	0.0	138313	2503.501376632211	0.3
41448.1184503129	300	54.12582077268176	0.0	143509	645.7960713496054	0.3
41448.79226631804	300	57.4520047675365	0.0	150616	673.8160051452672	0.3
41450.53871602776	300	59.7055550578237	0.0	165384	746.4497097127942	0.3
41452.49835157737	300	59.52880662642558	0.0	140881	676.748431398125	0.3
41454.84099605403	300	59.96892805684924	0.0	157671	1559.878569576332	0.3
41456.5278007259	300	59.726408591506505	0.0	157812	742.5194653427361	0.3
41460.76102199392	300	59.49318732348913	0.0	163927	4233.221268017376	0.3
41463.1206494194	300	59.557626826072415	0.0	137654	1435.5604974167163	0.3
41465.23418172193	300	59.685894150291425	0.0	146754	1371.7326757809965	0.3
41466.36781310325	300	59.94997827300039	0.0	153938	735.9158772910279	0.3
41467.52670529281	300	59.53188998748715	0.0	181901	418.08828551324405	0.3
41470.387504377984	750	59.93139243312684	0.0	277716	2600.497554360315	0.3
41472.06851989847	750	59.93153540208367	0.0	400396	1499.8570310431712	0.75
41474.5748571688	750	59.9779459648975	0.0	400508	2453.5894371861637	0.75
41479.281176032404	750	59.27162710129845	0.0	358218	4706.318863599052	0.75
41482.77132487572	750	59.781478257979266	0.0	400322	3490.1488433191807	0.75
41485.33697567677	750	59.871260538779	0.0	369834	910.2177192002678	0.75
41489.40184978375	750	59.51004012541553	0.0	412837	1861.2204133634675	0.75
41492.23025128708	750	59.86816622246217	0.0	401088	1141.8739029533585	0.75
41495.403914681505	750	59.87159838553999	0.0	365161	1496.567836922181	0.75
41498.285513257884	750	59.97484672539532	0.0	321064	1396.7516601446746	0.75
41500.81899063528	750	59.789531562518924	0.0	361565	1185.3151628763876	0.75
41503.65856424225	750	59.878325783342	0.0	378327	1411.2057791769262	0.75
41507.86923201228	750	59.66765801331069	0.0	390680	2710.667770031309	0.75
41509.65313849031	300	59.729222679059305	0.0	147968	438.4353342513866	-0.15000000000000002
41512.42873856495	750	59.76215820112414	0.0	384505	1467.0644779351635	0.3
41515.08414593414	750	59.791222381887955	0.0	372093	1470.9358192361797	0.75
41517.119360049845	750	59.7058510940094	0.0	438281	1085.3712878785586	0.75
41520.160427197785	750	59.62123886144929	0.0	398987	2084.6122325601054	0.75
41522.62831408569	750	59.70202288568792	0.0	393804	1419.2159757613783	0.75
41526.58017831534	750	59.75015865604879	0.0	331053	3451.864229639125	0.75
41528.06493155194	750	59.80104963463499	0.0	314107	949.1090214138011	0.75

