33769.84133235761	750	4.0	4.6662431129151765	450283	4666.243112915176	-19.314845385535257
33770.763926292195	300	7.077406065408155	0.0	155580	922.5939345918446	-0.15000000000000002
33771.57582791627	300	10.26550444132922	0.0	139857	811.9016240789339	0.3
33773.763292531934	750	12.0780398256655	0.0	382355	2187.4646156637195	0.3
33779.16718771434	750	10.67414464326094	0.0	411561	5403.895182404562	0.75
33780.35552250774	300	13.485809849858637	0.0	126289	1188.3347934023022	-0.15000000000000002
33782.145372886385	750	15.695959471221705	0.0	352642	1789.8503786369315	0.3
33788.61436234089	750	13.22697001671508	0.0	437162	6468.989454506625	0.75
33791.4413652307	750	14.399967126906969	0.0	374758	2827.002889808111	0.75
33796.69586899303	750	13.145463364574047	0.0	362795	5254.503762332922	0.75
33799.138115371985	750	14.70321698561796	0.0	353220	2442.246378956086	0.75
33801.93154703256	750	15.909785325046801	0.0	405134	2793.431660571159	0.75
33805.01992644593	750	16.821405911676017	0.0	386351	3088.3794133707843	0.75
33811.06590599696	750	14.775426360642456	0.0	434409	6045.9795510335625	0.75
33813.126745738016	750	16.71458661959416	0.0	337059	2060.8397410482967	0.75
33816.40885426634	750	17.43247809126743	0.0	366214	3282.108528326727	0.75
33818.33112945176	750	19.510202905843947	0.0	360831	1922.2751854234841	0.75
33820.326939186314	750	21.514393171288823	0.0	372963	1995.8097345551234	0.75
33827.20167948061	750	18.639652876988876	0.0	405596	6874.740294299947	0.75
33829.7369999631	750	20.104332394500762	0.0	350713	2535.320482488113	0.75
33832.03273397639	750	21.808598381211144	0.0	386472	2295.734013289617	0.75
33835.1736809358	750	22.667651421795057	0.0	399894	3140.9469594160864	0.75
33837.96178982233	750	23.879542535265642	0.0	401853	2788.108886529414	0.75
33841.99291896419	750	23.84841339340241	0.0	343800	4031.1291418632322	0.75
33844.5165624815	750	25.32476987609319	0.0	359903	2523.643517309221	0.75
33853.02901374299	1850	20.8123186146008	0.0	905935	8512.451261492386	0.75
33860.24937433258	1850	17.59195802500395	0.0	1076599	7220.360589596852	1.85
33864.50567581442	1850	17.335656543171005	0.0	758197	4256.301481832947	1.85
33870.31617253908	1850	15.525159818502507	0.0	972798	5810.496724668497	1.85
33875.7449047181	1850	14.09642763948751	0.0	975811	5428.732179014996	1.85
33883.9486334009	1850	9.892698956696822	0.0	873429	8203.728682790688	1.85
33886.17102745362	750	11.670304903967759	0.0	400322	2222.394052729064	-0.3500000000000001
33890.718714176764	750	11.12261818082397	0.0	369834	4547.686723143787	0.75
33894.056158010906	750	11.785174346682423	0.0	412837	3337.443834141548	0.75
33899.8767818954	750	9.964550462194119	0.0	401088	5820.6238844883055	0.75
33902.378609087085	750	11.462723270508398	0.0	365161	2501.8271916857198	0.75
33905.00154622388	750	12.839786133713842	0.0	321064	2622.9371367945573	0.75
33910.113999120746	750	11.727333236849375	0.0	361565	5112.452896864467	0.75
33912.68484262606	750	13.156489731529422	0.0	378327	2570.8435053199532	0.75
33915.41420411295	750	14.427128244641567	0.0	390680	2729.361486887854	0.75
33918.32480057972	750	15.516531777876473	0.0	345516	2910.596466765096	0.75
33923.95912879164	750	13.882203565960882	0.0	384505	5634.32821191559	0.75
33926.2281792866	750	15.613153070999187	0.0	372093	2269.0504949616948	0.75
33929.87840492902	750	15.962927428579194	0.0	438281	3650.2256424199936	0.75
33931.99861073924	750	17.842721618360024	0.0	398987	2120.2058102191704	0.75
33934.503798303514	750	19.337534054084777	0.0	393804	2505.1875642752516	0.75
33940.71594683538	750	17.12538552222571	0.0	331053	6212.1485318590685	0.75
33942.96519167431	750	18.876140683293066	0.0	314107	2249.2448389326423	0.75

