1867.3928442589445	750	4.0	18.87660394341256	450283	18876.603943412563	-80.419396956674
1869.911335491754	300	5.481508767190393	0.0	155580	2518.491232809607	-0.15000000000000002
1875.4052136961668	300	4.0	0.012369437222366287	139857	5493.878204412759	0.24681141994382494
1879.5786082511718	300	4.0	0.17339455500509213	155432	4173.394555005092	-0.4455965865218961
1884.8482406477906	300	4.0	1.2696323966185392	163442	5269.632396618539	-5.159419305459719
1888.224254641044	300	4.623986006746573	0.0	126289	3376.0139932534275	0.3
1890.553058488283	300	6.295182159507403	0.0	153295	2328.803847239169	0.3
1892.3078818574056	300	8.54035879038477	0.0	173849	1754.8233691226328	0.3
1893.839789144537	300	11.008451503253571	0.0	150710	1531.9072871312	0.3
1895.259896391411	300	13.588344256379537	0.0	139105	1420.1072468740333	0.3
1904.3772142078453	750	8.471026439945305	0.0	353220	9117.317816434233	0.3
1912.2461656160808	300	4.602075031709673	0.0	156148	7868.951408235631	-0.15000000000000002
1935.9894426645883	300	4.0	19.141202016797855	160746	23743.277048507527	-82.00716867223078
1949.5961088890235	300	4.0	9.606666224435164	179801	13606.666224435165	-41.00866476507121
1952.6160269218053	300	4.9800819672183	0.0	140051	3019.918032781699	0.3
1956.7693242228465	300	4.826784666176998	0.0	138313	4153.2973010413025	0.3
1958.392474891575	300	7.203633997448626	0.0	143509	1623.1506687283731	0.3
1959.9849748247286	300	9.611134064294873	0.0	150616	1592.4999331537533	0.3
1961.9118096572772	300	11.684299231746335	0.0	165384	1926.8348325485358	0.3
1963.3609877870088	300	14.235121102014922	0.0	140881	1449.1781297314142	0.3
1964.8183293204404	300	16.777779568583384	0.0	157671	1457.3415334315366	0.3
1969.0618282999815	750	16.534280589042233	0.0	399894	4243.498979541154	0.3
1975.441609007138	750	14.154499881885924	0.0	401853	6379.780707156307	0.75
1984.2536752419244	750	9.34243364709949	0.0	343800	8812.066234786435	0.75
1989.0504339340969	300	8.545674954926882	0.0	146754	4796.758692172607	-0.15000000000000002
1991.1955618018212	300	10.40054708720263	0.0	153938	2145.1278677242526	0.3
1993.4100224262497	300	12.186086462774176	0.0	181901	2214.460624428454	0.3
1994.7213100706012	300	14.874798818422509	0.0	111155	1311.2876443516668	0.3
2002.7172600131707	750	10.87884887585301	0.0	400396	7995.949942569499	0.3
2005.6228867303196	300	11.97322215870415	0.0	149029	2905.6267171488607	-0.15000000000000002
2008.5694167115894	300	13.026692177434358	0.0	157421	2946.529981269792	0.3
2010.333218873307	300	15.262890015716495	0.0	157488	1763.8021617178626	0.3
2014.9069897697295	750	14.689119119293943	0.0	369834	4573.770896422551	0.3
2024.27873469672	750	9.317374192303566	0.0	412837	9371.744926990377	0.75
2026.0963503950268	300	11.49975849399686	0.0	179328	1817.6156983067071	-0.15000000000000002
2030.394928756228	750	11.201180132795857	0.0	365161	4298.578361201005	0.3
2033.5585140565809	750	12.037594832443025	0.0	321064	3163.585300352831	0.75
2037.3480621474537	750	12.248046741570286	0.0	361565	3789.5480908727386	0.75
2057.537734264284	750	4.0	7.941625375260161	378327	20189.672116830447	-33.39898911361869
2061.1096067565595	300	4.428127507724481	0.0	149991	3571.872492275519	-0.15000000000000002
2064.2438392848367	300	5.293894979447436	0.0	147968	3134.2325282770453	0.3
2066.9096377534884	300	6.6280965107955945	0.0	161857	2665.7984686518416	0.3
2068.31763629023	300	9.220097974054088	0.0	145210	1407.9985367415063	0.3
2069.973492525083	300	11.5642417392011	0.0	172312	1655.8562348529883	0.3
2071.5525617006538	300	13.985172563630234	0.0	167025	1579.0691755708647	0.3
2081.8652717596397	750	7.672462504644824	0.0	393804	10312.71005898541	0.3
2083.9563944993806	300	9.581339764903701	0.0	137507	2091.122739741122	-0.15000000000000002
2085.7982848063293	300	11.739449457954702	0.0	118421	1841.8903069489988	0.3

