17170.565038337274	750	4.0	2.4242296337217857	450283	2424.229633721786	-9.674187425003678
17170.992301921353	300	7.572736415921689	0.0	155580	427.26358407831174	-0.15000000000000002
17171.384470857454	300	11.180567479821674	0.0	139857	392.16893610001574	0.3
17171.811404096945	300	14.753634240327777	0.0	155432	426.9332394938948	0.3
17172.810032120644	750	17.755006216630296	0.0	411561	998.6280236974809	0.3
17178.370491342306	750	16.194546994970075	0.0	318564	5560.459221660221	0.75
17180.087071588492	750	18.477966748783103	0.0	352642	1716.5802461869707	0.75
17181.884117782556	750	20.680920554723226	0.0	437162	1797.0461940598764	0.75
17184.193935835578	1200	22.371102501701557	0.0	584846	2309.8180530216687	0.75
17186.313516975195	1200	24.251521362083718	0.0	560821	2119.581139617839	1.2
17194.071909923725	2850	20.493128413554825	0.0	1354548	7758.392948528894	1.2000000000000002
17201.81241069376	1200	16.752627643517947	0.0	594078	7740.500770036878	-0.44999999999999996
17205.012729124926	750	17.552309212353794	0.0	386351	3200.3184311641517	0.3
17208.27955903408	750	18.285479303202305	0.0	434409	3266.8299091514896	0.75
17211.64182830942	1200	18.92321002786262	0.0	526950	3362.2692753396846	0.75
17215.29645955836	1200	19.26857877892301	0.0	587876	3654.6312489396078	1.2
17217.65964155988	750	20.905396777404505	0.0	360831	2363.1820015185062	0.3
17220.612339358573	1200	21.952698978712373	0.0	581493	2952.6977986921315	0.75
17223.321231548038	1200	23.243806789248687	0.0	639204	2708.8921894636896	1.2
17227.965260150126	1850	22.59977818716022	0.0	923755	4644.028602088465	1.2000000000000002
17232.13388039603	1850	22.431157941257233	0.0	891604	4168.620245902987	1.85
17237.155162488234	1850	21.409875849056462	0.0	955231	5021.28209220077	1.85
17242.00894733455	1850	20.55609100274006	0.0	968026	4853.784846316399	1.85
17246.26644577639	1200	20.298592560900914	0.0	536667	4257.498441839146	0.5499999999999999
17249.930614578934	1200	20.63442375835718	0.0	587236	3664.168802543734	1.2
17253.14059330683	1200	21.42444503045754	0.0	590335	3209.9787278996396	1.2
17257.67515676162	1200	20.889881575669104	0.0	696376	4534.563454788435	1.2
17259.841627565238	1200	22.723410772050375	0.0	487160	2166.470803618731	1.2
17264.7588997241	1850	21.806138613188725	0.0	972798	4917.272158861648	1.2000000000000002
17270.729452940886	1850	19.835585396402138	0.0	975811	5970.5532167865895	1.85
17273.508130286547	1200	21.056908050738127	0.0	570392	2778.677345664012	0.5499999999999999
17275.92413130839	1200	22.64090702889405	0.0	620283	2416.001021844077	1.2
17279.550367406093	1850	23.01467093119185	0.0	885062	3626.2360977021967	1.2000000000000002
17283.23763194556	1850	23.327406391722604	0.0	1035329	3687.2645394692486	1.85
17289.52217922525	1850	21.04285911203767	0.0	1026056	6284.547279684932	1.85
17291.893294495305	1200	22.67174384198289	0.0	598727	2371.1152700547814	0.5499999999999999
17294.63677625111	1850	23.92826208617386	0.0	728962	2743.481755809032	1.2000000000000002
17298.450667139125	1850	24.11437119815939	0.0	938587	3813.8908880144713	1.85
17301.893359662274	1850	24.671678675012963	0.0	908665	3442.6925231464256	1.85
17305.7937589254	1850	24.77127941188546	0.0	930577	3900.3992631275014	1.85
17308.66647148298	1850	25.89856685430763	0.0	858450	2872.7125575778255	1.85
17315.16110233236	2850	23.403936004922436	0.0	1527299	6494.630849385199	1.85
17319.32359070586	1850	23.241447631421384	0.0	886255	4162.4883735010535	0.8500000000000001
17324.31764436831	1850	22.247393968970197	0.0	973972	4994.053662451185	1.85
17329.80606292526	1850	20.758975412021638	0.0	958994	5488.418556948561	1.85
17335.931871380035	1200	18.633166957245503	0.0	638661	6125.808454776136	0.5499999999999999
17337.13695380419	750	21.428084533087837	0.0	331053	1205.082424157668	0.3
17339.118747019587	1200	23.446291317691305	0.0	550906	1981.793215396532	0.75

