88130.5135423459	750	4.0	1.809919199412096	450283	1809.919199412096	-7.032652557472012
88131.32425828242	300	7.189284063471964	0.0	155580	810.7159365280356	-0.15000000000000002
88132.23486980461	300	10.278672541284672	0.0	139857	910.6115221872924	0.3
88133.04047572936	300	13.473066616524722	0.0	155432	805.6059247599488	0.3
88134.65231757278	750	15.86122477311841	0.0	411561	1611.8418434063115	0.3
88135.84031621578	750	18.673226130100588	0.0	318564	1187.998643017822	0.75
88138.1046051692	1200	20.408937176688646	0.0	561791	2264.288953411941	0.75
88144.12578075325	1200	18.387761592618602	0.0	709534	6021.175584070046	1.2
88146.50971314154	1200	20.003829204327587	0.0	584846	2383.9323882910144	1.2
88148.68173287054	1200	21.83180947533947	0.0	560821	2172.019728988116	1.2
88150.82265338734	1200	23.690888958533552	0.0	607410	2140.9205168059157	1.2
88154.26911692634	1850	24.244425419527513	0.0	917428	3446.4635390060384	1.2000000000000002
88157.70277224718	1850	24.810770098694768	0.0	946851	3433.655320832744	1.85
88167.53450508714	1850	18.97903725873507	0.0	1036454	9831.732839959699	1.85
88170.83458995112	1200	19.67895239475948	0.0	526950	3300.0848639755864	0.5499999999999999
88173.76847664351	1200	20.74506570236176	0.0	587876	2933.8866923977216	1.2
88176.04593929964	1200	22.46760304624179	0.0	617242	2277.4626561199684	1.2
88179.16440754547	1850	23.349134800425517	0.0	885714	3118.468245816274	1.2000000000000002
88182.63552322553	1850	23.87801912035225	0.0	987708	3471.115680073267	1.85
88193.79019779162	1850	16.72334455425611	0.0	923755	11154.67456609614	1.85
88195.37632831362	750	19.137214032258335	0.0	386472	1586.1305219977726	-0.3500000000000001
88202.04842810614	1200	16.46511423974139	0.0	616206	6672.099792516947	0.75
88203.6066086224	750	18.90693372346628	0.0	401853	1558.1805162751068	0.3
88205.71121727511	1200	20.802325070758073	0.0	536667	2104.608652708207	0.75
88208.19430007426	1200	22.31924227160379	0.0	587236	2483.0827991542833	1.2
88212.1659332653	1850	22.347609080549528	0.0	905935	3971.6331910542613	1.2000000000000002
88216.76809095977	1850	21.745451386087154	0.0	1076599	4602.157694462374	1.85
88219.01848608177	1200	23.49505626409001	0.0	487160	2250.395121997147	0.5499999999999999
88223.25528037202	1850	23.25826197383534	0.0	972798	4236.794290254673	1.2000000000000002
88227.35769345058	1850	23.155848895280673	0.0	975811	4102.413078554664	1.85
88235.56669931233	1850	18.94684303353898	0.0	873429	8209.005861741696	1.85
88240.07333493621	1200	18.44020740964782	0.0	620283	4506.635623891162	0.5499999999999999
88242.20817157297	1200	20.305370772889496	0.0	584349	2134.8366367583235	1.2
88244.82674875828	1200	21.686793587593666	0.0	670129	2618.577185295826	1.2
88249.08528991356	1850	21.42825243230581	0.0	1026056	4258.541155287857	1.2000000000000002
88251.2855671711	1200	23.227975174773928	0.0	598727	2200.277257531881	0.5499999999999999
88256.02642509568	1850	22.48711725019002	0.0	728962	4740.857924583906	1.2000000000000002
88258.08157542185	1200	24.431966924007167	0.0	575591	2055.150326182853	0.5499999999999999
88265.32847092181	1850	21.18507142405401	0.0	908665	7246.895499953161	1.2000000000000002
88269.30481387765	1200	21.208728468205045	0.0	587506	3976.342955848962	0.5499999999999999
88271.42902255323	1200	23.084519792626068	0.0	566904	2124.208675578976	1.2
88275.12579610434	1850	23.387746241516563	0.0	1025005	3696.773551109505	1.2000000000000002
88278.42638775958	1850	24.087154586281972	0.0	886255	3300.5916552345925	1.85
88283.43492360927	1850	23.078618736590872	0.0	973972	5008.535849691099	1.85
88287.89753240449	1850	22.616009941373125	0.0	958994	4462.608795217747	1.85
88291.85384003169	1850	22.659702314176677	0.0	982064	3956.3076271964483	1.85
88295.49105390656	1850	23.022488439298034	0.0	830730	3637.2138748786433	1.85
88299.1594326348	1850	23.354109711051827	0.0	846370	3668.3787282462063	1.85

