61173.73092268886	750	4.0	4.68800320960396	450283	4688.00320960396	-19.408413801297026
61174.980638531124	300	6.750284157738706	0.0	155580	1249.7158422612936	-0.15000000000000002
61177.16533025812	300	8.56559243074637	0.0	139857	2184.691726992336	0.3
61180.758902670874	750	8.97202001798772	0.0	382355	3593.5724127586486	0.3
61184.624261259756	750	9.106661429106826	0.0	411561	3865.358588880896	0.75
61189.50744753338	1200	8.223475155480257	0.0	520315	4883.186273626568	0.75
61192.85677785167	750	8.874144837193457	0.0	352642	3349.3303182868012	0.3
61197.750823724986	750	7.9800989638807875	0.0	437162	4894.045873312669	0.75
61204.63860117823	750	5.092321510634529	0.0	374758	6887.777453246258	0.75
61206.41398548212	300	7.316937206742027	0.0	139105	1775.3843038925022	-0.15000000000000002
61211.59532845164	750	6.135594237218411	0.0	353220	5181.3429695236155	0.3
61214.89171414402	300	6.839208544836253	0.0	156148	3296.3856923821586	-0.15000000000000002
61217.704501168446	300	8.026421520414921	0.0	160746	2812.7870244213327	0.3
61222.84191169234	750	6.889010996520228	0.0	434409	5137.410523894692	0.3
61224.167895067745	300	9.56302762111598	0.0	140051	1325.983375404248	-0.15000000000000002
61231.9011465582	1200	5.829776130655143	0.0	587876	7733.251490460836	0.29999999999999993
61233.872821978264	300	7.8581007105952505	0.0	143509	1971.6754200598937	-0.6000000000000001
61238.60492112889	750	7.1260015599650295	0.0	372963	4732.099150630221	0.3
61244.98615701125	750	4.744765677604748	0.0	405596	6381.235882360281	0.75
61247.211475878954	300	6.519446809898151	0.0	140881	2225.3188677065987	-0.15000000000000002
61250.30172873407	300	7.4291939547856245	0.0	157671	3090.252855112526	0.3
61255.36346708926	750	6.367455599598871	0.0	399894	5061.738355186754	0.3
61257.51352425893	300	8.217398429920262	0.0	163927	2150.0571696786087	-0.15000000000000002
61263.09230537126	750	6.638617317594884	0.0	343800	5578.781112325379	0.3
61265.89389216685	300	7.837030522006361	0.0	146754	2801.5867955885224	-0.15000000000000002
61274.19998937754	750	4.0	0.4690666886834306	379700	8306.097210689792	-1.7169867613387513
61276.934764456244	300	5.265224921300927	0.0	181901	2734.7750786990728	-0.15000000000000002
61280.38559795798	300	5.8143914195601365	0.0	111155	3450.833501740791	0.3
61282.36749432676	300	7.832495050781344	0.0	153605	1981.8963687787923	0.3
61287.53547479232	750	6.66451458522561	0.0	400508	5167.980465555735	0.3
61289.66497483624	300	8.53501454130702	0.0	157421	2129.5000439185897	-0.15000000000000002
61295.975611018	750	6.224378359541064	0.0	400322	6310.636181765956	0.3
61298.18587614522	300	8.014113232328151	0.0	143881	2210.265127212913	-0.15000000000000002
61303.86410939669	750	6.33587998085184	0.0	412837	5678.233251476311	0.3
61305.905294568234	300	8.294694809303786	0.0	179328	2041.1851715480534	-0.15000000000000002
61310.14831146531	750	8.051677912226028	0.0	365161	4243.016897077759	0.3
61315.56225324829	750	6.637736129246532	0.0	321064	5413.941782979496	0.75
61318.33748940802	300	7.862499969519765	0.0	124011	2775.2361597267673	-0.15000000000000002
61328.80635438644	750	4.0	2.606365008904765	378327	10468.86497842453	-10.907369538290489
61333.60611192879	300	4.0	0.7997575423491052	149991	4799.757542349105	-3.588957432101153
61338.17432341909	300	4.0	0.5682114902970489	147968	4568.211490297049	-2.14330940827731
61342.737136391086	300	4.0	0.5628129720050238	161857	4562.812972005024	-2.1200957796216024
61346.04700890997	300	4.690127481120623	0.0	145210	3309.872518879377	0.3
61349.06252620733	300	5.674610183762177	0.0	172312	3015.5172973584463	0.3
61352.055239637266	300	6.681896753823261	0.0	167025	2992.7134299389168	0.3
61354.82951435726	300	7.907622033827951	0.0	160064	2774.2747199953096	0.3
61358.93207167371	750	7.80506471737373	0.0	331053	4102.557316454221	0.3
61362.429190179086	750	8.30794621199726	0.0	314107	3497.11850537647	0.75

