22426.62829278391	750	4.0	0.9190949335537495	450283	919.0949335537495	-3.2021082142811226
22427.295368988227	750	7.332923795680989	0.0	398865	667.0762043190114	0.75
22428.66733109807	1850	9.96096168584106	0.0	877771	1371.9621098399282	0.75
22430.984982431175	2850	11.6433103527376	0.0	1520281	2317.651333103458	1.85
22433.232391858623	2850	13.395900925288226	0.0	1472558	2247.4094274493746	2.85
22436.170205492836	4300	14.458087291073891	0.0	1941625	2937.8136342143343	2.8499999999999996
22439.4258099166	4300	15.20248286730791	0.0	2157535	3255.6044237659817	4.3
22443.096373095417	4300	15.531919688493483	0.0	2290172	3670.563178814427	4.3
22447.533939839497	4300	15.09435294441156	0.0	2055469	4437.5667440819225	4.3
22454.140178315007	2850	12.488114468901799	0.0	1429765	6606.238475509761	1.4000000000000001
22458.324010904445	1200	12.304281879463545	0.0	607410	4183.8325894382515	-0.44999999999999996
22459.867428147456	750	14.760864636452991	0.0	405134	1543.417243010554	0.3
22463.30060207564	1850	15.327690708269085	0.0	946851	3433.1739281839064	0.75
22467.403898529938	1850	15.224394253969951	0.0	1036454	4103.296454299134	1.85
22471.269471300864	1850	15.358821483046155	0.0	821631	3865.5727709237954	1.85
22473.09448012671	1200	17.533812657198702	0.0	587876	1825.008825847453	0.5499999999999999
22476.317984375786	1850	18.31030840812259	0.0	966699	3223.5042490761107	1.2000000000000002
22480.48081060021	1850	18.14748218369984	0.0	885714	4162.8262244227535	1.85
22482.99504947905	1850	19.633243304862837	0.0	987708	2514.2388788370004	1.85
22487.453074382902	2850	19.1752184010114	0.0	1336050	4458.024903851436	1.85
22493.106282971792	2850	17.52200981212118	0.0	1415116	5653.208588890219	2.85
22495.854663877482	1850	18.77362890642864	0.0	955231	2748.3809056925425	0.8500000000000001
22497.8236849555	2850	20.804607828411644	0.0	1505760	1969.0210780169934	1.85
22501.619665496815	4300	21.008627287096516	0.0	2044075	3795.9805413151307	2.8499999999999996
22506.620970019245	4300	20.00732276466945	0.0	2186790	5001.304522427063	4.3
22511.438728487617	4300	19.189564296296336	0.0	2105231	4817.758468373116	4.3
22515.001492302334	2850	19.626800481580933	0.0	1547572	3562.763814715402	1.4000000000000001
22517.651463377184	2850	20.97682940672667	0.0	1141971	2649.971074854264	2.85
22522.53534739524	4300	20.092945388674583	0.0	2134614	4883.8840180520865	2.8499999999999996
22527.48567878013	4300	19.142614003783805	0.0	2164140	4950.331384890777	4.3
22530.722101150568	2850	19.906191633343525	0.0	1341201	3236.42237044028	1.4000000000000001
22534.711350563943	2850	19.91694221996925	0.0	1497683	3989.2494133742775	2.85
22538.117326060405	2850	20.51096672350797	0.0	1358081	3405.97549646128	2.85
22543.241411119026	2850	19.38688166488667	0.0	1587293	5124.085058621299	2.85
22547.75037524581	2850	18.877917538103137	0.0	1492672	4508.964126783531	2.85
22553.23958024217	2850	17.388712541739004	0.0	1439896	5489.204996364132	2.85
22554.23686732958	1850	20.391425454332772	0.0	728962	997.2870874062321	0.8500000000000001
22559.680507973684	4300	18.94778481022613	0.0	2147467	5443.640644106646	1.8499999999999996
22563.73717772311	2850	18.891115060801756	0.0	1427478	4056.6697494243726	1.4000000000000001
22569.85172393562	2850	16.776568848291454	0.0	1402287	6114.546212510299	2.85
22572.151840530532	1850	18.476452253377342	0.0	858450	2300.1165949141146	0.8500000000000001
22579.05714033182	2850	15.571152452090459	0.0	1527299	6905.299801286883	1.85
22581.99552750943	1200	16.632765274480814	0.0	599477	2938.387177609643	-0.44999999999999996
22586.02558863072	1200	16.602704153190214	0.0	634861	4030.0611212905997	1.2
22591.405878859525	1200	15.222413924388219	0.0	630203	5380.290228801996	1.2
22592.833034365118	750	17.795258418792688	0.0	393804	1427.1555055955305	0.3
22595.923372919096	1850	18.704919864814325	0.0	830730	3090.338553978363	0.75
22601.13843302879	1850	17.489859755120335	0.0	846370	5215.060109693989	1.85

