48138.176324945285	750	4.0	3.4270791410766495	450283	3427.0791410766496	-13.986440306629593
48140.15852378416	300	6.017801161128281	0.0	155580	1982.1988388717189	-0.15000000000000002
48141.235528864156	300	8.94079608113907	0.0	139857	1077.0050799892124	0.3
48144.08300127444	750	10.0933236708466	0.0	382355	2847.4724102924697	0.3
48149.20302264146	1200	8.973302303836347	0.0	652874	5120.021367010253	0.75
48153.31139988453	750	8.86492506076131	0.0	318564	4108.377243075036	0.3
48156.188375949256	750	9.987948996031802	0.0	352642	2876.9760647295075	0.75
48161.21511602322	1200	8.961208922065032	0.0	709534	5026.74007396677	0.75
48164.07588999514	750	10.100434950138814	0.0	374758	2860.773971926218	0.3
48168.29364222258	1200	9.882682722702029	0.0	560821	4217.752227436783	0.75
48174.83597754556	1200	7.3403473997292386	0.0	607410	6542.335322972791	1.2
48177.798740919556	750	8.377584025733107	0.0	405134	2962.7633739961316	0.3
48180.85563259292	750	9.320692352369122	0.0	386351	3056.8916733639862	0.75
48187.46766787733	1200	6.7086570679518065	0.0	687371	6612.035284417316	0.75
48189.44052529914	300	8.735799646145145	0.0	140051	1972.8574218066622	-0.6000000000000001
48192.7445413613	750	9.43178358398602	0.0	366214	3304.016062159123	0.3
48197.35024242084	1200	8.826082524440368	0.0	617242	4605.701059545652	0.75
48200.92405454969	750	9.252270395599417	0.0	372963	3573.8121288409507	0.3
48205.54585622366	1200	8.630468721624919	0.0	639204	4621.801673974497	0.75
48208.26408774064	750	9.912237204644425	0.0	350713	2718.2315169804933	0.3
48213.35133811501	1200	8.82498683026917	0.0	601738	5087.250374375255	0.75
48216.276108643884	750	9.900216301397897	0.0	399894	2924.7705288712737	0.3
48221.0903496253	1200	9.085975319973185	0.0	656471	4814.240981424712	0.75
48225.020663635645	1200	9.155661309628819	0.0	536667	3930.314010344368	1.2
48229.441508426506	1200	8.734816518777546	0.0	587236	4420.8447908512735	1.2
48232.31492938632	750	9.861395558959458	0.0	379700	2873.420959818085	0.3
48237.88259910535	1200	8.293725839927841	0.0	696376	5567.669719031617	0.75
48239.88685895258	750	10.289465992695968	0.0	277716	2004.259847231874	0.3
48244.51085393668	1200	9.665471008598338	0.0	622896	4623.994984097631	0.75
48249.32830173079	1200	8.848023214487942	0.0	641447	4817.447794110397	1.2
48252.139026990044	750	10.03729795523965	0.0	358218	2810.725259248291	0.3
48256.69237085702	1200	9.483954088266291	0.0	620283	4553.34386697336	0.75
48261.18977412073	1200	8.986550824558211	0.0	584349	4497.40326370808	1.2
48264.63454726645	750	9.541777678834752	0.0	412837	3444.7731457234613	0.3
48269.55654827117	1200	8.619776674108925	0.0	690253	4922.0010047258265	0.75
48272.504126954394	750	9.672197990887259	0.0	365161	2947.578683221666	0.3
48277.09256112198	1200	9.083763823303238	0.0	487812	4588.434167584022	0.75
48282.961367846154	1200	7.214957099124042	0.0	575591	5868.806724179195	1.2
48285.72279011288	750	8.453534832401573	0.0	378327	2761.422266722471	0.3
48289.17315294856	750	9.003171996708286	0.0	390680	3450.3628356932854	0.75
48293.24844775505	1200	8.92787719021798	0.0	566904	4075.2948064903057	0.75
48296.196364216	750	9.979960729269292	0.0	384505	2947.9164609486866	0.3
48300.48727429805	1200	9.689050647221285	0.0	599477	4290.91008204801	0.75
48306.9148850328	1200	7.261439912478402	0.0	634861	6427.6107347428815	1.2
48309.85061081879	750	8.325714126483112	0.0	398987	2935.7257859952915	0.3
48314.56768500527	750	7.608639940001523	0.0	393804	4717.074186481588	0.75
48317.16090771395	750	9.015417231324658	0.0	331053	2593.2227086768658	0.75
48322.4969935058	1200	7.679331439465513	0.0	550906	5336.085791859145	0.75

