36036.54292226566	750	4.0	3.3153139265337654	450283	3315.3139265337654	-13.505849884095191
36040.139558046765	750	4.403364218898592	0.0	398865	3596.635781101408	0.75
36042.75684225215	750	5.7860800135136525	0.0	350812	2617.28420538494	0.75
36047.10505592223	750	5.437866343441403	0.0	382355	4348.213670072249	0.75
36050.086214492134	750	6.4567077735287794	0.0	411561	2981.1585699126235	0.75
36052.487610607575	750	8.055311658092439	0.0	318564	2401.39611543634	0.75
36055.2346879769	750	9.308234288759676	0.0	352642	2747.0773693327624	0.75
36058.402123666696	750	10.14079859896841	0.0	437162	3167.4356897912685	0.75
36061.08396045178	750	11.45896181388636	0.0	374758	2681.8367850820496	0.75
36065.501335648274	1200	11.041586617392419	0.0	560821	4417.375196493939	0.75
36069.871056998665	1200	10.671865267002405	0.0	607410	4369.721350390015	1.2
36074.064750971775	1200	10.478171293891789	0.0	594078	4193.693973110617	1.2
36078.60947247297	1200	9.933449792689306	0.0	624282	4544.7215012024835	1.2
36083.54888767061	1200	8.994034595057817	0.0	687371	4939.415197631488	1.2
36087.48300020549	1200	9.059922060179321	0.0	526950	3934.112534878495	1.2
36091.7591485512	1200	8.78377371446071	0.0	587876	4276.148345718614	1.2
36096.4925747039	1200	8.050347561765083	0.0	617242	4733.426152695626	1.2
36104.67314068995	1200	4.0	0.13021842427835054	581493	8180.565986043433	0.6400607756030927
36105.947872235105	300	6.7252684548411565	0.0	165384	1274.7315451588438	-0.6000000000000001
36107.0039920944	300	9.669148595545398	0.0	140881	1056.1198592957599	0.3
36108.24454120902	300	12.428599480926326	0.0	157671	1240.5491146190707	0.3
36109.53694562923	300	15.136195060711481	0.0	157812	1292.4044202148455	0.3
36112.43786358397	750	16.23527710597306	0.0	401853	2900.9179547384183	0.3
36114.806189536605	750	17.866951153336817	0.0	343800	2368.325952636245	0.75
36119.12785027383	1200	17.54529041610926	0.0	587236	4321.660737227559	0.75
36124.79515809848	1200	15.877982591454773	0.0	590335	5667.307824654486	1.2
36129.82203505146	1200	14.85110563847591	0.0	696376	5026.876952978863	1.2
36133.351249973115	1200	15.32189071681859	0.0	487160	3529.2149216573207	1.2
36137.83885842384	1200	14.834282266096043	0.0	622896	4487.608450722548	1.2
36142.61734799344	1200	14.055792696508528	0.0	641447	4778.489569587514	1.2
36149.69314060223	1200	10.980000087716963	0.0	570392	7075.792608791565	1.2
36154.33172370016	750	10.341416989784543	0.0	400322	4638.58309793242	0.3
36158.64304940767	750	10.030091282277956	0.0	369834	4311.325707506587	0.75
36161.66372856286	750	11.009412127082516	0.0	412837	3020.6791551954398	0.75
36165.16897765308	750	11.504163036865227	0.0	401088	3505.249090217288	0.75
36167.88166162471	750	12.791479065231124	0.0	365161	2712.6839716341037	0.75
36170.85375616801	750	13.819384521932978	0.0	321064	2972.094543298147	0.75
36174.32961410135	750	14.343526588598964	0.0	361565	3475.857933334014	0.75
36177.21419753349	750	15.458943156459647	0.0	378327	2884.583432139317	0.75
36181.44266006027	750	15.230480629683559	0.0	390680	4228.462526776088	0.75
36183.92983148358	750	16.743309206367403	0.0	345516	2487.1714233161524	0.75
36186.714940333324	750	17.958200356625486	0.0	384505	2785.1088497419196	0.75
36192.79291134218	1200	15.880229347766917	0.0	599477	6077.971008858569	0.75
36197.39578925908	1200	15.277351430874184	0.0	634861	4602.877916892734	1.2
36202.543110934086	1200	14.130029755866559	0.0	630203	5147.321675007625	1.2
36210.196355357926	1850	10.47678533203274	0.0	982064	7653.244423833817	1.2000000000000002
36216.78772637043	1850	7.885414319525056	0.0	830730	6591.371012507685	1.85
36223.0259380613	1850	5.64720262865701	0.0	846370	6238.211690868046	1.85

