40544.33400600554	750	4.0	9.230227702688817	450283	9230.227702688817	-38.93997912156191
40547.802178580045	300	4.531827425491474	0.0	155580	3468.172574508526	-0.15000000000000002
40551.14577750935	300	5.188228496182952	0.0	139857	3343.5989293085217	0.3
40555.63058645313	300	4.7034195524056575	0.0	155432	4484.808943777294	0.3
40562.41776587763	300	4.0	2.083759872096811	163442	6787.1794245024685	-8.660167450016285
40566.58585462706	300	4.0	0.16808874942445437	126289	4168.088749424454	-0.4227816225251538
40572.46926140597	300	4.0	1.8834067789086057	153295	5883.406778908606	-7.798649149307004
40578.800127137765	300	4.0	2.3308657317998542	173849	6330.865731799854	-9.722722646739372
40583.44664123663	300	4.0	0.6465140988659687	150710	4646.514098865969	-2.4800106251236653
40587.58864737534	300	4.0	0.14200613871281711	139105	4142.006138712817	-0.31062639646511353
40592.33792911119	300	4.0	0.7492817358416815	141840	4749.281735841681	-2.9219114641192303
40596.74262127897	300	4.0	0.40469216778414646	156148	4404.6921677841465	-1.4401763214718297
40601.41637468205	300	4.0	0.6737534030733514	160746	4673.753403073351	-2.597139633215411
40605.46070673483	300	4.0	0.044332052788506646	179801	4044.3320527885066	0.10937217300942143
40610.78363895291	300	4.0	1.322932218072915	140051	5322.932218072915	-5.388608537713535
40614.30560389082	300	4.4780350620872	0.0	138313	3521.9649379128005	0.3
40617.40264185524	300	5.38099709766775	0.0	143509	3097.0379644194486	0.3
40620.43895777598	300	6.3446811769307025	0.0	150616	3036.3159207370477	0.3
40623.6784240587	300	7.105214894209679	0.0	165384	3239.4662827210227	0.3
40627.76003903971	300	7.0235999131925855	0.0	140881	4081.614981017094	0.3
40630.96268697446	300	7.820951978447855	0.0	157671	3202.6479347447303	0.3
40634.78255788708	300	8.00108106581927	0.0	157812	3819.8709126285858	0.3
40640.74010795505	300	6.0435309978545115	0.0	163927	5957.550067964758	0.3
40645.76017966102	300	5.023459291883176	0.0	137654	5020.071705971336	0.3
40650.93112606303	300	4.0	0.14748711012011517	146754	5170.946402003291	-0.33419457351649523
40654.63188209066	300	4.29924397236905	0.0	153938	3700.756027630951	0.3
40659.186192056935	300	4.0	0.25506599390919565	181901	4554.309966278245	-0.7967837738095411
40662.274855264965	300	4.911336791978255	0.0	111155	3088.663208021745	0.3
40665.69663451553	300	5.489557541408858	0.0	153605	3421.7792505693974	0.3
40672.27929378555	300	4.0	1.0931017286072147	149029	6582.659270016073	-4.400337433011023
40677.91512377728	300	4.0	1.6358299917350987	157421	5635.829991735099	-6.734068964460924
40681.982524930856	300	4.0	0.06740115356909883	157488	4067.401153569099	0.010175039652875029
40685.02539231908	300	4.9571326117756085	0.0	143881	3042.8673882243916	0.3
40690.376102600465	300	4.0	0.3935776696024559	163444	5350.710281378065	-1.3923839792905601
40694.422240972504	300	4.0	0.04613837204481433	179328	4046.1383720448143	0.10160500020729837
40697.746827481686	300	4.675413490813807	0.0	159914	3324.586509186193	0.3
40700.484837058306	300	5.937403914198298	0.0	131610	2738.009576615509	0.3
40703.01167799442	300	7.410562978080129	0.0	124011	2526.8409361181693	0.3
40706.34562275289	300	8.076618219612012	0.0	144254	3333.9447584681175	0.3
40709.74827429942	300	8.673966673081457	0.0	149991	3402.6515465305542	0.3
40715.37043359219	300	7.051807380314375	0.0	147968	5622.159292767082	0.3
40719.82362752886	300	6.598613443637838	0.0	161857	4453.193936676537	0.3
40723.09923727918	300	7.323003693318238	0.0	145210	3275.6097503195997	0.3
40726.674147840524	300	7.748093131977183	0.0	172312	3574.9105613410557	0.3
40730.983463450284	300	7.438777522213719	0.0	167025	4309.315609763463	0.3
40735.39972432612	300	7.022516646380647	0.0	160064	4416.2608758330725	0.3
40738.503894012276	300	7.91834696022391	0.0	137507	3104.169686156737	0.3
40741.13678266997	300	9.285458302528816	0.0	118421	2632.8886576950954	0.3

