40933.239019579305	750	4.0	2.870366230851443	450283	2870.366230851443	-11.592574792661205
40933.76168170257	300	7.4773378767351	0.0	155580	522.6621232649002	-0.15000000000000002
40934.23377107513	300	11.00524850417671	0.0	139857	472.0893725583907	0.3
40934.7495249906	300	14.48949458870951	0.0	155432	515.7539154671971	0.3
40935.98333705764	750	17.25568252167315	0.0	411561	1233.8120670363573	0.3
40936.9564318536	750	20.28258772570519	0.0	318564	973.0947959679614	0.75
40938.611414018946	1200	22.627605560358077	0.0	561791	1654.9821653471108	0.75
40941.66449139395	1850	23.574528185351248	0.0	1060487	3053.0773750068292	1.2000000000000002
40944.13541037454	1850	25.10360920477044	0.0	852833	2470.918980580808	1.85
40946.76380686606	1850	26.47521271324862	0.0	913888	2628.3964915218207	1.85
40952.22531056167	2850	25.013709017630752	0.0	1354548	5461.5036956178665	1.85
40955.29125270584	1850	25.947766873457297	0.0	917428	3065.9421441734557	0.8500000000000001
40964.17189739048	2850	21.067122188825486	0.0	1422919	8880.644684631812	1.85
40966.776242902815	1200	22.462776676490886	0.0	687371	2604.3455123346025	-0.44999999999999996
40977.10461823671	1850	16.134401342596053	0.0	821631	10328.375333894832	1.2000000000000002
40979.69782993379	750	17.541189645519516	0.0	366214	2593.2116970765387	-0.3500000000000001
40981.89778846508	750	19.341231114232855	0.0	360831	2199.9585312866598	0.75
40985.164677402034	1200	20.074342177280037	0.0	581493	3266.8889369528183	0.75
40988.66115969102	1200	20.5778598882912	0.0	639204	3496.4822889888333	1.2
40991.57703341736	1200	21.661986161951273	0.0	586839	2915.8737263399253	1.2
40995.43325780242	1850	21.805761776889188	0.0	891604	3856.2243850620866	1.2000000000000002
40998.074605352405	1200	23.164414226906025	0.0	616206	2641.347549983162	0.5499999999999999
41002.178342582185	1850	23.060676997115987	0.0	968026	4103.737229790038	1.2000000000000002
41005.891974832615	1850	23.347044746689136	0.0	874175	3713.632250426855	1.85
41009.65280404869	1850	23.586215530619533	0.0	897976	3760.8292160696014	1.85
41012.96787185992	1850	24.27114771939117	0.0	905935	3315.0678112283636	1.85
41018.061534383836	2850	23.1774851954751	0.0	1547572	5093.662523916069	1.85
41020.41238942917	1850	24.826630150141405	0.0	758197	2350.855045333695	0.8500000000000001
41023.340673473205	1850	25.898346106106523	0.0	972798	2928.2840440348805	1.85
41028.3901573014	2850	24.848862277905614	0.0	1561263	5049.483828200911	1.85
41032.890753666055	1850	24.348265913249648	0.0	873429	4500.596364655965	0.8500000000000001
41037.80142846852	1850	23.437591110792916	0.0	954453	4910.6748024567305	1.85
41042.36090173961	1850	22.878117839702607	0.0	885062	4559.473271090309	1.85
41047.68090592268	1850	21.558113656623167	0.0	1035329	5320.004183079444	1.85
41052.4431572681	1850	20.795862311202946	0.0	1026056	4762.251345420222	1.85
41054.20350070261	1200	23.03551887668669	0.0	598727	1760.343434516255	0.5499999999999999
41056.31323984543	1850	24.92577973386425	0.0	728962	2109.739142822442	1.2000000000000002
41059.00666382754	1850	26.23235575175779	0.0	938587	2693.4239821064575	1.85
41063.06136754614	2850	26.17765203315806	0.0	1427478	4054.703718599727	1.85
41067.045928844775	2850	26.19309073452925	0.0	1402287	3984.561298628809	2.85
41070.85566452621	2850	26.38335505309365	0.0	1339500	3809.735681435604	2.85
41075.10855287918	2850	26.130466700119513	0.0	1527299	4252.888352974136	2.85
41078.38283332499	2850	26.85618625431477	0.0	1343002	3274.280445804741	2.85
41083.741467108914	4300	25.497552470393313	0.0	2219102	5358.633783921459	2.8499999999999996
41087.138848858	2850	26.100170721309304	0.0	1464921	3397.3817490840065	1.4000000000000001
41090.04499096799	2850	27.194028611318227	0.0	1483527	2906.1421099910754	2.85
41094.01103027751	2850	27.227989301800324	0.0	1231456	3966.0393095179024	2.85
41096.233414794755	2850	29.00560478454805	0.0	1364537	2222.384517252273	2.85

