87743.26336596215	750	4.0	4.736142853943908	450283	4736.1428539439075	-19.6154142719588
87744.55089842906	300	6.712467533084924	0.0	155580	1287.5324669150764	-0.15000000000000002
87745.71639700359	300	9.546968958555153	0.0	139857	1165.4985745297713	0.3
87749.74949420098	1200	9.513871761175498	0.0	617681	4033.097197379656	0.29999999999999993
87753.7694197119	1200	9.493946250246978	0.0	652874	4019.92551092852	1.2
87756.4785642262	1200	10.784801735947651	0.0	520315	2709.144514299326	1.2
87759.09367633678	1200	12.169689625356014	0.0	561791	2615.1121105916377	1.2
87763.95918097609	1850	11.30418498604176	0.0	1060487	4865.504639314255	1.2000000000000002
87767.88763576909	1850	11.375730193045435	0.0	852833	3928.454792996325	1.85
87774.5653707893	1850	8.697995172825875	0.0	913888	6677.7350202195585	1.85
87776.6922541644	750	10.571111797737922	0.0	353220	2126.883375087953	-0.3500000000000001
87780.16326758896	1200	11.100098373171285	0.0	594078	3471.0134245666363	0.75
87785.64791891769	1850	9.615447044449564	0.0	946851	5484.651328721723	1.2000000000000002
87789.65145133037	1200	9.61191463177346	0.0	687371	4003.532412676102	0.5499999999999999
87792.73929630034	1200	10.524069661794117	0.0	526950	3087.8449699793446	1.2
87796.17490853978	1200	11.088457422356644	0.0	587876	3435.6122394374743	1.2
87801.5539093936	1850	9.709456568539409	0.0	966699	5379.000853817234	1.2000000000000002
87804.57667535426	1200	10.686690607882548	0.0	581493	3022.7659606568586	0.5499999999999999
87807.8914998029	1200	11.371866159237928	0.0	639204	3314.8244486446206	1.2
87812.19706080023	1850	11.06630516191905	0.0	923755	4305.560997318878	1.2000000000000002
87815.93800667858	1850	11.325359283561346	0.0	891604	3740.9458783577056	1.85
87819.87384344901	1850	11.389522513127533	0.0	955231	3935.836770433813	1.85
87823.86132786433	1850	11.402038097801855	0.0	968026	3987.484415325677	1.85
87827.46997811626	1850	11.793387845879568	0.0	874175	3608.6502519222863	1.85
87831.59061863335	1850	11.672747328797769	0.0	897976	4120.6405170818	1.85
87834.20821694877	1850	13.055149013372928	0.0	905935	2617.59831542484	1.85
87839.6330659416	2850	11.630300020538817	0.0	1547572	5424.848992834112	1.85
87841.68781161956	1850	13.575554342570692	0.0	758197	2054.745677968123	0.8500000000000001
87845.67061940707	2850	13.592746555063103	0.0	1498470	3982.8077875075915	1.85
87849.81697335126	2850	13.446392610875055	0.0	1561263	4146.3539441880475	2.85
87853.39016954966	2850	13.873196412477377	0.0	1341201	3573.1961983976776	2.85
87857.37092757325	2850	13.892438388881489	0.0	1497683	3980.758023595888	2.85
87860.98808821234	2850	14.275277749785547	0.0	1358081	3617.1606390959423	2.85
87868.35871839178	2850	10.904647570333351	0.0	1587293	7370.630179452195	2.85
87870.85973015867	1200	12.403635803448966	0.0	690253	2501.011766884385	-0.44999999999999996
87875.42892063865	1850	11.834445323473695	0.0	943942	4569.190479975273	1.2000000000000002
87879.17789512065	1850	12.08547084146981	0.0	728962	3748.9744820038827	1.85
87882.91169573442	1850	12.351670227695019	0.0	938587	3733.800613774793	1.85
87888.55588930195	1850	10.707476660187803	0.0	908665	5644.1935675072145	1.85
87891.1029008393	1200	12.160465122827524	0.0	587506	2547.0115373602775	0.5499999999999999
87895.08537184188	1850	12.177994120245694	0.0	858450	3982.4710025818317	1.2000000000000002
87900.63981443946	1850	10.623551522657424	0.0	1025005	5554.4425975882705	1.85
87904.5602805761	1200	10.703085386028087	0.0	599477	3920.4661366293367	0.5499999999999999
87908.64114844972	1200	10.622217512410906	0.0	634861	4080.8678736171814	1.2
87912.2072717299	1200	11.056094232235198	0.0	630203	3566.123280175708	1.2
87918.08311088632	1850	9.180255075822037	0.0	982064	5875.839156413162	1.2000000000000002
87921.8353188237	1200	9.42804713844695	0.0	538612	3752.207937375088	0.5499999999999999
87924.75855375406	1200	10.504812208081288	0.0	550906	2923.2349303656606	1.2

