54585.1201232014	750	4.0	1.0222019110445104	450283	1022.2019110445104	-3.645468217491395
54585.97528615464	750	7.144837046763183	0.0	398865	855.1629532368165	0.75
54586.595459210315	750	10.524663991083067	0.0	350812	620.1730556801149	0.75
54588.343461488716	1850	12.776661712680358	0.0	933276	1748.0022784027099	0.75
54590.21189790024	1850	14.908225301155069	0.0	996749	1868.436411525288	1.85
54591.30960410255	1850	17.810519098840516	0.0	801058	1097.706202314555	1.85
54592.95930069346	1850	20.16082250793394	0.0	905515	1649.6965909065784	1.85
54594.99345471423	1850	22.12666848715923	0.0	1060487	2034.154020774709	1.85
54596.51689218885	1850	24.603231012540665	0.0	852833	1523.4374746185626	1.85
54599.337882101856	1850	25.78224109953266	0.0	913888	2820.98991300801	1.85
54603.51843903561	1850	25.601684165777364	0.0	939819	4180.556933755291	1.85
54605.73706939373	1850	27.383053807665572	0.0	917428	2218.630358111792	1.85
54611.728322648996	4300	25.391800552393256	0.0	2209463	5991.253255272316	1.8499999999999996
54615.60203904448	4300	25.51808415690339	0.0	2275376	3873.7163954898638	4.3
54624.01635464222	4300	21.10376855916867	0.0	2005399	8414.31559773472	4.3
54625.26849893937	1850	23.851624262023645	0.0	923170	1252.1442971450283	-0.6000000000000001
54626.56355866944	1850	26.55656453194705	0.0	966699	1295.0597300765962	1.85
54631.43973168182	4300	25.680391519560875	0.0	2059512	4876.173012386175	1.8499999999999996
54634.85862459066	4300	26.261498610722068	0.0	2220726	3418.892908838807	4.3
54638.31315590771	4300	26.80696729367805	0.0	2156729	3454.53131704402	4.3
54644.31170556143	4300	24.80841763995742	0.0	2039773	5998.549653720626	4.3
54648.10629973561	4300	25.013823465771544	0.0	2176469	3794.5941741858755	4.3
54651.365552755284	4300	25.754570446105202	0.0	2221506	3259.253019666342	4.3
54660.30006083575	4300	20.82006236563404	0.0	2044075	8934.508080471162	4.3
54672.44031864738	4300	12.679804554003452	0.0	2186790	12140.257811630587	4.3
54673.965570638255	1850	15.154552563128442	0.0	905935	1525.2519908750112	-0.6000000000000001
54675.74180195079	1850	17.378321250594098	0.0	1076599	1776.2313125343464	1.85
54677.09922611611	1850	20.020897085279262	0.0	758197	1357.4241653148351	1.85
54679.235209337596	1850	21.88491386379149	0.0	972798	2135.983221487777	1.85
54683.75162711448	1850	21.368496086905427	0.0	975811	4516.417776886061	1.85
54690.87808120469	1850	18.242041996691768	0.0	873429	7126.454090213659	1.85
54692.43181389752	1850	20.688309303862205	0.0	954453	1553.7326928295631	1.85
54694.417833484316	1850	22.70228971706662	0.0	885062	1986.0195867955879	1.85
54696.291558114455	1850	24.828565086929125	0.0	1035329	1873.7246301374937	1.85
54698.03191614552	1850	27.088207055866295	0.0	1026056	1740.3580310628258	1.85
54699.999022088	1850	29.12110111338937	0.0	943942	1967.1059424769267	1.85
54705.1767371112	4300	27.94338609018147	0.0	1919781	5177.715023207898	1.8499999999999996
54708.47943347874	4300	28.640689722647636	0.0	2147467	3302.6963675338343	4.3
54714.764835119284	4300	26.355288082100174	0.0	2133870	6285.40164054746	4.3
54721.17061543861	4300	23.94950776277796	0.0	2146120	6405.780319322217	4.3
54725.21066257474	4300	23.909460626650393	0.0	2108491	4040.0471361275627	4.3
54729.059635249425	4300	24.06048795196025	0.0	2184571	3848.9726746901424	4.3
54732.738540233564	4300	24.38158296782098	0.0	2121928	3678.9049841392734	4.3
54740.46485427127	4300	20.65526893011756	0.0	2219102	7726.314037703417	4.3
54746.56351439158	4300	18.55660880980855	0.0	2124950	6098.660120309008	4.3
54750.61212090581	4300	18.508002295581807	0.0	2246506	4048.606514226749	4.3
54753.882278153316	4300	19.237845048075993	0.0	1961140	3270.1572475058133	4.3
54762.47839481578	4300	14.641728385610554	0.0	2155012	8596.11666246544	4.3

