52857.90248263148	750	4.0	1.950485578016047	450283	1950.4855780160472	-7.637087985469002
52858.3409935633	300	7.5614890681731595	0.0	155580	438.5109318268408	-0.15000000000000002
52858.74327318403	300	11.159209447447447	0.0	139857	402.2796207257133	0.3
52859.18144307191	300	14.721039559571695	0.0	155432	438.1698878757522	0.3
52860.20829052553	750	17.694192105950396	0.0	411561	1026.8474536212975	0.3
52861.01994145053	750	20.882541180948884	0.0	318564	811.6509250015112	0.75
52862.38909774234	1200	23.51338488914223	0.0	561791	1369.1562918066531	0.75
52864.915221425406	1850	24.987261206073512	0.0	1060487	2526.1236830687185	1.2000000000000002
52866.95713499127	1850	26.945347640206364	0.0	852833	2041.9135658671482	1.85
52870.26998540052	2850	27.63249723095944	0.0	1429765	3312.8504092469234	1.85
52873.43728672095	2850	28.465195910524436	0.0	1354548	3167.3013204350077	2.85
52879.502867747775	4300	26.399614883698735	0.0	2102452	6065.581026825699	2.8499999999999996
52882.82899399078	2850	27.073488640692428	0.0	1422919	3326.126243006307	1.4000000000000001
52886.506168207845	2850	27.396314423621234	0.0	1578343	3677.1742170711927	2.85
52889.412323015546	2850	28.490159615919072	0.0	1231445	2906.1548077021607	2.85
52894.43136463688	4300	27.471117994586763	0.0	2152483	5019.041621332313	2.8499999999999996
52897.93410393648	2850	27.96837869499264	0.0	1491626	3502.7392995941236	1.4000000000000001
52901.1139817194	2850	28.788500912072326	0.0	1358801	3179.877782920315	2.85
52906.297966321334	4300	27.60451631013372	0.0	2220726	5183.984601938606	2.8499999999999996
52909.42823733735	2850	28.47424529411567	0.0	1336050	3130.2710160180513	1.4000000000000001
52914.16705101482	4300	27.735431616646107	0.0	2039773	4738.813677469562	2.8499999999999996
52917.58945866109	2850	28.31302397037945	0.0	1468126	3422.407646266657	1.4000000000000001
52922.79927598419	4300	27.10320664727677	0.0	2221506	5209.817323102679	2.8499999999999996
52925.91366424212	2850	27.988818389347507	0.0	1323990	3114.3882579292604	1.4000000000000001
52929.15442880765	2850	28.74805382381677	0.0	1383735	3240.7645655307356	2.85
52934.04949074059	4300	27.85299189087305	0.0	2105231	4895.061932943721	2.8499999999999996
52937.7186181943	2850	28.18386443715855	0.0	1547572	3669.1274537145	1.4000000000000001
52940.52450957821	2850	29.377973053255985	0.0	1141971	2805.891383902567	2.85
52945.52449029355	4300	28.377992337903734	0.0	2134614	4999.980715352248	2.8499999999999996
52952.43771164425	4300	25.46477098721041	0.0	2164140	6913.221350693326	4.3
52955.60549230454	2850	26.296990326913683	0.0	1341201	3167.780660296727	1.4000000000000001
52959.1804640782	2850	26.72201855325243	0.0	1497683	3574.971773661251	2.85
52962.33987685352	2850	27.562605777935964	0.0	1358081	3159.4127753164635	2.85
52967.72208113727	4300	26.180401494187006	0.0	2286761	5382.204283748963	2.8499999999999996
52971.22642682306	2850	26.676055808402676	0.0	1492672	3504.345685784326	1.4000000000000001
52974.57781588229	2850	27.324666749173353	0.0	1439896	3351.389059229326	2.85
52977.2574572471	2850	28.645025384358185	0.0	1139291	2679.641364815167	2.85
52982.21881959937	4300	27.683663032081448	0.0	2147467	4961.362352276738	2.8499999999999996
52985.65825348241	2850	28.244229149050888	0.0	1427478	3439.4338830305587	1.4000000000000001
52989.0052422903	2850	28.89724034115345	0.0	1402287	3346.9888078974404	2.85
52992.14266791618	2850	29.759814715274455	0.0	1339500	3137.425625878991	2.85
52997.350245546935	4300	28.55223708451708	0.0	2184571	5207.577630757374	2.8499999999999996
53000.466817657776	2850	29.43566497367818	0.0	1343002	3116.5721108389	1.4000000000000001
53005.59230294416	4300	28.310179687293342	0.0	2219102	5125.48528638484	2.8499999999999996
53010.63861082602	4300	27.26387180543135	0.0	2124950	5046.307881861989	4.3
53015.45124174397	2850	26.451240887485916	0.0	1483527	4812.630917945431	1.4000000000000001
53018.41051337524	2850	27.491969256214876	0.0	1231456	2959.271631271039	2.85
53021.65614863819	2850	28.24633399326032	0.0	1364537	3245.63526295456	2.85

