81001.09271571622	750	4.0	4.796743650503535	450283	4796.743650503535	-19.8759976971652
81002.21767782539	300	6.875037890832842	0.0	155580	1124.9621091671575	-0.15000000000000002
81003.23703549156	300	9.855680224668868	0.0	139857	1019.3576661639743	0.3
81004.36100355013	300	12.73171216610048	0.0	155432	1123.9680585683868	0.3
81007.20527691823	750	13.887438797987969	0.0	411561	2844.273368112511	0.3
81009.42493053274	750	15.66778518348272	0.0	318564	2219.653614505247	0.75
81011.87347101417	750	17.219244702052432	0.0	352642	2448.540481430291	0.75
81016.52263356543	1200	16.57008215079763	0.0	709534	4649.162551254799	0.75
81020.02176462169	1200	17.07095109453775	0.0	584846	3499.1310562598815	1.2
81023.38044054338	1200	17.712275172837472	0.0	560821	3358.675921700282	1.2
81027.8875687837	1200	17.205146932518165	0.0	607410	4507.128240319308	1.2
81031.63903876525	750	17.4536769509612	0.0	405134	3751.4699815569656	0.3
81035.22029044703	750	17.8724252691855	0.0	386351	3581.2516817756973	0.75
81039.23706100497	750	17.85565471125114	0.0	434409	4016.770557934362	0.75
81041.94624291893	750	19.146472797290382	0.0	337059	2709.1819139607583	0.75
81044.42228993555	750	20.67042578065192	0.0	366214	2476.0470166384634	0.75
81047.49538916239	1200	21.597326553822292	0.0	617242	3073.0992268296277	0.75
81051.93090013247	1850	21.161815583737617	0.0	885714	4435.510970084673	1.2000000000000002
81056.9397829175	1850	20.152932798717337	0.0	987708	5008.882785020278	1.85
81064.07187132636	1850	17.020844389864088	0.0	923755	7132.088408853252	1.85
81066.2900382396	750	18.80267747661559	0.0	386472	2218.1669132484963	-0.3500000000000001
81069.61099564497	1200	19.4817200712447	0.0	616206	3320.957405370893	0.75
81073.71203422942	1200	19.380681486795435	0.0	656471	4101.038584449263	1.2
81076.809692187	1200	20.283023529231983	0.0	536667	3097.6579575634532	1.2
81079.2156134813	1200	21.877102234927623	0.0	587236	2405.921294304357	1.2
81083.01211253821	1850	22.080603178002676	0.0	905935	3796.499056924949	1.2000000000000002
81086.9118973318	1850	22.180818384436545	0.0	1076599	3899.7847935661293	1.85
81092.60147055752	2850	20.491245158702434	0.0	1141971	5689.573225734112	1.85
81096.69745907625	1850	20.39525663997721	0.0	972798	4095.988518725225	0.8500000000000001
81100.85429825542	1850	20.238417460818123	0.0	975811	4156.839179159085	1.85
81104.07240731386	1850	21.020308402381144	0.0	873429	3218.10905843698	1.85
81110.32630609348	2850	18.766409622743083	0.0	1497683	6253.898779638062	1.85
81113.97453174509	1850	19.11818397113183	0.0	885062	3648.22565161125	0.8500000000000001
81117.37865053747	1850	19.71406517875201	0.0	1035329	3404.1187923798243	1.85
81123.97304597263	2850	17.119669743592343	0.0	1492672	6594.395435159667	1.85
81128.57193852449	1850	16.52077719174165	0.0	943942	4598.892551850692	0.8500000000000001
81130.51391241733	1200	18.57880329890872	0.0	487812	1941.9738928329273	0.5499999999999999
81135.22985894402	1850	17.862856772216375	0.0	938587	4715.946526692348	1.2000000000000002
81137.68345616055	1200	19.40925955569086	0.0	605884	2453.5972165255153	0.5499999999999999
81141.53342308232	1850	19.55929263392154	0.0	930577	3849.966921769317	1.2000000000000002
81145.16147514358	1850	19.931240572656925	0.0	858450	3628.0520612646123	1.85
81149.50691979051	1850	19.585795925725492	0.0	1025005	4345.444646931437	1.85
81152.89925801249	1850	20.193457703744752	0.0	886255	3392.338221980741	1.85
81156.88471478756	1850	20.208000928673293	0.0	973972	3985.4567750714605	1.85
81161.82949544607	1850	19.26322027015798	0.0	958994	4944.780658515314	1.85
81164.8059402983	1850	20.28677541792181	0.0	982064	2976.4448522361727	1.85
81171.17392091088	2850	17.91879480535155	0.0	1231456	6367.980612570259	1.85
81173.11468592528	1200	19.978029790951965	0.0	550906	1940.7650143995872	-0.44999999999999996

