63043.285304619	750	4.0	1.4890855832487384	450283	1489.0855832487384	-5.6530680079695745
63045.24772255581	1200	6.037582063190249	0.0	611087	1962.417936809751	0.75
63054.13697257173	1850	4.0	2.8516679527352653	877771	8889.250015925514	-11.06217219676164
63054.85436674857	300	7.282605823159377	0.0	155432	717.3941768406229	-1.25
63055.60027068235	300	10.536701889383538	0.0	163442	745.9039337758387	0.3
63056.17245023315	300	13.964522338589598	0.0	126289	572.1795507939413	0.3
63056.84987886303	300	17.287093708709264	0.0	153295	677.4286298803319	0.3
63058.67665239759	750	19.46032017415251	0.0	437162	1826.7735345567535	0.3
63060.16499862885	750	21.971973942892802	0.0	374758	1488.3462312597107	0.75
63063.03718485018	1850	23.099787721562908	0.0	913888	2872.1862213298923	0.75
63067.424933369875	2850	22.712039201869914	0.0	1354548	4387.748519692994	1.85
63072.93353019812	2850	21.203442373625585	0.0	1519951	5508.596828244327	2.85
63078.01779421049	2850	20.119178361248228	0.0	1422919	5084.264012377357	2.85
63082.72466353308	2850	19.412309038660002	0.0	1578343	4706.869322588226	2.85
63087.272805278575	2850	18.86416729316849	0.0	1231445	4548.141745491515	2.85
63091.69411563102	2850	18.442856940721047	0.0	1471065	4421.310352447444	2.85
63096.57037522603	2850	17.566597345717092	0.0	1491626	4876.259595003954	2.85
63101.69648510031	2850	16.44048747143742	0.0	1358801	5126.10987427967	2.85
63109.73299279852	2850	12.403979773218722	0.0	1537156	8036.507698218699	2.85
63117.361369128404	1850	8.77560344333776	0.0	923755	7628.376329880963	0.8500000000000001
63119.85332328648	1200	10.283649285262731	0.0	601738	2491.9541580750274	0.5499999999999999
63124.461283181525	1200	9.675689390215052	0.0	616206	4607.959895047679	1.2
63127.41256382126	1200	10.724408750488344	0.0	656471	2951.2806397267063	1.2
63130.412953640574	1200	11.724018931173712	0.0	536667	3000.3898193146324	1.2
63133.05945420318	1200	13.077518368564302	0.0	587236	2646.5005626094103	1.2
63136.089596456164	1200	14.047376115583724	0.0	590335	3030.142252980578	1.2
63139.32783693231	1200	14.809135639440527	0.0	696376	3238.2404761431962	1.2
63142.71014606433	1850	15.426826507417223	0.0	758197	3382.3091320233025	1.2000000000000002
63148.153753303326	1850	13.983219268427613	0.0	972798	5443.607238989612	1.85
63152.397486132075	1850	13.739486439674328	0.0	975811	4243.732828753283	1.85
63155.438700277315	1850	14.698272294436665	0.0	873429	3041.214145237663	1.85
63159.27383090633	1850	14.86314166541893	0.0	954453	3835.130629017736	1.85
63162.483576899634	1850	15.653395672119487	0.0	885062	3209.745993299442	1.85
63165.74874062915	1850	16.388231942608723	0.0	1035329	3265.163729510764	1.85
63169.32609192126	1850	16.810880650487903	0.0	1026056	3577.3512921208217	1.85
63178.34681171032	2850	11.790160861428241	0.0	1439896	9020.719789059662	1.85
63181.51255614256	1850	12.62441642918404	0.0	728962	3165.7444322442025	0.8500000000000001
63188.03733855535	1850	10.099634016404687	0.0	938587	6524.782412779352	1.85
63190.26611908784	1200	11.870853483900637	0.0	605884	2228.7805325040504	0.5499999999999999
63192.47853069422	1200	13.658441877522307	0.0	587506	2212.411606378329	1.2
63194.819081144225	1200	15.317891427521266	0.0	566904	2340.5504500010416	1.2
63197.00915847473	1200	17.127814097018625	0.0	641452	2190.0773305026414	1.2
63199.57107793329	1200	18.56589463846117	0.0	599477	2561.9194585574573	1.2
63202.095698300975	1200	20.041274270775084	0.0	634861	2524.6203676860864	1.2
63205.62878471719	1850	20.508187854550137	0.0	958994	3533.086416224947	1.2000000000000002
63213.26241600831	4300	16.874556563432634	0.0	2246506	7633.6312911175055	1.8499999999999996
63219.341154679634	4300	14.795817892103805	0.0	1961140	6078.73867132883	4.3
63226.23749027147	4300	11.899482300267913	0.0	2155012	6896.335591835892	4.3

