75891.73536179915	750	4.0	8.46469094317031	450283	8464.690943170312	-35.64817105563233
75895.10783614156	300	4.62752565759215	0.0	155580	3372.4743424078492	-0.15000000000000002
75897.44382635594	300	6.2915354431970885	0.0	139857	2335.9902143950617	0.3
75900.09237372912	300	7.642988070040533	0.0	155432	2648.5473731565553	0.3
75902.79275434563	300	8.942607453517308	0.0	163442	2700.3806165232245	0.3
75904.87289685724	300	10.862464941891364	0.0	126289	2080.1425116259434	0.3
75907.38551523323	300	12.349846565917534	0.0	153295	2512.6183759738306	0.3
75910.26972722438	300	13.465634574750244	0.0	173849	2884.2119911672903	0.3
75916.45093227923	750	11.284429519906139	0.0	374758	6181.205054844105	0.3
75918.74383560811	300	12.991526191022105	0.0	139105	2292.9033288840333	-0.15000000000000002
75924.59931149134	750	11.1360503077981	0.0	353220	5855.475883224004	0.3
75927.29089835845	300	12.444463440684528	0.0	156148	2691.5868671135745	-0.15000000000000002
75930.2444957695	300	13.49086602963438	0.0	160746	2953.5974110501456	0.3
75937.35069916768	750	10.38466263145172	0.0	434409	7106.203398182661	0.3
75939.67282746635	300	12.062534332785704	0.0	140051	2322.1282986660144	-0.15000000000000002
75941.95705563575	300	13.778306163390289	0.0	138313	2284.228169395415	0.3
75947.81976279432	750	11.915599004825475	0.0	360831	5862.707158564813	0.3
75950.33581045286	300	13.39955134628023	0.0	150616	2516.047658545245	-0.15000000000000002
75956.85587117956	750	10.879490619574554	0.0	405596	6520.060726705678	0.3
75959.1615733124	300	12.573788486741982	0.0	140881	2305.7021328325723	-0.15000000000000002
75961.90889759609	300	13.826464203046887	0.0	157671	2747.3242836950935	0.3
75968.91239511607	750	10.822966683058977	0.0	399894	7003.497519987909	0.3
75971.58513655221	300	12.150225246925134	0.0	163927	2672.7414361338433	-0.15000000000000002
75973.77756835039	300	13.957793448745388	0.0	137654	2192.4317981797462	0.3
75980.01764716458	750	11.717714634546976	0.0	359903	6240.078814198412	0.3
75982.68267706581	300	13.052684733320003	0.0	153938	2665.0299012269716	-0.15000000000000002
75991.09742501186	750	8.637936787270938	0.0	425781	8414.747946049067	0.3
75992.97824869517	300	10.757113103946617	0.0	111155	1880.823683324322	-0.15000000000000002
75995.585579989	300	12.149781810124557	0.0	153605	2607.331293822058	0.3
75998.02670308333	300	13.708658715789353	0.0	149029	2441.1230943352034	0.3
76003.78976692192	750	11.945594877198822	0.0	358218	5763.06383859053	0.3
76006.53149666771	300	13.203865131403722	0.0	157488	2741.7297457951013	-0.15000000000000002
76012.52288101756	750	11.212480781551006	0.0	369834	5991.384349852716	0.3
76015.21477992127	300	12.52058187785274	0.0	163444	2691.898903698267	-0.15000000000000002
76022.07120194948	750	9.6641598496382	0.0	401088	6856.422028214539	0.3
76024.90405153405	300	10.831310265074055	0.0	159914	2832.849584564145	-0.15000000000000002
76027.13344245013	300	12.601919348990286	0.0	131610	2229.390916083768	0.3
76029.1777645261	300	14.557597273005486	0.0	124011	2044.322075984801	0.3
76035.34720970591	750	12.38815209318789	0.0	378327	6169.445179817596	0.3
76037.82037634349	300	13.914985455623633	0.0	149991	2473.166637564256	-0.15000000000000002
76043.46094227998	750	12.274419519130353	0.0	345516	5640.56593649328	0.3
76046.14366062198	300	13.59170117712353	0.0	161857	2682.7183420068222	-0.15000000000000002
76052.10037207426	750	11.634989724851785	0.0	372093	5956.711452271747	0.3
76055.02748419098	300	12.707877608124218	0.0	172312	2927.1121167275664	-0.15000000000000002
76062.04438111144	750	9.690980687668922	0.0	398987	7016.896920455297	0.3
76064.69815478176	300	11.037207017346384	0.0	160064	2653.7736703225382	-0.15000000000000002
76066.8754244954	300	12.85993730370032	0.0	137507	2177.269713646063	0.3
76068.9430501294	300	14.792311669696307	0.0	118421	2067.6256340040118	0.3

