1101.3822894321718	750	4.0	1.5718500223694523	450283	1571.8500223694523	-6.008955096188645
1101.8988904914909	300	7.483398940680887	0.0	155580	516.6010593191133	-0.15000000000000002
1102.9464105154557	750	10.435878916716153	0.0	350812	1047.5200239647356	0.3
1104.611627212236	1200	12.770662219935993	0.0	617681	1665.2166967801593	0.75
1107.2591701996023	1850	14.123119232569445	0.0	996749	2647.5429873665485	1.2000000000000002
1109.5378567909402	1850	15.84443264123162	0.0	801058	2278.686591337824	1.85
1112.1687239270345	1850	17.213565505137296	0.0	905515	2630.8671360943267	1.85
1116.925205404507	2850	16.45708402766486	0.0	1638769	4756.481477472436	1.85
1119.466559246649	1850	17.915730185522893	0.0	852833	2541.353842141964	0.8500000000000001
1123.916539874466	2850	17.465749557705696	0.0	1429765	4449.9806278172	1.85
1130.2359342401317	1850	15.146355192040144	0.0	939819	6319.394365665551	0.8500000000000001
1131.5018869650817	750	17.88040246709028	0.0	405134	1265.9527249498667	-0.3500000000000001
1135.7241563334846	2850	17.658133098687202	0.0	1422919	4222.269368403077	0.75
1139.9223092124732	2850	17.459980219698558	0.0	1578343	4198.152878988642	2.85
1143.5749012669417	2850	17.80738816523031	0.0	1231445	3652.592054468248	2.85
1149.690735662469	2850	15.6915537697029	0.0	1471065	6115.834395527411	2.85
1153.672226523044	1850	15.710062909127855	0.0	966699	3981.4908605750447	0.8500000000000001
1157.6886311078297	1850	15.693658324342277	0.0	885714	4016.404584785578	1.85
1159.6189766591815	1200	17.763312772990574	0.0	639204	1930.3455513517026	0.5499999999999999
1163.7607900249122	2850	17.621499407259776	0.0	1336050	4141.813365730797	1.2000000000000002
1166.1823826648306	1850	19.19990676734144	0.0	891604	2421.5926399183386	0.8500000000000001
1170.679201042307	2850	18.70308838986509	0.0	1468126	4496.818377476349	1.85
1175.7493841472094	2850	17.6329052849629	0.0	1505760	5070.183104902194	2.85
1178.4489682536494	1850	18.933321178522846	0.0	874175	2699.584106440053	0.8500000000000001
1182.2915120027626	2850	19.09077742940946	0.0	1383735	3842.543749113386	1.85
1186.5180130602737	2850	18.864276371898413	0.0	1480464	4226.501057511045	2.85
1191.2840354792545	2850	18.09825395291755	0.0	1547572	4766.022418980863	2.85
1197.0764262804296	2850	16.305863151742464	0.0	1141971	5792.390801175083	2.85
1198.9564474876706	1200	18.425841944501393	0.0	622896	1880.0212072410718	-0.44999999999999996
1207.3040857102671	2850	14.078203721905012	0.0	1561263	8347.63822259638	1.2000000000000002
1209.0456601713727	1200	16.33662926079958	0.0	570392	1741.5744611054326	-0.44999999999999996
1211.7870741611446	1850	17.59521527102748	0.0	954453	2741.4139897720993	1.2000000000000002
1215.7952831302778	2850	17.587006301894213	0.0	1358081	4008.2089691332703	1.85
1220.1246544341186	2850	17.257634998053557	0.0	1587293	4329.371303840658	2.85
1224.186709629741	2850	17.195579802431208	0.0	1492672	4062.055195622344	2.85
1231.1866105232268	2850	14.195678908945403	0.0	1439896	6999.900893485807	2.85
1232.8614993981737	1200	16.520790033998434	0.0	487812	1674.8888749469702	-0.44999999999999996
1235.5486198320511	1850	17.833669600120874	0.0	938587	2687.1204338775597	1.2000000000000002
1239.591285962598	2850	17.791003469574097	0.0	1427478	4042.6661305467746	1.85
1244.5648675434618	2850	16.81742188871026	0.0	1402287	4973.581580863838	2.85
1247.0093148690128	1850	18.37297456315932	0.0	858450	2444.4473255509392	0.8500000000000001
1251.339878119263	2850	18.042411312909135	0.0	1527299	4330.5632502501885	1.85
1256.9006976319263	2850	16.48159180024582	0.0	1343002	5560.819512663314	2.85
1260.6675997798225	1850	16.714689652349787	0.0	973972	3766.9021478960335	0.8500000000000001
1265.6718456852225	1850	15.710443746949705	0.0	958994	5004.245905400079	1.85
1267.7979400428196	1200	17.58434938935258	0.0	638661	2126.094357597127	0.5499999999999999
1270.4050153786934	1850	18.977274053478826	0.0	830730	2607.0753358737543	1.2000000000000002
1275.5021652363557	2850	17.88012419581648	0.0	1364537	5097.149857662341	1.85

