35632.20772365914	750	4.0	9.472004184208211	450283	9472.004184208212	-39.97961799209531
35635.72516765604	300	4.48255600310353	0.0	155580	3517.443996896471	-0.15000000000000002
35638.814994118	300	5.39272954113697	0.0	139857	3089.8264619665597	0.3
35642.246015557546	300	5.961708101590189	0.0	155432	3431.0214395467806	0.3
35645.69639475773	300	6.511328901404806	0.0	163442	3450.379200185383	0.3
35648.234125331444	300	7.973598327690005	0.0	126289	2537.730573714801	0.3
35651.52964980488	300	8.67807385425976	0.0	153295	3295.524473430246	0.3
35655.43679859332	300	8.770925065818725	0.0	173849	3907.148788441035	0.3
35659.07213455125	300	9.135589107889704	0.0	150710	3635.33595792902	0.3
35662.520367912155	300	9.687355746978858	0.0	139105	3448.2333609108455	0.3
35665.69009642257	300	10.517627236566565	0.0	141840	3169.7285104122934	0.3
35668.79829969059	300	11.409423968544148	0.0	156148	3108.203268022416	0.3
35672.05042395089	300	12.157299708242455	0.0	160746	3252.124260301693	0.3
35675.73897897133	300	12.468744687805815	0.0	179801	3688.55502043664	0.3
35678.64582714963	300	13.561896509498895	0.0	140051	2906.8481783069187	0.3
35682.49814224487	300	13.709581414258176	0.0	138313	3852.315095240719	0.3
35686.58300505924	300	13.624718599885426	0.0	143509	4084.8628143727515	0.3
35690.28614413533	300	13.92157952379702	0.0	150616	3703.139076088407	0.3
35693.7952552302	300	14.412468428924738	0.0	165384	3509.111094872281	0.3
35697.045387692044	300	15.162335967086598	0.0	140881	3250.132461838141	0.3
35700.721306714324	300	15.486416944802514	0.0	157671	3675.9190222840853	0.3
35704.09083383943	300	16.116889819696194	0.0	157812	3369.5271251063205	0.3
35708.109745468915	300	16.097978190212757	0.0	163927	4018.9116294834357	0.3
35711.05044513922	300	17.15727851990406	0.0	137654	2940.699670308695	0.3
35714.36217907392	300	17.845544585204387	0.0	146754	3311.733934699678	0.3
35718.42581963509	300	17.781904024031967	0.0	153938	4063.6405611724163	0.3
35723.409418559626	300	16.798305099497572	0.0	181901	4983.598924534396	0.3
35727.32015459165	300	16.887569067476115	0.0	111155	3910.7360320214566	0.3
35732.462765665274	300	15.744957993852935	0.0	153605	5142.6110736231785	0.3
35737.60971497255	300	14.598008686573808	0.0	149029	5146.949307279127	0.3
35741.67912103826	300	14.528602620860891	0.0	157421	4069.406065712917	0.3
35745.46772369436	300	14.739999964760331	0.0	157488	3788.6026561005597	0.3
35748.34375848989	300	15.863965169233078	0.0	143881	2876.0347955272537	0.3
35752.63847493439	300	15.569248724735958	0.0	163444	4294.716444497119	0.3
35757.49714718237	300	14.710576476760647	0.0	179328	4858.672247975312	0.3
35761.64247041083	300	14.565253248300634	0.0	159914	4145.323228460013	0.3
35764.401682227355	300	15.806041431770627	0.0	131610	2759.2118165300067	0.3
35767.561031074634	300	16.64669258448982	0.0	124011	3159.348847280806	0.3
35770.50302114968	300	17.704702509446232	0.0	144254	2941.990075043588	0.3
35774.202500564796	300	18.00522309433107	0.0	149991	3699.479415115166	0.3
35777.57339323887	300	18.63433042026549	0.0	147968	3370.892674065581	0.3
35780.961500103534	300	19.246223555593875	0.0	161857	3388.1068646716144	0.3
35784.455024377334	300	19.752699281793202	0.0	145210	3493.5242738006746	0.3
35788.2039649753	300	20.003758683830245	0.0	172312	3748.9405979629546	0.3
35792.3870667404	300	19.820656918732805	0.0	167025	4183.101765097441	0.3
35795.802038997026	300	20.405684662103056	0.0	160064	3414.972256629749	0.3
35798.51542974268	300	21.692293916446673	0.0	137507	2713.390745656382	0.3
35800.84765096258	300	23.3600726965427	0.0	118421	2332.2212199039723	0.3

