54037.00495809785	750	4.0	10.5668423568866	450283	10566.8423568866	-44.687422134612376
54040.79055565985	300	4.214402438005955	0.0	155580	3785.597561994046	-0.15000000000000002
54044.017964690946	300	4.98699340690871	0.0	139857	3227.409031097244	0.3
54047.444827256266	300	5.560130841592451	0.0	155432	3426.8625653162603	0.3
54051.010444030966	300	5.9945140668928305	0.0	163442	3565.6167746996202	0.3
54053.78187102151	300	7.223087076342917	0.0	126289	2771.4269905499136	0.3
54057.14446652627	300	7.860491571585333	0.0	153295	3362.595504757585	0.3
54061.08369757256	300	7.921260525297048	0.0	173849	3939.2310462882856	0.3
54064.40435778224	300	8.600600315619209	0.0	150710	3320.660209677838	0.3
54067.40498033028	300	9.599977767586358	0.0	139105	3000.622548032851	0.3
54070.542079068895	300	10.462879028970969	0.0	141840	3137.098738615391	0.3
54073.8313822636	300	11.173575834259706	0.0	156148	3289.303194711263	0.3
54077.13444003353	300	11.870518064330117	0.0	160746	3303.057769929588	0.3
54080.894242700604	300	12.110715397255495	0.0	179801	3759.8026670746217	0.3
54083.77203180957	300	13.232926288294772	0.0	140051	2877.7891089607233	0.3
54091.149476369385	750	9.855481728482907	0.0	366214	7377.444559811863	0.3
54094.02863086474	300	10.976327233122232	0.0	143509	2879.1544953606763	-0.15000000000000002
54096.58391092453	300	12.42104717333008	0.0	150616	2555.2800597921528	0.3
54098.973750588004	300	14.031207509853914	0.0	165384	2389.839663476167	0.3
54103.69330392684	750	13.311654171023966	0.0	350713	4719.553338829948	0.3
54108.88591012611	750	12.119047971754798	0.0	386472	5192.606199269168	0.75
54114.256074855904	750	10.748883241967013	0.0	399894	5370.164729787784	0.75
54119.65215503505	750	9.35280306282101	0.0	401853	5396.080179146001	0.75
54121.55316844289	300	11.451789654982415	0.0	137654	1901.0134078385968	-0.15000000000000002
54123.574564999864	300	13.430393098006626	0.0	146754	2021.3965569757902	0.3
54125.69099810007	300	15.31395999779989	0.0	153938	2116.433100206735	0.3
54128.17735141999	300	16.827606677887292	0.0	181901	2486.3533199125964	0.3
54131.50244846234	750	17.502509635528206	0.0	277716	3325.097042359082	0.3
54135.497849912346	750	17.507108185524395	0.0	400396	3995.401450003814	0.75
54139.49434659048	750	17.51061150739043	0.0	400508	3996.4966781339663	0.75
54143.07729686125	750	17.92766123661483	0.0	358218	3582.950270775598	0.75
54147.07197467838	750	17.932983419482728	0.0	400322	3994.677817132106	0.75
54150.76851575237	750	18.2364423454942	0.0	369834	3696.5410739885274	0.75
54154.88557553422	750	18.119382563640173	0.0	412837	4117.059781854026	0.75
54158.88774392946	750	18.11721416840363	0.0	401088	4002.16839523654	0.75
54162.65391260763	750	18.351045490228625	0.0	365161	3766.168678175006	0.75
54166.09822603417	750	18.906732063687805	0.0	321064	3444.3134265408185	0.75
54169.96693477781	750	19.038023320050307	0.0	361565	3868.708743637502	0.75
54174.01128645138	750	18.993671646480834	0.0	378327	4044.3516735694698	0.75
54178.371558203	750	18.633399894858997	0.0	390680	4360.271751621835	0.75
54182.30189673572	750	18.703061362137788	0.0	345516	3930.338532721208	0.75
54186.66671832871	750	18.33823976914653	0.0	384505	4364.821592991259	0.75
54190.893223890416	750	18.111734207447988	0.0	372093	4226.505561698539	0.75
54195.85731094416	750	17.14764715370928	0.0	438281	4964.08705373871	0.75
54203.68226812455	750	13.322689973319077	0.0	398987	7824.957180390204	0.75
54216.23041451895	750	4.774543578917859	0.0	393804	12548.146394401218	0.75
54219.70698208547	300	5.297976012392943	0.0	137507	3476.567566524916	-0.15000000000000002
54222.50056859326	300	6.504389504592264	0.0	118421	2793.586507800679	0.3

