73109.25819503676	750	4.0	14.076887223962244	450283	14076.887223962243	-59.780615063037644
73112.24857500843	300	5.009620028311112	0.0	155580	2990.3799716888884	-0.15000000000000002
73116.37826617438	300	4.8799288623711385	0.0	139857	4129.691165939974	0.3
73122.18613202438	300	4.0	0.927936987625807	155432	5807.865849996945	-3.69012904679097
73126.82077045056	300	4.0	0.6346384261901657	163442	4634.638426190166	-2.428945232617713
73130.34064569867	300	4.480124751892065	0.0	126289	3519.8752481079346	0.3
73133.44943671793	300	5.371333732631909	0.0	153295	3108.791019260157	0.3
73137.47384436689	300	5.346926083667262	0.0	173849	4024.4076489646473	0.3
73140.49442951426	300	6.32634093630273	0.0	150710	3020.5851473645325	0.3
73143.1074307115	300	7.71333973905988	0.0	139105	2613.0011972428492	0.3
73144.98923312512	300	9.831537325440447	0.0	141840	1881.8024136194317	0.3
73147.06429269738	300	11.75647775317504	0.0	156148	2075.059572265406	0.3
73149.1141901989	300	13.70658025166771	0.0	160746	2049.897501507331	0.3
73154.29805964636	300	12.52271080421263	0.0	179801	5183.869447455078	0.3
73160.18423177193	300	10.636538678629364	0.0	140051	5886.172125583268	0.3
73166.41727428304	300	8.403496167522833	0.0	138313	6233.0425111065315	0.3
73171.52911641233	300	7.291654038231968	0.0	143509	5111.842129290865	0.3
73173.83194140963	300	8.988829040921901	0.0	150616	2302.8249973100683	0.3
73176.89123457833	300	9.929535872224577	0.0	165384	3059.2931686973243	0.3
73178.60340710676	300	12.21736334379318	0.0	140881	1712.1725284313966	0.3
73180.60532363827	300	14.215446812277081	0.0	157671	2001.9165315160997	0.3
73183.69016650501	300	15.130603945537079	0.0	157812	3084.8428667400017	0.3
73186.0767992709	300	16.743971179652526	0.0	163927	2386.6327658845535	0.3
73189.22651496442	300	17.594255486137335	0.0	137654	3149.715693515191	0.3
73191.66794142297	300	19.15282902758279	0.0	146754	2441.4264585545443	0.3
73194.46475456542	300	20.356015885139925	0.0	153938	2796.8131424428657	0.3
73196.64946910886	300	22.1713013416997	0.0	181901	2184.7145434402278	0.3
73198.30418413403	300	24.516586316526993	0.0	111155	1654.715025172703	0.3
73200.31784098352	300	26.502929467031624	0.0	153605	2013.6568494953722	0.3
73206.33847186956	750	24.482298581000126	0.0	400508	6020.630886031497	0.3
73214.9426049655	750	19.878165485050406	0.0	358218	8604.133095949723	0.75
73235.33095994253	750	4.0	0.5101894919621373	400322	20388.354977012543	-1.44381481543719
73239.43270567044	300	4.0	0.1017457279174032	143881	4101.745727917403	-0.5875066300448337
73242.31977157379	300	5.112934096641554	0.0	163444	2887.0659033584448	0.3
73245.31060040163	300	6.122105268806501	0.0	179328	2990.828827835054	0.3
73247.26786595979	300	8.164839710640303	0.0	159914	1957.2655581661973	0.3
73249.72865066426	300	9.704055006180107	0.0	131610	2460.7847044601967	0.3
73253.00265104756	300	10.430054622871632	0.0	124011	3274.0003833084756	0.3
73254.81244217951	300	12.620263490926419	0.0	144254	1809.7911319452132	0.3
73257.18402371583	300	14.248681954586564	0.0	149991	2371.581536339856	0.3
73259.21822439703	300	16.21448127339604	0.0	147968	2034.2006811905253	0.3
73261.33872525101	300	18.093980419407334	0.0	161857	2120.5008539887053	0.3
73263.26587078716	300	20.166834883267438	0.0	145210	1927.1455361398962	0.3
73273.00124323233	750	14.43146243809461	0.0	438281	9735.372445172829	0.3
73277.28856110257	750	14.144144567843346	0.0	398987	4287.317870251263	0.75
73286.77563491225	750	8.65707075816636	0.0	393804	9487.073809676986	0.75
73290.34711679113	750	9.08558887929636	0.0	331053	3571.4818788700004	0.75
73300.55775008412	750	4.0	1.125044413697049	314107	10210.633292993409	-4.08769097889731

