92014.74392977182	750	4.0	4.182164235427663	450283	4182.164235427664	-17.233306212338952
92015.4521878314	300	7.2917419404176	0.0	155580	708.2580595824005	-0.15000000000000002
92016.94882535806	750	9.795104413754654	0.0	350812	1496.637526662946	0.3
92019.17912119032	1200	11.56480858148696	0.0	617681	2230.2958322676945	0.75
92021.48210327137	1850	13.261826500443847	0.0	996749	2302.982081043111	1.2000000000000002
92024.29248779398	2850	14.451441977822968	0.0	1224260	2810.3845226208796	1.85
92033.78305043544	2850	8.960879336363472	0.0	1388403	9490.562641459495	2.85
92035.45743513819	750	11.286494633605338	0.0	437162	1674.3847027581346	-1.35
92037.9693829657	1850	12.774546806105695	0.0	852833	2511.947827499644	0.75
92040.54340307569	1850	14.200526696112865	0.0	913888	2574.0201099928295	1.85
92043.92207942961	2850	14.821850342199708	0.0	1354548	3378.6763539131566	1.85
92047.50719273157	2850	15.2367370402339	0.0	1519951	3585.1133019658087	2.85
92056.10334166072	4300	10.640588111080731	0.0	2209463	8596.148929153169	2.8499999999999996
92058.5109791437	1200	12.232950628113636	0.0	687371	2407.637482967095	-1.9000000000000001
92061.85658249151	1850	12.887347280290879	0.0	821631	3345.603347822758	1.2000000000000002
92064.20373385957	1850	14.540195912236596	0.0	923170	2347.151368054281	1.85
92067.91296969623	2850	14.830960075568584	0.0	1491626	3709.235836668013	1.85
92071.29903253244	2850	15.444897239374837	0.0	1358801	3386.062836193746	2.85
92076.78222232843	4300	13.961707443393532	0.0	2220726	5483.189795981305	2.8499999999999996
92080.11293030722	2850	14.630999464597037	0.0	1336050	3330.7079787964944	1.4000000000000001
92083.96923422876	2850	14.774695543065814	0.0	1415116	3856.303921531224	2.85
92088.28689871205	2850	14.457031059787075	0.0	1468126	4317.664483278739	2.85
92092.76343913292	2850	13.980490638919488	0.0	1505760	4476.540420867588	2.85
92096.709244807	2850	14.034684964825024	0.0	1323990	3945.8056740944635	2.85
92100.8294948198	2850	13.914434952028023	0.0	1383735	4120.250012797002	2.85
92105.23217560402	2850	13.5117541678132	0.0	1480464	4402.680784214824	2.85
92109.83079932374	2850	12.913130448094988	0.0	1547572	4598.623719718212	2.85
92121.82290674174	1850	4.9210230300947115	0.0	758197	11992.107418000276	0.8500000000000001
92123.7819417009	300	6.961988070925408	0.0	153605	1959.0349591693039	-1.25
92125.83132510973	300	8.912604662093424	0.0	149029	2049.383408831984	0.3
92130.81029960664	750	7.933630165181727	0.0	358218	4978.974496911696	0.3
92135.48823577564	750	7.25569399617811	0.0	400322	4677.936169003617	0.75
92139.53987247363	750	7.204057298200241	0.0	369834	4051.6366979778686	0.75
92143.83520283071	750	6.9087269411141	0.0	412837	4295.330357086141	0.75
92145.7576600971	300	8.986269674741846	0.0	179328	1922.4572663722536	-0.15000000000000002
92149.38270689598	750	9.361222875854283	0.0	365161	3625.0467988875644	0.3
92152.82949084016	1200	9.914438931681612	0.0	487812	3446.783944172669	0.75
92156.88210844122	1200	9.861821330617492	0.0	575591	4052.6176010641207	1.2
92161.18453505539	1200	9.559394716442146	0.0	605884	4302.426614175345	1.2
92165.42184481166	1200	9.322084960180517	0.0	587506	4237.309756261629	1.2
92170.46228066516	1200	8.281649106688887	0.0	566904	5040.43585349163	1.2
92174.3817172336	750	8.36221253824681	0.0	384505	3919.4365684420773	0.3
92177.1479863572	750	9.595943414643259	0.0	372093	2766.2691236035525	0.75
92183.77755341622	1200	6.966376355618744	0.0	634861	6629.567059024514	0.75
92185.13464435544	300	9.60928541641358	0.0	167025	1357.090939205164	-0.6000000000000001
92190.12673083281	1200	8.617198939023856	0.0	638661	4992.086477389726	0.29999999999999993
92193.22782291692	750	9.516106854927237	0.0	331053	3101.092084096619	0.3
92199.46580702113	1200	7.278122750714757	0.0	550906	6237.98410421248	0.75

