82844.90939181225	750	4.0	3.8915240538471307	450283	3891.5240538471307	-15.98355343154266
82847.63507690023	300	5.274314912025294	0.0	155580	2725.685087974706	-0.15000000000000002
82848.50322187149	300	8.40616994076089	0.0	139857	868.1449712644034	0.3
82855.16828062381	300	5.741111188442531	0.0	155432	6665.058752318359	0.3
82855.98122536417	300	8.928166448067532	0.0	163442	812.9447403749979	0.3
82857.9400112419	300	10.969380570344955	0.0	126289	1958.7858777225779	0.3
82859.53497296858	300	13.374418843661608	0.0	153295	1594.9617266833468	0.3
82860.82754792554	300	16.08184388670581	0.0	173849	1292.5749569557988	0.3
82863.65257442996	750	17.25681738228302	0.0	374758	2825.0265044227863	0.3
82865.63830412926	750	19.27108768298557	0.0	362795	1985.7296992974534	0.75
82867.41433567477	750	21.49505613747369	0.0	353220	1776.0315455118796	0.75
82869.36711063857	750	23.54228117366525	0.0	405134	1952.774963808444	0.75
82875.85586720251	1850	21.0535246097381	0.0	946851	6488.756563927145	0.75
82881.41297716077	1850	19.496414651470754	0.0	1036454	5557.10995826735	1.85
82892.2665448456	1850	12.64284696664799	0.0	821631	10853.567684822763	1.85
82893.50027194875	750	15.409119863488748	0.0	366214	1233.7271031592427	-0.3500000000000001
82899.77676226833	1850	13.1326295439159	0.0	966699	6276.490319572848	0.75
82901.73985216589	750	15.169539646353162	0.0	372963	1963.089897562738	-0.3500000000000001
82902.94955594074	750	17.959835871509718	0.0	405596	1209.7037748434443	0.75
82913.97056556454	1850	10.938826247705599	0.0	923755	11021.009623804117	0.75
82918.17486220348	750	10.73452960877285	0.0	386472	4204.296638932751	-0.3500000000000001
82920.20256365016	750	12.70682816209346	0.0	399894	2027.7014466793894	0.75
82923.0592657259	750	13.850126086354358	0.0	401853	2856.7020757391015	0.75
82925.12538539439	750	15.784006417853417	0.0	343800	2066.11966850094	0.75
82927.00894997844	750	17.900441833805104	0.0	359903	1883.5645840483132	0.75
82928.82371658135	750	20.085675230901042	0.0	379700	1814.7666029040627	0.75
82938.73943657339	1850	14.169955238859394	0.0	1076599	9915.719992041646	0.75
82951.29662400721	1850	5.612767805041361	0.0	758197	12557.187433818033	1.85
82953.5716538593	300	7.337737952951116	0.0	153605	2275.029852090245	-1.25
82958.14674819926	300	6.762643613002843	0.0	149029	4575.094339948273	0.3
82959.5535493154	300	9.355842496845494	0.0	157421	1406.8011161573504	0.3
82964.40048093112	300	8.508910881130065	0.0	157488	4846.931615715427	0.3
82965.07803183771	300	11.831359974550502	0.0	143881	677.5509065795634	0.3
82968.29212791364	750	12.617263898607122	0.0	412837	3214.096075943379	0.3
82970.06808592936	750	14.841305882875691	0.0	401088	1775.958015731431	0.75
82973.85912612462	750	15.05026568761637	0.0	365161	3791.0401952593197	0.75
82976.98275271867	750	15.926639093563681	0.0	321064	3123.626594052691	0.75
82978.44535914344	750	18.464032668797373	0.0	361565	1462.6064247663085	0.75
82982.56837588632	1850	18.341015925911393	0.0	908665	4123.016742885977	0.75
82988.20630098163	1850	16.703090830586504	0.0	930577	5637.925095324889	1.85
82994.8624791808	1850	14.046912631435541	0.0	858450	6656.178199150964	1.85
83006.68583489399	1850	6.223556918251903	0.0	1025005	11823.355713183639	1.85
83007.31143706843	300	9.59795474380875	0.0	145210	625.6021744431539	-1.25
83011.36877825067	750	9.540613561558771	0.0	438281	4057.341182249979	0.3
83012.50842896484	300	12.400962847398837	0.0	167025	1139.6507141599336	-0.15000000000000002
83017.20728298501	750	11.702108827239353	0.0	393804	4698.854020159485	0.3
83018.68660503007	750	14.222786782164885	0.0	331053	1479.3220450744684	0.75
83020.09429832877	750	16.81509348347191	0.0	314107	1407.693298692977	0.75

