87203.14290861356	750	4.0	2.5751962071633208	450283	2575.1962071633207	-10.323343690802279
87204.13459035727	300	7.008318256300703	0.0	155580	991.6817436992973	-0.15000000000000002
87204.83141057455	300	10.31149803899926	0.0	139857	696.8202173014421	0.3
87206.17723482609	750	12.965673787467859	0.0	382355	1345.8242515314007	0.3
87210.53356763354	1200	12.609340980018235	0.0	652874	4356.332807449625	0.75
87211.73911121587	750	15.403797397694207	0.0	318564	1205.5435823240275	0.3
87215.51237972027	1850	15.630528893282506	0.0	905515	3773.2685044117	0.75
87219.1047872226	1850	16.038121390938493	0.0	1060487	3592.407502344013	1.85
87222.17442334194	1850	16.96848527160044	0.0	852833	3069.636119338053	1.85
87224.95727506674	1850	18.185633546794964	0.0	913888	2782.851724805475	1.85
87229.25792210862	2850	17.88498650492815	0.0	1354548	4300.647041866815	1.85
87231.68718037337	1850	19.455728240182307	0.0	917428	2429.258264745845	0.8500000000000001
87235.92423165748	2850	19.21867695608036	0.0	1422919	4237.051284101948	1.85
87240.77916100978	2850	18.363747603778066	0.0	1578343	4854.929352302294	2.85
87244.91981141632	2850	18.22309719723863	0.0	1231445	4140.650406539436	2.85
87247.61434094026	1850	19.5285676732926	0.0	923170	2694.529523946027	0.8500000000000001
87251.78971422579	2850	19.35319438776549	0.0	1491626	4175.373285527108	1.85
87255.67345679393	2850	19.46945181961451	0.0	1358801	3883.742568150986	2.85
87260.53525767499	2850	18.60765093855651	0.0	1537156	4861.800881057996	2.85
87264.70247579995	2850	18.440432813595667	0.0	1336050	4167.218124960842	2.85
87269.68528087767	2850	17.45762773586283	0.0	1415116	4982.805077732838	2.85
87273.40175931244	1850	17.741149301086388	0.0	955231	3716.478434776439	0.8500000000000001
87276.732500035	1850	18.41040857853948	0.0	968026	3330.7407225469074	1.85
87279.46616777706	1850	19.6767408364741	0.0	874175	2733.667742065381	1.85
87283.73628159834	2850	19.406627015206197	0.0	1383735	4270.113821267899	1.85
87289.13902778603	2850	18.00388082751007	0.0	1480464	5402.746187696127	2.85
87293.20841311947	1850	17.934495494078053	0.0	1076599	4069.385333432017	0.8500000000000001
87295.6828437833	1850	19.460064830233826	0.0	758197	2474.430663844224	1.85
87299.82026677746	2850	19.32264183607842	0.0	1498470	4137.422994155405	1.85
87306.45559617742	2850	16.687312436113817	0.0	1561263	6635.329399964607	2.85
87310.06515211536	1850	17.077756498171105	0.0	873429	3609.5559379427154	0.8500000000000001
87315.25885802234	1850	15.884050591199387	0.0	954453	5193.705906971719	1.85
87317.55934436122	1200	17.583564252320322	0.0	584349	2300.4863388790673	0.5499999999999999
87321.10014636363	1850	18.04276224989874	0.0	1035329	3540.8020024215807	1.2000000000000002
87324.68775171365	1850	18.455156899887324	0.0	1026056	3587.605350011418	1.85
87327.61262495731	1850	19.530283656229837	0.0	943942	2924.873243657487	1.85
87331.11089023623	2850	20.032018377309182	0.0	1139291	3498.265278920655	1.85
87335.12958773384	2850	20.013320879709028	0.0	1499009	4018.697497600153	2.85
87339.6919943405	2850	19.450914273044727	0.0	1427478	4562.406606664298	2.85
87343.79881978747	2850	19.344088826068102	0.0	1402287	4106.825446976623	2.85
87348.31031906218	2850	18.832589551363746	0.0	1339500	4511.499274704353	2.85
87351.20489984384	1850	19.938008769692384	0.0	1025005	2894.5807816713636	0.8500000000000001
87354.95208536732	2850	20.19082324621072	0.0	1343002	3747.1855234816626	1.85
87359.93248269959	2850	19.21042591394398	0.0	1587250	4980.39733226674	2.85
87364.35550886531	2850	18.787399748226747	0.0	1464921	4423.0261657172305	2.85
87369.16769893258	2850	17.975209680965726	0.0	1483527	4812.19006726102	2.85
87372.33768740564	1850	18.805221207889524	0.0	830730	3169.9884730762005	0.8500000000000001
87375.69644861834	1850	19.446459995200968	0.0	846370	3358.7612126885556	1.85

