69613.63826378743	750	4.0	4.248624343348808	450283	4248.624343348808	-17.51908467639987
69615.13454286077	300	6.503720926660073	0.0	155580	1496.2790733399268	-0.15000000000000002
69616.0243637333	300	9.613900054136735	0.0	139857	889.8208725233384	0.3
69616.99401489616	300	12.644248891296122	0.0	155432	969.651162840614	0.3
69618.00951315492	300	15.628750632527042	0.0	163442	1015.4982587690799	0.3
69621.57855674347	750	16.05970704399835	0.0	318564	3569.0435885286897	0.3
69627.89356968972	750	13.74469409774054	0.0	352642	6315.0129462578125	0.75
69630.40145216738	750	15.236811620077146	0.0	437162	2507.8824776633937	0.75
69634.91370894395	750	14.72455484350173	0.0	374758	4512.256776575415	0.75
69640.72736457847	750	12.910899208976254	0.0	362795	5813.655634525476	0.75
69644.60445820462	750	13.033805582836068	0.0	353220	3877.093626140186	0.75
69646.50661899301	300	15.131644794439053	0.0	156148	1902.1607883970148	-0.15000000000000002
69650.39802886857	750	15.240234918876963	0.0	386351	3891.409875562091	0.3
69654.75812000336	750	14.880143784086997	0.0	434409	4360.0911347899655	0.75
69658.11267228064	750	15.525591506800215	0.0	337059	3354.552277286783	0.75
69661.71399425741	750	15.924269530024382	0.0	366214	3601.3219767758305	0.75
69665.83829823899	750	15.799965548456457	0.0	360831	4124.303981567927	0.75
69669.78129001586	750	15.856973771592429	0.0	372963	3942.9917768640285	0.75
69675.8705663817	750	13.76769740575981	0.0	405596	6089.27636583262	0.75
69679.28339486771	750	14.354868919732734	0.0	350713	3412.8284860270737	0.75
69683.05311921143	750	14.585144576013422	0.0	386472	3769.7243437193138	0.75
69686.99513197303	750	14.64313181441423	0.0	399894	3942.012761599189	0.75
69690.98578989605	750	14.652473891395033	0.0	401853	3990.657923019198	0.75
69694.22904482107	750	15.409218966363044	0.0	343800	3243.2549250319903	0.75
69697.69191307927	750	15.946350708163271	0.0	359903	3462.868258199772	0.75
69701.83726765704	750	15.800996130389466	0.0	379700	4145.354577773805	0.75
69706.65226048762	750	14.986003299820888	0.0	425781	4814.992830568576	0.75
69709.47627891901	750	16.16198486843061	0.0	277716	2824.018431390276	0.75
69718.54306200345	750	11.095201783988994	0.0	400396	9066.783084441618	0.75
69720.40122560236	300	13.237038185079019	0.0	149029	1858.1635989099761	-0.15000000000000002
69725.39303480943	750	12.245228978009061	0.0	358218	4991.809207069958	0.3
69727.51466239255	300	14.123601394879927	0.0	157488	2121.627583129135	-0.15000000000000002
69731.68550767636	750	13.95275611107024	0.0	369834	4170.8452838096855	0.3
69735.64740669247	750	13.990857094951581	0.0	412837	3961.8990161186593	0.75
69739.54004204519	750	14.098221742228295	0.0	401088	3892.6353527232855	0.75
69743.0066398167	750	14.63162397072142	0.0	365161	3466.5977715068752	0.75
69746.06328346612	750	15.574980321301418	0.0	321064	3056.643649420002	0.75
69749.54759891328	750	16.09066487413167	0.0	361565	3484.3154471697508	0.75
69754.85526564588	750	14.782998141540341	0.0	378327	5307.666732591326	0.75
69758.9013965091	750	14.73686727831933	0.0	390680	4046.1308632210116	0.75
69764.1860108526	750	13.452252934810357	0.0	345516	5284.614343508975	0.75
69768.13389099736	750	13.504372790067828	0.0	384505	3947.8801447425276	0.75
69771.65692429777	750	13.981339489647967	0.0	372093	3523.03330041986	0.75
69779.19711934502	750	10.441144442408934	0.0	438281	7540.1950472390345	0.75
69780.82570347762	300	12.812560309798583	0.0	167025	1628.5841326103516	-0.15000000000000002
69784.89683903867	750	12.74142474875465	0.0	393804	4071.1355610439336	0.3
69788.6866689272	750	12.951594860227134	0.0	331053	3789.829888527514	0.75
69789.95063655314	300	15.687627234283632	0.0	118421	1263.9676259435032	-0.15000000000000002

