67546.05905819277	750	4.0	8.15988308215761	450283	8159.883082157609	-34.33749725327772
67548.42997018517	300	5.629088007601033	0.0	155580	2370.911992398967	-0.15000000000000002
67550.56936135705	300	7.489696835721984	0.0	139857	2139.3911718790478	0.3
67552.93809405278	300	9.12096413998631	0.0	155432	2368.7326957356745	0.3
67555.50441450314	300	10.554643689616892	0.0	163442	2566.320450369418	0.3
67557.53819252794	300	12.520865664823758	0.0	126289	2033.7780247931348	0.3
67564.04204211372	300	10.017016079038823	0.0	153295	6503.849585784934	0.3
67569.56112609246	300	8.497932100290456	0.0	173849	5519.083978748367	0.3
67572.00551328498	300	10.053544907766884	0.0	150710	2444.387192523573	0.3
67574.58373857186	300	11.475319620877428	0.0	139105	2578.225286889455	0.3
67580.35668539605	300	9.702372796701521	0.0	141840	5772.946824175905	0.3
67583.52203688968	300	10.537021303064277	0.0	156148	3165.3514936372453	0.3
67590.35199358404	300	7.70706460869575	0.0	160746	6829.956694368528	0.3
67597.73574234935	300	4.323315843395023	0.0	179801	7383.7487653007265	0.3
67601.11537440366	300	4.943683789090668	0.0	140051	3379.6320543043544	0.3
67603.88807389743	300	6.170984295321114	0.0	138313	2772.6994937695545	0.3
67612.6638707643	300	4.0	2.6048125715638344	143509	8775.796866884948	-10.900694057724486
67618.16707900775	300	4.0	1.5032082434390568	150616	5503.208243439057	-6.163795446787944
67621.79296592905	300	4.374113078692831	0.0	165384	3625.8869213071684	0.3
67624.89350053555	300	5.27357847219719	0.0	140881	3100.5346064956416	0.3
67628.52570941582	300	5.641369591939117	0.0	157671	3632.208880258073	0.3
67633.16897151191	300	4.99810749582585	0.0	157812	4643.262096113268	0.3
67638.64903797604	300	4.0	0.48195896829356755	163927	5480.066464119417	-1.7724235636623404
67642.00255350061	300	4.646484475439662	0.0	137654	3353.5155245603382	0.3
67645.78499505865	300	4.864042917391281	0.0	146754	3782.441558048381	0.3
67649.04457991857	300	5.6044580574818745	0.0	153938	3259.584859909406	0.3
67652.22659479978	300	6.422443176260587	0.0	181901	3182.014881221287	0.3
67654.11548017315	300	8.533557802908447	0.0	111155	1888.8853733521391	0.3
67656.69517733273	300	9.953860643322686	0.0	153605	2579.6971595857613	0.3
67659.20040677185	300	11.448631204203474	0.0	149029	2505.2294391192113	0.3
67661.92471200178	300	12.72432597427604	0.0	157421	2724.305229927435	0.3
67664.67784758368	300	13.97119039237442	0.0	157488	2753.1355819016203	0.3
67667.22912425824	300	15.419913717809461	0.0	143881	2551.2766745649583	0.3
67670.15538195374	300	16.493656022335383	0.0	163444	2926.2576954740753	0.3
67673.23285042116	300	17.416187554907737	0.0	179328	3077.4684674276464	0.3
67681.30735058195	300	13.34168739413067	0.0	159914	8074.500160777068	0.3
67684.23336449197	300	14.415673484105232	0.0	131610	2926.013910025436	0.3
67688.21665655282	300	14.43238142325084	0.0	124011	3983.2920608543936	0.3
67692.87400880925	300	13.77502916683558	0.0	144254	4657.352256415259	0.3
67697.15067033657	300	13.498367639493045	0.0	149991	4276.661527342535	0.3
67700.63638852228	300	14.012649453783823	0.0	147968	3485.7181857092214	0.3
67703.9843090514	300	14.664728924657922	0.0	161857	3347.9205291259004	0.3
67706.79449886823	300	15.854539107838821	0.0	145210	2810.1898168191005	0.3
67710.14345228834	300	16.505585687730107	0.0	172312	3348.953420108713	0.3
67713.09599361126	300	17.553044364793124	0.0	167025	2952.541322936985	0.3
67715.98738779812	300	18.66165017793593	0.0	160064	2891.3941868571974	0.3
67718.54609146604	300	20.102946510013037	0.0	137507	2558.7036679228922	0.3
67720.76075055292	300	21.888287423136752	0.0	118421	2214.6590868762814	0.3

