68886.74577283564	750	4.0	1.755435274857873	450283	1755.435274857873	-6.798371681888853
68887.40466260066	300	7.341110234980251	0.0	155580	658.8897650197498	-0.15000000000000002
68888.00504944901	300	10.740723386629774	0.0	139857	600.3868483504764	0.3
68888.66338852831	300	14.082384307335843	0.0	155432	658.3390792939307	0.3
68890.27474506886	750	16.47102776676962	0.0	411561	1611.3565405662246	0.3
68891.54007376858	750	19.205699067041177	0.0	318564	1265.3286997284454	0.75
68893.71041352935	1200	21.03535930627366	0.0	561791	2170.3397607675165	0.75
68896.3065746367	1200	22.439198198908958	0.0	709534	2596.161107364699	1.2
68898.88287723364	1850	23.862895601989088	0.0	852833	2576.302596919873	1.2000000000000002
68901.5829209495	1850	25.162851886118982	0.0	913888	2700.043715870102	1.85
68905.54630159926	2850	25.19947123636276	0.0	1354548	3963.380649756223	1.85
68908.25649421167	1850	26.48927862396028	0.0	917428	2710.192612402478	0.8500000000000001
68912.41588904358	2850	26.329883792052904	0.0	1422919	4159.394831907379	1.85
68916.95690855123	2850	25.78886428441153	0.0	1578343	4541.019507641375	2.85
68920.36696103468	2850	26.3788118009542	0.0	1231445	3410.0524834573303	2.85
68924.42498981924	2850	26.320783016414772	0.0	1471065	4058.0287845394296	2.85
68928.5386193079	2850	26.207153527733162	0.0	1491626	4113.6294886816095	2.85
68932.29306570589	2850	26.452707129741935	0.0	1358801	3754.4463979912243	2.85
68936.26731204976	2850	26.478460785875626	0.0	1537156	3974.2463438663112	2.85
68940.87833440801	2850	25.867438427621984	0.0	1336050	4611.022358253642	2.85
68944.05268213773	2850	26.693090697913515	0.0	1415116	3174.3477297084696	2.85
68947.34294359689	2850	27.402829238763893	0.0	1468126	3290.2614591496217	2.85
68950.71549702536	2850	28.030275810291723	0.0	1505760	3372.553428472171	2.85
68953.69058509634	2850	29.055187739309048	0.0	1323990	2975.0880709826724	2.85
68956.79631390993	2850	29.949458925721927	0.0	1383735	3105.7288135871186	2.85
68960.56804847665	4300	30.177724359005545	0.0	2105231	3771.734566716384	2.8499999999999996
68964.37499581066	4300	30.370777024992528	0.0	2395588	3806.947334013016	4.3
68967.51959045444	4300	31.226182381202296	0.0	1972048	3144.5946437902326	4.3
68970.74649979145	4300	31.99927304419752	0.0	2134614	3226.909337004777	4.3
68974.01693720663	4300	32.72883562900886	0.0	2164140	3270.437415188657	4.3
68977.2122670895	4300	33.533505746138644	0.0	2113193	3195.3298828702223	4.3
68980.45869226675	4300	34.28708056889143	0.0	2147852	3246.4251772472144	4.3
68983.76883655919	4300	34.976936276448676	0.0	2191074	3310.1442924427583	4.3
68986.66923324659	4300	36.07653958904332	0.0	2286761	2900.3966874053494	4.3
68989.8266799518	4300	36.91909288384093	0.0	2307787	3157.446705202392	4.3
68992.89560936757	4300	37.85016346807115	0.0	2143948	3068.929415769781	4.3
68995.43220221954	4300	39.31357061609129	0.0	1919781	2536.592851979863	4.3
68998.0838791347	4300	40.661893700943395	0.0	2147467	2651.6769151478925	4.3
69000.89172972892	4300	41.85404310671748	0.0	2133870	2807.8505942259158	4.3
69004.7407526895	4300	42.00502014614886	0.0	2146120	3849.022960568616	4.3
69008.52369147724	4300	42.22208135840527	0.0	2108491	3782.938787743593	4.3
69012.44024220972	4300	42.30553062592416	0.0	2184571	3916.5507324811015	4.3
69016.2467791008	4300	42.49899373484937	0.0	2121928	3806.536891074796	4.3
69020.22397328838	4300	42.52179954727191	0.0	2219102	3977.1941875774587	4.3
69024.03581742573	4300	42.70995540991692	0.0	2124950	3811.844137354985	4.3
69041.906184708	4300	28.83958812764094	0.0	2246506	17870.367282275984	4.3
69058.39530031056	2850	16.350472525093394	0.0	1231456	16489.115602547547	1.4000000000000001
69062.3317201068	750	16.414052728845906	0.0	314107	3936.419796247488	-1.35

