85667.29908790441	750	4.0	5.045161072659697	450283	5045.161072659697	-20.944192612436698
85668.99395604667	300	6.305131857738659	0.0	155580	1694.8681422613408	-0.15000000000000002
85670.4534676955	300	8.84562020891973	0.0	139857	1459.5116488189292	0.3
85672.08958463218	750	11.209503272239425	0.0	382355	1636.1169366803044	0.3
85676.22617602111	1850	11.072911883296802	0.0	996749	4136.591388942624	0.75
85679.56633979839	1850	11.732748106013252	0.0	801058	3340.1637772835493	1.85
85683.33162501217	1850	11.967462892224846	0.0	905515	3765.285213788406	1.85
85687.72761874007	1850	11.571469164329864	0.0	1060487	4395.993727894983	1.85
85691.13787358456	1850	12.161214319832457	0.0	852833	3410.2548444974072	1.85
85696.18684021664	1850	11.112247687762615	0.0	913888	5048.966632069843	1.85
85698.79727063217	1850	12.50181727221621	0.0	939819	2610.4304155464047	1.85
85701.34741404839	1850	13.951673856011697	0.0	917428	2550.1434162045107	1.85
85705.25837344624	2850	14.040714458154179	0.0	1422919	3910.9593978575176	1.85
85717.1260740486	2850	6.173013855783287	0.0	1578343	11867.700602370893	2.85
85717.9287132728	300	9.37037463158165	0.0	140051	802.6392242016366	-2.25
85720.51899931119	1200	10.780088593218508	0.0	587876	2590.286038363141	0.29999999999999993
85722.52400876221	1200	12.775079142182467	0.0	617242	2005.0094510360418	1.2
85725.12768665617	1850	14.171401248230612	0.0	885714	2603.677893951856	1.2000000000000002
85729.3732681318	2850	13.925819772586237	0.0	1537156	4245.581475644375	1.85
85733.09929835357	2850	14.199789550823002	0.0	1336050	3726.0302217632334	2.85
85737.10003425667	2850	14.199053647726718	0.0	1415116	4000.7359030962853	2.85
85741.15373488223	2850	14.145353022163972	0.0	1468126	4053.7006255627457	2.85
85745.60390468998	2850	13.695183214413552	0.0	1505760	4450.16980775042	2.85
85749.70645568219	2850	13.592632222214316	0.0	1323990	4102.550992199234	2.85
85754.1567430607	2850	13.142344843703446	0.0	1383735	4450.28737851087	2.85
85759.2921981199	2850	12.00688978449484	0.0	1480464	5135.455059208604	2.85
85765.16915448727	1850	10.129933417142082	0.0	1076599	5876.95636735276	0.8500000000000001
85766.67057400502	1200	12.62851389938908	0.0	487160	1501.4195177530025	0.5499999999999999
85772.15623768611	1850	11.142850218293077	0.0	972798	5485.663681096003	1.2000000000000002
85777.63029234207	1850	9.66879556234296	0.0	975811	5474.054655950118	1.85
85779.47509586801	1200	11.823992036399224	0.0	570392	1844.8035259437338	0.5499999999999999
85782.22739387644	1850	13.071694027963481	0.0	954453	2752.2980084357423	1.2000000000000002
85786.98868233415	2850	12.310405570258707	0.0	1358081	4761.288457704776	1.85
85790.07361406233	1850	13.2254738420721	0.0	1035329	3084.931728186607	0.8500000000000001
85794.50638477934	2850	12.792703125076283	0.0	1492672	4432.770716995818	1.85
85797.49419346507	1850	13.804894439340185	0.0	943942	2987.808685736098	0.8500000000000001
85802.99302004812	2850	12.306067856294508	0.0	1139291	5498.826583045677	1.85
85805.670396936	1850	13.628690968405046	0.0	938587	2677.376887889463	0.8500000000000001
85809.54580903218	2850	13.75327887223711	0.0	1427478	3875.4120961679355	1.85
85813.5691662334	2850	13.729921671010555	0.0	1402287	4023.3572012265568	2.85
85818.1185281175	2850	13.18055978691929	0.0	1339500	4549.361884091263	2.85
85822.75380552234	2850	12.545282382078625	0.0	1527299	4635.277404840664	2.85
85826.6012220929	1850	12.697865811518104	0.0	886255	3847.4165705605205	0.8500000000000001
85829.44998752067	1850	13.84910038375259	0.0	973972	2848.765427765513	1.85
85833.75709799642	2850	13.541989907995806	0.0	1464921	4307.1104757567855	1.85
85838.14313468075	2850	13.155953223677377	0.0	1483527	4386.036684318427	2.85
85845.25786424667	2850	10.041223657751763	0.0	1231456	7114.729565925614	2.85
85847.02694981861	1200	12.272138085804496	0.0	550906	1769.0855719472672	-0.44999999999999996

