59509.198465143905	750	4.0	1.0320529438234722	450283	1032.0529438234723	-3.6878276584409306
59510.737417672586	1200	6.4610474713118835	0.0	611087	1538.9525286881162	0.75
59512.88053787252	1200	8.317927271379519	0.0	571051	2143.1201999323653	1.2
59515.515648026776	1850	9.682817117124808	0.0	933276	2635.1101542547112	1.2000000000000002
59517.94641301053	1850	11.252052133375509	0.0	996749	2430.7649837492977	1.85
59522.72511147219	1850	10.473353671718458	0.0	801058	4778.698461657051	1.85
59524.74366052088	1850	12.454804623025913	0.0	905515	2018.549048692544	1.85
59527.09007672678	1850	14.108388417126841	0.0	1060487	2346.416205899072	1.85
59528.92701224074	1850	16.271452903169717	0.0	852833	1836.9355139571255	1.85
59530.87626689333	1850	18.322198250579	0.0	913888	1949.2546525907167	1.85
59532.81796403367	1850	20.38050111023475	0.0	939819	1941.6971403442506	1.85
59537.381721452875	4300	19.816743691027433	0.0	2102452	4563.757419207313	1.8499999999999996
59542.07220303095	4300	19.126262112950037	0.0	2209463	4690.481578077398	4.3
59547.08282481231	4300	18.11564033159159	0.0	2275376	5010.62178135845	4.3
59551.85177628246	4300	17.34668886143714	0.0	2005399	4768.9514701544485	4.3
59558.10978426036	4300	15.088680883534856	0.0	2152483	6258.007977902286	4.3
59564.368916257336	4300	12.829548886561108	0.0	2289689	6259.131996973748	4.3
59568.600800844346	4300	12.59766429954562	0.0	2059512	4231.884587015488	4.3
59573.89034283228	4300	11.308122311614753	0.0	2220726	5289.541987930869	4.3
59579.174421434094	4300	10.024043709801886	0.0	2156729	5284.0786018128665	4.3
59585.65060652159	4300	7.547858622314964	0.0	2039773	6476.185087486921	4.3
59588.69658347663	2850	8.501881667263675	0.0	1468126	3045.976955051289	1.4000000000000001
59591.88320467621	2850	9.31526046768196	0.0	1505760	3186.6211995817157	2.85
59595.81215745353	2850	9.38630769036326	0.0	1323990	3928.9527773186974	2.85
59598.54549982434	2850	10.652965319556209	0.0	1383735	2733.3423708070522	2.85
59604.124487772235	2850	9.0739773716619	0.0	1480464	5578.987947894309	2.85
59607.70788907884	2850	9.490576065051497	0.0	1547572	3583.4013066104035	2.85
59609.92050385244	2850	11.277961291455775	0.0	1141971	2212.6147735957215	2.85
59613.808794190845	2850	11.38967095304667	0.0	1498470	3888.2903384091046	2.85
59617.26532730456	2850	11.933137839339752	0.0	1561263	3456.5331137069193	2.85
59620.437732031656	2850	12.760733112240732	0.0	1341201	3172.4047270990195	2.85
59623.553693453905	2850	13.644771689990787	0.0	1497683	3115.961422249945	2.85
59626.55592612804	2850	14.64253901585159	0.0	1358081	3002.2326741391967	2.85
59632.736487417824	4300	12.461977726074737	0.0	2286761	6180.5612897768515	2.8499999999999996
59637.32777246787	4300	11.870692676036386	0.0	2307787	4591.285050038353	4.3
59644.30382406028	4300	8.894641083628269	0.0	2143948	6976.051592408117	4.3
59648.167206709295	2850	9.031258434612177	0.0	1139291	3863.382649016091	1.4000000000000001
59653.37615067373	2850	7.822314470185561	0.0	1499009	5208.943964426616	2.85
59656.244499491186	2850	8.95396565272669	0.0	1427478	2868.3488174588697	2.85
59659.60024561081	2850	9.598219533102139	0.0	1402287	3355.7461196245513	2.85
59663.083097825955	2850	10.115367317960665	0.0	1339500	3482.8522151414745	2.85
59666.32052317434	2850	10.87794196957729	0.0	1527299	3237.4253483833763	2.85
59669.05732722629	2850	12.141137917628766	0.0	1343002	2736.804051948522	2.85
59673.732617045236	2850	11.465848098676982	0.0	1587250	4675.289818951783	2.85
59676.80089424154	2850	12.397570902372124	0.0	1464921	3068.27719630486	2.85
59681.47664952444	4300	11.721815619474379	0.0	2246506	4675.755282897744	2.8499999999999996
59687.417171605135	4300	9.781293538785906	0.0	1961140	5940.522080688472	4.3
59691.712793276085	4300	9.485671867829701	0.0	2155012	4295.621670956205	4.3

