43059.20345932415	750	4.0	5.194358296586338	450283	5194.358296586338	-21.58574067532125
43061.050552160836	300	6.152907163310846	0.0	155580	1847.0928366891542	-0.15000000000000002
43062.71906162774	300	8.48439769640742	0.0	139857	1668.5094669034263	0.3
43064.56447346597	300	10.638985858174559	0.0	155432	1845.4118382328618	0.3
43066.5008636666	300	12.702595657543702	0.0	163442	1936.3902006308574	0.3
43068.01526646421	300	15.188192859930663	0.0	126289	1514.402797613039	0.3
43072.10060874546	750	15.10285057868798	0.0	352642	4085.342281242684	0.3
43077.145937442416	750	14.057521881730118	0.0	437162	5045.328696957862	0.75
43081.482475411896	750	13.720983912248474	0.0	374758	4336.537969481643	0.75
43085.683136458865	750	13.520322865284585	0.0	362795	4200.661046963889	0.75
43089.77504372057	750	13.428415603584217	0.0	353220	4091.907261700367	0.75
43094.4565952651	750	12.746864059046205	0.0	405134	4681.5515445380115	0.75
43098.924807660966	750	12.278651663187539	0.0	386351	4468.212395858668	0.75
43101.04700498151	300	14.156454342647967	0.0	179801	2122.197320539572	-0.15000000000000002
43104.95535402664	750	14.24810529751614	0.0	337059	3908.3490451318276	0.3
43109.19484840957	750	14.008610914592358	0.0	366214	4239.494382923782	0.75
43113.373202152696	750	13.83025717146738	0.0	360831	4178.353743124979	0.75
43117.68935233685	750	13.514106987317122	0.0	372963	4316.150184150258	0.75
43122.37615132251	750	12.827308001652035	0.0	405596	4686.798985665087	0.75
43124.05629148144	300	15.147167842726695	0.0	140881	1680.1401589253423	-0.15000000000000002
43128.52587820712	750	14.67758111704903	0.0	386472	4469.586725677664	0.3
43133.14791331982	750	14.055546004341917	0.0	399894	4622.0351127071135	0.75
43137.792198945885	750	13.41126037828428	0.0	401853	4644.2856260576345	0.75
43141.77711292747	750	13.426346396707398	0.0	343800	3984.913981576882	0.75
43145.94492635594	750	13.25853296822728	0.0	359903	4167.813428480118	0.75
43150.33759604415	750	12.865863280022678	0.0	379700	4392.669688204602	0.75
43155.253658231435	750	11.949801092734178	0.0	425781	4916.0621872885	0.75
43156.59616757879	300	14.60729174537473	0.0	111155	1342.5093473594482	-0.15000000000000002
43161.223904456536	750	13.979554867633437	0.0	400396	4627.736877741295	0.3
43165.85291344121	750	13.350545882952243	0.0	400508	4629.0089846811925	0.75
43169.868540780015	750	13.334918544149492	0.0	358218	4015.627338802751	0.75
43174.085303226835	750	13.118156097325752	0.0	400322	4216.762446823742	0.75
43175.64978670101	300	15.553672623155073	0.0	143881	1564.483474170678	-0.15000000000000002
43179.989207361315	750	15.21425196284412	0.0	412837	4339.420660310952	0.3
43184.20740842809	750	14.996050896072491	0.0	401088	4218.2010667716295	0.75
43191.0352260144	750	12.16823330976492	0.0	365161	6827.817586307569	0.75
43192.92873426357	300	14.274725060591493	0.0	131610	1893.508249173429	-0.15000000000000002
43197.9908869124	750	13.212572411762444	0.0	361565	5062.152648829047	0.3
43200.05862203113	300	15.14483729303086	0.0	144254	2067.7351187315844	-0.15000000000000002
43205.521962224026	750	13.681497100134614	0.0	390680	5463.3401928962485	0.3
43210.36296910969	750	12.840490214476937	0.0	345516	4841.006885657675	0.75
43215.74122144118	750	11.462237882979109	0.0	384505	5378.252331497829	0.75
43217.82212967659	300	13.381329647567865	0.0	145210	2080.9082354112425	-0.15000000000000002
43223.25608322473	750	11.947376099417616	0.0	438281	5433.953548150251	0.3
43225.288997985095	300	13.914461339060733	0.0	167025	2032.9147603568829	-0.15000000000000002
43229.973492188285	750	13.229967135872096	0.0	393804	4684.494203188636	0.3
43233.92427973602	750	13.279179588137161	0.0	331053	3950.7875477349326	0.75
43235.38889951651	300	15.814559807647878	0.0	118421	1464.6197804892827	-0.15000000000000002

