7897.756821365335	750	4.0	2.836549875244886	450283	2836.549875244886	-11.44716446355301
7898.696875095199	300	7.059946270136088	0.0	155580	940.0537298639119	-0.15000000000000002
7900.716180719835	750	9.040640645499126	0.0	350812	2019.3056246369626	0.3
7904.210751023963	1200	9.546070341372175	0.0	617681	3494.5703041269508	0.75
7911.672075552444	1200	6.08474581289171	0.0	652874	7461.324528480464	1.2
7912.506915937875	300	9.249905427460726	0.0	126289	834.840385430984	-0.6000000000000001
7915.477887271415	1200	10.27893409392068	0.0	561791	2970.971333540044	0.29999999999999993
7918.059635623678	1200	11.697185741657984	0.0	709534	2581.7483522626967	1.2
7921.146642409125	1850	12.610178956211124	0.0	852833	3087.0067854468602	1.2000000000000002
7924.4489232274545	1850	13.307898137881557	0.0	913888	3302.280818329568	1.85
7933.490722265116	2850	8.266099100219847	0.0	1354548	9041.799037661709	1.85
7937.24770846638	750	8.509112898955555	0.0	405134	3756.986201264293	-1.35
7941.240801021789	750	8.516020343547652	0.0	386351	3993.0925554079017	0.75
7945.485733395349	750	8.27108796998741	0.0	434409	4244.932373560243	0.75
7947.431634244714	750	10.32518712062177	0.0	337059	1945.9008493656409	0.75
7955.3190156309765	1200	6.4378057343591735	0.0	587876	7887.381386262596	0.75
7956.623725099142	300	9.133096266194016	0.0	143509	1304.7094681651583	-0.6000000000000001
7962.181637446922	1200	7.575183918414433	0.0	581493	5557.912347779582	0.29999999999999993
7965.96459327532	750	7.792228090016151	0.0	405596	3782.9558283982833	0.3
7968.5362348275685	750	9.220586537767504	0.0	350713	2571.6415522486463	0.75
7973.438686450283	1200	8.31813491505298	0.0	601738	4902.451622714523	0.75
7976.223146547114	750	9.533674818221629	0.0	399894	2784.460096831352	0.3
7979.977108999856	1200	9.77971236548005	0.0	656471	3753.9624527415795	0.75
7984.297324260006	1200	9.45949710532977	0.0	536667	4320.215260150278	1.2
7986.5194269545755	1200	11.237394410759473	0.0	587236	2222.1026945702974	1.2
7989.845702113507	1850	11.911119251828422	0.0	905935	3326.275158931051	1.2000000000000002
7992.862401739874	1850	12.89441962546227	0.0	1076599	3016.6996263661536	1.85
7995.475007005833	1850	14.2818143595041	0.0	758197	2612.6052659581696	1.85
7999.243772460456	2850	14.513048904880032	0.0	1498470	3768.7654546240688	1.85
8005.4461577469865	2850	12.310663618349452	0.0	1561263	6202.385286530579	2.85
8007.293686837631	1850	14.463134527704302	0.0	873429	1847.5290906451498	0.8500000000000001
8009.752938374811	2850	16.00388299052516	0.0	1497683	2459.251537179142	1.85
8014.746535444486	4300	15.010285920850373	0.0	2191074	4993.597069674786	2.8499999999999996
8020.8117227573675	4300	12.945098607968998	0.0	2286761	6065.187312881376	4.3
8023.510362687669	1850	14.246458677667382	0.0	1026056	2698.639930301614	-0.6000000000000001
8026.709552041702	2850	15.047269323633843	0.0	1439896	3199.189354033538	1.85
8030.948297157513	4300	14.808524207822801	0.0	1919781	4238.745115811044	2.8499999999999996
8034.275540648988	2850	15.481280716348097	0.0	1499009	3327.2434914747037	1.4000000000000001
8038.978058238376	4300	14.778763126958623	0.0	2133870	4702.517589389474	2.8499999999999996
8041.033801885187	2850	16.723019480149002	0.0	1402287	2055.74364680962	1.4000000000000001
8043.60403520814	4300	18.15278615719603	0.0	2108491	2570.2333229529727	2.8499999999999996
8046.240991811182	4300	19.51582955415434	0.0	2184571	2636.9566030416877	4.3
8051.5071315788555	4300	18.249689786480413	0.0	2121928	5266.13976767393	4.3
8055.7162103377295	4300	18.040611027606495	0.0	2219102	4209.078758873919	4.3
8059.5823783077185	4300	18.174443057617346	0.0	2124950	3866.167969989147	4.3
8065.4119773412685	4300	16.344844024067747	0.0	2246506	5829.599033549599	4.3
8074.610760898358	4300	11.146060466977634	0.0	1961140	9198.783557090115	4.3
8077.781855429737	1850	11.97496593559923	0.0	846370	3171.0945313784027	-0.6000000000000001

