33422.4060718121	750	4.0	8.31709484430074	450283	8317.09484430074	-35.01350783049318
33424.284707322	300	6.121364490108309	0.0	155580	1878.635509891691	-0.15000000000000002
33426.726420519066	300	7.679651293041755	0.0	139857	2441.713197066554	0.3
33429.14605502906	300	9.26001678304773	0.0	155432	2419.634509994026	0.3
33433.478655989886	300	8.927415822220752	0.0	163442	4332.600960826979	0.3
33435.34658790736	300	11.059483904742907	0.0	126289	1867.9319174778445	0.3
33437.21098395785	300	13.195087854259322	0.0	153295	1864.3960504835843	0.3
33442.6954306077	750	11.710641204410681	0.0	437162	5484.44664984864	0.3
33444.42197096513	300	13.984100846978356	0.0	150710	1726.540357432327	-0.15000000000000002
33448.691698351075	750	13.714373461037566	0.0	362795	4269.727385940791	0.3
33453.15816388447	750	13.247907927637405	0.0	353220	4466.46553340016	0.75
33458.97203614225	750	11.434035669862112	0.0	405134	5813.872257775292	0.75
33460.895473994016	300	13.510597818102651	0.0	160746	1923.437851759461	-0.15000000000000002
33469.95889065973	750	8.447181152383944	0.0	434409	9063.416665718707	0.3
33474.31049042855	300	8.095581383566556	0.0	140051	4351.599768817388	-0.15000000000000002
33476.591052562224	300	9.815019249890836	0.0	138313	2280.56213367572	0.3
33479.06759342218	300	11.338478389937496	0.0	143509	2476.5408599533403	0.3
33481.35954538972	300	13.046526422397356	0.0	150616	2291.9519675401407	0.3
33490.2394750829	750	8.166596729218897	0.0	405596	8879.92969317846	0.3
33493.01093848883	300	9.395133323284378	0.0	140881	2771.4634059345162	-0.15000000000000002
33495.357799645855	300	11.048272166257512	0.0	157671	2346.861157026868	0.3
33497.23265504308	300	13.173416769033697	0.0	157812	1874.855397223815	0.3
33501.83375610086	750	12.572315711256461	0.0	401853	4601.101057777233	0.3
33503.472693534386	300	14.933378277729155	0.0	137654	1638.9374335273076	-0.15000000000000002
33508.91707699543	750	13.488994816686178	0.0	359903	5444.383461042977	0.3
33516.32066095234	750	10.085410859773477	0.0	379700	7403.583956912701	0.75
33518.91929483655	300	11.486776975559614	0.0	181901	2598.6338842138625	-0.15000000000000002
33520.41233654387	300	13.993735268246077	0.0	111155	1493.041707313537	0.3
33528.34355296711	750	10.062518845001772	0.0	400396	7931.216423244305	0.3
33530.81325546591	300	11.592816346206277	0.0	149029	2469.7024987954956	-0.15000000000000002
33532.72567929358	300	13.68039251853299	0.0	157421	1912.4238276732858	0.3
33537.68985270586	750	12.716219106260828	0.0	400322	4964.17341227216	0.3
33539.46800724356	300	14.938064568558119	0.0	143881	1778.1545377027112	-0.15000000000000002
33544.276357084615	750	14.129714727505077	0.0	412837	4808.349841053043	0.3
33549.337271777615	750	13.068800034508065	0.0	401088	5060.914692997009	0.75
33554.65220726199	750	11.753864550126814	0.0	365161	5314.9354843812525	0.75
33556.231836157676	300	14.174235654439528	0.0	131610	1579.6288956872852	-0.15000000000000002
33561.742605208536	750	12.663466603581055	0.0	361565	5510.769050858473	0.3
33566.669080328444	300	11.736991483679015	0.0	144254	4926.475119902041	-0.15000000000000002
33571.082767723114	300	11.323304089007658	0.0	149991	4413.687394671355	0.3
33573.3178702696	300	13.088201542513335	0.0	147968	2235.102546494324	0.3
33579.127425843304	750	11.278645968808682	0.0	384505	5809.555573704654	0.3
33582.476744602485	300	11.929327209625178	0.0	145210	3349.318759183504	-0.15000000000000002
33587.32996024123	300	11.076111570885631	0.0	172312	4853.215638739548	0.3
33590.11645553051	300	12.289616281601845	0.0	167025	2786.4952892837855	0.3
33592.18430795125	300	14.221763860858578	0.0	160064	2067.8524207432656	0.3
33595.97468221238	750	14.431389599733883	0.0	331053	3790.3742611246935	0.3
33599.74275581827	750	14.66331599383589	0.0	314107	3768.0736058979924	0.75

