36613.963299314106	750	4.0	7.094420486016548	450283	7094.420486016548	-29.756008089871155
36616.4522828345	300	5.511016479600314	0.0	155580	2488.983520399686	-0.15000000000000002
36618.697813161096	300	7.2654861529996015	0.0	139857	2245.5303266007127	0.3
36621.18450506586	300	8.778794248238297	0.0	155432	2486.6919047613055	0.3
36623.66697377923	300	10.296325534865172	0.0	163442	2482.468713373123	0.3
36625.44608341801	300	12.517215896085235	0.0	126289	1779.1096387799385	0.3
36627.58853550867	300	14.374763805429906	0.0	153295	2142.4520906553275	0.3
36630.007523952576	300	15.95577536152542	0.0	173849	2418.9884439044854	0.3
36635.12956981571	750	14.833729498386969	0.0	374758	5122.045863138453	0.3
36639.502992613954	750	14.460306700137725	0.0	362795	4373.422798249244	0.75
36642.754591536956	750	15.20870777713914	0.0	353220	3251.598922998585	0.75
36646.15188261188	750	15.811416702214345	0.0	405134	3397.291074924795	0.75
36649.39537598466	750	16.567923329433317	0.0	386351	3243.493372781029	0.75
36652.857754689234	750	17.10554462486374	0.0	434409	3462.378704569577	0.75
36655.08020175446	750	18.88309755963212	0.0	337059	2222.4470652316186	0.75
36658.209180140984	1200	19.754119173111395	0.0	587876	3128.9783865207246	0.75
36661.49046326405	1200	20.472836050050024	0.0	617242	3281.283123061369	1.2
36664.57350232097	1200	21.389796993126982	0.0	581493	3083.0390569230385	1.2
36667.9479291142	1200	22.015370199894715	0.0	639204	3374.4267932322687	1.2
36672.853694171514	1850	21.109605142581664	0.0	923755	4905.765057313051	1.2000000000000002
36679.67071846962	1850	18.292580844473683	0.0	891604	6817.024298107978	1.85
36683.525580843954	1850	18.437718470137803	0.0	955231	3854.8623743358794	1.85
36687.99964622457	1850	17.96365308952945	0.0	968026	4474.065380608351	1.85
36692.32148501868	1850	17.64181429541652	0.0	874175	4321.838794112934	1.85
36696.75881556803	1850	17.204483746061577	0.0	897976	4437.3305493549415	1.85
36701.234766296366	1850	16.728533017723773	0.0	905935	4475.950728337805	1.85
36706.53884546118	1850	15.424453852907588	0.0	1076599	5304.079164816187	1.85
36710.29791366627	1850	15.665385647822742	0.0	758197	3759.068205084844	1.85
36715.098309805755	1850	14.864989508336398	0.0	972798	4800.396139486344	1.85
36719.27504199289	1850	14.688257321200748	0.0	975811	4176.732187135651	1.85
36722.394264267714	1850	15.56903504638596	0.0	873429	3119.2222748147883	1.85
36725.77206908744	1850	16.19123022665911	0.0	954453	3377.8048197268536	1.85
36728.91011566423	1850	17.05318364986896	0.0	885062	3138.04657679015	1.85
36732.629796145484	1850	17.333503168615795	0.0	1035329	3719.6804812531645	1.85
36737.75714652586	2850	16.206152788242147	0.0	1492672	5127.35038037365	1.85
36742.73884486067	2850	15.224454453426464	0.0	1439896	4981.698334815683	2.85
36746.77864493931	2850	15.184654374788638	0.0	1139291	4039.8000786378266	2.85
36752.202991220205	2850	13.760308093890067	0.0	1499009	5424.3462808985705	2.85
36757.37231139131	2850	12.590987922787338	0.0	1427478	5169.320171102729	2.85
36762.45181927498	2850	11.51148003911058	0.0	1402287	5079.507883676759	2.85
36767.307475620786	2850	10.65582369330903	0.0	1339500	4855.656345801551	2.85
36772.83268290804	2850	9.13061640604784	0.0	1527299	5525.207287261189	2.85
36777.70082476973	2850	8.262474544364993	0.0	1343002	4868.141861682847	2.85
36783.51830048058	2850	6.444998833511309	0.0	1587250	5817.475710853685	2.85
36788.97717388456	2850	4.986125429539769	0.0	1464921	5458.87340397154	2.85
36794.3993912607	2850	4.0	0.4360919466027217	1483527	5422.21737614249	0.9748046296082968
36800.45119863212	1850	4.0	2.051807371422715	830730	6051.807371422715	-7.972771697117674
36809.06136623264	1200	4.0	4.6101676005226215	550906	8610.167600522622	-19.27372068224727

