80382.95616832728	750	4.0	3.991177100032641	450283	3991.1771000326407	-16.412061530140356
80384.40389372534	300	6.552274601929756	0.0	155580	1447.7253980702437	-0.15000000000000002
80385.74400129425	300	9.212167033007558	0.0	139857	1340.1075689221989	0.3
80390.68170081318	1200	8.274467514084042	0.0	617681	4937.699518923515	0.29999999999999993
80393.15472540996	750	9.801442917299255	0.0	411561	2473.024596784788	0.3
80396.19266118109	1200	10.763507146167473	0.0	520315	3037.9357711317803	0.75
80399.19396932723	1200	11.762199000030567	0.0	561791	3001.3081461369075	1.2
80404.40922546096	1850	10.546942866290879	0.0	1060487	5215.256133739687	1.2000000000000002
80407.17187591342	1200	11.784292413827034	0.0	584846	2762.650452463846	0.5499999999999999
80411.44382055647	1850	11.512347770790612	0.0	913888	4271.944643036422	1.2000000000000002
80415.83470900501	1850	11.121459322234719	0.0	939819	4390.888448555892	1.85
80420.13250732886	1850	10.823660998379456	0.0	917428	4297.798323855264	1.85
80424.18188223842	1200	10.774286088836268	0.0	624282	4049.374909543187	0.5499999999999999
80429.15235696212	1200	9.803811365137813	0.0	687371	4970.474723698455	1.2
80433.02258367633	1200	9.93358465092654	0.0	526950	3870.226714211272	1.2
80436.29090674598	1200	10.665261581268817	0.0	587876	3268.3230696577243	1.2
80439.71849519688	1200	11.237673130368163	0.0	617242	3427.5884509006537	1.2
80444.60213130266	1850	10.354037024592758	0.0	885714	4883.636105775405	1.2000000000000002
80448.14882982313	1200	10.807338504126715	0.0	639204	3546.6985204660436	0.5499999999999999
80451.41152876282	1200	11.544639564427069	0.0	586839	3262.6989396996464	1.2
80456.327109059	1850	10.62905926824368	0.0	891604	4915.580296183388	1.2000000000000002
80459.71289547882	1200	11.24327284843718	0.0	616206	3385.786419806499	0.5499999999999999
80464.97627207886	1850	9.979896248391244	0.0	968026	5263.376600045936	1.2000000000000002
80467.92990064857	1200	11.026267678686658	0.0	536667	2953.628569704587	0.5499999999999999
80472.81818863442	1850	10.137979692823832	0.0	897976	4888.287985862827	1.2000000000000002
80476.05918702207	1200	10.896981305189495	0.0	590335	3240.9983876343376	0.5499999999999999
80479.86799085919	1200	11.088177468067776	0.0	696376	3808.803837121718	1.2
80484.00782043816	1850	10.948347889084333	0.0	758197	4139.829578983446	1.2000000000000002
80487.42316943774	1200	11.53299888950972	0.0	622896	3415.348999574612	0.5499999999999999
80492.72823147477	1850	10.227936852469986	0.0	975811	5305.062037039734	1.2000000000000002
80495.86244339228	1200	11.093724934966321	0.0	570392	3134.2119175036632	0.5499999999999999
80501.05314222274	1850	9.903026104517922	0.0	954453	5190.698830448401	1.2000000000000002
80504.26208807011	1200	10.694080257133406	0.0	584349	3208.9458473845148	0.5499999999999999
80508.13969986922	1200	10.816468458026163	0.0	670129	3877.6117991072415	1.2
80512.28837005865	1200	10.667798268583308	0.0	690253	4148.670189442856	1.2
80515.89754370441	1200	11.058624622812044	0.0	598727	3609.173645771265	1.2
80520.27438262962	1850	10.68178569761122	0.0	728962	4376.838925200823	1.2000000000000002
80523.74718199884	1200	11.208986328377616	0.0	575591	3472.7993692336045	0.5499999999999999
80529.18327345762	1850	9.772894869608015	0.0	908665	5436.091458769601	1.2000000000000002
80534.66359025512	1200	8.292578072091167	0.0	587506	5480.316797516846	0.5499999999999999
80539.19808866475	750	7.758079662458763	0.0	345516	4534.498409632405	0.3
80543.74237846537	750	7.213789861845287	0.0	384505	4544.289800613476	0.75
80547.65322678398	750	7.302941543239387	0.0	372093	3910.8483186059	0.75
80552.30990923592	750	6.646259091289182	0.0	438281	4656.682451950205	0.75
80554.0347860719	300	8.921382255296306	0.0	167025	1724.8768359928754	-0.15000000000000002
80557.87281260792	750	9.083355719274925	0.0	393804	3838.026536021381	0.3
80563.97804112306	1200	6.978127204144255	0.0	538612	6105.22851513067	0.75
80565.15373875119	300	9.802429576015358	0.0	118421	1175.6976281288983	-0.6000000000000001

