41714.70100324736	750	4.0	4.898266882776664	450283	4898.266882776664	-20.31254759593965
41716.3566939855	300	6.344309261862531	0.0	155580	1655.6907381374697	-0.15000000000000002
41717.660951586695	300	9.040051660668011	0.0	139857	1304.2576011945214	0.3
41719.10154710547	300	11.599456141896216	0.0	155432	1440.5955187717943	0.3
41720.61225926757	300	14.088743979798965	0.0	163442	1510.7121620972496	0.3
41723.48085332054	750	15.220149926823915	0.0	318564	2868.59405297505	0.3
41726.64775386181	750	16.053249385553627	0.0	352642	3166.900541270287	0.75
41730.55451191793	750	16.146491329443464	0.0	437162	3906.7580561101654	0.75
41733.91500792534	750	16.785995322032633	0.0	374758	3360.4960074108303	0.75
41737.17078415696	750	17.53021909041486	0.0	362795	3255.77623161777	0.75
41740.3427443012	750	18.35825894616803	0.0	353220	3171.9601442468297	0.75
41743.5633159498	750	19.137687297561527	0.0	405134	3220.5716486065007	0.75
41748.35993589892	1200	18.341067348443445	0.0	624282	4796.6199491180805	0.75
41751.722013798775	750	18.978989448589797	0.0	434409	3362.07789985365	0.3
41755.78326407058	1200	18.917739176777104	0.0	526950	4061.2502718126943	0.75
41760.30482680859	1200	18.3961764387713	0.0	587876	4521.562738005807	1.2
41763.111002948324	750	19.59000029904562	0.0	360831	2806.1761397256787	0.3
41767.298621116235	1200	19.40238213112812	0.0	581493	4187.618167917501	0.75
41771.5520393685	1200	19.148963878862578	0.0	639204	4253.418252265543	1.2
41775.4635620025	1200	19.237441244865828	0.0	586839	3911.52263399675	1.2
41779.47236149731	1200	19.2286417500539	0.0	601738	4008.799494811927	1.2
41783.57562381662	1200	19.125379430738718	0.0	616206	4103.26231931518	1.2
41787.9417798067	1200	18.759223440658847	0.0	656471	4366.155990079869	1.2
41794.28111159835	1200	16.419891649011355	0.0	536667	6339.331791647493	1.2
41795.742932416615	300	18.958070830741498	0.0	146754	1461.8208182698568	-0.6000000000000001
41799.38995666801	750	19.311046579348115	0.0	379700	3647.024251393381	0.3
41803.44700541998	750	19.25399782738615	0.0	425781	4057.0487519619633	0.75
41806.1161147805	750	20.584888466861933	0.0	277716	2669.109360524221	0.75
41809.86954969688	750	20.831453550486607	0.0	400396	3753.4349163753254	0.75
41813.52221803655	750	21.178785210809796	0.0	400508	3652.6683396768117	0.75
41816.79764511243	750	21.903358134940277	0.0	358218	3275.4270758695166	0.75
41820.44865426849	750	22.252348978878224	0.0	400322	3651.009156062053	0.75
41825.74124720451	1200	20.95975604285246	0.0	584349	5292.5929360257605	0.75
41831.09056301712	750	19.610440230248575	0.0	412837	5349.315812603889	0.3
41835.55190827072	750	19.14909497664795	0.0	401088	4461.345253600622	0.75
41839.06267513494	750	19.638328112425253	0.0	365161	3510.7668642227018	0.75
41842.154150814444	750	20.546852432923558	0.0	321064	3091.4756795016956	0.75
41845.62551267394	750	21.07549057342193	0.0	361565	3471.3618595016274	0.75
41849.212346182336	750	21.488657065028747	0.0	378327	3586.8335083931847	0.75
41852.873845740476	750	21.827157506894924	0.0	390680	3661.499558133821	0.75
41856.12131118874	750	22.579692058629938	0.0	345516	3247.4654482649876	0.75
41862.87344736397	1200	19.827555883401523	0.0	641452	6752.136175228412	0.75
41868.27368587989	750	18.42731736748718	0.0	372093	5400.238515914345	0.3
41869.948106167634	300	20.752897079740038	0.0	172312	1674.4202877471425	-0.15000000000000002
41873.683805544766	750	21.017197702615437	0.0	398987	3735.6993771245984	0.3
41877.33550867852	750	21.365494568853034	0.0	393804	3651.7031337624044	0.75
41880.30391691425	750	22.397086333135448	0.0	331053	2968.408235717585	0.75
41885.04455305652	1200	21.65645019086889	0.0	550906	4740.6361422665605	0.75

