31827.756728524197	750	4.0	28.848673974780926	450283	28848.673974780926	-123.29929809155797
31830.823261486486	300	4.933467037711773	0.0	155580	3066.5329622882277	-0.15000000000000002
31833.560138631896	300	6.1965898923012155	0.0	139857	2736.8771454105567	0.3
31836.173602166924	300	7.583126357271921	0.0	155432	2613.463535029294	0.3
31842.034533728263	750	5.722194795933361	0.0	411561	5860.931561338561	0.3
31843.885921517754	300	7.870807006441442	0.0	126289	1851.3877894919187	-0.15000000000000002
31848.970275505653	750	6.786453018544328	0.0	352642	5084.353987897115	0.3
31851.626546089294	300	8.130182434904798	0.0	173849	2656.270583639529	-0.15000000000000002
31857.10191636598	750	6.654812158218096	0.0	374758	5475.370276686702	0.3
31859.311603008024	300	8.445125516173997	0.0	139105	2209.6866420441	-0.15000000000000002
31863.98126419777	750	7.775464326429472	0.0	353220	4669.6611897445255	0.3
31868.825114930016	750	6.931613594184386	0.0	405134	4843.850732245086	0.75
31883.019828357916	300	4.0	7.263099833717224	160746	14194.71342790161	-31.38132928498406
31889.952530641465	300	4.0	2.932702283548657	179801	6932.702283548657	-12.310619819259223
31895.93252425819	300	4.0	1.9799936167250862	140051	5979.993616725086	-8.21397255191787
31899.078786174206	300	4.853738083985345	0.0	138313	3146.2619160146555	0.3
31902.183850776113	300	5.748673482080182	0.0	143509	3105.064601905163	0.3
31905.31881184852	300	6.613712409673814	0.0	150616	3134.961072406368	0.3
31908.674930134468	300	7.25759412372585	0.0	165384	3356.1182859479636	0.3
31915.568942248916	750	4.363582009278875	0.0	350713	6894.012114446976	0.3
31918.724524299243	300	5.207999958952675	0.0	157671	3155.5820503262007	-0.15000000000000002
31921.848760751684	300	6.083763506510912	0.0	157812	3124.236452441763	0.3
31925.085369296125	300	6.847154962069208	0.0	163927	3236.6085444417045	0.3
31927.78210183068	300	8.150422427514705	0.0	137654	2696.732534554503	0.3
31934.89866341538	750	5.033860842813335	0.0	359903	7116.561584701369	0.3
31937.313741156526	300	6.618783101667688	0.0	153938	2415.0777411456475	-0.15000000000000002
31939.894247844855	300	8.038276413338789	0.0	181901	2580.506688328899	0.3
31943.791877849395	750	8.14064640879814	0.0	277716	3897.630004540649	0.3
31949.375931570816	750	6.5565926873774885	0.0	400396	5584.0537214206515	0.75
31951.50456248134	300	8.42796177685491	0.0	149029	2128.6309105225782	-0.15000000000000002
31956.340845637686	750	7.59167862050738	0.0	358218	4836.283156347531	0.3
31961.63051077275	750	6.302013485443204	0.0	400322	5289.665135064175	0.75
31963.582933046066	300	8.349591212127802	0.0	143881	1952.422273315403	-0.15000000000000002
31969.0144194001	750	6.918104858093381	0.0	412837	5431.48635403442	0.3
31971.39408837738	300	8.538435880815818	0.0	179328	2379.6689772775635	-0.15000000000000002
31976.139576462687	750	7.792947795507749	0.0	365161	4745.488085308069	0.3
31980.105170790623	750	7.827353467569624	0.0	321064	3965.594327938125	0.75
31983.941971595552	750	7.990552662640773	0.0	361565	3836.800804928852	0.75
31987.47117244111	750	8.46135181708363	0.0	378327	3529.2008455571417	0.75
31990.85416915137	750	9.078355106825947	0.0	390680	3382.996710257684	0.75
31995.246621930222	1200	8.68590232797215	0.0	566904	4392.452778853798	0.75
31998.238577045046	750	9.69394721315069	0.0	384505	2991.95511482146	0.3
32002.858570325672	1200	9.073953932522807	0.0	599477	4619.993280627884	0.75
32007.746535725735	1200	8.185988532461256	0.0	634861	4887.965400061552	1.2
32021.205973534383	750	4.0	5.273449276185942	398987	13459.437808647197	-22.37583188759955
32025.053642992283	300	4.152330542099057	0.0	160064	3847.6694579009427	-0.15000000000000002
32027.037403448467	300	6.16857008591667	0.0	137507	1983.7604561823869	0.3
32028.607228764715	300	8.598744769667999	0.0	118421	1569.8253162486712	0.3

