5402.489198735073	750	4.0	14.438038227681334	450283	14438.038227681334	-61.33356437902973
5407.251567990421	300	4.0	0.762369255348457	155580	4762.369255348457	-3.4281877979983655
5410.835901155884	300	4.415666834537039	0.0	139857	3584.333165462961	0.3
5419.636471027078	300	4.0	4.384903036657118	155432	8800.569871194157	-18.555083057625605
5430.713290177981	300	4.0	7.0768191509031695	163442	11076.81915090317	-30.130322348883627
5434.92692695821	300	4.0	0.21363678022865043	126289	4213.63678022865	-0.6186381549831967
5451.029330364792	300	4.0	12.102403406583024	153295	16102.403406583024	-51.740334648307005
5460.360747939745	300	4.0	5.331417574952102	173849	9331.417574952102	-22.625095572294036
5465.433595206857	300	4.0	1.0728472671118343	150710	5072.847267111834	-4.313243248580887
5467.132008151718	300	6.30158705513968	0.0	139105	1698.4129448603203	0.3
5468.8622413719395	300	8.571353834917634	0.0	141840	1730.2332202220468	0.3
5470.75894058846	300	10.674654618397383	0.0	156148	1896.6992165202494	0.3
5472.709135097892	300	12.724460108965538	0.0	160746	1950.1945094318469	0.3
5474.881024432559	300	14.5525707742987	0.0	179801	2171.8893346668374	0.3
5476.590443586008	300	16.84315162084891	0.0	140051	1709.4191534497877	0.3
5478.279642030654	300	19.153953176203032	0.0	138313	1689.1984446458825	0.3
5480.029293181253	300	21.404302025604853	0.0	143509	1749.6511505981794	0.3
5481.861630509911	300	23.571964696946054	0.0	150616	1832.3373286587973	0.3
5483.865785691054	300	25.567809515803905	0.0	165384	2004.1551811421532	0.3
5488.6295442316905	300	24.80405097516698	0.0	140881	4763.758540636922	0.3
5500.595015962313	300	16.838579244544427	0.0	157671	11965.471730622554	0.3
5510.924725119727	300	10.508870087130575	0.0	157812	10329.709157413852	0.3
5515.000976428822	300	10.432618778035636	0.0	163927	4076.2513090949396	0.3
5523.652667711951	300	5.780927494906782	0.0	137654	8651.691283128854	0.3
5525.954026835504	300	7.479568371353942	0.0	146754	2301.3591235528397	0.3
5529.210239380705	300	8.223355826152737	0.0	153938	3256.2125452012046	0.3
5542.537869950364	300	4.0	5.104274743506577	181901	13327.630569659315	-21.648381397078282
5543.809641121829	300	6.728228828535069	0.0	111155	1271.7711714649313	0.3
5549.29757461247	300	5.240295337893833	0.0	153605	5487.933490641236	0.3
5550.718765853798	300	7.819104096566017	0.0	149029	1421.1912413278162	0.3
5552.061190372922	300	10.476679577441539	0.0	157421	1342.4245191244784	0.3
5553.320190138846	300	13.217679811517899	0.0	157488	1258.999765923639	0.3
5554.431862873993	300	16.106007076370858	0.0	143881	1111.6727351470417	0.3
5562.865411298635	300	11.672458651728146	0.0	163444	8433.548424642711	0.3
5565.173164022811	300	13.364705927553208	0.0	179328	2307.752724174938	0.3
5566.3671638511805	300	16.170706099184027	0.0	159914	1193.9998283691812	0.3
5567.712343206346	300	18.825526744018287	0.0	131610	1345.1793551657374	0.3
5573.211458391643	300	17.32641155872081	0.0	124011	5499.115185297477	0.3
5574.049454437036	300	20.488415513327432	0.0	144254	837.9960453933772	0.3
5574.917596081944	300	23.62027386841916	0.0	149991	868.1416449082732	0.3
5575.760490607843	300	26.777379342520938	0.0	147968	842.8945258982227	0.3
5576.663043488629	300	29.874826461734745	0.0	161857	902.5528807861914	0.3
5577.480996767257	300	33.056873183106305	0.0	145210	817.9532786284366	0.3
5578.344719605824	300	36.19315034453938	0.0	172312	863.7228385669233	0.3
5579.183453003705	300	39.35441694665901	0.0	167025	838.7333978803731	0.3
5582.096524046938	300	40.44134590342607	0.0	160064	2913.0710432329465	0.3
5583.215047530534	300	43.32282241982918	0.0	137507	1118.5234835968847	0.3
5584.04806156912	300	46.489808381242966	0.0	118421	833.014038586208	0.3

