32809.1317593871	750	4.0	3.9084749231482796	450283	3908.4749231482797	-16.0564421695376
32811.14568304223	300	5.986076344868078	0.0	155580	2013.9236551319216	-0.15000000000000002
32813.030874725344	300	8.100884661757908	0.0	139857	1885.1916831101696	0.3
32815.409727972015	750	9.722031415090722	0.0	382355	2378.8532466671877	0.3
32820.9738022125	1200	8.15795717460544	0.0	652874	5564.074240485282	0.75
32822.54933485028	750	10.582424536825208	0.0	318564	1575.532637780232	0.3
32825.35341640735	1200	11.77834297975103	0.0	561791	2804.081557074178	0.75
32832.83200854529	1850	8.299750841813754	0.0	1060487	7478.592137937277	1.2000000000000002
32836.194930897014	750	8.936828490084823	0.0	374758	3362.9223517289315	-0.3500000000000001
32839.45305601935	750	9.678703367751215	0.0	362795	3258.1251223336067	0.75
32844.85403613362	1200	8.27772325348102	0.0	607410	5400.980114270196	0.75
32848.483055671684	750	8.648703715418193	0.0	405134	3629.0195380628275	0.3
32851.94753401107	750	9.184225376028975	0.0	386351	3464.4783393892176	0.75
32858.360243462696	1200	6.771515924408766	0.0	687371	6412.709451620209	0.75
32859.36015544932	300	9.771603937780073	0.0	140051	999.9119866286936	-0.6000000000000001
32863.79390190298	1200	9.337857484123305	0.0	587876	4433.7464536567695	0.29999999999999993
32868.46620763286	1200	8.665551754241323	0.0	617242	4672.305729881982	1.2
32870.394691666595	750	10.737067720507167	0.0	372963	1928.484033734155	0.3
32873.63186774536	1200	11.499891641745204	0.0	639204	3237.1760787619623	0.75
32879.21783950806	1850	9.913919879041877	0.0	923755	5585.971762703327	1.2000000000000002
32884.047733499014	1200	9.084025888088691	0.0	601738	4829.893990953186	0.5499999999999999
32887.64711395472	1200	9.484645432377826	0.0	616206	3599.380455710864	1.2
32892.92985479806	1200	8.201904589043654	0.0	656471	5282.740843334174	1.2
32895.285821026715	750	9.845938360385087	0.0	343800	2355.966228658567	0.3
32899.21373600809	1200	9.918023379011261	0.0	587236	3927.914981373825	0.75
32902.56964861908	1200	10.562110768020958	0.0	590335	3355.9126109903036	1.2
32907.46895912129	1200	9.662800265810336	0.0	696376	4899.310502210621	1.2
32910.93779121089	1200	10.193968176207651	0.0	487160	3468.832089602686	1.2
32915.34606530329	1200	9.785694083808979	0.0	622896	4408.274092398672	1.2
32919.46054626856	1200	9.67121311854045	0.0	641447	4114.480965268529	1.2
32923.39405538164	1200	9.737704005456438	0.0	570392	3933.5091130840124	1.2
32928.02374633287	1200	9.108013054228987	0.0	620283	4629.6909512274515	1.2
32933.02035962427	1200	8.111399762824751	0.0	584349	4996.613291404236	1.2
32936.532786696254	750	8.598972690845159	0.0	412837	3512.427071979592	0.3
32939.680142253324	750	9.451617133777166	0.0	401088	3147.3555570679937	0.75
32946.60850824775	1200	6.523251139348425	0.0	598727	6928.365994428741	0.75
32948.647834293035	300	8.483925094062364	0.0	131610	2039.3260452860602	-0.6000000000000001
32951.98289540916	750	9.148863977943629	0.0	361565	3335.061116118735	0.3
32955.862502692224	1200	9.269256694878031	0.0	605884	3879.607283065597	0.75
32960.7908075752	1200	8.340951811899751	0.0	587506	4928.30488297828	1.2
32963.62458625054	750	9.507173136564937	0.0	345516	2833.7786753348137	0.3
32968.521271623336	1200	8.610487763767148	0.0	641452	4896.68537279779	0.75
32971.70860958004	750	9.423149807057749	0.0	372093	3187.3379567094	0.3
32977.09031555821	1200	8.041443828889692	0.0	634861	5381.705978168056	0.75
32980.50224453654	750	8.629514850560044	0.0	398987	3411.928978329647	0.3
32983.45289936411	750	9.678860022994712	0.0	393804	2950.654827565332	0.75
32987.3614272858	1200	9.77033210129937	0.0	538612	3908.527921695341	0.75
32991.521664549975	1200	9.610094837126606	0.0	550906	4160.237264172765	1.2

