15407.689182960976	750	4.0	1.5324012051749878	450283	1532.4012051749878	-5.8393251822524475
15408.213790688911	300	7.47539227206529	0.0	155580	524.6077279347103	-0.15000000000000002
15408.704473369742	300	10.984709591235434	0.0	139857	490.68268082985537	0.3
15409.265758013951	300	14.423424947025664	0.0	155432	561.28464420977	0.3
15410.622058860468	750	17.067124100508465	0.0	411561	1356.3008465171954	0.3
15411.676418227935	750	20.012764733041163	0.0	318564	1054.3593674673052	0.75
15413.434609372356	1200	22.25457358861937	0.0	561791	1758.1911444217944	0.75
15416.613925669195	1850	23.075257291782023	0.0	1060487	3179.316296837347	1.2000000000000002
15419.225590755934	1850	24.463592205044073	0.0	852833	2611.6650867379503	1.85
15422.147923426486	1850	25.54125953449227	0.0	913888	2922.3326705518025	1.85
15426.783548246754	2850	24.905634714223854	0.0	1354548	4635.6248202684155	1.85
15429.421824038538	1850	26.26735892244164	0.0	917428	2638.2757917822137	0.8500000000000001
15435.47566699106	2850	24.213515969917648	0.0	1422919	6053.842952523995	1.85
15438.987237789692	1850	24.70194517128616	0.0	1036454	3511.5707986314874	0.8500000000000001
15442.580034915361	2850	25.109148045617555	0.0	1231445	3592.797125668603	1.85
15445.669638194866	1850	26.019544766112933	0.0	923170	3089.6032795046244	0.8500000000000001
15450.168379653616	2850	25.520803307363252	0.0	1491626	4498.741458749683	1.85
15454.665082749594	2850	25.02410021138573	0.0	1358801	4496.703095977522	2.85
15457.831368348287	1850	25.857814612691858	0.0	987708	3166.28559869387	0.8500000000000001
15462.136061729336	2850	25.55312123164313	0.0	1336050	4304.693381048729	1.85
15464.803313098924	1850	26.88586986205437	0.0	891604	2667.2513695887606	0.8500000000000001
15470.533994249405	2850	25.15518871157386	0.0	1468126	5730.681150480509	1.85
15473.846746350397	1850	25.842436610581927	0.0	968026	3312.752100991932	0.8500000000000001
15477.639406823897	2850	26.04977613708145	0.0	1323990	3792.6604735004767	1.85
15483.547233419491	2850	24.141949541488007	0.0	1383735	5907.826595593444	2.85
15486.819504590036	1850	24.8696783709425	0.0	905935	3272.271170545507	0.8500000000000001
15491.939441471337	2850	23.749741489641796	0.0	1547572	5119.936881300706	1.85
15495.138711795958	1850	24.550471165020184	0.0	758197	3199.270324621611	0.8500000000000001
15498.263025131788	1850	25.42615782919058	0.0	972798	3124.3133358296027	1.85
15501.319711464139	1850	26.369471496840852	0.0	975811	3056.6863323497278	1.85
15505.396078219175	2850	26.293104741803745	0.0	1341201	4076.366755037105	1.85
15510.115727078362	2850	25.573455882615587	0.0	1497683	4719.648859188156	2.85
15514.318630448251	2850	25.370552512727716	0.0	1358081	4202.90336988787	2.85
15519.239543560228	2850	24.449639400750897	0.0	1587293	4920.91311197682	2.85
15523.780477046497	2850	23.908705914483605	0.0	1492672	4540.933486267292	2.85
15526.643536930156	1850	25.045646030823924	0.0	943942	2863.059883659682	0.8500000000000001
15528.786257537022	1850	26.90292542395926	0.0	728962	2142.7206068646665	1.85
15533.209769411978	2850	26.47941354900146	0.0	1499009	4423.5118749578	1.85
15537.713380155157	2850	25.975802805823726	0.0	1427478	4503.6107431777355	2.85
15543.360715522183	2850	24.328467438798135	0.0	1402287	5647.335367025588	2.85
15546.047763271345	1850	25.641419689636166	0.0	858450	2687.047749161971	0.8500000000000001
15550.79702047851	2850	24.892162482470187	0.0	1527299	4749.257207165978	1.85
15554.748863586798	2850	24.940319374183627	0.0	1343002	3951.8431082865595	2.85
15557.698076118893	1850	25.991106842088634	0.0	973972	2949.212532094994	0.8500000000000001
15562.089062113877	2850	25.6001208471043	0.0	1464921	4390.985994984332	1.85
15566.575600550641	2850	25.113582410340463	0.0	1483527	4486.538436763837	2.85
15570.230861602513	2850	25.45832135846736	0.0	1231456	3655.2610518731053	2.85
15572.80623740978	1850	26.88294555119842	0.0	846370	2575.3758072689375	0.8500000000000001

