10991.811652833472	750	4.0	2.0938176132811868	450283	2093.817613281187	-8.253415737109103
10992.61651114829	300	7.195141685184191	0.0	155580	804.8583148158094	-0.15000000000000002
10994.33058111299	750	9.481071720483323	0.0	350812	1714.0699647008673	0.3
10996.056972413657	750	11.754680419816166	0.0	382355	1726.3913006671564	0.75
10997.954105105735	750	13.857547727738513	0.0	411561	1897.132692077653	0.75
10999.516121716979	750	16.295531116495283	0.0	318564	1562.0166112432282	0.75
11004.098093910541	1850	15.713558922932153	0.0	905515	4581.9721935631305	0.75
11009.254711531634	1850	14.556941301839876	0.0	1060487	5156.617621092277	1.85
11011.143071302336	750	16.668581531137846	0.0	374758	1888.3597707020265	-0.3500000000000001
11012.837265702376	750	18.97438713109661	0.0	362795	1694.1944000412375	0.75
11014.479087552128	750	21.332565281343957	0.0	353220	1641.8218497526534	0.75
11018.841058133417	1850	20.970594700054125	0.0	917428	4361.970581289832	0.75
11023.110443450516	1850	20.70120938295497	0.0	946851	4269.3853170991515	1.85
11027.625898661394	1850	20.185754172077658	0.0	1036454	4515.455210877315	1.85
11031.420416674666	1850	20.391236158805622	0.0	821631	3794.5180132720334	1.85
11035.919910176555	1850	19.891742656917735	0.0	923170	4499.493501887886	1.85
11040.531836529615	1850	19.279816303858006	0.0	966699	4611.926353059731	1.85
11044.949285231332	1850	18.862367602138836	0.0	885714	4417.4487017191705	1.85
11049.68490484158	1850	18.126747991890618	0.0	987708	4735.619610248215	1.85
11054.191519611968	1850	17.620133221504172	0.0	923755	4506.614770386444	1.85
11058.793803796581	1850	17.017849036889682	0.0	891604	4602.284184614492	1.85
11063.273944198469	1850	16.53770863500203	0.0	955231	4480.140401887653	1.85
11068.129840470054	1850	15.681812363416652	0.0	968026	4855.896271585377	1.85
11072.760749340403	1850	15.050903493065558	0.0	874175	4630.908870351094	1.85
11076.841334538598	1850	14.970318294870879	0.0	897976	4080.5851981946803	1.85
11081.593035254029	1850	14.218617579439597	0.0	905935	4751.700715431281	1.85
11087.581487011588	1850	12.230165821880249	0.0	1076599	5988.451757559347	1.85
11091.12852923823	1850	12.683123595238781	0.0	758197	3547.0422266414676	1.85
11095.902473207028	1850	11.909179626442288	0.0	972798	4773.943968796494	1.85
11100.99800724495	1850	10.813645588520515	0.0	975811	5095.534037921772	1.85
11106.961377897525	1850	8.85027493594485	0.0	873429	5963.370652575665	1.85
11108.973661577273	750	10.837991256196208	0.0	400322	2012.2836797486416	-0.3500000000000001
11110.66733847167	750	13.144314361798736	0.0	369834	1693.6768943974712	0.75
11112.724859122573	750	15.08679371089582	0.0	412837	2057.5206509029167	0.75
11115.312367413339	750	16.499285420129514	0.0	401088	2587.5082907663077	0.75
11117.002696016336	750	18.808956817131907	0.0	365161	1690.3286029976036	0.75
11118.539438647273	750	21.272214186196113	0.0	321064	1536.7426309357945	0.75
11122.898665921486	1850	20.912986911980383	0.0	938587	4359.227274215731	0.75
11127.306102575525	1850	20.50555025794151	0.0	908665	4407.436654038873	1.85
11131.550539123933	1850	20.26111370953337	0.0	930577	4244.4365484081445	1.85
11135.565146859994	1850	20.246505973473322	0.0	858450	4014.6077360600457	1.85
11140.789279721821	1850	19.022373111646118	0.0	1025005	5224.132861827206	1.85
11145.138498499446	1850	18.673154334021003	0.0	886255	4349.218777625113	1.85
11149.567707096985	1850	18.243945736482292	0.0	973972	4429.208597538712	1.85
11154.080903130514	1850	17.7307497029517	0.0	958994	4513.196033530592	1.85
11158.481922851513	1850	17.32972998195142	0.0	982064	4401.019721000281	1.85
11162.124115471794	1850	17.687537361671637	0.0	830730	3642.192620279778	1.85
11166.020251757518	1850	17.791401075946684	0.0	846370	3896.136285724956	1.85

