37195.61661736406	750	4.0	5.346296811920548	450283	5346.296811920548	-22.239076291258357
37197.18413376191	300	6.432483602147521	0.0	155580	1567.5163978524797	-0.15000000000000002
37198.71894898939	300	8.897668374668784	0.0	139857	1534.8152274787358	0.3
37200.08014544976	300	11.5364719142963	0.0	155432	1361.1964603724841	0.3
37203.14655201093	300	12.470065353135343	0.0	163442	3066.406561160957	0.3
37204.80067211252	300	14.81594525153878	0.0	126289	1654.120101596564	0.3
37205.83860406183	300	17.778013302232097	0.0	153295	1037.9319493066873	0.3
37207.026889104956	300	20.589728259105236	0.0	173849	1188.2850431268598	0.3
37209.182538441324	300	22.434078922738404	0.0	150710	2155.649336366832	0.3
37210.320764304044	300	25.295853060021255	0.0	139105	1138.2258627171511	0.3
37212.73954095799	750	26.877076406065175	0.0	353220	2418.7766539560785	0.3
37219.06315333194	1200	24.553464032116608	0.0	594078	6323.612373948567	0.75
37225.67264951386	1200	21.94396785020334	0.0	624282	6609.496181913269	1.2
37235.111426614974	1200	16.505190749082704	0.0	687371	9438.777101120635	1.2
37241.5805054753	1200	14.036111888764273	0.0	526950	6469.078860318429	1.2
37243.68334865788	750	15.933268706179447	0.0	366214	2102.8431825848256	0.3
37258.299779307985	750	5.316838056079894	0.0	360831	14616.430650099554	0.75
37259.30918513612	300	8.30743222794833	0.0	150616	1009.4058281315636	-0.15000000000000002
37260.455958428975	300	11.160658935092936	0.0	165384	1146.773292855397	0.3
37261.72841941285	300	13.888197951214861	0.0	140881	1272.4609838780746	0.3
37263.22434081109	300	16.392276552979805	0.0	157671	1495.9213982350536	0.3
37268.74297942563	300	14.873637938437165	0.0	157812	5518.63861454264	0.3
37269.962722878714	300	17.653894485352996	0.0	163927	1219.743453084168	0.3
37271.175529649125	300	20.441087714948488	0.0	137654	1212.8067704045081	0.3
37273.06032131794	300	22.556296046128242	0.0	146754	1884.7916688202456	0.3
37274.08071329786	300	25.535904066214	0.0	153938	1020.3919799142395	0.3
37275.52453695807	300	28.09208040599418	0.0	181901	1443.8236602198228	0.3
37279.0613663695	1200	28.55525099457985	0.0	487160	3536.82941141433	0.29999999999999993
37290.56114309798	1200	21.05547426609663	0.0	622896	11499.77672848322	1.2
37296.81326238569	1200	18.803354978382725	0.0	641447	6252.119287713906	1.2
37300.28755320346	1200	19.32906416061798	0.0	570392	3474.2908177647478	1.2
37306.332080021195	1200	17.284537342879517	0.0	620283	6044.526817738461	1.2
37311.94470871116	1200	15.67190865291117	0.0	584349	5612.628689968347	1.2
37318.413277461674	750	13.203339902403785	0.0	412837	6468.568750507386	0.3
37322.35277569374	750	13.263841670336781	0.0	401088	3939.4982320670033	0.75
37327.30273574893	750	12.3138816151396	0.0	365161	4949.96005519718	0.75
37336.33154430099	750	7.285073063078282	0.0	321064	9028.808552061319	0.75
37337.54759984919	300	10.069017514889637	0.0	124011	1216.0555481886445	-0.15000000000000002
37338.84963515269	300	12.766982211383427	0.0	144254	1302.0353035062112	0.3
37340.07919270216	300	15.537424661917752	0.0	149991	1229.557549465675	0.3
37342.71932063223	300	16.897296731841138	0.0	147968	2640.127930076612	0.3
37343.774848324276	300	19.84176903980194	0.0	161857	1055.5276920391966	0.3
37348.4034925973	750	19.21312476677762	0.0	372093	4628.644273024317	0.3
37359.0657713424	750	12.550846021681247	0.0	438281	10662.278745096375	0.75
37364.72752200521	750	10.889095358878443	0.0	398987	5661.750662802804	0.75
37368.34991735949	300	11.266700004589433	0.0	160064	3622.395354289011	-0.15000000000000002
37376.019363977626	300	7.597253386457964	0.0	137507	7669.446618131469	0.3
37377.168822543965	300	10.44779482012045	0.0	118421	1149.4585663375135	0.3

