65511.05622176782	750	4.0	10.864796774120238	450283	10864.796774120237	-45.96862612871702
65513.05846247926	300	5.997759288555954	0.0	155580	2002.2407114440462	-0.15000000000000002
65514.50465013944	300	8.551571628385858	0.0	139857	1446.187660170095	0.3
65516.11340219834	300	10.942819569488591	0.0	155432	1608.7520588972677	0.3
65517.81073125966	300	13.245490508168295	0.0	163442	1697.3290613202948	0.3
65521.87324662177	300	13.182975146057947	0.0	126289	4062.5153621103495	0.3
65524.69335499267	300	14.362866775166848	0.0	153295	2820.108370891098	0.3
65528.8724161519	300	14.183805615937233	0.0	173849	4179.061159229615	0.3
65537.15920134269	300	9.897020425147781	0.0	150710	8286.785190789453	0.3
65541.64844256069	300	9.40777920714839	0.0	139105	4489.24121799939	0.3
65544.65152782272	300	10.404693945123654	0.0	141840	3003.085262024738	0.3
65547.29402238547	300	11.762199382374703	0.0	156148	2642.4945627489506	0.3
65550.41268596977	300	12.643535798060896	0.0	160746	3118.6635843138088	0.3
65553.78794873347	300	13.26827303436939	0.0	179801	3375.2627636915063	0.3
65559.37565263205	300	11.680569135790273	0.0	140051	5587.703898579115	0.3
65563.33812397245	300	11.718097795380782	0.0	138313	3962.4713404094923	0.3
65566.1907166134	300	12.865505154437932	0.0	143509	2852.5926409428503	0.3
65569.26294133952	300	13.793280428323694	0.0	150616	3072.2247261142365	0.3
65573.64255942732	300	13.413662340522551	0.0	165384	4379.618087801143	0.3
65575.01129169897	300	16.044930068862303	0.0	140881	1368.7322716602491	0.3
65576.53265136921	300	18.52357039862995	0.0	157671	1521.3596702323562	0.3
65580.83024479062	300	18.225976977221414	0.0	157812	4297.593421408536	0.3
65584.71957251412	300	18.336649253711077	0.0	163927	3889.3277235103355	0.3
65585.67647312525	300	21.379748642593928	0.0	137654	956.9006111171475	0.3
65588.33763020621	300	22.718591561621036	0.0	146754	2661.1570809728914	0.3
65589.50053012451	300	25.5556916433197	0.0	153938	1162.8999183013361	0.3
65591.0500312002	300	28.00619056763641	0.0	181901	1549.5010756832924	0.3
65594.59800698009	750	28.458214787744893	0.0	277716	3547.9757798915166	0.3
65602.10323679024	750	24.952984977604338	0.0	400396	7505.229810140553	0.75
65609.02077428316	750	22.035447484682393	0.0	400508	6917.5374929219415	0.75
65612.31949626759	750	22.736725500251715	0.0	358218	3298.7219844306796	0.75
65615.97839886913	750	23.07782289870113	0.0	400322	3658.902601550588	0.75
65619.17406168286	750	23.882160084968294	0.0	369834	3195.6628137328353	0.75
65625.89178578349	750	21.164435984352362	0.0	412837	6717.724100615932	0.75
65631.6364107754	750	19.419810992426726	0.0	401088	5744.624991925637	0.75
65635.20133195048	750	19.854889817365116	0.0	365161	3564.9211750616096	0.75
65638.76474265069	750	20.291479117141684	0.0	321064	3563.410700223433	0.75
65642.00323827507	750	21.05298349278037	0.0	361565	3238.4956243613137	0.75
65649.87692989828	750	17.17929186955607	0.0	378327	7873.691623224303	0.75
65653.92503621297	750	17.13118555486835	0.0	390680	4048.106314687721	0.75
65659.60424368942	750	15.45197807842642	0.0	345516	5679.2074764419285	0.75
65662.07352087516	750	16.982700892678913	0.0	384505	2469.2771857475054	0.75
65664.6838975596	750	18.372324208238155	0.0	372093	2610.376684440758	0.75
65668.34412856576	750	18.712093202082784	0.0	438281	3660.2310061553744	0.75
65671.02285265402	750	20.033369113825742	0.0	398987	2678.7240882570427	0.75
65675.35143825924	1200	19.704783508607928	0.0	638661	4328.585605217815	0.75
65682.00595742096	1850	17.050264346892277	0.0	830730	6654.519161715653	1.2000000000000002
65688.85516433195	2850	14.201057435889012	0.0	1364537	6849.206911003265	1.85

