88688.82371337294	750	4.0	4.0006235950567115	450283	4000.6235950567116	-16.452681458743857
88689.81447209451	300	7.009241278435553	0.0	155580	990.7587215644468	-0.15000000000000002
88694.82126913055	750	6.002444242378893	0.0	350812	5006.7970360566605	0.3
88695.01691967451	300	9.80679369841961	0.0	155432	195.65054395928325	-0.15000000000000002
88695.58269630505	1200	13.24101706788746	0.0	652874	565.7766305321497	0.29999999999999993
88696.57361770442	2850	16.250095668512863	0.0	1224260	990.9213993745954	1.2000000000000002
88717.27262276999	4300	4.0	4.448909397063895	2157535	20699.00506557676	-16.280310407374746
88718.25286257641	300	7.019760193585036	0.0	173849	980.239806414964	-3.7
88720.06319799335	750	9.209424776638931	0.0	374758	1810.3354169461063	0.3
88722.27534717637	1200	10.997275593614289	0.0	560821	2212.149183024641	0.75
88724.58089802068	1200	12.691724749301677	0.0	607410	2305.5508443126128	1.2
88729.26115150614	1850	12.01147126384986	0.0	917428	4680.253485451816	1.2000000000000002
88740.43183707754	1850	4.840785692449499	0.0	946851	11170.685571400361	1.85
88742.6389731643	300	6.633649605684593	0.0	179801	2207.136086764905	-1.25
88744.36112161243	300	8.911501157555554	0.0	140051	1722.1484481290397	0.3
88748.67967081504	750	8.592951954948402	0.0	366214	4318.5492026071515	0.3
88752.61933046886	750	8.65329230112794	0.0	360831	3939.6596538204626	0.75
88756.45665878398	750	8.815963985997463	0.0	372963	3837.3283151304768	0.75
88760.56698551377	750	8.705637256216054	0.0	405596	4110.326729781408	0.75
88764.0591907021	750	9.213432067876882	0.0	350713	3492.2051883391723	0.75
88770.39122878946	1200	6.8813939805038	0.0	601738	6332.038087373082	0.75
88772.1697692576	300	9.102853512363037	0.0	157812	1778.5404681407626	-0.6000000000000001
88779.46500463055	1200	5.807618139419336	0.0	656471	7295.235372943701	0.29999999999999993
88780.98352336323	300	8.289099406744045	0.0	137654	1518.5187326752916	-0.6000000000000001
88784.83150505544	750	8.44111771453102	0.0	359903	3847.9816922130253	0.3
88789.00095571447	750	8.27166705551422	0.0	379700	4169.4506590168	0.75
88793.70083534105	750	7.57178742893007	0.0	425781	4699.879626584149	0.75
88796.57832894618	750	8.69429382379568	0.0	277716	2877.4936051343902	0.75
88800.80251990796	750	8.470102862031087	0.0	400396	4224.190961764592	0.75
88805.20943606512	750	8.063186704859778	0.0	400508	4406.91615717131	0.75
88809.50137867207	750	7.771244097923427	0.0	358218	4291.942606936351	0.75
88814.38131912853	750	6.891303641463635	0.0	400322	4879.940456459793	0.75
88816.09142878749	300	9.181193982499929	0.0	143881	1710.109658963707	-0.15000000000000002
88824.32220983686	1200	4.950412933131792	0.0	670129	8230.781049368135	0.29999999999999993
88826.50945939524	300	6.763163374743596	0.0	179328	2187.249558388198	-0.6000000000000001
88828.45116462401	300	8.821458145972674	0.0	159914	1941.7052287709214	0.3
88832.26284357459	750	9.00977919540746	0.0	321064	3811.6789505652146	0.3
88839.0941421839	1200	6.178480586096453	0.0	575591	6831.298609311008	0.75
88840.93278035907	300	8.339842410914887	0.0	144254	1838.6381751815643	-0.6000000000000001
88845.52399960317	750	7.74862316682048	0.0	390680	4591.219244094407	0.3
88847.9235270757	750	9.349095694277205	0.0	345516	2399.527472543275	0.75
88853.67201288839	1200	7.6006098816044565	0.0	641452	5748.485812672748	0.75
88854.0288719512	750	11.243750818776716	0.0	372093	356.8590628277419	0.3
88854.83356436719	1850	14.43905840279345	0.0	973972	804.6924159832661	0.75
88862.35173621078	2850	10.920886559208537	0.0	1464921	7518.1718435849125	1.85
88868.50570731338	1200	8.766915456610072	0.0	638661	6153.971102598465	-0.44999999999999996
88874.44360721683	750	6.829015553152554	0.0	331053	5937.899903457517	0.3
88875.4738219652	300	9.798800804787929	0.0	118421	1030.2147483646256	-0.15000000000000002

