68730.26573142127	750	4.0	1.5155397534750004	450283	1515.5397534750005	-5.766820939942502
68732.53027473191	1200	5.735456689369912	0.0	611087	2264.543310630088	0.75
68734.15842884337	1200	8.10730257790596	0.0	571051	1628.154111463951	1.2
68738.69155654407	1850	7.574174877199139	0.0	933276	4533.127700706821	1.2000000000000002
68741.45431397254	1850	8.811417448723562	0.0	996749	2762.7574284755774	1.85
68744.05450698717	1850	10.211224434105857	0.0	801058	2600.193014617706	1.85
68747.1119270404	1850	11.153804380875135	0.0	905515	3057.420053230721	1.85
68750.3268111733	1850	11.938920247964475	0.0	1060487	3214.88413291066	1.85
68753.03324913446	1850	13.232482286796854	0.0	852833	2706.4379611676222	1.85
68757.35020373423	2850	12.91552768704059	0.0	1429765	4316.9545997562645	1.85
68760.99372820627	2850	13.27200321498957	0.0	1354548	3643.524472051019	2.85
68765.35727147554	2850	12.90845994573452	0.0	1519951	4363.54326925505	2.85
68769.54823801765	2850	12.717493403617926	0.0	1422919	4190.966542116595	2.85
68774.09891269202	2850	12.16681872925556	0.0	1578343	4550.674674362365	2.85
68778.408595339	2850	11.85713608226676	0.0	1231445	4309.682646988799	2.85
68783.22898795198	2850	11.036743469280573	0.0	1471065	4820.392612986187	2.85
68787.57877178479	2850	10.686959636474905	0.0	1491626	4349.783832805667	2.85
68793.26142684574	2850	9.004304575506419	0.0	1358801	5682.6550609684855	2.85
68800.04027794169	2850	6.225453479568285	0.0	1537156	6778.851095938134	2.85
68804.04823442316	1850	6.217496998093134	0.0	923755	4007.956481475152	0.8500000000000001
68806.69451256725	1850	7.571218854004102	0.0	891604	2646.2781440890317	1.85
68809.5676727657	1850	8.698058655546985	0.0	955231	2873.160198457117	1.85
68812.4325096955	1850	9.833221725753443	0.0	968026	2864.836929793543	1.85
68815.16511598966	1850	11.100615431594957	0.0	874175	2732.606294158485	1.85
68819.46291179322	1850	10.802819628039103	0.0	897976	4297.795803555854	1.85
68822.18737108701	1850	12.078360334246732	0.0	905935	2724.4592937923703	1.85
68826.49435207176	1850	11.77137934949761	0.0	1076599	4306.980984749124	1.85
68829.0450988316	1850	13.22063258966913	0.0	758197	2550.7467598284784	1.85
68831.97438782055	1850	14.291343600714738	0.0	972798	2929.2889889543926	1.85
68834.92741528507	1850	15.33831613618691	0.0	975811	2953.027464527828	1.85
68839.9830530759	2850	14.282678345342763	0.0	1341201	5055.637790844147	1.85
68846.02631750234	2850	12.239413918902006	0.0	1497683	6043.264426440757	2.85
68850.45573716438	2850	11.809994256870297	0.0	1358081	4429.419662031708	2.85
68855.9302336475	2850	10.335497773750056	0.0	1587293	5474.4964831202415	2.85
68861.22834936758	2850	9.037382053676184	0.0	1492672	5298.11572007387	2.85
68866.6021017323	2850	7.663629688943952	0.0	1439896	5373.752364732233	2.85
68869.84691930507	2850	8.418812116164617	0.0	1139291	3244.8175727793355	2.85
68874.08414621209	2850	8.181585209146842	0.0	1499009	4237.226907017774	2.85
68880.28944858284	2850	5.976282838384684	0.0	1427478	6205.302370762159	2.85
68883.42719954168	1850	6.838531879551927	0.0	930577	3137.750958832756	0.8500000000000001
68887.33880503185	1850	6.926926389368129	0.0	858450	3911.6054901837983	1.85
68890.38657153836	1850	7.8791598828565945	0.0	1025005	3047.7665065115343	1.85
68893.07868495895	1850	9.187046462267825	0.0	886255	2692.1134205887706	1.85
68897.56400068577	1850	8.701730735450036	0.0	973972	4485.3157268177865	1.85
68900.31931196668	1850	9.94641945453396	0.0	958994	2755.3112809160766	1.85
68906.36101475907	2850	7.904716662156721	0.0	1483527	6041.702792377238	1.85
68912.31451618754	2850	5.95121523366568	0.0	1231456	5953.501428491041	2.85
68916.04186997397	2850	6.223861447247298	0.0	1364537	3727.353786418382	2.85

