18645.896182285538	750	4.0	3.7714371207382373	450283	3771.4371207382374	-15.46717961917442
18646.337931565828	300	7.558250719711446	0.0	155580	441.74928028855305	-0.15000000000000002
18647.745719766488	1200	10.150462519055457	0.0	571051	1407.7882006559876	0.29999999999999993
18652.58140042186	1850	9.314781863682263	0.0	933276	4835.680655373194	1.2000000000000002
18653.520135126884	750	12.376047158654016	0.0	411561	938.7347050282485	-0.3500000000000001
18655.349211377932	1850	14.54697090760531	0.0	801058	1829.076251048705	0.75
18662.504306367315	2850	11.391875918223873	0.0	1388403	7155.094989381439	1.85
18664.03716293926	750	13.859019346276378	0.0	437162	1532.8565719474939	-1.35
18668.071459311566	1850	13.824722973969521	0.0	852833	4034.296372306857	0.75
18669.991501506887	1200	15.904680778649508	0.0	560821	1920.0421953200134	0.5499999999999999
18673.95363596055	1850	15.942546324983024	0.0	939819	3962.134453666483	1.2000000000000002
18680.21359136694	1850	13.682590918598041	0.0	917428	6259.955406384983	1.85
18681.643055474393	750	16.253126811143783	0.0	386351	1429.4641074542596	-0.3500000000000001
18684.285125242426	1850	17.61105704311142	0.0	1036454	2642.0697680323624	0.75
18697.599168919976	2850	8.297013365560291	0.0	1231445	13314.043677551126	1.85
18698.117909245346	300	11.778273040190612	0.0	138313	518.74032536968	-2.25
18703.534855820246	1200	10.361326465290459	0.0	617242	5416.946574900154	0.29999999999999993
18703.964244615014	300	13.93193767052229	0.0	150616	429.3887947681687	-0.6000000000000001
18708.62819389961	1850	13.267988385925923	0.0	987708	4663.949284596367	0.30000000000000004
18710.781869105478	1200	15.114313180058407	0.0	586839	2153.6752058675156	0.5499999999999999
18715.10798749589	1850	14.78819478964906	0.0	891604	4326.118390409347	1.2000000000000002
18719.608424982	1200	14.287757303538037	0.0	616206	4500.437486111022	0.5499999999999999
18721.32067285761	750	16.575509427924672	0.0	401853	1712.247875613364	0.3
18725.16571450898	1850	16.73046777655622	0.0	874175	3845.041651368448	0.75
18730.084641418238	1850	15.811540867300861	0.0	897976	4918.926909255362	1.85
18731.70016685534	1200	18.19601543019838	0.0	590335	1615.5254371024796	0.5499999999999999
18737.07513835182	2850	16.821043933717615	0.0	1547572	5374.971496480763	1.2000000000000002
18739.914477106046	1850	17.981705179493048	0.0	758197	2839.338754224565	0.8500000000000001
18750.4009569305	1850	11.495225355035501	0.0	972798	10486.479824457547	1.85
18750.856741164404	300	15.039441121134407	0.0	149029	455.7842339010942	-1.25
18753.951389108246	1850	15.944793177296205	0.0	873429	3094.6479438382016	0.30000000000000004
18756.64730272307	1850	17.248879562467643	0.0	954453	2695.913614828564	1.85
18761.965069007605	2850	15.931113277933322	0.0	1358081	5317.76628453432	1.85
18765.268110751393	1850	16.628071534144947	0.0	1035329	3303.0417437883766	0.8500000000000001
18768.708131409407	1850	17.188050876132316	0.0	1026056	3440.0206580126314	1.85
18775.07388191503	1850	14.822300370509332	0.0	943942	6365.750505622982	1.85
18776.960468335627	750	16.935713949912934	0.0	321064	1886.5864205964015	-0.3500000000000001
18783.132095669574	1200	14.764086615964029	0.0	575591	6171.627333948905	0.75
18783.536427047293	300	18.359755238246894	0.0	144254	404.33137771713274	-0.6000000000000001
18786.639055243424	2850	19.25712704211645	0.0	1402287	3102.6281961304426	0.30000000000000027
18797.70766243397	4300	12.188519851569287	0.0	2108491	11068.607190547164	2.8499999999999996
18799.094613848618	750	14.80156843692006	0.0	384505	1386.9514146492265	-2.8
18801.554374385385	1850	16.341807900153608	0.0	886255	2459.7605367664546	0.75
18808.85001547566	2850	13.046166809881765	0.0	1587250	7295.641090271841	1.85
18812.228130796422	1200	13.668051489116582	0.0	630203	3378.1153207651823	-0.44999999999999996
18814.005631303167	1200	15.890550982369177	0.0	638661	1777.5005067474056	1.2
18817.716479684663	2850	16.17970260087717	0.0	1231456	3710.848381492006	1.2000000000000002
18819.661255562256	1850	18.23492672328232	0.0	846370	1944.7758775948487	0.8500000000000001

