39293.24666369606	750	4.0	4.196009243370663	450283	4196.009243370663	-17.29283974649385
39294.80610668453	300	6.44055701152136	0.0	155580	1559.4429884786405	-0.15000000000000002
39296.21603635442	300	9.030627341643116	0.0	139857	1409.9296698782439	0.3
39299.930140823584	750	9.316522872472353	0.0	382355	3714.104469170764	0.3
39304.27427188314	750	8.972391812918042	0.0	411561	4344.131059554311	0.75
39309.86237699143	750	7.384286704632396	0.0	318564	5588.105108285646	0.75
39311.493686644215	300	9.752977051848553	0.0	153295	1631.3096527838436	-0.15000000000000002
39313.33299798396	300	11.913665712099583	0.0	173849	1839.3113397489703	0.3
39314.88606085419	300	14.360602841871154	0.0	150710	1553.0628702284282	0.3
39316.30708245105	300	16.939581245005378	0.0	139105	1421.0215968657762	0.3
39317.75447041913	300	19.492193276927726	0.0	141840	1447.3879680776513	0.3
39325.47674579705	750	15.769917899003326	0.0	405134	7722.275377924399	0.3
39333.369727179146	750	11.87693651690982	0.0	386351	7892.981382093506	0.75
39345.11581081872	750	4.130852877334005	0.0	434409	11746.083639575814	0.75
39346.773038649444	300	6.473625046612814	0.0	140051	1657.2278307211918	-0.15000000000000002
39348.77098004966	300	8.475683646401077	0.0	138313	1997.9414002117376	0.3
39353.793951603264	300	7.4527120928032025	0.0	143509	5022.971553597875	0.3
39356.39866488975	300	8.847998806318497	0.0	150616	2604.7132864847053	0.3
39358.97611356365	300	10.270550132413005	0.0	165384	2577.4486739054914	0.3
39360.38468185829	300	12.861981837775277	0.0	140881	1408.5682946377285	0.3
39361.95158705901	300	15.295076637046822	0.0	157671	1566.9052007284536	0.3
39363.55285693178	300	17.69380676427354	0.0	157812	1601.269872773281	0.3
39367.60339952139	750	17.643264174668378	0.0	401853	4050.5425896051634	0.3
39371.0373550555	750	18.209308640553335	0.0	343800	3433.9555341150412	0.75
39374.576596644794	750	18.670067051260645	0.0	359903	3539.2415892926915	0.75
39378.23483416138	750	19.01182953467245	0.0	379700	3658.237516588193	0.75
39385.66170021087	750	15.584963485190809	0.0	425781	7426.866049481644	0.75
39388.268597248294	750	16.978066447765368	0.0	277716	2606.8970374254427	0.75
39392.011171496095	750	17.235492199966735	0.0	400396	3742.5742477986305	0.75
39395.7549941258	750	17.49166957026483	0.0	400508	3743.822629701905	0.75
39398.99719394391	750	18.249469752153498	0.0	358218	3242.1998181113318	0.75
39402.52179665691	750	18.72486703915344	0.0	400322	3524.6027130000584	0.75
39407.93017180681	1200	17.31649188925614	0.0	584349	5408.375149897298	0.75
39414.72187941133	1200	14.524784284733313	0.0	670129	6791.707604522828	1.2
39421.06625608779	1200	12.180407608280834	0.0	690253	6344.376676452477	1.2
39429.43133533495	1200	7.81532836111936	0.0	598727	8365.079247161475	1.2
39434.48177329743	750	6.764890398635134	0.0	321064	5050.437962484226	0.3
39441.45263897876	750	4.0	0.20597528268554743	361565	6970.865681320682	-0.13569371554785392
39442.886475603125	300	6.566163375628801	0.0	144254	1433.8366243711992	-0.15000000000000002
39444.374154482924	300	9.078484495833022	0.0	149991	1487.6788797957804	0.3
39445.84284732773	300	11.609791651024853	0.0	147968	1468.6928448081687	0.3
39448.596489417454	300	12.856149561297068	0.0	161857	2753.642089727783	0.3
39451.19361836977	300	14.259020608990554	0.0	145210	2597.1289523065157	0.3
39456.13313747211	750	13.31950150663959	0.0	438281	4939.519102350964	0.3
39459.97464560783	750	13.477993370923741	0.0	398987	3841.5081357158488	0.75
39463.61271774954	750	13.839921229213978	0.0	393804	3638.072141709762	0.75
39468.669670745345	1200	12.782968233405317	0.0	538612	5056.952995808662	0.75
39476.40814900591	1850	9.044489972836457	0.0	846370	7738.478260568858	1.2000000000000002

