47342.71748209341	750	4.0	1.4880891940391543	450283	1488.0891940391543	-5.648783534368363
47343.86797467324	750	6.8495074201656205	0.0	398865	1150.4925798343797	0.75
47344.85072854759	750	9.866753545810441	0.0	350812	982.7538743551792	0.75
47345.833390074695	750	12.884092018711133	0.0	382355	982.6615270993077	0.75
47348.77441053186	1850	13.94307156154167	0.0	996749	2941.0204571694635	0.75
47350.752929086564	1850	15.964553006836551	0.0	801058	1978.5185547051192	1.85
47352.824194681874	1850	17.893287411527957	0.0	905515	2071.265595308593	1.85
47356.36479073341	1850	18.3526913599883	0.0	1060487	3540.596051539663	1.85
47358.35938967937	1850	20.358092414038854	0.0	852833	1994.5989459494438	1.85
47360.608182374184	1850	22.10929971921717	0.0	913888	2248.7926948216837	1.85
47362.692281926364	1850	24.025200167038413	0.0	939819	2084.0995521787536	1.85
47365.63473952325	1850	25.082742570146806	0.0	917428	2942.457596891607	1.85
47367.71570416682	1850	27.001777926588154	0.0	946851	2080.964643558649	1.85
47370.49237653797	1850	28.225105555430655	0.0	1036454	2776.6723711575005	1.85
47372.9492650802	1850	29.768217013205177	0.0	821631	2456.8885422254775	1.85
47375.31505446351	1850	31.40242762989576	0.0	923170	2365.789383309412	1.85
47378.7219250878	1850	31.995557005605328	0.0	966699	3406.8706242904323	1.85
47381.110856427	1850	33.60662566639284	0.0	885714	2388.931339212497	1.85
47383.58423983079	1850	35.13324226261369	0.0	987708	2473.383403779147	1.85
47386.23451648474	1850	36.48296560864985	0.0	923755	2650.276653963839	1.85
47391.579385167934	4300	35.138096925462605	0.0	2039773	5344.868683187249	1.8499999999999996
47398.046729433925	4300	32.670752659469635	0.0	2176469	6467.344265992967	4.3
47405.22242175042	4300	29.49506034297745	0.0	2221506	7175.692316492188	4.3
47410.380556025375	4300	28.33692606801685	0.0	2044075	5158.134274960596	4.3
47415.332168007466	4300	27.385314085930975	0.0	2186790	4951.611982085878	4.3
47421.06288378966	4300	25.654598303735096	0.0	2105231	5730.715782195878	4.3
47427.21552033718	4300	23.50196175621768	0.0	2395588	6152.636547517418	4.3
47431.497388439675	4300	23.220093653718184	0.0	1972048	4281.868102499494	4.3
47436.067429595874	4300	22.65005249752214	0.0	2134614	4570.041156196047	4.3
47442.047331215996	4300	20.670150877405813	0.0	2164140	5979.901620116325	4.3
47447.95553541454	4300	18.7619466788581	0.0	2113193	5908.204198547716	4.3
47454.82046920965	4300	15.897012883749056	0.0	2147852	6864.933795109042	4.3
47460.31145687009	4300	14.406025223301429	0.0	2191074	5490.987660447626	4.3
47466.86832725624	4300	11.849154837155565	0.0	2286761	6556.8703861458625	4.3
47472.9709283437	4300	9.746553749696085	0.0	2307787	6102.60108745948	4.3
47475.557257372966	1850	11.160224720422896	0.0	943942	2586.32902927319	-0.6000000000000001
47477.81511477659	1850	12.902367316803135	0.0	728962	2257.8574036197597	1.85
47479.90224201485	1850	14.815240078543797	0.0	938587	2087.127238259337	1.85
47482.143292273606	1850	16.574189819787573	0.0	908665	2241.0502587562223	1.85
47484.39866078916	1850	18.31882130423339	0.0	930577	2255.368515554186	1.85
47486.810023827384	1850	19.907458266007172	0.0	858450	2411.363038226217	1.85
47489.194848271494	1850	21.522633821889894	0.0	1025005	2384.8244441172797	1.85
47491.227300378916	1850	23.49018171446747	0.0	886255	2032.4521074224226	1.85
47493.49896425348	1850	25.218517839909655	0.0	973972	2271.6638745578166	1.85
47495.65264714395	1850	27.064834949435824	0.0	958994	2153.682890473831	1.85
47498.57196039736	1850	28.145521696029235	0.0	982064	2919.3132534065885	1.85
47500.29042957067	1850	30.427052522725575	0.0	830730	1718.4691733036589	1.85
47502.736566104344	1850	31.980915989046263	0.0	846370	2446.136533679313	1.85

