76899.2138729047	750	4.0	1.1586528544844985	450283	1158.6528544844984	-4.232207274283343
76900.2907123566	750	6.9231605481036	0.0	398865	1076.8394518963994	0.75
76902.93488702182	1200	8.278985882869968	0.0	571051	2644.1746652336337	0.75
76904.88568033712	750	10.328192567584203	0.0	382355	1950.7933152857645	0.3
76907.13960795524	750	12.074264949462048	0.0	411561	2253.927618122156	0.75
76908.70620393625	750	14.507668968443838	0.0	318564	1566.59598101821	0.75
76911.40783174972	1200	15.806041154967733	0.0	561791	2701.627813476103	0.75
76914.79891019172	1200	16.414962712972482	0.0	709534	3391.0784419952497	1.2
76917.60812539844	1200	17.605747506249262	0.0	584846	2809.2152067232205	1.2
76920.30522665493	1200	18.908646249765123	0.0	560821	2697.10125648414	1.2
76924.77094239269	1850	18.442930512002683	0.0	939819	4465.715737762437	1.2000000000000002
76929.13216932879	1850	18.08170357589699	0.0	917428	4361.226936105694	1.85
76931.06316922518	1850	20.150703679518163	0.0	946851	1930.9998963788275	1.85
76938.36058048805	4300	16.853292416639036	0.0	2275376	7297.411262879126	1.8499999999999996
76940.45705916497	1850	18.756813739717078	0.0	821631	2096.478676921959	-0.6000000000000001
76943.40133207037	2850	19.81254083431544	0.0	1471065	2944.272905401642	1.85
76951.58679924553	4300	15.627073659147031	0.0	2289689	8185.467175168405	2.8499999999999996
76956.00020919762	1850	15.213663707060066	0.0	885714	4413.409952086966	-0.6000000000000001
76957.95743968885	1200	17.256433215834914	0.0	639204	1957.2304912251548	0.5499999999999999
76960.76889750548	1850	18.44497539920674	0.0	923755	2811.4578166281703	1.2000000000000002
76965.82667439985	2850	17.387198504827126	0.0	1415116	5057.776894379615	1.85
76972.5375060371	1850	14.676366867573174	0.0	955231	6710.831637253954	0.8500000000000001
76973.34633834686	750	17.867534557808423	0.0	401853	808.8323097647498	-0.3500000000000001
76977.44095042725	4300	17.772922477420725	0.0	2044075	4094.612080387696	0.75
76982.64268071248	4300	16.571192192190153	0.0	2186790	5201.730285230571	4.3
76986.06592179426	2850	17.14795111039396	0.0	1480464	3423.2410817961895	1.4000000000000001
76991.24460485255	2850	15.969268052110372	0.0	1547572	5178.683058283591	2.85
76992.642530485	1850	18.5713424196524	0.0	758197	1397.9256324579742	0.8500000000000001
77002.19685215257	4300	13.017020752088772	0.0	2134614	9554.321667563627	1.8499999999999996
77004.3573098499	1200	14.856563054760198	0.0	641447	2160.457697328575	-1.9000000000000001
77006.16834893404	1850	17.04552397062102	0.0	873429	1811.0390841391793	1.2000000000000002
77010.03964450104	2850	17.174228403620145	0.0	1497683	3871.295567000876	1.85
77015.06450024489	2850	16.149372659773288	0.0	1358081	5024.855743846855	2.85
77018.46659340379	1850	16.74727950087729	0.0	1035329	3402.0931588959975	0.8500000000000001
77021.82365332673	1850	17.390219577932015	0.0	1026056	3357.0599229452787	1.85
77025.57892038688	1850	17.634952517792524	0.0	943942	3755.2670601394907	1.85
77027.21299421592	1850	20.00087868874873	0.0	728962	1634.0738290437937	1.85
77035.63177788674	4300	15.582095017937187	0.0	2147467	8418.783670811543	1.8499999999999996
77037.2932518254	1850	17.92062107927481	0.0	908665	1661.473938662376	-0.6000000000000001
77044.48784566093	4300	14.726027243740564	0.0	2146120	7194.593835534246	1.8499999999999996
77046.17965494924	1850	17.034217955416526	0.0	858450	1691.8092883240367	-0.6000000000000001
77051.24851003254	4300	15.96536287211155	0.0	2184571	5068.8550833049785	1.8499999999999996
77055.26575179798	2850	15.948121106675673	0.0	1343002	4017.241765435876	1.4000000000000001
77057.42465514808	1850	17.78921775659141	0.0	973972	2158.9033500842615	0.8500000000000001
77061.8220730302	2850	17.391799874467914	0.0	1464921	4397.417882123498	1.85
77066.67915749614	2850	16.53471540853193	0.0	1483527	4857.084465935984	2.85
77068.59497469541	1850	18.618898209253253	0.0	830730	1915.8171992786793	0.8500000000000001
77072.72635570943	2850	18.487517195235355	0.0	1364537	4131.381014017899	1.85

