71682.3999745496	750	4.0	1.4443858048243738	450283	1444.3858048243737	-5.460858960744807
71682.89010864889	300	7.5098659007004045	0.0	155580	490.134099299596	-0.15000000000000002
71683.87689919927	750	10.523075350339754	0.0	350812	986.7905503606502	0.3
71686.26950956328	1850	12.130464986312619	0.0	933276	2392.610364027134	0.75
71688.81490034728	1850	13.585074202316404	0.0	996749	2545.390783996216	1.85
71690.83571164192	1850	15.564262907678714	0.0	801058	2020.8112946376898	1.85
71694.51225699396	2850	15.887717555648324	0.0	1388403	3676.5453520303913	1.85
71698.70716410098	2850	15.692810448604098	0.0	1638769	4194.907107044226	2.85
71701.94764710151	2850	16.452327448091683	0.0	1348011	3240.483000512413	2.85
71705.42916540406	2850	16.970809145550263	0.0	1429765	3481.5183025414226	2.85
71708.87585668621	2850	17.5241178633998	0.0	1354548	3446.691282150462	2.85
71714.00706908871	2850	16.392905460885576	0.0	1519951	5131.212402514222	2.85
71717.27655489143	1850	17.12341965816234	0.0	946851	3269.4858027232353	0.8500000000000001
71720.5185470208	1850	17.881427528806757	0.0	1036454	3241.9921293555803	1.85
71723.7656770577	2850	18.634297491898295	0.0	1231445	3247.1300369084615	1.85
71727.40300333711	2850	18.996971212486745	0.0	1471065	3637.326279411551	2.85
71732.03190056731	2850	18.368073982293133	0.0	1491626	4628.897230193611	2.85
71735.7042969035	2850	18.695677646116117	0.0	1358801	3672.396336177015	2.85
71741.13971748755	2850	17.260257062061296	0.0	1537156	5435.420584054819	2.85
71744.25216224998	1850	18.14781229961967	0.0	923755	3112.444762441629	0.8500000000000001
71746.8012249583	1850	19.598749591297796	0.0	891604	2549.0627083218733	1.85
71751.26194490888	2850	19.13802964070974	0.0	1468126	4460.719950588061	1.85
71755.00712510155	2850	19.39284944803828	0.0	1505760	3745.1801926714597	2.85
71758.86317468941	2850	19.536799860179087	0.0	1323990	3856.0495878591937	2.85
71763.04143630246	2850	19.35853824711733	0.0	1383735	4178.261613061758	2.85
71767.70102744059	2850	18.69894710899869	0.0	1480464	4659.591138118639	2.85
71773.0307715528	2850	17.369202996786193	0.0	1547572	5329.744112212497	2.85
71774.93944547747	1850	19.46052907211607	0.0	758197	1908.6739246701204	0.8500000000000001
71778.95715678849	2850	19.442817761101796	0.0	1498470	4017.7113110142764	1.85
71784.78692881315	2850	17.613045736440572	0.0	1561263	5829.7720246612225	2.85
71788.346660149	1850	18.053314400570823	0.0	873429	3559.7313358697515	0.8500000000000001
71790.77149238084	1850	19.628482168736756	0.0	954453	2424.8322318340697	1.85
71795.46957684768	2850	18.930397701896318	0.0	1358081	4698.084466840434	1.85
71798.7386375204	1850	19.661337029201015	0.0	1035329	3269.060672695306	0.8500000000000001
71802.63453590075	2850	19.76543864883912	0.0	1492672	3895.8983803619	1.85
71806.9987037	2850	19.40127084961102	0.0	1439896	4364.1677992280975	2.85
71810.05412517498	2850	20.34584937461686	0.0	1139291	3055.42147499416	2.85
71813.79908439325	2850	20.60089015634923	0.0	1499009	3744.95921826763	2.85
71817.41715088963	2850	20.98282365998111	0.0	1427478	3618.0664963681197	2.85
71821.29246953229	2850	21.10750501732374	0.0	1402287	3875.31864265737	2.85
71826.18922501008	2850	20.210749539523167	0.0	1339500	4896.755477800573	2.85
71829.14373888476	1850	21.256235664848507	0.0	1025005	2954.513874674659	0.8500000000000001
71833.51004450893	2850	20.889930040674923	0.0	1343002	4366.305624173584	1.85
71837.7274953849	2850	20.672479164707703	0.0	1587250	4217.450875967221	2.85
71841.55350692585	2850	20.84646762375934	0.0	1464921	3826.011540948363	2.85
71845.77121961607	2850	20.62875493354539	0.0	1483527	4217.71269021395	2.85
71849.23577861364	2850	21.164195935978086	0.0	1231456	3464.558997567306	2.85
71853.4005306857	2850	20.999443863931667	0.0	1364537	4164.752072046416	2.85

