87560.97212401337	750	4.0	3.6952931550013095	450283	3695.2931550013095	-15.13976056650563
87562.30126579544	300	6.670858217931603	0.0	155580	1329.1417820683967	-0.15000000000000002
87563.48028515483	300	9.49183885853837	0.0	139857	1179.0193593932327	0.3
87567.95192307247	1200	9.020200940904044	0.0	617681	4471.637917634328	0.29999999999999993
87570.30622776005	1200	10.665896253313745	0.0	652874	2354.3046875902983	1.2
87572.211039994	1200	12.761084019373858	0.0	520315	1904.812233939888	1.2
87575.11449712001	1850	13.857626893368899	0.0	905515	2903.457126004957	1.2000000000000002
87581.88291966522	2850	11.089204348163516	0.0	1638769	6768.422545205383	1.85
87584.74151833412	1850	12.23060567925428	0.0	852833	2858.598668909235	0.8500000000000001
87587.55228895714	1850	13.419835056226075	0.0	913888	2810.7706230282056	1.85
87591.66168907507	2850	13.31043493831192	0.0	1354548	4109.400117914156	1.85
87596.26311669419	2850	12.709007319191933	0.0	1519951	4601.427619119986	2.85
87599.15973266575	1850	13.8123913476301	0.0	946851	2896.6159715618323	0.8500000000000001
87603.51513719124	2850	13.456986822145806	0.0	1578343	4355.404525484294	1.85
87614.47771091523	2850	6.494413098140269	0.0	1231445	10962.573724005537	2.85
87614.85829212147	300	10.11383189191157	0.0	138313	380.5812062286992	-2.25
87616.30768000378	1200	12.664444009611662	0.0	617242	1449.3878822999093	0.29999999999999993
87618.54298252355	1850	14.429141489840154	0.0	885714	2235.302519771507	1.2000000000000002
87624.26439289504	2850	12.707731118344169	0.0	1537156	5721.410371495986	1.85
87629.60061978655	1850	11.371504226848279	0.0	923755	5336.22689149589	0.8500000000000001
87631.86481578948	1850	13.107308223913698	0.0	891604	2264.1960029345805	1.85
87636.30694283337	2850	12.665181180021461	0.0	1468126	4442.1270438922365	1.85
87638.78566047955	1850	14.186463533838875	0.0	968026	2478.717646182588	0.8500000000000001
87641.95662890446	2850	15.015495108921517	0.0	1323990	3170.9684249173574	1.85
87647.28142244971	4300	13.6907015636765	0.0	2186790	5324.793545245018	2.8499999999999996
87652.82548138764	2850	12.146642625733646	0.0	1480464	5544.058937942852	1.4000000000000001
87656.79558260427	1850	12.176541409103793	0.0	1076599	3970.101216629853	0.8500000000000001
87660.51143537524	1850	12.460688638133357	0.0	758197	3715.852770970436	1.85
87664.63468312532	1850	12.337440888052905	0.0	972798	4123.2477500804525	1.85
87667.10027998629	1850	13.87184402707501	0.0	975811	2465.5968609778947	1.85
87670.38247286475	2850	14.589651148620927	0.0	1341201	3282.1928784540837	1.85
87675.20996270221	2850	13.762161311156737	0.0	1497683	4827.489837464191	2.85
87685.11583421263	2850	7.856289800735645	0.0	1358081	9905.871510421091	2.85
87686.19770761131	750	10.774416402057327	0.0	412837	1081.8733986783188	-1.35
87687.81304547403	1200	13.15907853933151	0.0	690253	1615.3378627258146	0.75
87691.34130904243	2850	13.63081497093829	0.0	1439896	3528.2635683932203	1.2000000000000002
87695.80178582834	2850	13.170338185018517	0.0	1139291	4460.476785919774	2.85
87701.01458152804	2850	11.957542485310784	0.0	1499009	5212.795699707734	2.85
87705.25883197316	1850	11.713292040187243	0.0	908665	4244.25044512354	0.8500000000000001
87708.08322005678	1850	12.888903956560098	0.0	930577	2824.3880836271455	1.85
87710.23822283487	1850	14.733901178484349	0.0	858450	2155.0027780757505	1.85
87714.16089048881	2850	14.811233524534625	0.0	1527299	3922.6676539497216	1.85
87717.84598384333	2850	15.126140170028792	0.0	1343002	3685.0933545058338	2.85
87723.36069023205	4300	13.611433781306935	0.0	2219102	5514.706388721855	2.8499999999999996
87730.58578482587	2850	10.386339187482868	0.0	1464921	7225.0945938240675	1.4000000000000001
87732.29268335227	1200	12.679440661094734	0.0	638661	1706.8985263881345	-0.44999999999999996
87736.3991701985	1850	12.572953814856307	0.0	830730	4106.4868462384275	1.2000000000000002
87738.5272231082	1850	14.444900905161555	0.0	846370	2128.05290969475	1.85

