91783.38329221006	750	4.0	6.722625716931526	450283	6722.625716931527	-28.15729058280556
91785.13836306582	300	6.244929144235785	0.0	155580	1755.0708557642145	-0.15000000000000002
91786.49861469111	300	8.884677518956567	0.0	139857	1360.2516252792186	0.3
91787.4378532929	300	11.945438917165909	0.0	155432	939.2386017906583	0.3
91789.40412532756	750	13.979166882512311	0.0	411561	1966.2720346535991	0.3
91790.59075140726	750	16.792540802799785	0.0	318564	1186.626079712526	0.75
91791.89575747827	750	19.48753473179997	0.0	352642	1305.0060709998136	0.75
91795.65967208066	1850	19.723620129408932	0.0	1060487	3763.914602391035	0.75
91798.70223922396	1850	20.681052986105005	0.0	852833	3042.567143303929	1.85
91801.95689893044	1850	21.426393279621156	0.0	913888	3254.6597064838493	1.85
91805.3016376191	1850	22.081654590976658	0.0	939819	3344.7386886445	1.85
91808.56859456043	1850	22.814697649644607	0.0	917428	3266.956941332051	1.85
91811.90155434867	1850	23.481737861393327	0.0	946851	3332.959788251279	1.85
91815.30817336659	1850	24.075118843477554	0.0	1036454	3406.619017915774	1.85
91818.02529311365	1850	25.357999096427367	0.0	821631	2717.119747050188	1.85
91821.00312542898	1850	26.38016678109717	0.0	923170	2977.832315330198	1.85
91824.06874374785	1850	27.31454846222045	0.0	966699	3065.6183188767222	1.85
91827.07971739616	1850	28.30357481390896	0.0	885714	3010.9736483114907	1.85
91830.03958565465	1850	29.343706555416603	0.0	987708	2959.8682584923545	1.85
91832.69913688929	1850	30.684155320770092	0.0	923755	2659.5512346465125	1.85
91835.21785905803	1850	32.165433152048166	0.0	891604	2518.7221687219258	1.85
91837.92692093297	1850	33.45637127710701	0.0	955231	2709.0618749411524	1.85
91840.8050470328	1850	34.57824517726043	0.0	968026	2878.126099846583	1.85
91847.11375739654	4300	32.26953481353471	0.0	2044075	6308.710363725716	1.8499999999999996
91855.60941519507	4300	27.77387701500339	0.0	2186790	8495.657798531318	4.3
91861.98292026117	4300	25.400371948899114	0.0	2105231	6373.505066104272	4.3
91869.65688046478	4300	21.726411745291244	0.0	2395588	7673.960203607873	4.3
91875.42641389057	4300	19.95687831950417	0.0	1972048	5769.533425787074	4.3
91881.74601811248	4300	17.637274097592147	0.0	2134614	6319.604221912023	4.3
91888.94849209404	4300	14.434800116039359	0.0	2164140	7202.473981552789	4.3
91897.9535101186	4300	9.429782091482116	0.0	2113193	9005.018024557243	4.3
91900.97383645434	1850	10.40945575573953	0.0	954453	3020.3263357425844	-0.6000000000000001
91903.56620609915	1850	11.81708611093631	0.0	885062	2592.369644803221	1.85
91906.95084928465	1850	12.432442925443011	0.0	1035329	3384.6431854933007	1.85
91909.89118929041	1850	13.492102919679281	0.0	1026056	2940.3400057637305	1.85
91912.86168716715	1850	14.521605042943644	0.0	943942	2970.497876735637	1.85
91915.04335518694	1850	16.339937023157034	0.0	728962	2181.668019786607	1.85
91917.84286397007	1850	17.540428240024088	0.0	938587	2799.508783132947	1.85
91920.56845468192	1850	18.814837528172262	0.0	908665	2725.590711851824	1.85
91923.53189751347	1850	19.851394696613497	0.0	930577	2963.442831558767	1.85
91926.10872005207	1850	21.274572158027677	0.0	858450	2576.822538585821	1.85
91929.13764608749	1850	22.245646122615916	0.0	1025005	3028.926035411761	1.85
91931.6635439736	1850	23.719748236498756	0.0	886255	2525.8978861171586	1.85
91934.67883676688	1850	24.704455443209277	0.0	973972	3015.2927932894777	1.85
91955.79151765966	1850	7.591774550434915	0.0	958994	21112.680892774362	1.85
91961.23933364009	300	6.143958570008941	0.0	160064	5447.815980425974	-1.25
91962.41441770132	300	8.968874508770481	0.0	137507	1175.084061238459	0.3
91963.2326113372	300	12.150680872886232	0.0	118421	818.1936358842485	0.3

