82056.6482863213	750	4.0	4.736142853943908	450283	4736.1428539439075	-19.6154142719588
82057.93581878822	300	6.712467533084924	0.0	155580	1287.5324669150764	-0.15000000000000002
82059.10131736274	300	9.546968958555153	0.0	139857	1165.4985745297713	0.3
82060.34486155679	300	12.30342476451335	0.0	155432	1243.544194041803	0.3
82061.41119169914	300	15.237094622162486	0.0	163442	1066.3301423508658	0.3
82063.41364293853	750	17.234643382775662	0.0	318564	2002.4512393868235	0.3
82065.62174608251	750	19.026540238792514	0.0	352642	2208.10314398315	0.75
82069.61168697599	1200	19.036599345315107	0.0	709534	3989.9408934774065	0.75
82072.33083601439	1200	20.31745030691635	0.0	584846	2719.1490383987584	1.2
82074.94157094779	1200	21.706715373508526	0.0	560821	2610.734933407821	1.2
82077.76254125008	1200	22.88574507121734	0.0	607410	2820.9703022911845	1.2
82081.98248445564	1850	22.665801865655368	0.0	917428	4219.943205561971	1.2000000000000002
82089.00356137798	1850	19.64472494332473	0.0	946851	7021.076922330643	1.85
82093.00709379066	1200	19.641192530648627	0.0	687371	4003.5324126761016	0.5499999999999999
82096.09493876062	1200	20.55334756066928	0.0	526950	3087.844969979344	1.2
82099.53055100006	1200	21.117735321231805	0.0	587876	3435.6122394374743	1.2
82103.1337851683	1200	21.514501152980568	0.0	617242	3603.234168251239	1.2
82106.53296306968	1200	22.115323251608146	0.0	581493	3399.177901372424	1.2
82112.25082726857	1850	20.397459052711934	0.0	987708	5717.864198896211	1.2000000000000002
82115.42951189657	1200	21.21877442471113	0.0	586839	3178.684628000802	0.5499999999999999
82120.02165890709	1850	20.62662741419596	0.0	891604	4592.147010515169	1.2000000000000002
82123.22009720566	1200	21.428189115622253	0.0	616206	3198.438298573706	0.5499999999999999
82127.41178957254	1850	21.236496748745157	0.0	968026	4191.692366877095	1.2000000000000002
82129.66780465473	1200	22.980481666556233	0.0	536667	2256.0150821889247	0.5499999999999999
82133.37252881021	1850	23.275757511072296	0.0	897976	3704.7241554839334	1.2000000000000002
82137.10937985947	1850	23.538906461825615	0.0	905935	3736.8510492466808	1.85
82141.53512451307	1850	23.11316180821589	0.0	1076599	4425.744653609726	1.85
82145.07641739486	1850	23.571868926424923	0.0	758197	3541.2928817909656	1.85
82147.9170159076	1850	24.731270413687092	0.0	972798	2840.59851273783	1.85
82151.6513179538	1850	24.996968367496983	0.0	975811	3734.302046190111	1.85
82154.21782727476	1850	26.430459046536324	0.0	873429	2566.509320960658	1.85
82158.19858529835	2850	26.449701022940438	0.0	1497683	3980.758023595889	1.85
82161.81574593743	2850	26.832540383844496	0.0	1358081	3617.1606390959423	2.85
82166.02989575788	2850	26.618390563390108	0.0	1587293	4214.149820454388	2.85
82169.99760248928	2850	26.650683831994396	0.0	1492672	3967.7067313957114	2.85
82173.82785262576	2850	26.820433695521174	0.0	1439896	3830.250136473223	2.85
82178.71213783306	2850	25.93614848821435	0.0	1139291	4884.285207306823	2.85
82184.67311826306	2850	23.97516805820049	0.0	1499009	5960.980430013858	2.85
82189.21786597082	1850	23.43042035045134	0.0	908665	4544.747707749153	0.8500000000000001
82193.68118013613	1850	22.967106185142317	0.0	930577	4463.31416530902	1.85
82197.10301753308	1850	23.545268788188206	0.0	858450	3421.837396954114	1.85
82203.28029613425	1850	21.367990187015106	0.0	1025005	6177.278601173097	1.85
82207.08179227223	1850	21.56649404902974	0.0	886255	3801.49613798537	1.85
82210.53666047873	1200	22.111625842539862	0.0	634861	3454.868206489876	0.5499999999999999
82215.65934965386	1850	20.988936667408463	0.0	958994	5122.6891751314	1.2000000000000002
82220.44103884308	1200	20.207247478181205	0.0	638661	4781.689189227259	0.5499999999999999
82223.16351939636	1200	21.484766924901212	0.0	538612	2722.480553279994	1.2
82226.65166588331	1200	21.996620437954952	0.0	550906	3488.1464869462598	1.2

