27286.02930683706	750	4.0	2.995120564854714	450283	2995.1205648547143	-12.12901842887527
27286.950960922928	300	7.078345914131531	0.0	155580	921.6540858684693	-0.15000000000000002
27288.04426944104	300	9.985037396014272	0.0	139857	1093.3085181172587	0.3
27289.08256089204	300	12.946745945018538	0.0	155432	1038.2914509957336	0.3
27291.014970031498	750	15.014336805562031	0.0	411561	1932.4091394565055	0.3
27292.429990523284	1200	17.599316313777482	0.0	520315	1415.020491784548	0.75
27296.09092059738	2850	17.938386239678294	0.0	1388403	3660.9300740991885	1.2000000000000002
27300.148300936886	2850	17.88100590017472	0.0	1638769	4057.380339503574	2.85
27306.054939266425	2850	15.9743675706365	0.0	1348011	5906.63832953822	2.85
27307.355491094397	1200	18.673815742667145	0.0	560821	1300.5518279693572	-0.44999999999999996
27311.11428956653	2850	18.915017270536424	0.0	1354548	3758.7984721307243	1.2000000000000002
27321.250425038175	2850	12.778881798892511	0.0	1519951	10136.135471643913	2.85
27322.32955631702	750	15.699750520046777	0.0	386351	1079.1312788457344	-1.35
27326.882068519695	1850	15.147238317369927	0.0	1036454	4552.5122026768495	0.75
27329.05475415533	1200	16.97455268173586	0.0	526950	2172.685635634066	0.5499999999999999
27337.168748659453	1850	12.860558177610656	0.0	923170	8113.994504125208	1.2000000000000002
27337.612052293734	300	16.417254543330678	0.0	143509	443.3036342799785	-1.25
27341.141056267847	1850	16.88825056921672	0.0	885714	3529.0039741139576	0.30000000000000004
27343.731746885656	1850	18.29755995140632	0.0	987708	2590.690617810395	1.85
27347.06067012318	2850	18.968636713881207	0.0	1336050	3328.9232375251145	1.85
27355.41896828892	2850	14.610338548143275	0.0	1415116	8358.29816573793	2.85
27356.928191665538	1200	17.101115171528217	0.0	616206	1509.22337661506	-0.44999999999999996
27363.50908457931	2850	14.52022225776013	0.0	1505760	6580.892913768088	1.2000000000000002
27366.090701241872	1200	15.938605595193112	0.0	536667	2581.6166625670166	-0.44999999999999996
27368.79160862886	1200	17.237698208206034	0.0	587236	2700.907386987077	1.2
27374.727500638586	1850	15.301806198480365	0.0	905935	5935.892009725669	1.2000000000000002
27376.85210013284	750	17.1772067042228	0.0	425781	2124.5994942575644	-0.3500000000000001
27379.795712518262	1200	18.233594318802147	0.0	487160	2943.6123854206535	0.75
27385.69532156573	1200	16.33398527133639	0.0	622896	5899.6090474657585	1.2
27386.675361020323	750	19.353945816743224	0.0	400508	980.0394545931651	0.3
27392.68207623717	2850	17.347230599894655	0.0	1341201	6006.715216848568	0.75
27398.045333231024	1850	15.983973606043042	0.0	954453	5363.256993851612	0.8500000000000001
27399.333412885226	1200	18.695893951839913	0.0	584349	1288.0796542031283	0.5499999999999999
27405.757125016178	2850	16.272181820885915	0.0	1587293	6423.712130953999	1.2000000000000002
27412.68878001633	1850	13.340526820733164	0.0	1026056	6931.655000152751	0.8500000000000001
27414.48603153392	750	15.54327530314838	0.0	365161	1797.2515175847846	-0.3500000000000001
27417.88575276737	1200	16.143554069694982	0.0	487812	3399.7212334533997	0.75
27419.727963861762	750	18.301342975303733	0.0	361565	1842.2110943912446	0.3
27421.549490197278	1200	20.47981663978899	0.0	605884	1821.5263355147422	0.75
27432.530494500097	2850	13.498812336971895	0.0	1402287	10981.004302817097	1.2000000000000002
27433.417672420797	750	16.611634416272224	0.0	345516	887.1779206996682	-1.35
27443.6296713277	2850	10.399635509369325	0.0	1527299	10211.998906902898	0.75
27444.568479654623	750	13.460827182448742	0.0	372093	938.8083269205828	-1.35
27447.2253107843	1850	14.803996052770001	0.0	973972	2656.83112967874	0.75
27449.994065343177	1850	16.03524149389529	0.0	958994	2768.754558874712	1.85
27452.50069096494	1850	17.52861587213476	0.0	982064	2506.625621760532	1.85
27455.250740466385	2850	18.77856637068737	0.0	1231456	2750.0495014473904	1.85
27459.698097173696	2850	18.331209663379415	0.0	1364537	4447.356707307956	2.85

