32237.346831853924	750	4.0	12.008116451169277	450283	12008.116451169277	-50.88490074002789
32240.10802071521	300	5.238811138711066	0.0	155580	2761.1888612889347	-0.15000000000000002
32245.393303317967	300	4.0	0.046471464045859646	139857	5285.282602756925	0.10017270460280353
32248.74476148888	300	4.648541829086465	0.0	155432	3351.4581709135346	0.3
32251.467418269007	300	5.925885048959261	0.0	163442	2722.6567801272054	0.3
32254.96614258018	300	6.427160737788261	0.0	126289	3498.724311171	0.3
32260.252442074514	300	5.140861243450219	0.0	153295	5286.299494338042	0.3
32264.03791623566	300	5.355387082307534	0.0	173849	3785.474161142685	0.3
32267.769135327708	300	5.62416799025873	0.0	150710	3731.2190920488038	0.3
32270.080555542256	300	7.312747775711219	0.0	139105	2311.420214547512	0.3
32272.342273694325	300	9.051029623642895	0.0	141840	2261.718152068323	0.3
32275.362190413998	300	10.031112903972815	0.0	156148	3019.91671967008	0.3
32279.361509203398	300	10.03179411457202	0.0	160746	3999.3187894007933	0.3
32282.46847105417	300	10.924832263797928	0.0	179801	3106.961850774094	0.3
32285.7929410339	300	11.600362284067597	0.0	140051	3324.469979730331	0.3
32289.86131477265	300	11.531988545316095	0.0	138313	4068.3737387515016	0.3
32293.90627478584	300	11.487028532129218	0.0	143509	4044.960013186877	0.3
32297.40300870424	300	11.99029461372723	0.0	150616	3496.7339184019884	0.3
32299.55978110698	300	13.833522210989521	0.0	165384	2156.772402737709	0.3
32301.999745166544	300	15.393558151423003	0.0	140881	2439.964059566518	0.3
32305.68348486132	300	15.70981845664584	0.0	157671	3683.739694777164	0.3
32310.036174672983	300	15.357128644985107	0.0	157812	4352.6898116607335	0.3
32314.079372374184	300	15.313930943785376	0.0	163927	4043.197701199731	0.3
32316.710537376042	300	16.682765941927407	0.0	137654	2631.165001857969	0.3
32319.545190941615	300	17.848112376352276	0.0	146754	2834.653565575128	0.3
32325.41309031993	300	15.980212998042065	0.0	153938	5867.899378310212	0.3
32330.182030559725	300	15.211272758243569	0.0	181901	4768.940239798496	0.3
32333.060722485036	300	16.332580832934312	0.0	111155	2878.6919253092565	0.3
32338.057489338567	300	15.335813979404971	0.0	153605	4996.7668535293415	0.3
32343.879315198716	300	13.513988119253911	0.0	149029	5821.825860151061	0.3
32346.687052917707	300	14.706250400260704	0.0	157421	2807.737718993207	0.3
32352.014752779825	300	13.378550538142584	0.0	157488	5327.69986211812	0.3
32354.520091397317	300	14.873211920653727	0.0	143881	2505.3386174888565	0.3
32358.775103771888	300	14.61819954608292	0.0	163444	4255.012374570807	0.3
32364.371419674437	300	13.0218836435343	0.0	179328	5596.315902548619	0.3
32371.44518482932	300	9.948118488649376	0.0	159914	7073.7651548849235	0.3
32376.35207832244	300	9.041224995531246	0.0	131610	4906.8934931181275	0.3
32380.08732722004	300	9.305976097930278	0.0	124011	3735.248897600968	0.3
32383.666220092302	300	9.72708322567217	0.0	144254	3578.8928722581095	0.3
32387.445840681296	300	9.94746263667716	0.0	149991	3779.620588995009	0.3
32390.27272217473	300	11.120581143243559	0.0	147968	2826.8814934336033	0.3
32396.168379203173	300	9.224924114799439	0.0	161857	5895.657028444119	0.3
32398.804228302906	300	10.589075015068317	0.0	145210	2635.8490997311224	0.3
32401.733320435484	300	11.659982882491821	0.0	172312	2929.092132576498	0.3
32407.947444119894	300	9.445859198081987	0.0	167025	6214.123684409833	0.3
32411.645183000208	300	9.748120317768905	0.0	160064	3697.738880313084	0.3
32415.378208102164	300	10.015095215813592	0.0	137507	3733.0251019553116	0.3
32417.591785253586	300	11.80151806439372	0.0	118421	2213.5771514198714	0.3

