85617.88284658986	750	4.0	2.563274371489584	450283	2563.2743714895837	-10.27207979740521
85618.57234497291	300	7.310501616938458	0.0	155580	689.498383061542	-0.15000000000000002
85619.94930423735	750	9.933542352490566	0.0	350812	1376.959264447893	0.3
85623.04615794362	1200	10.836688646214197	0.0	617681	3096.8537062763676	0.75
85624.6848255173	750	13.198021072542506	0.0	411561	1638.6675736716918	0.3
85628.0290145755	1200	13.853832014340336	0.0	520315	3344.18905820217	0.75
85630.80540347894	750	15.077443110894263	0.0	352642	2776.3889034460735	0.3
85635.21931173724	750	14.663534852592573	0.0	437162	4413.908258301691	0.75
85636.42213802165	300	17.46070856819099	0.0	150710	1202.8262844015808	-0.15000000000000002
85637.89099367954	750	19.991852910296732	0.0	362795	1468.8556578942585	0.3
85650.27429479704	1850	11.608551792802984	0.0	939819	12383.30111749375	0.75
85651.83271523833	300	14.05013135150316	0.0	156148	1558.420441299825	-1.25
85657.39439585133	300	12.48845073851031	0.0	160746	5561.680612992851	0.3
85660.94425517245	300	12.938591417389942	0.0	179801	3549.8593211203674	0.3
85661.92612006907	300	15.956726520761363	0.0	140051	981.8648966285796	0.3
85666.30541944182	750	15.577427148010887	0.0	366214	4379.2993727504745	0.3
85667.20453589586	300	18.678310693981622	0.0	143509	899.1164540292692	-0.15000000000000002
85669.87454381202	1200	20.00830277781962	0.0	581493	2670.0079161620038	0.29999999999999993
85678.52690889948	1850	15.355937690351777	0.0	987708	8652.365087467842	1.2000000000000002
85684.79159362528	750	13.09125296455506	0.0	350713	6264.684725796716	-0.3500000000000001
85685.82947329905	300	16.053373290794784	0.0	157671	1037.879673760277	-0.15000000000000002
85694.4118264834	1200	11.471020106440923	0.0	616206	8582.35318435386	0.29999999999999993
85695.99228301323	300	13.890563576609384	0.0	163927	1580.4565298315397	-0.6000000000000001
85697.05659235196	300	16.82625423787496	0.0	137654	1064.3093387344234	0.3
85700.30030862536	750	17.58253796448309	0.0	359903	3243.7162733918685	0.3
85702.11161439642	750	19.771232193415614	0.0	379700	1811.3057710674773	0.75
85721.71012224513	1850	4.172724344706869	0.0	1076599	19598.507848708745	0.75
85723.54814253308	300	6.334704056759841	0.0	111155	1838.0202879470282	-1.25
85725.69052586252	300	8.192320727329234	0.0	153605	2142.3833294306064	0.3
85727.60588019101	300	10.276966398835025	0.0	149029	1915.3543284942086	0.3
85729.26378415387	300	12.619062435986129	0.0	157421	1657.9039628488968	0.3
85730.96800839473	300	14.914838195114479	0.0	157488	1704.2242408716502	0.3
85733.90412790263	300	15.97871868721583	0.0	143881	2936.1195078986498	0.3
85735.58044778324	300	18.30239880660054	0.0	163444	1676.3198806152861	0.3
85737.86546454317	750	20.017382046678065	0.0	401088	2285.0167599224715	0.3
85740.27567623681	1200	21.607170353036242	0.0	598727	2410.2116936418224	0.75
85747.295638711	1850	18.587207878840957	0.0	728962	7019.962474195287	1.2000000000000002
85750.75055306665	750	19.1322935231964	0.0	361565	3454.914355644558	-0.3500000000000001
85754.76860728065	750	19.114239309202883	0.0	378327	4018.054213993516	0.75
85756.2331798339	750	21.649666755953575	0.0	390680	1464.5725532493104	0.75
85766.38523222432	2850	15.497614365540304	0.0	1339500	10152.05239041327	0.75
85774.8281279618	750	11.054718628061808	0.0	384505	8442.895737478497	-1.35
85777.88391423349	300	11.99893235636639	0.0	145210	3055.786271695417	-0.15000000000000002
85779.7872975749	300	14.095549014953713	0.0	172312	1903.383341412679	0.3
85782.18201639973	300	15.700830190140936	0.0	167025	2394.7188248127763	0.3
85783.73560365564	300	18.14724293421412	0.0	160064	1553.5872559268162	0.3
85785.59468706339	750	20.28815952646444	0.0	331053	1859.0834077496788	0.3
85791.70040836014	1200	18.182438229722614	0.0	550906	6105.721296741828	0.75

