76699.02968491735	750	4.0	11.986486292338926	450283	11986.486292338926	-50.79189105705738
76706.0527679463	300	4.0	3.0230830289619797	155580	7023.08302896198	-13.14925702453651
76706.99995561082	300	7.052812335482402	0.0	139857	947.1876645175983	0.3
76716.54682312386	750	4.0	2.494055177554354	382355	9546.867513036756	-10.42443726348372
76717.64541141018	300	6.901411713678598	0.0	163442	1098.5882863214022	-0.15000000000000002
76718.6603946326	300	9.886428491251879	0.0	126289	1014.9832224267204	0.3
76723.21879339626	1200	9.328029727612423	0.0	561791	4558.398763639456	0.29999999999999993
76729.71458569598	1200	6.832237427886727	0.0	709534	6495.792299725695	1.2
76730.93800002991	300	9.608823093966034	0.0	150710	1223.4143339206937	-0.6000000000000001
76734.3566030383	1200	10.190220085575154	0.0	560821	3418.603008390879	0.29999999999999993
76739.90383527167	1200	8.642987852197573	0.0	607410	5547.23223337758	1.2
76742.53727663685	750	10.00954648700941	0.0	405134	2633.441365188162	0.3
76746.94646963016	1200	9.60035349371173	0.0	624282	4409.192993297681	0.75
76750.80723346061	1200	9.73958966326532	0.0	687371	3860.763830446408	1.2
76764.64705111425	1200	4.0	4.100227990390933	526950	13839.817653656253	-16.430980358681012
76765.91137947809	300	6.73567163617455	0.0	138313	1264.32836382545	-0.6000000000000001
76772.50585483862	300	4.141196275647768	0.0	143509	6594.475360526782	0.3
76774.54135672055	300	6.105694393708021	0.0	150616	2035.5018819397476	0.3
76776.08975480183	300	8.557296312440682	0.0	165384	1548.39808126734	0.3
76778.82184039132	750	9.825210722949647	0.0	350713	2732.085589491035	0.3
76790.08288754313	1200	4.0	1.4358364288512675	601738	11261.047151800914	-5.42409664406045
76791.30034828484	300	6.7825392582867545	0.0	157812	1217.4607417132456	-0.6000000000000001
76792.48735773342	300	9.595529809706111	0.0	163927	1187.0094485806433	0.3
76803.72854079981	1200	4.0	1.645653256669957	536667	11241.183066376068	-6.776309003680815
76805.77035423789	300	5.9581865619266425	0.0	146754	2041.8134380733572	-0.6000000000000001
76806.92223610861	300	8.806304691193784	0.0	153938	1151.881870732859	0.3
76809.96698123199	750	9.761559567816143	0.0	425781	3044.7451233776414	0.3
76813.4391129483	1200	10.289427851500355	0.0	487160	3472.131716315787	0.75
76836.96505387728	1200	4.0	13.236513077477442	622896	23525.940928977798	-55.71700623315299
76849.47002016816	300	4.0	8.504966290875116	149029	12504.966290875116	-37.171355050763
76850.54749544126	300	6.92252472690102	0.0	157421	1077.4752730989794	0.3
76851.68879043931	300	9.781229728858293	0.0	157488	1141.2949980427286	0.3
76862.8598942332	1200	4.0	1.389874065024176	584349	11171.103793882468	-5.676458479603957
76871.89791319097	300	4.0	5.0380189577774415	163444	9038.018957777442	-22.263481518442994
76872.85404700527	300	7.043866185715154	0.0	179328	956.1338142848463	0.3
76874.90227169407	750	8.995641496914907	0.0	365161	2048.2246888002473	0.3
76876.64648392363	750	11.251429267354052	0.0	321064	1744.2122295608556	0.75
76882.07092716299	1850	9.826986027987802	0.0	938587	5424.443239366251	0.75
76886.1087924461	1200	9.789120744864253	0.0	605884	4037.8652831235477	0.5499999999999999
76889.7290406547	1200	10.168872536274447	0.0	587506	3620.248208589805	1.2
76899.10308761199	1200	4.794825578976695	0.0	566904	9374.046957297753	1.2
76900.30990975331	300	7.58800343765296	0.0	161857	1206.822141323736	-0.6000000000000001
76902.98036077508	750	8.917552415877115	0.0	372093	2670.4510217758448	0.3
76906.09301121203	750	9.804901978933158	0.0	438281	3112.650436943957	0.75
76909.87302126136	1200	10.024891929593457	0.0	630203	3780.0100493397003	0.75
76914.38334605978	1200	9.514567131178413	0.0	638661	4510.324798415043	1.2
76918.19950334531	1200	9.698409845651938	0.0	538612	3816.1572855264762	1.2
76922.10093967711	1200	9.796973513857901	0.0	550906	3901.4363317940356	1.2

