17700.770734009504	750	4.0	2.5522409085556528	450283	2552.240908555653	-10.224635906789306
17702.049024550768	300	6.721709458734462	0.0	155580	1278.2905412655384	-0.15000000000000002
17703.206215193717	300	9.564518815786947	0.0	139857	1157.190642947515	0.3
17704.46342231878	300	12.307311690726392	0.0	155432	1257.2071250605545	0.3
17705.56287409259	300	15.20785991691355	0.0	163442	1099.451773812841	0.3
17708.267393721304	750	16.503340288199528	0.0	318564	2704.5196287140207	0.3
17711.228020837236	750	17.542713172268307	0.0	352642	2960.627115931221	0.75
17713.719533479834	750	19.051200529666986	0.0	437162	2491.512642601324	0.75
17717.561243213033	1200	19.20949079647265	0.0	584846	3841.709733194331	0.75
17722.379599194825	1200	18.39113481467849	0.0	560821	4818.355981794161	1.2
17724.25763364975	750	20.51310035975109	0.0	353220	1878.0344549274018	0.3
17728.093053224842	1200	20.677680784657845	0.0	594078	3835.419575093243	0.75
17732.90152869233	1200	19.869205317170344	0.0	624282	4808.4754674875	1.2
17737.376810914488	1200	19.393923095013452	0.0	687371	4475.282222156894	1.2
17740.81966280808	1200	19.951071201419975	0.0	526950	3442.8518935934767	1.2
17743.745914878793	1200	21.024819130705932	0.0	587876	2926.252070714044	1.2
17746.836820713885	1200	21.933913295614474	0.0	617242	3090.905835091458	1.2
17751.70340083088	1850	21.06733317861805	0.0	885714	4866.580116996425	1.2000000000000002
17755.206496374038	1200	21.56423763546119	0.0	639204	3503.095543156858	0.5499999999999999
17757.847871436636	1200	22.922862572862417	0.0	586839	2641.3750625987736	1.2
17761.2112237229	1850	23.559510286598563	0.0	891604	3363.3522862638533	1.2000000000000002
17764.879895354512	1850	23.890838654987498	0.0	955231	3668.6716316110683	1.85
17769.441219406002	1850	23.329514603499664	0.0	968026	4561.324051487831	1.85
17774.304857097166	1850	22.465876912332767	0.0	874175	4863.637691166898	1.85
17780.40606575559	1850	20.364668253909212	0.0	897976	6101.208658423555	1.85
17782.76441060046	1200	22.006323409043603	0.0	590335	2358.34484486561	0.5499999999999999
17789.182005332335	1850	19.58872867716436	0.0	1076599	6417.594731879238	1.2000000000000002
17790.288504639113	750	22.48222937039034	0.0	277716	1106.4993067740247	-0.3500000000000001
17796.63355536588	1850	20.137178643620995	0.0	972798	6345.050726769345	0.75
17803.596632220106	1200	17.17410178939398	0.0	641447	6963.076854227018	0.5499999999999999
17805.6062325031	750	19.164501506398302	0.0	358218	2009.6002829956797	0.3
17809.195462546733	1200	19.575271462766462	0.0	620283	3589.230043631841	0.75
17814.296345053124	1200	18.47438895637393	0.0	584349	5100.8825063925315	1.2
17817.793950532105	750	18.976783477392733	0.0	412837	3497.605478981196	0.3
17822.34030253257	750	18.430431476926593	0.0	401088	4546.35200046614	0.75
17827.77263942629	750	16.998094583206928	0.0	365161	5432.336893719664	0.75
17829.790272286144	750	18.98046172335514	0.0	321064	2017.6328598517855	0.75
17832.69975588291	1200	20.070978126586954	0.0	575591	2909.4835967681847	0.75
17835.341945347955	1200	21.428788661545244	0.0	605884	2642.1894650417094	1.2
17837.67288882846	1200	23.097845181038856	0.0	587506	2330.943480506385	1.2
17840.93917811697	1850	23.831555892529547	0.0	858450	3266.289288509309	1.2000000000000002
17846.890869143954	1850	21.879864865543095	0.0	1025005	5951.691026986451	1.85
17850.572446870407	1850	22.198287139094436	0.0	886255	3681.5777264486615	1.85
17855.921876796463	1850	20.848857213039526	0.0	973972	5349.4299260549105	1.85
17858.08878495107	1200	22.681949058433332	0.0	630203	2166.9081546061943	0.5499999999999999
17861.90120222018	1850	22.869531789324455	0.0	982064	3812.4172691088797	1.2000000000000002
17865.956662941157	1850	22.81407106834629	0.0	830730	4055.460720978165	1.85
17868.983941080307	1850	23.786792929198338	0.0	846370	3027.278139147952	1.85

