32483.83193553751	750	4.0	2.8003594978914617	450283	2800.3594978914616	-11.291545840933285
32484.879382740284	300	6.952552797225652	0.0	155580	1047.447202774349	-0.15000000000000002
32485.817379354714	300	10.014556182794905	0.0	139857	937.9966144307447	0.3
32486.8359449493	300	12.995990588211622	0.0	155432	1018.5655945832848	0.3
32489.398098274225	750	14.433837263288828	0.0	411561	2562.1533249227937	0.3
32491.556109346933	750	16.275826190579185	0.0	318564	2158.0110727096444	0.75
32493.885662964665	750	17.946272572846958	0.0	352642	2329.5536177322265	0.75
32498.015719340627	750	17.816216196884504	0.0	437162	4130.056375962457	0.75
32500.45600788486	750	19.37592765265232	0.0	374758	2440.288544232186	0.75
32504.236826043514	1200	19.59510949399996	0.0	560821	3780.8181586523556	0.75
32509.0869518511	1200	18.744983686414088	0.0	607410	4850.125807585872	1.2
32513.40872429453	1200	18.423211242982042	0.0	594078	4321.772443432047	1.2
32515.90112829262	750	19.93080724489405	0.0	386351	2492.4039980879893	0.3
32520.21221923903	1200	19.619716298485436	0.0	687371	4311.090946408613	0.75
32523.6652401631	1200	20.16669537441524	0.0	526950	3453.0209240701956	1.2
32528.22703591131	1200	19.60489962620416	0.0	587876	4561.795748211083	1.2
32532.21964510252	1200	19.612290434995877	0.0	617242	3992.6091912082825	1.2
32536.45987631553	1200	19.372059221986348	0.0	581493	4240.2312130095315	1.2
32541.100689230516	1200	18.73124630700129	0.0	639204	4640.8129149850565	1.2
32544.34306081915	750	19.488874718369452	0.0	350713	3242.37158863184	0.3
32548.613966835106	1200	19.217968702409994	0.0	601738	4270.906015959455	0.75
32553.305791276794	1200	18.526144260725502	0.0	616206	4691.824441684493	1.2
32555.86940523099	750	19.962530306526507	0.0	401853	2563.6139541989937	0.3
32559.27499893599	1200	20.55693660152783	0.0	536667	3405.5937049986755	0.75
32566.067781400263	1200	17.764154137253314	0.0	587236	6792.782464274517	1.2
32569.03898375329	750	18.792951784226474	0.0	379700	2971.202353026839	0.3
32572.394077254485	750	19.43785828303005	0.0	425781	3355.093501196426	0.75
32574.625135264527	750	21.206800272988136	0.0	277716	2231.058010041913	0.75
32578.93022275877	1200	20.901712778744134	0.0	622896	4305.087494244002	0.75
32583.8433026785	1200	19.9886328590135	0.0	641447	4913.079919730638	1.2
32587.403522308763	1200	20.42841322874877	0.0	570392	3560.219630264728	1.2
32591.412290626697	1200	20.41964491081306	0.0	620283	4008.7683179357127	1.2
32596.317086248204	1200	19.51484928930571	0.0	584349	4904.795621507348	1.2
32600.580045018283	1200	19.25189051922882	0.0	670129	4262.9587700768925	1.2
32603.42547810591	750	20.406457431598803	0.0	401088	2845.433087630014	0.3
32608.41744183597	1200	19.414493701539737	0.0	598727	4991.963730059064	0.75
32611.541388820628	1200	20.290546716884617	0.0	487812	3123.9469846551196	1.2
32616.26304824515	1200	19.56888729235959	0.0	575591	4721.659424525024	1.2
32620.262235587365	1200	19.569699950143153	0.0	605884	3999.187342216439	1.2
32624.144640533603	1200	19.687295003907092	0.0	587506	3882.4049462360576	1.2
32628.078590795405	1200	19.753344742105998	0.0	566904	3933.9502618010933	1.2
32632.958680936044	1200	18.87325460146463	0.0	641452	4880.090140641367	1.2
32636.869129991974	1200	18.96280554553686	0.0	599477	3910.449055927769	1.2
32641.46269564079	1200	18.369239896722384	0.0	634861	4593.565648814472	1.2
32645.91306923201	1200	17.918866305498884	0.0	630203	4450.373591223502	1.2
32648.35045976997	750	19.481475767538765	0.0	393804	2437.390537960115	0.3
32652.630923395325	1200	19.201012142182968	0.0	538612	4280.463625355798	0.75
32655.041552558443	750	20.790382979062066	0.0	314107	2410.629163120903	0.3

