5769.025158448099	750	4.0	5.693850784454754	450283	5693.850784454754	-23.73355837315544
5770.801339425943	300	6.22381902215628	0.0	155580	1776.1809778437198	-0.15000000000000002
5772.536538712936	300	8.488619735163512	0.0	139857	1735.199286992766	0.3
5774.369519263709	300	10.655639184390292	0.0	155432	1832.9805507732199	0.3
5776.158345920111	300	12.866812527988285	0.0	163442	1788.8266564020075	0.3
5777.507769427086	300	15.517389021012958	0.0	126289	1349.4235069753288	0.3
5779.167268531108	300	17.85788991699192	0.0	153295	1659.4991040210373	0.3
5781.589763611938	300	19.43539483616183	0.0	173849	2422.4950808300878	0.3
5784.185331580564	300	20.839826867536267	0.0	150710	2595.567968625563	0.3
5785.836765872831	300	23.188392575268058	0.0	139105	1651.434292268209	0.3
5787.313200082682	300	25.711958365417452	0.0	141840	1476.4342098506042	0.3
5789.033588376428	300	27.991570071671582	0.0	156148	1720.3882937458745	0.3
5793.152606311371	300	27.872552136728693	0.0	160746	4119.017934942885	0.3
5795.12790581268	300	29.897252635419985	0.0	179801	1975.299501308708	0.3
5796.678632052085	300	32.346526396014795	0.0	140051	1550.7262394051922	0.3
5798.161120682449	300	34.8640377656508	0.0	138313	1482.4886303639955	0.3
5799.692992336636	300	37.33216611146352	0.0	143509	1531.8716541872761	0.3
5801.30725064745	300	39.71790780065044	0.0	150616	1614.2583108130866	0.3
5804.885810211921	300	40.13934823617901	0.0	165384	3578.5595644714253	0.3
5806.405711764141	300	42.619446683959225	0.0	140881	1519.9015522197772	0.3
5808.106304132024	300	44.91885431607639	0.0	157671	1700.5923678828317	0.3
5809.875848522728	300	47.1493099253716	0.0	157812	1769.544390704798	0.3
5811.708224771518	300	49.31693367658157	0.0	163927	1832.376248790028	0.3
5813.192569319587	300	51.832589128512254	0.0	137654	1484.3445480693135	0.3
5814.842030686631	300	54.1831277614686	0.0	146754	1649.461367043659	0.3
5821.146900071485	300	51.87825837661459	0.0	153938	6304.869384854008	0.3
5823.42857316452	300	53.59658528357954	0.0	181901	2281.673093035044	0.3
5824.5956650495	300	56.42949339859946	0.0	111155	1167.091884980079	0.3
5826.250202753921	300	58.774955694178416	0.0	153605	1654.5377044210486	0.3
5828.196060344417	300	59.659474374468395	0.0	149029	1615.4813197100218	0.3
5831.907954289202	300	59.94758042968226	0.0	157421	3211.893944786132	0.3
5833.818139391983	300	59.684623032778596	0.0	157488	1762.9573969036644	0.3
5837.374205809963	300	59.689703593776294	0.0	143881	1494.9194390023058	0.3
5841.260976779669	300	59.59989163371202	0.0	163444	2089.811960064272	0.3
5844.8504387653575	300	59.7431401055899	0.0	179328	1856.7515281221115	0.3
5848.171822537314	300	59.962803587644025	0.0	159914	1780.3365179458763	0.3
5851.458331311399	300	59.55357269315708	0.0	131610	1409.2308944869465	0.3
5854.392696893399	300	59.73502884195602	0.0	124011	1318.5438512010558	0.3
5857.564566230197	300	59.66750512190699	0.0	144254	1567.5237200490305	0.3
5860.852496279568	300	59.53521282249457	0.0	149991	1632.2922994124224	0.3
5863.591499510917	300	59.95303011830028	0.0	147968	1582.1827041942863	0.3
5866.726089841412	300	59.67164527862964	0.0	161857	1781.3848396706348	0.3
5869.7521202715625	300	59.547732746967306	0.0	145210	1623.9125316623363	0.3
5872.989116579982	300	59.590293542001795	0.0	172312	1957.4392049655085	0.3
5875.953629700119	300	59.95781553365952	0.0	167025	2132.47800834227	0.3
5879.662535260537	300	59.73038035584808	0.0	160064	2727.435177811445	0.3
5881.923469924181	300	59.8006482153296	0.0	137507	1429.7321405184796	0.3
5883.801437458473	300	59.987265709746374	0.0	118421	1313.3825055832306	0.3

