25136.60372935686	750	4.0	1.802334509593895	450283	1802.334509593895	-7.000038391253748
25136.9470121091	300	7.65671724775857	0.0	155580	343.2827522414302	-0.15000000000000002
25139.578668045233	1200	9.02506131162542	0.0	571051	2631.6559361331506	0.29999999999999993
25140.452839478592	750	12.150889878267742	0.0	382355	874.1714333576776	0.3
25154.561106235218	1850	4.0	1.9573768783543801	996749	14108.266756622123	-7.666720576923835
25154.888328020723	300	7.672778214496548	0.0	126289	327.22178550345177	-1.25
25156.06808313874	1200	10.493023096475422	0.0	561791	1179.7551180211237	0.29999999999999993
25162.354671065954	1850	8.206435169262512	0.0	1060487	6286.58792721291	1.2000000000000002
25162.924269793406	300	11.636836441809878	0.0	150710	569.5987274526341	-1.25
25173.86143607684	1200	4.699670158374149	0.0	560821	10937.16628343573	0.29999999999999993
25175.245078616856	300	7.316027618361256	0.0	141840	1383.642540012893	-0.6000000000000001
25176.68226094336	300	9.878845291856727	0.0	156148	1437.1823265045284	0.3
25177.48758792888	300	13.073518306333392	0.0	160746	805.3269855233355	0.3
25178.712071566293	1200	15.849034668918033	0.0	687371	1224.4836374153588	0.29999999999999993
25184.961568497834	4300	13.599537737378194	0.0	2005399	6249.496931539839	1.1999999999999997
25186.73632529791	1850	15.824780937305134	0.0	923170	1774.7568000730612	-0.6000000000000001
25188.873289057738	2850	17.687817177474695	0.0	1491626	2136.963759830439	1.85
25194.876461260395	4300	15.684644974816653	0.0	2059512	6003.172202658042	2.8499999999999996
25196.53213832183	1850	18.028967913383834	0.0	987708	1655.6770614328204	-0.6000000000000001
25202.48982592039	4300	16.0712803148189	0.0	2156729	5957.687598564931	1.8499999999999996
25206.392985267055	2850	16.168120968156433	0.0	1415116	3903.159346662468	1.4000000000000001
25210.943415944632	2850	15.617690290578553	0.0	1468126	4550.43067757788	2.85
25213.182669220863	1850	17.378437014347025	0.0	968026	2239.253276231528	0.8500000000000001
25215.726704665245	2850	18.834401569966488	0.0	1323990	2544.035444380537	1.85
25219.58595822017	4300	18.9751480150415	0.0	2186790	3859.2535549249883	2.8499999999999996
25228.75160155727	4300	13.80950467794245	0.0	2105231	9165.64333709905	4.3
25230.1572355326	1200	16.40387070261351	0.0	696376	1405.6339753289426	-1.9000000000000001
25232.73049918314	2850	17.83060705207263	0.0	1141971	2573.26365054088	1.2000000000000002
25235.363975715067	2850	19.19713052014453	0.0	1498470	2633.4765319281005	2.85
25240.514328798785	4300	18.046777436424758	0.0	2164140	5150.3530837197695	2.8499999999999996
25243.706050489774	2850	18.855055745434374	0.0	1341201	3191.721690990386	1.4000000000000001
25248.923844719146	2850	17.637261516063884	0.0	1497683	5217.794229370488	2.85
25250.768891517902	1850	19.79221471730668	0.0	885062	1845.046798757205	0.8500000000000001
25267.999972301935	4300	6.561133933276891	0.0	2286761	17231.08078402979	1.8499999999999996
25268.403282707113	300	10.157823528095681	0.0	179328	403.3104051812094	-3.7
25270.415386494544	1850	12.145719740665742	0.0	943942	2012.1037874299404	0.30000000000000004
25273.55634600105	1850	13.004760234161573	0.0	728962	3140.959506504169	1.85
25274.917796690028	1200	15.64330954518182	0.0	575591	1361.4506889797526	0.5499999999999999
25278.971157542765	2850	15.589948692443114	0.0	1427478	4053.3608527387064	1.2000000000000002
25282.356647743873	1850	16.20445849133369	0.0	930577	3385.4902011094255	0.8500000000000001
25283.580942190318	1850	18.98016404488791	0.0	858450	1224.2944464457762	1.85
25286.63006177924	4300	19.93104445596641	0.0	2184571	3049.1195889215014	1.8499999999999996
25290.445644346553	4300	20.1154618886541	0.0	2121928	3815.582567312309	4.3
25296.345594886145	4300	18.215511349060765	0.0	2219102	5899.950539593335	4.3
25299.232459784525	2850	19.32864645068182	0.0	1464921	2886.864898378946	1.4000000000000001
25308.929286612965	4300	13.631819622243025	0.0	2246506	9696.826828438794	2.8499999999999996
25310.435201009543	1200	16.12590522566674	0.0	538612	1505.9143965762858	-1.9000000000000001
25313.698631419746	2850	16.862474815463234	0.0	1364537	3263.430410203509	1.2000000000000002

