69034.67129490215	750	4.0	1.5155397534750004	450283	1515.5397534750005	-5.766820939942502
69035.48100847268	300	7.190286429470163	0.0	155580	809.7135705298367	-0.15000000000000002
69036.74306929867	750	9.928225603474507	0.0	350812	1262.0608259956562	0.3
69038.48868275352	1200	12.18261214862756	0.0	617681	1745.6134548469477	0.75
69043.1914616851	1850	11.479833217046563	0.0	996749	4702.778931580997	1.2000000000000002
69045.39214403604	1850	13.27915086610968	0.0	801058	2200.6823509368837	1.85
69049.90015759606	2850	12.771137306093074	0.0	1388403	4508.013560016604	1.85
69053.26881027411	1850	13.402484628032813	0.0	1060487	3368.652678060262	0.8500000000000001
69057.39650568117	2850	13.274789220975071	0.0	1348011	4127.69540705774	1.85
69061.7206620424	2850	12.950632859758038	0.0	1429765	4324.156361217034	2.85
69064.28008805326	1850	14.391206848902593	0.0	939819	2559.426010855444	0.8500000000000001
69068.37958882726	2850	14.291706074913552	0.0	1519951	4099.500773989041	1.85
69072.72239627344	2850	13.948898628719759	0.0	1422919	4342.807446193795	2.85
69077.25013360048	2850	13.42116130169605	0.0	1578343	4527.737327023709	2.85
69081.04692936398	2850	13.624365538182552	0.0	1231445	3796.7957635134962	2.85
69086.51646228945	2850	12.1548326127087	0.0	1471065	5469.532925473852	2.85
69089.21086052396	1850	13.460434378197197	0.0	966699	2694.3982345115037	0.8500000000000001
69095.03656470122	2850	11.634730200943322	0.0	1358801	5825.704177253875	1.85
69097.84243075273	1850	12.828864149445346	0.0	987708	2805.866051497977	0.8500000000000001
69102.97987309888	1850	11.691421803293881	0.0	923755	5137.442346151464	1.85
69106.953786513	1850	11.717508389166214	0.0	891604	3973.913414127666	1.85
69109.58977423185	1850	13.081520670314381	0.0	955231	2635.9877188518326	1.85
69114.06406319351	2850	12.60723170864994	0.0	1505760	4474.288961664442	1.85
69116.66838903169	1850	14.002905870466462	0.0	874175	2604.325838183477	0.8500000000000001
69120.82410993225	2850	13.847184969911083	0.0	1383735	4155.72090055538	1.85
69126.88571236432	2850	11.785582537825684	0.0	1480464	6061.602432085397	2.85
69131.45821502546	1850	11.213079876706482	0.0	1076599	4572.5026611192025	0.8500000000000001
69133.71642400802	1850	12.954870894143806	0.0	758197	2258.208982562677	1.85
69136.69501700158	1850	13.976277900570073	0.0	972798	2978.592993573731	1.85
69142.4982561428	2850	12.173038759349453	0.0	1561263	5803.239141220622	1.85
69144.98417395915	1850	13.68712094300453	0.0	873429	2485.917816344923	0.8500000000000001
69151.03828917108	2850	11.63300573108526	0.0	1497683	6054.1152119192675	1.85
69153.51399134005	1850	13.15730356209305	0.0	885062	2475.702168992212	0.8500000000000001
69159.28283879465	2850	11.388456107498572	0.0	1587293	5768.847454594477	1.85
69163.42814812824	1850	11.243146773903693	0.0	1026056	4145.309333594881	0.8500000000000001
69166.92790850064	1850	11.743386401503832	0.0	943942	3499.7603723998595	1.85
69169.65495814136	1850	13.016336760788814	0.0	728962	2727.049640715018	1.85
69173.96902235816	2850	12.702272543996546	0.0	1499009	4314.064216792268	1.85
69176.5464060132	1850	14.124888888933762	0.0	908665	2577.3836550627843	0.8500000000000001
69180.50645969712	2850	14.16483520501129	0.0	1402287	3960.0536839224737	1.85
69186.68443521393	2850	11.986859688213489	0.0	1339500	6177.975516797803	2.85
69191.35089218077	1850	11.320402721362877	0.0	1025005	4666.456966850611	0.8500000000000001
69193.96014012022	1850	12.71115478190496	0.0	886255	2609.247939457915	1.85
69196.84629524205	1850	13.824999660068237	0.0	973972	2886.155121836724	1.85
69202.8317029466	2850	11.839591955527066	0.0	1464921	5985.4077045411705	1.85
69206.5819290919	1850	12.089365810228234	0.0	982064	3750.2261452988337	0.8500000000000001
69209.81237649109	1850	12.858918411050338	0.0	830730	3230.447399177896	1.85
69214.57674960491	1850	12.094545297217028	0.0	846370	4764.3731138333105	1.85

