19451.681864291237	750	4.0	9.534054872630644	450283	9534.054872630644	-40.24643595231177
19454.142916818626	300	5.538947472609147	0.0	155580	2461.0525273908534	-0.15000000000000002
19456.469022290163	300	7.212842001072562	0.0	139857	2326.105471536585	0.3
19458.97314756452	300	8.708716726717379	0.0	155432	2504.1252743551836	0.3
19461.570258393564	300	10.111605897673204	0.0	163442	2597.1108290441757	0.3
19463.59814094491	300	12.083723346326325	0.0	126289	2027.8825513468794	0.3
19466.088268448624	300	13.593595842610249	0.0	153295	2490.1275037160785	0.3
19469.39462932457	300	14.287234966664206	0.0	173849	3306.3608759460426	0.3
19472.746494427163	300	14.935369864071067	0.0	150710	3351.8651025931395	0.3
19474.98421177579	300	16.697652515441725	0.0	139105	2237.7173486293404	0.3
19476.844978422574	300	18.836885868658655	0.0	141840	1860.7666467830713	0.3
19478.88537852383	300	20.79648576740454	0.0	156148	2040.4001012541103	0.3
19480.98350539498	300	22.69835889625542	0.0	160746	2098.126871149123	0.3
19483.320863149198	300	24.36100114203769	0.0	179801	2337.3577542177313	0.3
19485.159169336795	300	26.522694954441697	0.0	140051	1838.306187595995	0.3
19486.88324764321	300	28.79861664802856	0.0	138313	1724.0783064131372	0.3
19488.545587336666	300	31.13627695457345	0.0	143509	1662.3396934551085	0.3
19490.34909562799	300	33.33276866325225	0.0	150616	1803.5082913212025	0.3
19492.321595065314	300	35.360269225929095	0.0	165384	1972.4994373231648	0.3
19494.013705143858	300	37.668159147387485	0.0	140881	1692.1100785416045	0.3
19495.89794424064	300	39.78392005060557	0.0	157671	1884.2390967819179	0.3
19497.70991925537	300	41.97194503587808	0.0	157812	1811.9750147274888	0.3
19499.710133053897	300	43.971731237346056	0.0	163927	2000.2137985320244	0.3
19501.60830736737	300	46.07355692387596	0.0	137654	1898.1743134700973	0.3
19503.626677143755	300	48.05518714748741	0.0	146754	2018.369776388559	0.3
19505.58170916534	300	50.100155125899704	0.0	153938	1955.0320215876984	0.3
19507.5779432059	300	52.103921085339955	0.0	181901	1996.234040559748	0.3
19508.969700005444	300	54.71216428579407	0.0	111155	1391.756799545892	0.3
19510.86241561153	300	56.81944867971025	0.0	153605	1892.7156060838172	0.3
19512.70112915639	300	58.98073513484475	0.0	149029	1838.7135448655004	0.3
19515.179297310915	300	59.62031093412553	0.0	157421	1860.4242007192197	0.3
19517.376218194528	300	59.78922257791945	0.0	157488	1831.0883562060728	0.3
19519.61152003429	300	59.563487755794384	0.0	143881	1725.7348221250743	0.3
19521.431937354962	300	59.61906277022723	0.0	163444	1444.4249855671492	0.3
19523.434332147535	300	59.76636150524329	0.0	179328	1852.7012649839469	0.3
19525.308603941587	300	59.60557239206162	0.0	159914	1660.7891131816718	0.3
19526.718080584695	300	59.72457526119227	0.0	131610	1380.9971308693414	0.3
19528.114635114776	300	59.50203788196933	0.0	124011	1222.5373792229468	0.3
19529.528732244016	300	59.59299782018105	0.0	144254	1409.0400617882844	0.3
19533.0938811038	300	59.522951924013675	0.0	149991	1570.0458961673721	0.3
19536.46966842706	300	59.54010968719112	0.0	147968	1482.842236822552	0.3
19539.484898109367	300	59.9414674462589	0.0	161857	1598.6422409322279	0.3
19542.703372022086	300	59.50002424708771	0.0	145210	1441.4431991711897	0.3
19545.908244640286	300	59.7461032947581	0.0	172312	1753.920952329605	0.3
19549.477199549547	300	59.64310160506266	0.0	167025	2103.001689695432	0.3
19553.061163315564	300	59.5445962958402	0.0	160064	2098.5053092224603	0.3
19555.63123674828	300	59.96528894787867	0.0	137507	1579.3073479615337	0.3
19558.094966866884	300	59.68880693095155	0.0	118421	1276.4820169271172	0.3

