52770.187359075775	750	4.0	5.231327318922596	450283	5231.3273189225965	-21.744707471367164
52772.02465353357	300	6.162705542203785	0.0	155580	1837.294457796215	-0.15000000000000002
52773.68435485112	300	8.503004224656507	0.0	139857	1659.7013175472766	0.3
52775.51997763145	300	10.66738144432368	0.0	155432	1835.6227803328275	0.3
52777.44607430693	300	12.741284768843999	0.0	163442	1926.0966754796825	0.3
52778.95252346351	300	15.234835612264579	0.0	126289	1506.4491565794203	0.3
52780.76400857668	300	17.423350499088908	0.0	153295	1811.4851131756704	0.3
52785.78180494999	750	16.40555412578187	0.0	437162	5017.796373307038	0.3
52790.09474077988	750	16.092618295888606	0.0	374758	4312.935829893264	0.75
52794.272553113195	750	15.914805962579837	0.0	362795	4177.812333308767	0.75
52798.34221469169	750	15.84514438408145	0.0	353220	4069.6615784983874	0.75
52802.99825102583	750	15.18910804994588	0.0	405134	4656.03633413557	0.75
52807.4063138214	750	14.781045254376968	0.0	386351	4408.062795568913	0.75
52812.27190315055	750	13.9154559252269	0.0	434409	4865.589329150069	0.75
52816.06505355419	750	14.122305521588869	0.0	337059	3793.15040363803	0.75
52820.1793848194	750	14.007974256386344	0.0	366214	4114.331265202525	0.75
52824.23441522444	750	13.952943851338222	0.0	360831	4055.03040504812	0.75
52828.423095645354	750	13.764263430426599	0.0	372963	4188.680420911623	0.75
52832.91744442604	750	13.269914649734547	0.0	405596	4494.348780692053	0.75
52836.77675519077	750	13.410603885011493	0.0	350713	3859.310764723053	0.75
52841.02140774104	750	13.165951334738056	0.0	386472	4244.652550273437	0.75
52845.41069681486	750	12.776662260913703	0.0	399894	4389.289073824353	0.75
52849.82109622617	750	12.366262849610862	0.0	401853	4410.39941130284	0.75
52853.6059119613	750	12.581447114489023	0.0	343800	3784.8157351218388	0.75
52857.56425488601	750	12.623104189772457	0.0	359903	3958.342924716566	0.75
52861.735931833726	750	12.451427242053544	0.0	379700	4171.676947718914	0.75
52866.40418124768	750	11.78317782810383	0.0	425781	4668.249413949714	0.75
52869.47687062143	750	12.710488454354275	0.0	277716	3072.6893737495543	0.75
52873.87156928659	750	12.315789789200572	0.0	400396	4394.698665153705	0.75
52878.26747487251	750	11.91988420327219	0.0	400508	4395.905585928382	0.75
52882.20766010522	750	11.979698970567492	0.0	358218	3940.1852327046977	0.75
52886.601561340576	750	11.585797735211342	0.0	400322	4393.901235356151	0.75
52890.666921499345	750	11.520437576447378	0.0	369834	4065.3601587639623	0.75
52895.19568535519	750	10.991673720599518	0.0	412837	4528.763855847861	0.75
52899.12104512523	750	11.066313950563025	0.0	401088	3925.3597700364935	0.75
52902.65983432854	750	11.52752474724398	0.0	365161	3538.7892033190446	0.75
52905.780938654505	750	12.406420421277007	0.0	321064	3121.104325966973	0.75
52909.28566670131	750	12.901692374475594	0.0	361565	3504.7280468014123	0.75
52912.949163687364	750	13.238195388422637	0.0	378327	3663.496986052958	0.75
52916.7296677553	750	13.457691320483606	0.0	390680	3780.5040679390313	0.75
52920.082380368025	750	14.10497870776214	0.0	345516	3352.712612721466	0.75
52923.706659504525	750	14.48069957126029	0.0	384505	3624.279136501851	0.75
52927.21381205972	750	14.973547016064945	0.0	372093	3507.152555195343	0.75
52931.33058740632	750	14.85677166946189	0.0	438281	4116.7753466030545	0.75
52935.0854464242	750	15.101912651582692	0.0	398987	3754.859017879198	0.75
52938.79256756017	750	15.394791515613601	0.0	393804	3707.121135969091	0.75
52941.92172230067	750	16.26563677511839	0.0	331053	3129.1547404952094	0.75
52944.89479636456	750	17.29256271122914	0.0	314107	2973.0740638892526	0.75

