53239.42841386956	750	4.0	5.095223073152945	450283	5095.223073152945	-21.15945921455766
53240.833793630125	300	6.594620239435471	0.0	155580	1405.3797605645282	-0.15000000000000002
53242.0749691359	300	9.353444733657179	0.0	139857	1241.1755057782923	0.3
53243.445457500544	300	11.982956369012353	0.0	155432	1370.4883646448266	0.3
53244.882449621175	300	14.545964248379024	0.0	163442	1436.99212063333	0.3
53246.01097556875	300	17.417438300809472	0.0	126289	1128.5259475695514	0.3
53247.36372129587	300	20.064692573686173	0.0	153295	1352.7457271232995	0.3
53249.311774441136	300	22.116639428418736	0.0	173849	1948.0531452674372	0.3
53251.48632438752	300	23.942089482034305	0.0	150710	2174.5499463844317	0.3
53253.47040058616	300	25.95801328339743	0.0	139105	1984.0761986368757	0.3
53255.49191360162	300	27.936500267943963	0.0	141840	2021.5130154534666	0.3
53257.70927523681	300	29.71913863274213	0.0	156148	2217.361635201832	0.3
53259.98957452603	300	31.43883934352835	0.0	160746	2280.2992892137827	0.3
53262.530699608455	300	32.897714261100624	0.0	179801	2541.1250824277263	0.3
53264.52772470241	300	34.90068916714072	0.0	140051	1997.0250939599084	0.3
53266.50095996543	300	36.92745390412313	0.0	138313	1973.2352630175924	0.3
53268.54531833637	300	38.883095533179024	0.0	143509	2044.3583709441023	0.3
53270.68695767884	300	40.74145619071189	0.0	150616	2141.6393424671414	0.3
53272.24609268419	300	43.182321185365936	0.0	165384	1559.135005345945	0.3
53273.32764293263	300	46.10077093692185	0.0	140881	1081.5502484440863	0.3
53274.52855653505	300	48.89985733450259	0.0	157671	1200.9136024192587	0.3
53275.72689775454	300	51.70151611500808	0.0	157812	1198.3412194945129	0.3
53278.54936192056	750	52.87905194899145	0.0	401853	2822.464166016629	0.3
53281.500740876894	750	53.92767299266004	0.0	343800	2951.3789563314044	0.75
53283.02929593325	300	56.399117936298104	0.0	146754	1528.5550563619386	-0.15000000000000002
53284.62876162595	300	58.79965224359982	0.0	153938	1599.4656926982848	0.3
53287.50423986373	300	59.924174005818955	0.0	181901	1875.4782377808642	0.3
53290.249629665705	300	59.74700365754966	0.0	111155	1177.1703482692892	0.3
53293.360427832304	300	59.66971426870056	0.0	153605	1577.289388849103	0.3
53296.3201479747	300	59.67760850437723	0.0	149029	1492.1057643233326	0.3
53299.37307280759	300	59.5989532254724	0.0	157421	1578.6552789048383	0.3
53303.28627310526	300	59.6414878993793	0.0	157488	2957.4653260930922	0.3
53306.04938657269	300	59.6477986991474	0.0	143881	1493.6892002318993	0.3
53310.01262774394	300	59.50639021562246	0.0	163444	2641.408483524942	0.3
53313.36558573841	300	59.6998275155576	0.0	179328	2306.5627000648587	0.3
53316.841828337216	300	59.659403932952934	0.0	159914	2540.4235826046665	0.3
53320.67624660295	300	59.82498566722064	0.0	131610	3834.4182657322926	0.3
53324.17346817185	300	59.94449348748266	0.0	124011	2880.49217973798	0.3
53329.978911120874	300	58.139050538457326	0.0	144254	5805.44294902533	0.3
53335.107188528	300	57.010773131333245	0.0	149991	5128.277407124082	0.3
53340.92485173518	300	55.193109924153596	0.0	147968	5817.663207179652	0.3
53344.239637081264	300	55.878324578072615	0.0	161857	3314.7853460809893	0.3
53346.8277380496	300	57.29022360974486	0.0	145210	2588.1009683277557	0.3
53349.364298372224	300	58.75366328711388	0.0	172312	2536.560322630974	0.3
53352.383507288665	300	59.59233868391419	0.0	167025	2661.324603199687	0.3
53356.01249530481	300	59.96335066776842	0.0	160064	2628.9880161457663	0.3
53358.08129180431	300	59.59688861421136	0.0	137507	1866.4620535570573	0.3
53361.39760290392	300	59.99690014687565	0.0	118421	1599.98846733571	0.3

