39037.26098825368	750	4.0	0.9954299952297705	450283	995.4299952297705	-3.5303489794880125
39038.16775606871	750	7.093232184968456	0.0	398865	906.7678150315443	0.75
39039.5699374929	1200	9.691050760774564	0.0	571051	1402.1814241938926	0.75
39041.63493581666	1850	11.626052437011252	0.0	933276	2064.9983237633114	1.2000000000000002
39047.230829948516	1850	10.03015830515845	0.0	996749	5595.894131852802	1.85
39047.946063847776	750	13.314924405897147	0.0	318564	715.2338992613014	-0.3500000000000001
39050.73599867754	2850	14.524989576128265	0.0	1388403	2789.934829768883	0.75
39054.059517338195	2850	15.201470915481174	0.0	1638769	3323.518660647091	2.85
39057.27113481984	2850	15.98985343383499	0.0	1348011	3211.6174816461835	2.85
39063.071350817845	2850	14.189637435830162	0.0	1429765	5800.215998004826	2.85
39064.29461069518	1200	16.966377558495182	0.0	607410	1223.259877334978	-0.44999999999999996
39068.61829083837	2850	16.642697415300354	0.0	1519951	4323.68014319483	1.2000000000000002
39071.59775290104	2850	17.663235352629933	0.0	1422919	2979.4620626704204	2.85
39075.10177078724	2850	18.159217466430984	0.0	1578343	3504.0178861989466	2.85
39077.61509146585	2850	19.645896787813804	0.0	1231445	2513.3206786171836	2.85
39082.53784419997	4300	18.72314405369662	0.0	2152483	4922.7527341171835	2.8499999999999996
39088.016394499384	2850	17.24459375427967	0.0	1491626	5478.5502994169465	1.4000000000000001
39090.52810313476	1850	18.732885118907408	0.0	885714	2511.7086353722625	0.8500000000000001
39095.740045802806	2850	17.520942450853696	0.0	1537156	5211.942668053715	1.85
39097.57833865785	1850	19.68264959581565	0.0	923755	1838.2928550380432	0.8500000000000001
39101.84292412234	4300	19.41806413131953	0.0	2039773	4264.585464496124	1.8499999999999996
39107.214082938095	4300	18.04690531556213	0.0	2176469	5371.158815757396	4.3
39110.45707564153	2850	18.80391261213536	0.0	1505760	3242.9927034267744	1.4000000000000001
39114.51237559446	4300	18.748612659203328	0.0	2044075	4055.2999529320305	2.8499999999999996
39120.418597431984	4300	16.842390821675618	0.0	2186790	5906.221837527713	4.3
39126.12893640031	2850	15.132051853356424	0.0	1480464	5710.338968319194	1.4000000000000001
39128.72328525884	1850	16.537702994818595	0.0	1076599	2594.3488585378286	0.8500000000000001
39131.1296585458	2850	18.131329707860576	0.0	1141971	2406.373286958021	1.85
39135.38599032912	4300	17.874997924535514	0.0	2134614	4256.331783325063	2.8499999999999996
39141.956787185154	4300	15.304201068508368	0.0	2164140	6570.796856027146	4.3
39144.373362873455	1850	16.887625380205623	0.0	873429	2416.5756883027466	-0.6000000000000001
39147.88574171896	2850	17.37524653470523	0.0	1497683	3512.3788455003923	1.85
39151.871166395424	2850	17.389821858236317	0.0	1358081	3985.42467646891	2.85
39156.098971535	2850	17.16201671866412	0.0	1587293	4227.8051395722005	2.85
39159.4906501149	2850	17.770338138759616	0.0	1492672	3391.6785799045006	2.85
39163.37881636356	2850	17.88217189010638	0.0	1439896	3888.166248653238	2.85
39166.35906535787	2850	18.90192289579374	0.0	1139291	2980.248994312643	2.85
39170.25503453933	2850	19.005953714332986	0.0	1499009	3895.969181460751	2.85
39173.96891002321	2850	19.292078230454486	0.0	1427478	3713.8754838785026	2.85
39176.984856757226	2850	20.27613149644219	0.0	1402287	3015.9467340122915	2.85
39182.03920301282	4300	19.221785240842568	0.0	2108491	5054.346255599624	2.8499999999999996
39185.263813314334	2850	19.997174939331728	0.0	1527299	3224.610301510837	1.4000000000000001
39190.158955010236	4300	19.10203324342838	0.0	2121928	4895.1416959033495	2.8499999999999996
39194.363346754515	2850	18.89764149914863	0.0	1587250	4204.391744279751	1.4000000000000001
39197.31266427962	2850	19.94832397404399	0.0	1464921	2949.3175251046414	2.85
39202.26336575151	4300	18.997622502149664	0.0	2246506	4950.701471894326	2.8499999999999996
39209.001629644255	4300	16.259358609406895	0.0	1961140	6738.263892742768	4.3
39210.92081410549	1850	18.34017414816731	0.0	846370	1919.1844612395846	-0.6000000000000001

