21937.75502807048	750	4.0	7.499855635967344	450283	7499.855635967344	-31.49937923465958
21940.40520406879	300	5.349824001692897	0.0	155580	2650.1759983071024	-0.15000000000000002
21942.918126604116	300	6.836901466366536	0.0	139857	2512.922535326362	0.3
21945.696580723477	300	8.058447347009945	0.0	155432	2778.45411935659	0.3
21948.53020237038	300	9.224825700107072	0.0	163442	2833.621646902873	0.3
21950.675453097847	300	11.079574972638266	0.0	126289	2145.2507274688073	0.3
21953.241933949637	300	12.513094120845532	0.0	153295	2566.4808517927336	0.3
21956.14796088764	300	13.607067182841158	0.0	173849	2906.026938004374	0.3
21962.478005746452	750	11.277022324028222	0.0	374758	6330.044858812937	0.3
21964.76731752722	300	12.9877105432621	0.0	139105	2289.3117807661215	-0.15000000000000002
21970.39319541613	750	11.361832654350376	0.0	353220	5625.877888911725	0.3
21973.086325566095	300	12.668702504387186	0.0	156148	2693.1301499631904	-0.15000000000000002
21979.738602704525	750	10.016425365955852	0.0	386351	6652.277138431332	0.3
21984.381169302953	300	9.373858767530088	0.0	179801	4642.566598425766	-0.15000000000000002
21987.112103004834	300	10.642925065644263	0.0	140051	2730.9337018858237	0.3
21990.633766977047	300	11.121261093434958	0.0	138313	3521.663972209307	0.3
21993.84668195491	300	11.908346115571224	0.0	143509	3212.9149778637343	0.3
21997.28736192222	300	12.467666148260141	0.0	150616	3440.6799673110822	0.3
22001.694822792593	300	12.060205277885895	0.0	165384	4407.460870374244	0.3
22005.68974631688	300	12.065281753598844	0.0	140881	3994.9235242870504	0.3
22010.211407560888	300	11.543620509590978	0.0	157671	4521.661244007868	0.3
22012.841769100396	300	12.913258970081747	0.0	157812	2630.3615395092297	0.3
22022.941536171147	750	6.813491899335171	0.0	401853	10099.767070746577	0.3
22025.472148505538	300	8.28287956494173	0.0	137654	2530.6123343934405	-0.15000000000000002
22028.06856181409	300	9.686466256393178	0.0	146754	2596.4133085485523	0.3
22030.807408865734	300	10.94761920474776	0.0	153938	2738.8470516454186	0.3
22033.807598783747	300	11.947429286738089	0.0	181901	3000.1899180096716	0.3
22035.716123869675	300	14.03890420080878	0.0	111155	1908.5250859293078	0.3
22042.702176550836	750	11.052851519649058	0.0	400396	6986.052681159722	0.3
22046.408182672763	300	11.34684539771892	0.0	149029	3706.00612193014	-0.15000000000000002
22049.109961619826	300	12.645066450657305	0.0	157421	2701.7789470616126	0.3
22052.413630143797	300	13.341397926687442	0.0	157488	3303.668523969864	0.3
22064.6920246721	750	5.063003398386582	0.0	369834	12278.39452830086	0.3
22067.494940124496	300	6.260087945989877	0.0	163444	2802.915452396704	-0.15000000000000002
22070.71504485001	300	7.039983220474945	0.0	179328	3220.1047255149315	0.3
22073.44139030514	300	8.313637765345312	0.0	159914	2726.3454551296336	0.3
22075.68910960935	300	10.065918461132565	0.0	131610	2247.719304212748	0.3
22077.72074952998	300	12.03427854050268	0.0	124011	2031.6399206298863	0.3
22080.1050486543	300	13.64997941618451	0.0	144254	2384.299124318169	0.3
22086.9291218411	750	10.825906229381218	0.0	390680	6824.073186803291	0.3
22089.46959093823	300	12.285437132252039	0.0	147968	2540.46909712918	-0.15000000000000002
22092.25933199208	300	13.495696078404364	0.0	161857	2789.7410538476747	0.3
22098.390999607018	750	11.364028463468967	0.0	372093	6131.667614935397	0.3
22101.256169622324	300	12.498858448165306	0.0	172312	2865.170015303661	-0.15000000000000002
22104.387976624537	300	13.367051445952251	0.0	167025	3131.8070022130537	0.3
22110.88715320614	750	10.867874864350586	0.0	393804	6499.176581601666	0.3
22113.35218101091	300	12.402847059580925	0.0	137507	2465.0278047696615	-0.15000000000000002
22115.385729176498	300	14.369298893991939	0.0	118421	2033.5481655889853	0.3

