19557.100062153015	750	4.0	3.4821045606376124	450283	3482.1045606376124	-14.223049610741732
19558.573519643047	300	6.526542509968097	0.0	155580	1473.4574900319033	-0.15000000000000002
19559.57437320392	300	9.525688949096224	0.0	139857	1000.8535608718718	0.3
19560.711468843772	300	12.388593309242925	0.0	155432	1137.0956398533	0.3
19563.796427427296	750	13.303634725720118	0.0	411561	3084.9585835228067	0.3
19565.79168372262	750	15.308378430397548	0.0	318564	1995.2562953225693	0.75
19569.568782053117	1200	15.531280099899918	0.0	561791	3777.09833049763	0.75
19572.712208002693	750	16.38785415032405	0.0	437162	3143.425949575869	0.3
19575.30880111048	750	17.79126104253631	0.0	374758	2596.59310778774	0.75
19579.19648674046	1200	17.903575412556677	0.0	560821	3887.685629979632	0.75
19583.858136109084	1200	17.241926043930476	0.0	607410	4661.649368626199	1.2
19586.720656707173	750	18.37940544583771	0.0	405134	2862.5205980927703	0.3
19590.716547019216	1200	18.38351513379444	0.0	624282	3995.890312043264	0.75
19595.383361156586	1200	17.71670099642652	0.0	687371	4666.81413736792	1.2
19598.94389845788	1200	18.156163695130555	0.0	526950	3560.537301295963	1.2
19605.07211863331	1200	16.027943519698535	0.0	587876	6128.22017543202	1.2
19607.515819252436	750	17.584242900576466	0.0	360831	2443.7006191220676	0.3
19611.54015956828	1200	17.559902584733347	0.0	581493	4024.3403158431233	0.75
19615.93277133482	1200	17.167290818194736	0.0	639204	4392.61176653861	1.2
19619.738744456154	1200	17.361317696861537	0.0	586839	3805.9731213331984	1.2
19623.206784636703	1200	17.893277516312526	0.0	601738	3468.0401805490133	1.2
19627.40051054579	1200	17.699551607223434	0.0	616206	4193.725909089092	1.2
19631.98188069933	1200	17.11818145367937	0.0	656471	4581.370153544066	1.2
19635.722088236314	1200	17.377973916698263	0.0	536667	3740.207536981104	1.2
19639.63679508133	1200	17.463267071684825	0.0	587236	3914.7068450134357	1.2
19642.711774960688	1200	18.388287192324903	0.0	590335	3074.979879359923	1.2
19647.69839056385	1200	17.401671589160802	0.0	696376	4986.6156031640985	1.2
19651.14650379994	1200	17.953558353073777	0.0	487160	3448.113236087023	1.2
19655.373863980334	1200	17.726198172680924	0.0	622896	4227.360180392855	1.2
19659.670467982425	1200	17.429594170589922	0.0	641447	4296.604002091001	1.2
19663.528188587818	1200	17.57187356519835	0.0	570392	3857.7206053915766	1.2
19669.25334969764	1200	15.846712455379867	0.0	620283	5725.161109818481	1.2
19672.091250333837	750	17.00881181917911	0.0	369834	2837.900636200761	0.3
19675.718674177937	750	17.38138797508175	0.0	412837	3627.4238440973586	0.75
19678.725399675583	750	18.374662477438143	0.0	401088	3006.725497643611	0.75
19682.875890978637	1200	18.22417117438135	0.0	598727	4150.49130305679	0.75
19686.195145472466	1200	18.904916680552233	0.0	487812	3319.2544938291153	1.2
19689.777711672145	1200	19.322350480873194	0.0	575591	3582.5661996790413	1.2
19693.57614033716	1200	19.52392181585743	0.0	605884	3798.428665015761	1.2
19697.536637114725	1200	19.563425038294465	0.0	587506	3960.496777562961	1.2
19701.379679069472	1200	19.72038308355008	0.0	566904	3843.04195474439	1.2
19705.732272506128	1200	19.36778964689152	0.0	641452	4352.593436658555	1.2
19710.45946952154	1200	18.640592631483734	0.0	599477	4727.197015407786	1.2
19715.24455008342	750	17.855512069602163	0.0	438281	4785.08056188157	0.3
19718.039537268825	750	19.060524884195598	0.0	398987	2794.9871854065655	0.75
19722.291331131928	1200	18.808731021091152	0.0	638661	4251.793863104445	0.75
19725.942827525734	1200	19.15723462728299	0.0	538612	3651.4963938081637	1.2
19729.65681058833	1200	19.44325156468685	0.0	550906	3713.983062596142	1.2

