33601.75011172019	750	4.0	2.0073559019199907	450283	2007.3559019199909	-7.881630378255959
33602.43051177464	300	7.319599945547983	0.0	155580	680.4000544520168	-0.15000000000000002
33603.0502350708	300	10.699876649394906	0.0	139857	619.7232961530771	0.3
33603.73006397724	300	14.020047742957152	0.0	155432	679.8289064377547	0.3
33605.398322408975	750	16.351789311215754	0.0	411561	1668.2584317413966	0.3
33606.70769535502	750	19.0424163651658	0.0	318564	1309.3729460499567	0.75
33608.955707612324	1200	20.794404107866317	0.0	561791	2248.012257299479	0.75
33611.77387609307	1200	21.97623562711328	0.0	709534	2818.1684807530355	1.2
33615.14505092042	1850	22.605060799767372	0.0	852833	3371.1748273459107	1.2000000000000002
33617.38931984276	1200	24.360791877426234	0.0	560821	2244.2689223411394	0.5499999999999999
33622.69666714292	2850	23.053444577272803	0.0	1354548	5307.347300153429	1.2000000000000002
33626.317121064734	1850	23.432990655458916	0.0	917428	3620.4539218138893	0.8500000000000001
33630.051121527256	1850	23.698990192944795	0.0	946851	3734.0004625141187	1.85
33634.13090966221	1850	23.61920205798522	0.0	1036454	4079.7881349595746	1.85
33637.381672595366	1850	24.368439124835298	0.0	821631	3250.762933149923	1.85
33641.02428551649	1850	24.72582620371132	0.0	923170	3642.6129211239772	1.85
33644.83488155865	1850	24.915230161554806	0.0	966699	3810.596042156513	1.85
33648.33294772287	1850	25.417163997337596	0.0	885714	3498.06616421721	1.85
33654.313066426774	2850	23.437045293425957	0.0	1537156	5980.11870391164	1.85
33657.93682983375	1850	23.813281886450117	0.0	923755	3623.763406975839	0.8500000000000001
33661.43725367851	1850	24.31285804169335	0.0	891604	3500.4238447567654	1.85
33665.18176717289	1850	24.568344547304754	0.0	955231	3744.513494388596	1.85
33668.97536560083	1850	24.774746119365318	0.0	968026	3793.598427939436	1.85
33672.40892728796	1850	25.341184432237124	0.0	874175	3433.5616871281936	1.85
33677.79729309702	2850	23.952818623173346	0.0	1383735	5388.365809063781	1.85
33681.35269436911	1850	24.397417351084254	0.0	905935	3555.4012720890896	0.8500000000000001
33687.36958133942	2850	22.380530380772417	0.0	1547572	6016.886970311839	1.85
33690.35822138345	1850	23.391890336736	0.0	758197	2988.6400440364164	0.8500000000000001
33694.1701264392	1850	23.57998528098065	0.0	972798	3811.9050557553487	1.85
33697.99359014325	1850	23.7565215769417	0.0	975811	3823.4637040389503	1.85
33701.42428998119	1850	24.32582173900686	0.0	873429	3430.699837934842	1.85
33705.165818866095	1850	24.58429285409873	0.0	954453	3741.528884908131	1.85
33708.64114590465	1850	25.108965815538888	0.0	885062	3475.3270385598457	1.85
33714.810412917606	2850	22.939698802587507	0.0	1587293	6169.267012951378	1.85
33718.82662945371	1850	22.923482266484317	0.0	1026056	4016.2165361031894	0.8500000000000001
33722.527835420566	1850	23.222276299634245	0.0	943942	3701.205966850071	1.85
33725.40432243355	1850	24.345789286653616	0.0	728962	2876.48701298063	1.85
33729.084985233596	1850	24.66512648660032	0.0	938587	3680.6628000532955	1.85
33732.650859492685	1850	25.099252227516796	0.0	908665	3565.8742590835245	1.85
33738.110395578195	2850	23.639716141998527	0.0	1402287	5459.53608551827	1.85
33741.48363209299	1850	24.26647962721007	0.0	858450	3373.2365147884548	0.8500000000000001
33745.49581672091	1850	24.254294999286792	0.0	1025005	4012.1846279232805	1.85
33748.97572041643	1850	24.774391303772966	0.0	886255	3479.9036955138235	1.85
33752.79212924022	1850	24.95798247998411	0.0	973972	3816.408823788853	1.85
33756.55107857712	1850	25.199033143082673	0.0	958994	3758.9493369014376	1.85
33762.32227234155	2850	23.427839378653093	0.0	1483527	5771.1937644295795	1.85
33765.58916775762	1850	24.16094396257736	0.0	830730	3266.895416075733	0.8500000000000001
33768.91606226403	1850	24.834049456174537	0.0	846370	3326.8945064028244	1.85

