47087.332624329494	750	4.0	2.373177317517163	450283	2373.177317517163	-9.4546624653238
47088.23535176508	300	7.097272564422327	0.0	155580	902.7274355776734	-0.15000000000000002
47089.05493391547	300	10.277690414032902	0.0	139857	819.5821503894247	0.3
47089.95687870764	300	13.375745621857115	0.0	155432	901.9447921757871	0.3
47090.904870550585	300	16.427753778912926	0.0	163442	947.9918429441858	0.3
47091.66132573719	300	19.671298592314816	0.0	126289	756.4551865981109	0.3
47092.56243603048	300	22.77018829902278	0.0	153295	901.1102932920319	0.3
47093.46269037799	300	25.869933951502816	0.0	173849	900.2543475199681	0.3
47094.225068972926	300	29.107555356575173	0.0	150710	762.3785949276419	0.3
47094.93490292188	300	32.39772140761751	0.0	139105	709.8339489576646	0.3
47095.74175971791	300	35.59086461158481	0.0	141840	806.8567960326936	0.3
47096.63529929473	300	38.69732503477408	0.0	156148	893.5395768107252	0.3
47097.50562371265	300	41.82700061684795	0.0	160746	870.3244179261413	0.3
47098.37328636875	300	44.95933796074585	0.0	179801	867.6626561020942	0.3
47099.06681433939	300	48.265809990101886	0.0	140051	693.5279706439586	0.3
47099.92783682506	300	51.40478750443897	0.0	138313	861.0224856629167	0.3
47101.06606615985	300	54.2665581696451	0.0	143509	1138.2293347938687	0.3
47102.04293865465	300	57.289685674843184	0.0	150616	976.8724948019197	0.3
47103.40889355542	300	59.92373077408107	0.0	165384	865.9549007621091	0.3
47106.28913062846	300	59.52983552452886	0.0	140881	893.8952495522109	0.3
47109.10178778061	300	59.8266778602021	0.0	157671	1203.1576643267583	0.3
47111.294442612605	300	59.99560015186309	0.0	157812	831.0777083390151	0.3
47114.050361875605	300	59.507929118441446	0.0	163927	987.6710334216402	0.3
47116.53897015732	300	59.857749092367875	0.0	137654	1150.1800260735715	0.3
47118.79780879206	300	59.60754390282516	0.0	146754	750.2051895427209	0.3
47120.959852915315	300	59.7408385637887	0.0	153938	866.7053390364563	0.3
47123.481593638	300	59.58713751161533	0.0	181901	1153.7010521733678	0.3
47126.160303409946	750	59.642302543837275	0.0	277716	1444.8349677780548	0.3
47129.20712360216	750	59.94632981357218	0.0	400396	2195.9727302650904	0.75
47132.90420823734	750	59.73271126320167	0.0	400508	2713.618550370505	0.75
47136.13795752913	750	59.567569659719915	0.0	358218	2165.141603481756	0.75
47139.11686434084	750	59.82292006176117	0.0	400322	2244.649597958748	0.75
47141.26557356619	750	59.94969412846334	0.0	369834	1873.2259332978233	0.75
47143.669011501275	750	59.845216723998064	0.0	412837	2104.4774044652836	0.75
47145.16804433289	300	59.956680583953656	0.0	179328	1388.536140044408	-0.15000000000000002
47147.695974033144	750	59.54246415400221	0.0	365161	1914.2164299514402	0.3
47149.3966541451	750	59.87398069503425	0.0	321064	1668.483458967968	0.75
47153.129194460504	750	59.98380886382295	0.0	361565	1890.1718312112957	0.75
47155.16571513129	750	59.59673277052781	0.0	378327	1887.0760932951457	0.75
47158.77522059754	750	59.98722730427179	0.0	390680	2109.5054662560124	0.75
47162.704297053504	750	59.82016412391815	0.0	345516	2167.063180353647	0.75
47166.056952605286	750	59.987342923825494	0.0	384505	1832.8212000926533	0.75
47169.420020622696	750	59.773726116968234	0.0	372093	1713.6168068572636	0.75
47173.463249476525	750	59.537337258827925	0.0	438281	2236.3888581403057	0.75
47176.85108569459	750	59.95833915813949	0.0	398987	2078.9981006884345	0.75
47180.41950965885	750	59.78804627119621	0.0	393804	2170.29288694328	0.75
47184.2191994158	1200	59.98835651424925	0.0	538612	3299.689756946968	0.75
47188.18660421974	1200	59.52256448241103	0.0	550906	2465.792031838214	1.2

