81383.44974708903	750	4.0	5.081121062680504	450283	5081.121062680504	-21.098820569526165
81384.74254743004	300	6.707199658991703	0.0	155580	1292.8003410082965	-0.15000000000000002
81385.4813518536	300	9.968395235440891	0.0	139857	738.8044235508123	0.3
81388.7538271754	750	10.695919913625962	0.0	382355	3272.475321814927	0.3
81389.71529942207	300	13.734447666967762	0.0	163442	961.4722466581999	-0.15000000000000002
81395.28526242694	750	12.164484662096454	0.0	318564	5569.963004871308	0.3
81396.65518960304	300	14.794557485997368	0.0	153295	1369.9271760990869	-0.15000000000000002
81398.5243614508	750	16.92538563823139	0.0	437162	1869.1718477659756	0.3
81401.82308912113	1850	17.626657967907807	0.0	852833	3298.727670323586	0.75
81407.37110323935	1850	16.078643849696196	0.0	913888	5548.014118211609	1.85
81409.44022070308	1200	18.009526385954562	0.0	607410	2069.1174637416343	0.5499999999999999
81416.46387742256	1850	14.985869666478578	0.0	917428	7023.656719475984	1.2000000000000002
81417.8146219166	750	17.63512517243627	0.0	386351	1350.7444940423075	-0.3500000000000001
81422.72186772057	1850	16.727879368455664	0.0	1036454	4907.245803980609	0.75
81424.23889989487	1200	19.210847194151835	0.0	526950	1517.032174303826	0.5499999999999999
81432.48901448947	2850	14.960732599553575	0.0	1471065	8250.11459459826	1.2000000000000002
81435.78135996597	1200	15.668387123067124	0.0	617242	3292.345476486453	-0.44999999999999996
81437.70356088328	1200	17.74618620575387	0.0	581493	1922.2009173132572	1.2
81440.50690016404	1850	18.942846924994868	0.0	987708	2803.339280758998	1.2000000000000002
81447.92713422811	2850	15.522612860929444	0.0	1336050	7420.234064065424	1.85
81451.0104349289	1200	16.439312160126267	0.0	601738	3083.300700803177	-0.44999999999999996
81453.64990581508	1200	17.79984127395132	0.0	616206	2639.4708861749486	1.2
81461.68213048676	1850	13.767616602267259	0.0	968026	8032.224671684059	1.2000000000000002
81464.76643387733	750	14.683313211688859	0.0	343800	3084.3033905784005	-0.3500000000000001
81466.59109398161	750	16.858653107417826	0.0	359903	1824.6601042710315	0.75
81468.84518529849	1200	18.60456179053289	0.0	590335	2254.0913168849343	0.75
81471.88104350948	1850	19.568703579533512	0.0	1076599	3035.85821099938	1.2000000000000002
81474.94271560245	2850	20.507031486575805	0.0	1141971	3061.6720929577054	1.85
81479.76013226026	2850	19.689614828751377	0.0	1498470	4817.416657824427	2.85
81483.7356451853	2850	19.71410190372495	0.0	1561263	3975.51292502643	2.85
81491.1820567753	2850	16.267690313707604	0.0	1341201	7446.411590017346	2.85
81494.58996735064	1200	16.859779738377192	0.0	620283	3407.910575330416	-0.44999999999999996
81498.5999916956	1200	16.849755393394826	0.0	584349	4010.0243449823647	1.2
81505.70340577209	1200	13.746341316914652	0.0	670129	7103.414076480173	1.2
81506.57619096179	300	16.873556127216087	0.0	179328	872.7851896985627	-0.6000000000000001
81510.1223211479	1200	17.327425941121593	0.0	598727	3546.1301860944945	0.29999999999999993
81513.60016322616	1200	17.84958386284986	0.0	487812	3477.8420782717353	1.2
81516.12523174369	1200	19.324515345310203	0.0	575591	2525.0685175396575	1.2
81525.25095522884	1850	14.198791860163205	0.0	908665	9125.723485146998	1.2000000000000002
81526.55963598916	300	16.89011109983394	0.0	149991	1308.6807603292593	-1.25
81528.50130509061	750	18.948441998383547	0.0	345516	1941.669101450396	0.3
81534.8542341517	1200	16.59551293728329	0.0	641452	6352.929061100257	0.75
81536.82515770588	750	18.624589383107065	0.0	372093	1970.9235541762223	0.3
81540.87314681284	1200	18.576600276147097	0.0	634861	4047.989106959969	0.75
81542.8675844154	1200	20.58216267358219	0.0	630203	1994.4376025649065	1.2
81546.70413723671	2850	20.745609852280015	0.0	1483527	3836.5528213021707	1.2000000000000002
81551.58552409986	2850	19.864222989119167	0.0	1231456	4881.386863160848	2.85
81562.37652429048	1850	13.07322279851214	0.0	846370	10791.000190607028	0.8500000000000001

