47799.264185965985	750	4.0	1.6667672586650426	450283	1666.7672586650426	-6.417099212259683
47799.73252186365	300	7.5316641023366415	0.0	155580	468.3358976633583	-0.15000000000000002
47800.14344071154	300	11.12074525445097	0.0	139857	410.91884788567177	0.3
47800.59121192331	300	14.672974042680622	0.0	155432	447.7712117703493	0.3
47801.05793577936	300	18.206250186626725	0.0	163442	466.7238560538977	0.3
47801.43675107199	300	21.827434894001875	0.0	126289	378.8152926248497	0.3
47801.87946587917	300	25.384720086830022	0.0	153295	442.7148071718545	0.3
47802.383354430756	300	28.88083153523986	0.0	173849	503.88855159015856	0.3
47802.83134924694	300	32.432836719056425	0.0	150710	447.9948161834334	0.3
47803.25100765651	300	36.01317830949371	0.0	139105	419.65840956271313	0.3
47803.67734422825	300	39.58684173775024	0.0	141840	426.3365717434689	0.3
47804.14468481609	300	43.119501149913496	0.0	156148	467.34058783674334	0.3
47804.719843889994	300	46.54434207600645	0.0	160746	575.1590739070455	0.3
47805.3536996416	300	49.91048632440106	0.0	179801	633.8557516053941	0.3
47805.86511021144	300	53.399075754559476	0.0	140051	511.4105698415862	0.3
47806.37116707748	300	56.893018888514256	0.0	138313	506.0568660452214	0.3
47807.373038619306	300	59.89114734669685	0.0	143509	501.8715418174119	0.3
47809.47261337876	750	59.74016986955236	0.0	372963	1150.9774771444859	0.3
47811.41106081969	750	59.62024487129303	0.0	405596	1119.924998259323	0.75
47813.31703592638	750	59.59001859553344	0.0	350713	1030.2262757595936	0.75
47814.6979645085	750	59.966428630337425	0.0	386472	1123.5899651960149	0.75
47816.83757086138	1200	59.78779477186077	0.0	616206	1678.6338584766538	0.75
47819.1157312926	1200	59.504700729108784	0.0	656471	1783.0940427519813	1.2
47821.06554617106	1200	59.5403265766083	0.0	536667	1464.3741525004903	1.2
47824.89528225642	1200	59.71059049125527	0.0	587236	3829.73608535303	1.2
47826.466473776905	1200	59.81558310041576	0.0	590335	1395.007390839508	1.2
47828.538437178075	1200	59.79669356575642	0.0	696376	2018.8895346593383	1.2
47831.684038376	1200	59.9249298504495	0.0	487160	1371.7637153069152	1.2
47835.07192027788	1200	59.877907593114536	0.0	622896	1547.0222573349654	1.2
47841.79358332955	1200	57.156244541439094	0.0	641447	6721.663051675439	1.2
47843.220146067964	1200	59.72968180302467	0.0	570392	1426.5627384144354	1.2
47847.36579387972	1200	59.58403399127202	0.0	620283	3645.6478117526412	1.2
47856.10865620648	1200	54.841171664511776	0.0	584349	8742.862326760247	1.2
47857.78712695528	1200	57.162700915718275	0.0	670129	1678.4707487935025	1.2
47864.81189214286	1200	54.137935728133016	0.0	690253	7024.765187585263	1.2
47866.30689793972	1200	56.642929931276726	0.0	598727	1495.0057968562942	1.2
47867.64337295815	1200	59.30645491285095	0.0	487812	1336.4750184257703	1.2
47878.4425465502	1200	52.50728132079702	0.0	575591	10799.173592053936	1.2
47880.805662926075	1200	54.14416494491824	0.0	605884	2363.116375878782	1.2
47886.559933778546	1200	52.38989409245104	0.0	587506	5754.270852467198	1.2
47890.91817167325	1200	52.03165619775007	0.0	566904	4358.237894700973	1.2
47894.686857078676	750	52.26297079231535	0.0	384505	3768.6854054347173	0.3
47895.7174116482	750	55.23241622279705	0.0	372093	1030.5545695182982	0.75
47896.94528104032	750	58.00454683067305	0.0	438281	1227.869392124001	0.75
47898.54225494828	750	59.82667004119295	0.0	398987	1177.8767894800992	0.75
47899.86323038072	750	59.89023098721303	0.0	393804	936.4390539799185	0.75
47901.71570395603	1200	59.53826231978395	0.0	538612	1351.9686674290792	0.75
47904.24609194391	1200	59.78332085177988	0.0	550906	2254.9414680040704	1.2

