17644.851659648742	750	4.0	5.338590652805062	450283	5338.590652805063	-22.205939807061768
17646.218106966982	300	6.633552681760603	0.0	155580	1366.4473182393965	-0.15000000000000002
17647.598846780947	300	9.25281286779731	0.0	139857	1380.739813963292	0.3
17649.086727366608	300	11.764932282137464	0.0	155432	1487.880585659846	0.3
17650.305569772794	300	14.546089875949473	0.0	163442	1218.84240618799	0.3
17652.62353299607	750	16.228126652674852	0.0	318564	2317.9632232746203	0.3
17655.6173159296	750	17.234343719141947	0.0	352642	2993.782933532906	0.75
17659.588616394787	750	17.26304325395774	0.0	437162	3971.300465184206	0.75
17663.705632645928	750	17.14602700281873	0.0	374758	4117.016251139014	0.75
17667.365138314177	750	17.48652133457035	0.0	362795	3659.5056682483755	0.75
17671.31908718573	750	17.532572463018926	0.0	353220	3953.9488715514267	0.75
17674.56272007953	750	18.28893956921871	0.0	405134	3243.6328938002152	0.75
17677.38441049768	750	19.467249151069403	0.0	386351	2821.690418149306	0.75
17681.237166720894	750	19.614492927856233	0.0	434409	3852.756223213167	0.75
17683.95282559869	750	20.89883405005885	0.0	337059	2715.6588777973834	0.75
17689.715194097884	750	19.136465550866763	0.0	366214	5762.3684991920845	0.75
17693.040760321215	750	19.810899327536905	0.0	360831	3325.5662233298576	0.75
17696.22005422249	750	20.631605426260872	0.0	372963	3179.2939012760335	0.75
17699.214435246082	750	21.63722440267029	0.0	405596	2994.3810235905826	0.75
17708.87996042933	1850	15.971699219421165	0.0	923755	9665.525183249125	0.75
17711.881128577294	750	16.97053107145706	0.0	386472	3001.1681479641074	-0.3500000000000001
17714.85631305497	750	17.995346593777263	0.0	399894	2975.184477679796	0.75
17717.705796987437	750	19.14586266131368	0.0	401853	2849.4839324635814	0.75
17721.008698833804	750	19.8429608149459	0.0	343800	3302.901846367778	0.75
17726.673985597332	750	18.177674051418112	0.0	359903	5665.286763527792	0.75
17729.10386487553	750	19.74779477321692	0.0	379700	2429.8792782011915	0.75
17732.182746177805	750	20.668913470945434	0.0	425781	3078.881302271487	0.75
17734.281154461667	750	22.57050518708142	0.0	277716	2098.4082838640115	0.75
17739.032879199076	750	21.81878044967276	0.0	400396	4751.72473740866	0.75
17742.040297929976	750	22.811361718771344	0.0	400508	3007.4187309014146	0.75
17750.05849826648	1850	18.79316138226817	0.0	873429	8018.200336503175	0.75
17755.165222817814	1200	17.686436830938	0.0	620283	5106.7245513301705	0.5499999999999999
17758.13614266642	750	18.715516982331792	0.0	369834	2970.919848606209	0.3
17764.03067907948	750	16.820980569272272	0.0	412837	5894.536413059519	0.75
17769.498933918712	750	15.352725730039998	0.0	401088	5468.254839232274	0.75
17772.12840994186	750	16.72324970688965	0.0	365161	2629.4760231503515	0.75
17775.098526381018	750	17.753133267729957	0.0	321064	2970.116439159689	0.75
17779.498340753977	750	17.353318894772322	0.0	361565	4399.814372957637	0.75
17783.165710880647	750	17.6859487681011	0.0	378327	3667.3701266712237	0.75
17786.98437618937	750	17.867283459375816	0.0	390680	3818.665308725281	0.75
17790.943275800277	750	17.908383848471193	0.0	345516	3958.899610904623	0.75
17795.485544689378	750	17.366114959366847	0.0	384505	4542.268889104349	0.75
17798.627493256423	750	18.224166392323177	0.0	372093	3141.94856704367	0.75
17803.79225244833	750	17.059407200420758	0.0	438281	5164.759191902416	0.75
17808.263603660194	750	16.588055988554014	0.0	398987	4471.351211866746	0.75
17811.31520347886	750	17.53645616988805	0.0	393804	3051.599818665964	0.75
17815.525008342145	750	17.32665130660443	0.0	331053	4209.804863283622	0.75
17817.781007783262	750	19.070651865491175	0.0	314107	2255.9994411132543	0.75

