90567.65192036169	750	4.0	3.695226970622181	450283	3695.2269706221814	-15.139475973675378
90568.69968175411	300	6.952238607584922	0.0	155580	1047.7613924150778	-0.15000000000000002
90569.66874514116	300	9.983175220530232	0.0	139857	969.0633870546915	0.3
90572.43613721746	1200	11.215783144227972	0.0	617681	2767.392076302259	0.29999999999999993
90576.8021670325	1850	10.849753329190646	0.0	996749	4366.0298150373255	1.2000000000000002
90582.90034886586	1200	8.751571495815202	0.0	520315	6098.181833375444	0.5499999999999999
90584.06782188211	750	11.584098479561137	0.0	352642	1167.4730162540654	0.3
90586.51584273964	1850	13.136077622037243	0.0	1060487	2448.020857523893	0.75
90589.61801008899	2850	14.033910272679453	0.0	1348011	3102.1673493577896	1.85
90597.79832869217	2850	9.853591669510243	0.0	1429765	8180.318603169212	2.85
90598.77674923452	1200	12.875171127168397	0.0	607410	978.4205423418455	-0.44999999999999996
90602.07817966063	1850	13.57374070104692	0.0	917428	3301.430426121474	1.2000000000000002
90607.33582704068	2850	12.31609332101105	0.0	1422919	5257.647380035872	1.85
90609.36029481012	1850	14.291625551565094	0.0	1036454	2024.4677694459544	0.8500000000000001
90611.4325268216	2850	16.21939354008664	0.0	1231445	2072.232011478456	1.85
90616.37789204803	4300	15.274028313649751	0.0	2152483	4945.365226436887	2.8499999999999996
90623.67266542443	4300	11.979254937253273	0.0	2289689	7294.773376396477	4.3
90625.53622390084	1850	14.115696460835078	0.0	885714	1863.5584764181942	-0.6000000000000001
90630.20089818788	2850	13.451022173792637	0.0	1537156	4664.674287042442	1.85
90633.99000504837	2850	13.66191531330894	0.0	1336050	3789.106860483697	2.85
90637.93338487225	2850	13.718535489428719	0.0	1415116	3943.3798238802215	2.85
90640.96542437664	2850	14.686495985027396	0.0	1468126	3032.0395044013244	2.85
90646.03261780023	2850	13.619302561425824	0.0	1505760	5067.193423601571	2.85
90656.02350220748	2850	7.628418154189705	0.0	1323990	9990.884407236119	2.85
90657.8589638705	750	9.792956491168047	0.0	359903	1835.4616630216583	-1.35
90659.82617501322	1200	11.825745348437518	0.0	590335	1967.2111427305283	0.75
90661.90523333108	1850	13.74668703057539	0.0	1076599	2079.0583178621273	1.2000000000000002
90663.79214847866	2850	15.859771882997602	0.0	1141971	1886.915147577789	1.85
90670.83829250454	4300	12.813627857107432	0.0	2134614	7046.14402589017	2.8499999999999996
90672.45384042736	1850	15.198079934287728	0.0	975811	1615.5479228197062	-0.6000000000000001
90678.13603108336	4300	13.515889278299786	0.0	2113193	5682.190655987941	1.8499999999999996
90681.49985769342	2850	14.15206266824161	0.0	1497683	3363.826610058177	1.4000000000000001
90688.44245824886	2850	11.209462112810954	0.0	1358081	6942.600555430657	2.85
90692.12694415534	1850	11.524976206309674	0.0	1035329	3684.485906501281	0.8500000000000001
90693.54059970619	1850	14.111320655464766	0.0	1026056	1413.6555508449064	1.85
90695.96494542212	2850	15.686974939530254	0.0	1439896	2424.345715934512	1.85
90699.83957856348	4300	15.812341798183455	0.0	1919781	3874.633141346798	2.8499999999999996
90708.07657125984	4300	11.57534910182245	0.0	2147467	8236.992696361005	4.3
90709.45173654401	1850	14.200183817655244	0.0	908665	1375.1652841672067	-0.6000000000000001
90712.55079846483	2850	15.10112189683988	0.0	1402287	3099.0619208153657	1.85
90717.75586532724	4300	13.896055034441527	0.0	2108491	5205.06686239835	2.8499999999999996
90723.19344916956	2850	12.458471192119072	0.0	1527299	5437.583842322457	1.4000000000000001
90724.68359002027	1850	14.96833034141024	0.0	886255	1490.140850708831	0.8500000000000001
90729.62034837819	2850	14.031571983491787	0.0	1587250	4936.758357918455	1.85
90733.38615827428	2850	14.265762087395288	0.0	1464921	3765.8098960965003	2.85
90737.33797096793	2850	14.313949393744382	0.0	1483527	3951.8126936509057	2.85
90741.46635066513	2850	14.185569696549551	0.0	1231456	4128.379697194831	2.85
90746.4460527182	2850	13.205867643486808	0.0	1364537	4979.702053062743	2.85

