70231.86097397574	750	4.0	3.198363613590189	450283	3198.363613590189	-13.002963538437811
70232.51715946295	300	7.343814512794605	0.0	155580	656.1854872053943	-0.15000000000000002
70233.88742168399	750	9.973552291737777	0.0	350812	1370.262221056829	0.3
70236.23920959025	1200	11.621764385495677	0.0	617681	2351.787906242099	0.75
70238.72043491123	1200	13.140539064496805	0.0	652874	2481.225320998872	1.2
70240.71411741796	1200	15.14685655777188	0.0	520315	1993.682506724924	1.2
70244.1245388263	1850	15.736435149438428	0.0	905515	3410.421408333451	1.2000000000000002
70248.10493650947	1850	15.756037466286502	0.0	1060487	3980.3976831519262	1.85
70251.32159717321	1850	16.539376802539085	0.0	852833	3216.6606637474165	1.85
70254.75969288126	1850	17.10128109449702	0.0	913888	3438.095708042065	1.85
70260.59960908467	1850	15.261364891079317	0.0	939819	5839.916203417701	1.85
70263.23751949969	1200	16.623454476075814	0.0	594078	2637.910415003504	0.5499999999999999
70269.94176038257	1850	13.919213593182773	0.0	946851	6704.240882893041	1.2000000000000002
70272.1425632079	750	15.71841076785777	0.0	434409	2200.8028253250013	-0.3500000000000001
70274.47075473126	1200	17.39021924450936	0.0	526950	2328.1915233484124	0.75
70278.61286836946	1850	17.248105606297358	0.0	923170	4142.113638212004	1.2000000000000002
70282.93278642319	1850	16.9281875525668	0.0	966699	4319.9180537305565	1.85
70288.78666577522	1850	15.074308200548115	0.0	885714	5853.879352018684	1.85
70290.77374780009	750	17.087226175666533	0.0	405596	1987.082024881585	-0.3500000000000001
70294.67410335934	1200	17.186870616418	0.0	586839	3900.355559248533	0.75
70299.34933645821	1200	16.511637517555215	0.0	601738	4675.233098862779	1.2
70301.61501141623	750	18.245962559530447	0.0	399894	2265.674958024771	0.3
70306.83289056073	1200	17.028083415022326	0.0	656471	5217.87914450812	0.75
70309.62147316027	750	18.23950081548913	0.0	343800	2788.582599533197	0.3
70312.07704168488	750	19.783932290874056	0.0	359903	2455.568524615075	0.75
70315.99414679549	1200	19.866827180260156	0.0	590335	3917.1051106138975	0.75
70320.65640798806	1200	19.204565987696355	0.0	696376	4662.261192563802	1.2
70324.22745571085	1200	19.6335182649106	0.0	487160	3571.0477227857577	1.2
70328.63373372807	1200	19.22724024768984	0.0	622896	4406.27801722076	1.2
70332.26266254419	1200	19.598311431561065	0.0	641447	3628.9288161287745	1.2
70334.90806018293	1200	20.952913792823065	0.0	570392	2645.3976387380035	1.2
70338.04897969568	1850	21.811994280075552	0.0	954453	3140.9195127475086	1.2000000000000002
70342.19281398313	2850	21.66815999262729	0.0	1358081	4143.834287448263	1.85
70346.83285759922	2850	21.02811637654419	0.0	1587293	4640.0436160831	2.85
70352.14218285079	2850	19.718791124966522	0.0	1492672	5309.325251577667	2.85
70355.23802102752	1850	20.622952948242457	0.0	943942	3095.838176724068	0.8500000000000001
70358.78418056307	2850	21.076793412688275	0.0	1139291	3546.159535554181	1.85
70369.96397525238	2850	13.896998723395543	0.0	1499009	11179.794689292734	2.85
70371.93858063838	750	15.922393337388792	0.0	378327	1974.6053860067486	-1.35
70374.96072336653	1200	16.90025060924282	0.0	587506	3022.1427281459714	0.75
70377.8796943407	1200	17.981279635062364	0.0	566904	2918.9709741804572	1.2
70381.0655346924	1200	18.7954392833685	0.0	641452	3185.8403516938683	1.2
70385.32264198181	1850	18.538331993971507	0.0	886255	4257.107289396991	1.2000000000000002
70389.65104558294	1850	18.209928392840833	0.0	973972	4328.403601130675	1.85
70393.90507610633	1850	17.955897869453196	0.0	958994	4254.030523387639	1.85
70398.262918335	1850	17.598055640769925	0.0	982064	4357.842228683267	1.85
70402.9488963489	1850	16.91207762687825	0.0	830730	4685.978013891677	1.85
70407.18012206425	1200	16.68085191152435	0.0	550906	4231.2257153539	0.5499999999999999

