18042.16906505255	750	4.0	2.638001737517281	450283	2638.001737517281	-10.593407471324308
18042.94078319719	300	7.22828185535897	0.0	155580	771.7181446410294	-0.15000000000000002
18043.957720587492	300	10.211344465056367	0.0	139857	1016.9373903026034	0.3
18045.546902099253	300	12.622162953297934	0.0	155432	1589.1815117584329	0.3
18046.456743188264	300	15.712321864284458	0.0	163442	909.8410890134762	0.3
18049.136635801216	750	17.032429251333784	0.0	318564	2679.892612950675	0.3
18051.366471247402	750	18.802593805149026	0.0	352642	2229.835446184759	0.75
18055.763245701324	1200	18.405819351227265	0.0	709534	4396.774453921759	0.75
18059.27913429556	1200	18.889930756991628	0.0	584846	3515.888594235637	1.2
18064.464689999335	1200	17.704375053216644	0.0	560821	5185.555703774984	1.2
18066.45254301594	750	19.716522036609064	0.0	353220	1987.85301660758	0.3
18070.166487848728	1200	20.00257720382302	0.0	594078	3713.944832786043	0.75
18073.72495179433	1200	20.44411325822184	0.0	624282	3558.463945601179	1.2
18077.018739136307	1200	21.15032591624369	0.0	687371	3293.7873419781495	1.2
18080.322464875997	1200	21.846600176555658	0.0	526950	3303.725739688033	1.2
18083.45305975207	1200	22.716005300477686	0.0	587876	3130.594876077974	1.2
18089.05533149708	1850	21.113733555472866	0.0	966699	5602.271745004819	1.2000000000000002
18093.41004092681	1200	20.759024125740332	0.0	581493	4354.709429732533	0.5499999999999999
18096.967257791322	1200	21.20180726122789	0.0	639204	3557.2168645124384	1.2
18101.194287152768	1200	20.97477789978352	0.0	586839	4227.029361444371	1.2
18105.07975116243	1200	21.089313890122092	0.0	601738	3885.464009661427	1.2
18108.427159963485	1200	21.74190508906621	0.0	616206	3347.4088010558817	1.2
18114.80602362174	1850	19.36304143081155	0.0	968026	6378.863658254659	1.2000000000000002
18119.184379298575	1200	18.984685753974745	0.0	536667	4378.355676836805	0.5499999999999999
18122.140640076443	1200	20.028424976108006	0.0	587236	2956.260777866735	1.2
18125.54065904692	1200	20.628406005630097	0.0	590335	3400.0189704779086	1.2
18128.976979742976	1200	21.192085309575283	0.0	696376	3436.320696054816	1.2
18133.12625103631	1200	21.04281401624386	0.0	487160	4149.2712933314215	1.2
18137.300230054992	1200	20.86883499755934	0.0	622896	4173.97901868452	1.2
18140.665294867016	1200	21.50377018553706	0.0	641447	3365.064812022278	1.2
18143.986570766378	1200	22.182494286174986	0.0	570392	3321.275899362073	1.2
18148.656695005637	1850	21.512370046917805	0.0	954453	4670.124239257184	1.2000000000000002
18151.51881898098	1200	22.65024607157298	0.0	584349	2862.1239753448253	0.5499999999999999
18157.390118553525	1850	20.778946499025295	0.0	1035329	5871.299572547681	1.2000000000000002
18161.72296561483	1200	20.446099437722435	0.0	690253	4332.847061302863	0.5499999999999999
18166.164100407732	1200	20.004964644821634	0.0	598727	4441.1347929008	1.2
18168.808568150405	1200	21.36049690214732	0.0	487812	2644.467742674309	1.2
18172.42329789783	1200	21.745767154723318	0.0	575591	3614.7297474240045	1.2
18179.691911486087	1850	18.477153566467795	0.0	908665	7268.613588255523	1.2000000000000002
18182.99150171301	1200	19.17756333954271	0.0	587506	3299.5902269250832	0.5499999999999999
18186.76981940931	1200	19.399245643245045	0.0	566904	3778.3176962976645	1.2
18190.233842013073	1200	19.935223039483027	0.0	641452	3464.022603762019	1.2
18193.108121490273	1200	21.06094356228019	0.0	599477	2874.279477202834	1.2
18196.947653218216	1200	21.221411834337967	0.0	634861	3839.531727942222	1.2
18200.56548788018	1200	21.603577172373182	0.0	630203	3617.8346619647837	1.2
18204.251190815798	1200	21.917874236757108	0.0	638661	3685.7029356160742	1.2
18207.74827745176	1200	22.420787600794565	0.0	538612	3497.0866359625425	1.2
18212.994722498333	1850	21.174342554218832	0.0	846370	5246.445046575734	1.2000000000000002

