6911.5731168640295	750	4.0	19.78585587793244	450283	19785.85587793244	-84.3291802751095
6917.055674443177	300	4.0	1.4825575791477805	155580	5482.55757914778	-6.524997590335456
6921.981202433166	300	4.0	0.9255279899891229	139857	4925.527989989123	-3.6797703569532283
6932.311583946807	300	4.0	6.330381513641443	155432	10330.381513641443	-26.920640508658202
6938.724136435648	300	4.0	2.4125524888398795	163442	6412.5524888398795	-10.07397570201148
6943.9718639852645	300	4.0	1.2477275496174225	126289	5247.7275496174225	-5.0652284633549165
6949.278026183916	300	4.0	1.3061621986519059	153295	5306.162198651906	-5.316497454203195
6953.870016541089	300	4.0	0.5919903571727755	173849	4591.9903571727755	-2.245558535842935
6957.466636549273	300	4.4033799918150285	0.0	150710	3596.6200081849706	0.3
6960.800938616347	300	5.069077924742333	0.0	139105	3334.3020670726955	0.3
6964.964279557728	300	4.905736983360339	0.0	141840	4163.3409413819945	0.3
6969.409646052901	300	4.460370488188306	0.0	156148	4445.366495172033	0.3
6976.338522476622	300	4.0	2.468505935533128	160746	6928.876423721434	-10.314575522792449
6987.819444095837	300	4.0	7.480921619214689	179801	11480.921619214689	-31.867962962623157
6991.613255203536	300	4.2061888923009185	0.0	140051	3793.8111076990817	0.3
6995.072646801432	300	4.746797294405289	0.0	138313	3459.391597895629	0.3
6998.40109843046	300	5.4183456653777196	0.0	143509	3328.4516290275697	0.3
7001.955156513867	300	5.864287581969984	0.0	150616	3554.058083407736	0.3
7005.82374796414	300	5.99569613169722	0.0	165384	3868.5914502727637	0.3
7009.464632981165	300	6.354811114671658	0.0	140881	3640.885017025563	0.3
7018.657862220724	300	4.0	2.838418124886849	157671	9193.229239558506	-11.905197937013451
7031.472269119075	300	4.0	8.81440689835005	157812	12814.406898350051	-37.60194966290522
7036.107193653006	300	4.0	0.6349245339311382	163927	4634.924533931138	-2.4301754959038946
7039.652506926838	300	4.454686726167562	0.0	137654	3545.3132738324375	0.3
7043.585732476214	300	4.521461176791869	0.0	146754	3933.225549375694	0.3
7049.7879295375715	300	4.0	1.6807358845650433	153938	6202.197061356912	-6.927164303629686
7055.2430467385775	300	4.0	1.4551172010059408	181901	5455.117201005941	-5.957003964325545
7057.416098135819	300	5.826948602757961	0.0	111155	2173.0513972420395	0.3
7061.205063858615	300	6.037982879961302	0.0	153605	3788.965722796659	0.3
7065.418777087043	300	5.8242696515330845	0.0	149029	4213.713228428217	0.3
7068.086379593994	300	7.156667144581899	0.0	157421	2667.602506951185	0.3
7075.67829643539	750	4.0	0.4352496968128498	400322	7591.916841394749	-1.571573696295254
7078.245812666097	300	5.432483769292912	0.0	143881	2567.516230707088	-0.15000000000000002
7082.582385378362	300	5.095911057027315	0.0	163444	4336.572712265597	0.3
7085.422960435609	300	6.255335999781173	0.0	179328	2840.5750572461416	0.3
7088.008723268295	300	7.669573167093894	0.0	159914	2585.762832687279	0.3
7091.406555982686	750	8.271740452703465	0.0	321064	3397.832714390429	0.3
7095.317663252382	750	8.36063318300783	0.0	361565	3911.1072696956367	0.75
7099.696732124977	750	7.981564310412222	0.0	378327	4379.068872595607	0.75
7104.467698842164	750	7.210597593225132	0.0	390680	4770.96671718709	0.75
7108.020462242375	750	7.657834193013948	0.0	345516	3552.763400211183	0.75
7112.04705705011	750	7.631239385279139	0.0	384505	4026.59480773481	0.75
7115.887970604088	750	7.790325831301127	0.0	372093	3840.9135539780123	0.75
7122.250243297181	750	5.4280531382081625	0.0	438281	6362.272693092964	0.75
7124.889750304387	300	6.788546131002011	0.0	167025	2639.507007206152	-0.15000000000000002
7130.102517788203	300	5.575778647186355	0.0	160064	5212.767483815656	0.3
7134.5334357767515	300	5.144860658636935	0.0	137507	4430.9179885494195	0.3
7135.866070747046	300	7.812225688342423	0.0	118421	1332.6349702945129	0.3

