65412.16601207346	750	4.0	3.6046938228349314	450283	3604.6938228349313	-14.750183438190204
65412.636566313355	300	7.529445760102013	0.0	155580	470.55423989798686	-0.15000000000000002
65414.89809371694	750	9.267918356514668	0.0	350812	2261.527403587344	0.3
65415.924525959555	750	12.241486113894545	0.0	382355	1026.4322426201225	0.75
65419.046665549315	750	13.119346524136757	0.0	411561	3122.139589757788	0.75
65420.85574468335	750	15.310267390101012	0.0	318564	1809.0791340357453	0.75
65421.832325083655	750	18.333686989792557	0.0	352642	976.5804003084585	0.75
65427.842879357915	1850	16.323132715539725	0.0	1060487	6010.554274252833	0.75
65433.93397496657	1850	14.232037106885837	0.0	852833	6091.095608653887	1.85
65437.73010049106	1850	14.435911582390622	0.0	913888	3796.1255244952154	1.85
65446.63277233288	1850	9.533239740574405	0.0	939819	8902.671841816216	1.85
65449.75071046184	750	10.41530161161202	0.0	405134	3117.938128962386	-0.3500000000000001
65451.56660690898	750	12.599405164477217	0.0	386351	1815.896447134802	0.75
65453.43675286555	750	14.72925920790441	0.0	434409	1870.1459565728067	0.75
65454.81732717407	750	17.34868489938762	0.0	337059	1380.574308516793	0.75
65456.67587805812	1850	19.49013401533552	0.0	923170	1858.5508840520993	0.75
65464.28224066504	1850	15.883771408412416	0.0	966699	7606.362606923103	1.85
65466.99445740211	1850	17.171554671341728	0.0	885714	2712.2167370706884	1.85
65470.64297978627	1850	17.52303228717982	0.0	987708	3648.52238416191	1.85
65476.70110708616	1850	15.464904987286824	0.0	923755	6058.127299892996	1.85
65481.01572397965	1850	15.15028809379311	0.0	891604	4314.616893493714	1.85
65484.079157593216	1850	16.08685448023542	0.0	955231	3063.4336135576887	1.85
65487.926005256944	1850	16.24000681650199	0.0	968026	3846.8476637334325	1.85
65490.43648564882	1850	17.72952642462838	0.0	874175	2510.480391873611	1.85
65493.87041646689	1850	18.295595606557402	0.0	897976	3433.9308180709736	1.85
65497.686018222084	1850	18.47999385136147	0.0	905935	3815.6017551959317	1.85
65501.40473344624	1850	18.761278627210068	0.0	1076599	3718.715224151401	1.85
65504.94132470691	1850	19.224687366540348	0.0	758197	3536.5912606697225	1.85
65510.42489641041	1850	17.74111566303762	0.0	972798	5483.57170350273	1.85
65514.88168021656	1850	17.284331856888958	0.0	975811	4456.78380614866	1.85
65518.52729363648	1850	17.63871843696966	0.0	873429	3645.6134199192948	1.85
65521.95065882119	1850	18.21535325226216	0.0	954453	3423.3651847075016	1.85
65524.0969788125	1850	20.069033260949457	0.0	885062	2146.3199913127005	1.85
65528.848753117636	1850	19.317258955815234	0.0	1035329	4751.774305134225	1.85
65533.01541031313	1850	19.150601760319784	0.0	1026056	4166.657195495449	1.85
65539.56435231052	1850	16.601659762920193	0.0	943942	6548.94199739959	1.85
65543.61366482257	1850	16.552347250882598	0.0	728962	4049.3125120375953	1.85
65545.75013058996	1850	18.41588148349174	0.0	938587	2136.465767390854	1.85
65548.10808352163	1850	20.057928551817184	0.0	908665	2357.9529316745566	1.85
65550.7360700272	1850	21.429942046254837	0.0	930577	2627.98650556235	1.85
65552.87970207438	1850	23.286309999067367	0.0	858450	2143.632047187472	1.85
65557.3492717035	1850	22.816740369945983	0.0	1025005	4469.569629121382	1.85
65565.35977497733	1850	18.806237096114938	0.0	886255	8010.503273831043	1.85
65571.93124560508	1850	16.234766468356455	0.0	973972	6571.470627758484	1.85
65579.33290108896	1850	12.833110984479433	0.0	958994	7401.655483877023	1.85
65581.75065555796	1850	14.415356515477805	0.0	982064	2417.7544690016252	1.85
65583.56013872515	1850	16.60587334828746	0.0	830730	1809.483167190347	1.85
65588.57738307414	1850	15.588628999297955	0.0	846370	5017.244348989506	1.85

