45060.926487665565	750	4.0	2.744840879107145	450283	2744.8408791071447	-11.052815780160723
45061.789807050685	300	7.136680614884865	0.0	155580	863.3193851151356	-0.15000000000000002
45063.811538466725	750	9.114949198843894	0.0	350812	2021.731416040971	0.3
45067.011016843506	1200	9.91547082206131	0.0	617681	3199.478376782584	0.75
45070.7189337942	1200	10.20755387136302	0.0	652874	3707.91695069829	1.2
45073.59078833527	1200	11.335699330290447	0.0	520315	2871.8545410725733	1.2
45078.09611746726	1850	10.830370198300058	0.0	905515	4505.329131990388	1.2000000000000002
45081.557536178494	1200	11.368951487068431	0.0	709534	3461.4187112316267	0.5499999999999999
45085.751798179095	1850	11.174689486464192	0.0	852833	4194.262000604238	1.2000000000000002
45091.327471673685	1850	9.599015991876007	0.0	913888	5575.673494588184	1.85
45094.277955776015	1200	10.648531889545545	0.0	607410	2950.4841023304607	0.5499999999999999
45097.16559346096	1200	11.760894204596157	0.0	594078	2887.637684949388	1.2
45102.98666428333	1850	9.939823382232923	0.0	946851	5821.070822363235	1.2000000000000002
45106.42803460997	1200	10.49845305559382	0.0	687371	3441.370326639104	0.5499999999999999
45108.88715721555	1200	12.039330450012008	0.0	526950	2459.122605581812	1.2
45113.509458106186	1850	11.4170295593826	0.0	923170	4622.300890629409	1.2000000000000002
45118.244962727535	1850	10.68152493803031	0.0	966699	4735.50462135229	1.85
45121.719743972135	1200	11.206743693422725	0.0	581493	3474.7812446075854	0.5499999999999999
45127.7644317539	1850	9.162055911655345	0.0	987708	6044.68778176738	1.2000000000000002
45130.92843270375	1200	9.998054961802298	0.0	586839	3164.0009498530476	0.5499999999999999
45134.28258676173	1200	10.643900903826998	0.0	601738	3354.1540579753005	1.2
45137.22028935972	1200	11.706198305835233	0.0	616206	2937.7025979917657	1.2
45142.458831916236	1850	10.467655749317062	0.0	968026	5238.54255651817	1.2000000000000002
45145.57120709713	1200	11.355280568420902	0.0	536667	3112.3751808961615	0.5499999999999999
45153.758169075336	1850	7.168318590216812	0.0	897976	8186.96197820409	1.2000000000000002
45155.99910768964	750	8.927379975909304	0.0	379700	2240.9386143075085	-0.3500000000000001
45158.12594045073	750	10.800547214821826	0.0	425781	2126.832761087477	0.75
45160.49643877501	1200	12.430048890540487	0.0	487160	2370.49832428134	0.75
45165.047764025025	1850	11.878723640526594	0.0	972798	4551.325250013894	1.2000000000000002
45169.558606571474	1850	11.367881094075205	0.0	975811	4510.842546451389	1.85
45173.904274202156	1850	11.022213463395449	0.0	873429	4345.667630679756	1.85
45179.02475916252	1850	9.901728503023165	0.0	954453	5120.484960372283	1.85
45181.76910661156	1200	11.157381053990326	0.0	584349	2744.3474490328385	0.5499999999999999
45186.837044892905	1850	10.089442772643038	0.0	1035329	5067.93828134729	1.2000000000000002
45190.206519203515	1200	10.719968462037013	0.0	690253	3369.4743106060237	0.5499999999999999
45192.91352129548	1200	12.012966370071776	0.0	598727	2707.0020919652375	1.2
45197.44575714797	1850	11.480730517580158	0.0	728962	4532.235852491618	1.2000000000000002
45201.62459634506	1850	11.301891320494828	0.0	938587	4178.83919708533	1.85
45206.0091215629	1850	10.917366102652808	0.0	908665	4384.52521784202	1.85
45209.42010458127	1200	11.50638308427849	0.0	587506	3410.9830183743184	0.5499999999999999
45213.84832815271	1850	11.078159512843811	0.0	858450	4428.223571434679	1.2000000000000002
45218.376743801375	1850	10.549743864175378	0.0	1025005	4528.415648668433	1.85
45221.0830496484	1200	11.843438017156982	0.0	599477	2706.3058470183946	0.5499999999999999
45225.72773441856	1850	11.19875324699756	0.0	973972	4644.684770159424	1.2000000000000002
45230.661216330984	1850	10.26527133457142	0.0	958994	4933.481912426139	1.85
45233.90004316093	1200	11.026444504626655	0.0	638661	3238.826829944765	0.5499999999999999
45238.08973327454	1850	10.836754391020136	0.0	830730	4189.690113606519	1.2000000000000002
45240.705726285385	1200	12.220761380168488	0.0	550906	2615.9930108516487	0.5499999999999999

