41179.029708651535	750	4.0	6.310273246532645	450283	6310.273246532645	-26.384174960090373
41180.00205195966	300	7.0276566918757855	0.0	155580	972.3433081242142	-0.15000000000000002
41187.3771427588	300	4.0	0.3474341072667912	139857	7375.0907991425765	-1.193966661247202
41188.47813517967	300	6.899007579135563	0.0	155432	1100.9924208644372	0.3
41189.67037843479	300	9.706764324008875	0.0	163442	1192.2432551266886	0.3
41190.66465798509	300	12.71248477370998	0.0	126289	994.2795502988952	0.3
41194.07083389736	750	13.306308861432731	0.0	352642	3406.1759122772464	0.3
41199.728616355205	750	11.648526403595865	0.0	437162	5657.782457836868	0.75
41203.11968333917	750	12.257459419630301	0.0	374758	3391.0669839655643	0.75
41210.211331989245	750	9.165810769554477	0.0	362795	7091.648650075824	0.75
41211.9080221837	300	11.46912057509425	0.0	141840	1696.690194460227	-0.15000000000000002
41212.815489851804	300	14.561652906992524	0.0	156148	907.4676681017263	0.3
41218.44278468834	750	12.934358070459652	0.0	386351	5627.294836532872	0.3
41221.6894012163	750	13.6877415424927	0.0	434409	3246.6165279669513	0.75
41223.936957773876	750	15.440184984918808	0.0	337059	2247.5565575738933	0.75
41227.254832272745	750	16.122310486051017	0.0	366214	3317.874498867792	0.75
41231.44145620658	750	15.935686552210848	0.0	360831	4186.623933840168	0.75
41234.03094466414	750	17.346198094649175	0.0	372963	2589.488457561672	0.75
41236.83460081331	750	18.54254194548313	0.0	405596	2803.656149166043	0.75
41240.41421399973	750	18.962928759062525	0.0	350713	3579.6131864206072	0.75
41245.395512485986	750	17.98163027279652	0.0	386472	4981.298486266004	0.75
41249.42299231835	750	17.95415044042804	0.0	399894	4027.479832368476	0.75
41257.01999980174	750	14.35714295704518	0.0	401853	7597.007483382861	0.75
41260.51154384075	750	14.86559891803501	0.0	343800	3491.5440390101708	0.75
41265.069779773046	750	14.307362985735207	0.0	359903	4558.2359322998045	0.75
41268.515459586306	750	14.861683172475693	0.0	379700	3445.6798132595122	0.75
41275.768287339015	750	11.608855419762822	0.0	425781	7252.827752712873	0.75
41278.37696267284	750	13.000180085939933	0.0	277716	2608.6753338228873	0.75
41285.92054332526	750	9.45659943351664	0.0	400396	7543.580652423294	0.75
41287.632230323485	300	11.744912435291917	0.0	149029	1711.6869982247226	-0.15000000000000002
41295.687464251576	300	7.689678507198907	0.0	157421	8055.23392809301	0.3
41296.90589192792	300	10.471250830853077	0.0	157488	1218.4276763458315	0.3
41298.18169849123	300	13.195444267542209	0.0	143881	1275.8065633108667	0.3
41300.02581983304	300	15.351322925729189	0.0	163444	1844.1213418130187	0.3
41304.6664301122	750	14.71071264657437	0.0	401088	4640.61027915482	0.3
41308.78570550291	750	14.591437255861468	0.0	365161	4119.275390712901	0.75
41313.096595120136	750	14.280547638634724	0.0	321064	4310.889617226745	0.75
41318.54132623992	750	12.83581651885459	0.0	361565	5444.731119780135	0.75
41324.52246590477	750	10.854676854013922	0.0	378327	5981.139664840668	0.75
41325.20461888138	300	14.172523877405707	0.0	149991	682.152976608215	-0.15000000000000002
41326.864005934585	750	16.51313682419049	0.0	345516	1659.387053215218	0.3
41330.7840856704	750	16.59305708838108	0.0	384505	3920.07973580941	0.75
41333.2609664153	750	18.116176343475402	0.0	372093	2476.8807449056762	0.75
41336.29268644292	750	19.08445631585783	0.0	438281	3031.720027617573	0.75
41338.445668180015	750	20.93147457876371	0.0	398987	2152.9817370941246	0.75
41340.34836682503	750	23.02877593374833	0.0	393804	1902.6986450153754	0.75
41347.182348943934	1850	20.194793814842054	0.0	830730	6833.982118906278	0.75
41359.7978847559	1850	11.579258002876335	0.0	846370	12615.53581196572	1.85

