2169.7749869645945	750	4.0	4.727628493384408	450283	4727.628493384408	-19.578802521552955
2171.4853670722387	300	6.28961989235593	0.0	155580	1710.3801076440704	-0.15000000000000002
2173.030980073362	300	8.74400689123254	0.0	139857	1545.6130011233884	0.3
2174.7398092345097	300	11.035177730085008	0.0	155432	1708.829161147533	0.3
2176.5325781350984	300	13.242408829496485	0.0	163442	1792.7689005885215	0.3
2178.6992066925054	750	15.075780272089258	0.0	318564	2166.6285574072285	0.3
2180.7843470245953	750	16.990639939999724	0.0	352642	2085.1403320895333	0.75
2183.3500723717093	750	18.424914592885866	0.0	437162	2565.7253471138565	0.75
2185.5609654036602	750	20.214021560935024	0.0	374758	2210.8930319508436	0.75
2187.703836209691	750	22.071150754903915	0.0	362795	2142.870806031109	0.75
2191.23760033624	1200	22.537386628354884	0.0	607410	3533.764126549032	0.75
2194.6955580333015	1200	23.0794289312936	0.0	594078	3457.9576970612857	1.2
2200.1594009351093	1850	21.615586029485797	0.0	946851	5463.842901807802	1.2000000000000002
2206.1327310482425	1850	19.642255916352575	0.0	1036454	5973.330113133222	1.85
2210.884566666788	1850	18.890420297807264	0.0	821631	4751.83561854531	1.85
2216.2137581992065	1850	17.561228765388847	0.0	923170	5329.191532418416	1.85
2221.7904578376238	1850	15.984529126971927	0.0	966699	5576.699638416921	1.85
2226.906672650653	1850	14.868314313942427	0.0	885714	5116.2148130295	1.85
2232.602830530677	1850	13.172156433918245	0.0	987708	5696.157880024185	1.85
2237.9353484028234	1850	11.83963856177208	0.0	923755	5332.5178721461625	1.85
2243.0850540551633	1850	10.68993290943244	0.0	891604	5149.705652339642	1.85
2248.5965460628145	1850	9.178440901781004	0.0	955231	5511.492007651435	1.85
2254.1807910906655	1850	7.59419587393037	0.0	968026	5584.245027850633	1.85
2259.2313945633214	1850	6.54359240127434	0.0	874175	5050.60347265603	1.85
2264.417331731465	1850	5.357655233130922	0.0	897976	5185.937168143418	1.85
2267.8540065403195	1200	5.920980424276405	0.0	590335	3436.6748088545173	0.5499999999999999
2271.893635863824	1200	5.881351100772168	0.0	696376	4039.6293235042367	1.2
2274.743652379669	1200	7.031334584926815	0.0	487160	2850.0165158453538	1.2
2278.365470689165	1200	7.409516275430946	0.0	622896	3621.8183094958686	1.2
2282.0927709273606	1200	7.68221603723517	0.0	641447	3727.3002381957763	1.2
2285.416048824779	1200	8.358938139817354	0.0	570392	3323.2778974178154	1.2
2289.0230094834906	1200	8.751977481105424	0.0	620283	3606.9606587119288	1.2
2292.4256475921566	1200	9.34933937243945	0.0	584349	3402.6381086659753	1.2
2296.316035139876	1200	9.458951824720156	0.0	670129	3890.3875477192933	1.2
2300.3208487742295	1200	9.454138190366344	0.0	690253	4004.8136343538117	1.2
2305.7681509542117	1850	8.006836010384212	0.0	943942	5447.302179982131	1.2000000000000002
2309.9930659296274	1850	7.781921034968209	0.0	728962	4224.914975416004	1.85
2315.4099193074867	1850	6.365067657109306	0.0	938587	5416.853377858903	1.85
2320.6566346728096	1850	5.118352291786582	0.0	908665	5246.715365322724	1.85
2326.0279427836267	1850	4.0	0.25295581903085257	930577	5371.308110817435	0.762289978167334
2329.331387735796	1200	4.696555047830703	0.0	566904	3303.4449521692964	0.5499999999999999
2333.0587164042463	1200	4.969226379380843	0.0	641452	3727.32866844986	1.2
2336.5473730896665	1200	5.480569693960397	0.0	599477	3488.656685420447	1.2
2339.9401423293116	1200	6.0878004543154605	0.0	634861	3392.769239644936	1.2
2343.5640825377595	1200	6.463860245867327	0.0	630203	3623.9402084481335	1.2
2349.1580754602683	1850	4.8698673233586325	0.0	982064	5593.992922508694	1.2000000000000002
2352.7471644061957	1850	5.280778377431161	0.0	830730	3589.0889459274717	1.85
2356.527195925776	1850	5.500746857850769	0.0	846370	3780.031519580392	1.85

