20874.59620453435	750	4.0	2.1571992770584716	450283	2157.1992770584716	-8.525956891351427
20875.17666079983	300	7.419543734523724	0.0	155580	580.4562654762769	-0.15000000000000002
20875.699334681332	300	10.896869853019034	0.0	139857	522.673881504689	0.3
20876.27130638636	300	14.324898147991492	0.0	155432	571.9717050275412	0.3
20877.65397486449	750	16.94222966986061	0.0	411561	1382.6684781308861	0.3
20880.336918283658	750	18.259286250696153	0.0	318564	2682.943419164456	0.75
20881.654528831383	750	20.941675702971825	0.0	352642	1317.6105477243286	0.75
20883.65310668035	1200	22.943097854000808	0.0	709534	1998.5778489710162	0.75
20889.170461433823	1850	21.425743100530628	0.0	852833	5517.354753470181	1.2000000000000002
20890.897888822077	1200	23.698315712275388	0.0	560821	1727.4273882552418	0.5499999999999999
20894.457619412166	1850	24.13858512218791	0.0	939819	3559.7305900874767	1.2000000000000002
20900.46342874703	1850	22.13277578732527	0.0	917428	6005.809334862639	1.85
20904.540916752994	1850	22.0552877813596	0.0	946851	4077.488005965673	1.85
20912.092150740104	1850	18.50405379425293	0.0	1036454	7551.233987106668	1.85
20913.653026645065	1200	20.943177889291345	0.0	526950	1560.8759049615849	0.5499999999999999
20915.332497402414	1200	23.263707131940677	0.0	587876	1679.4707573506662	1.2
20922.012451337163	1850	20.58375319719315	0.0	966699	6679.953934747528	1.2000000000000002
20923.742435406475	1200	22.853769127878113	0.0	581493	1729.9840693150372	0.5499999999999999
20930.09819815154	1850	20.498006382813433	0.0	987708	6355.762745064679	1.2000000000000002
20933.583596775727	1200	21.0126077586281	0.0	586839	3485.3986241853336	0.5499999999999999
20938.50652296947	1200	20.089681564883	0.0	601738	4922.9261937450965	1.2
20947.162965263895	1200	15.433239270457925	0.0	616206	8656.442294425076	1.2
20948.509074001566	750	18.08713053278628	0.0	401853	1346.108737671645	0.3
20950.884184429742	750	19.712020104611153	0.0	343800	2375.110428175124	0.75
20953.077016241266	1200	21.519188293087865	0.0	587236	2192.831811523289	0.75
20954.812935039998	1200	23.783269494357253	0.0	590335	1735.9187987306102	1.2
20961.301772571802	2850	21.294431962551396	0.0	1547572	6488.837531805856	1.2000000000000002
20964.044905814204	1200	22.551298720150292	0.0	487160	2743.1332424011057	-0.44999999999999996
20968.154900584803	1850	22.44130394955433	0.0	972798	4109.99477059596	1.2000000000000002
20974.669589077443	1850	19.92661545691266	0.0	975811	6514.68849264167	1.85
20976.40856902678	1200	22.18763550757639	0.0	570392	1738.9799493362698	0.5499999999999999
20979.299427009002	1850	23.296777525355388	0.0	954453	2890.857982221002	1.2000000000000002
20983.781372298134	1850	22.814832236225243	0.0	885062	4481.9452891301435	1.85
20987.644414454615	1850	22.951790079741038	0.0	1035329	3863.0421564842068	1.85
20992.59952878318	1850	21.996675751177207	0.0	1026056	4955.11432856383	1.85
20994.698054661763	1200	23.89814987259597	0.0	598727	2098.525878581242	0.5499999999999999
21009.9728057531	1850	12.62339878125584	0.0	728962	15274.751091340127	1.2000000000000002
21016.65947786691	300	9.936726667446434	0.0	124011	6686.672113809406	-1.25
21017.657428416176	300	12.938776118180192	0.0	144254	997.9505492662404	0.3
21018.165018001975	300	16.431186532385958	0.0	149991	507.58958579423677	0.3
21019.23000405664	750	19.3662004777208	0.0	345516	1064.9860546651566	0.3
21024.99382585144	1200	17.602378682922165	0.0	641452	5763.821794798632	0.75
21027.692192981587	750	18.90401155277855	0.0	372093	2698.367130143615	0.3
21029.624934887386	1200	20.97126964697858	0.0	634861	1932.7419057999703	0.75
21032.863696749166	1200	21.732507785199843	0.0	630203	3238.7618617787384	1.2
21034.823950681715	1200	23.77225385265055	0.0	638661	1960.2539325492953	1.2
21037.462266226175	1850	25.13393830819096	0.0	830730	2638.31554445959	1.2000000000000002
21039.882653190012	1850	26.713551344354844	0.0	846370	2420.3869638361152	1.85

