21181.376251858237	750	4.0	3.1397958090861553	450283	3139.7958090861553	-12.751121979070467
21183.244778856377	750	6.131473001860907	0.0	398865	1868.526998139093	0.75
21184.644355565284	750	8.731896292956677	0.0	350812	1399.576708904231	0.75
21186.02003135814	750	11.356220500098141	0.0	382355	1375.675792858536	0.75
21189.447567643358	1200	11.92868421488126	0.0	652874	3427.536285216882	0.75
21191.06078144368	1200	14.315470414557373	0.0	520315	1613.213800323887	1.2
21192.269163065674	1200	17.107088792567186	0.0	561791	1208.3816219901855	1.2
21195.692305663382	1850	17.683946194858645	0.0	1060487	3423.14259770854	1.2000000000000002
21198.215178516148	1850	19.161073342091154	0.0	852833	2522.872852767493	1.85
21203.374553389363	2850	18.001698468877244	0.0	1429765	5159.374873213911	1.85
21207.80334641773	2850	17.572905440506453	0.0	1354548	4428.793028370791	2.85
21211.238082238713	2850	18.13816961952801	0.0	1519951	3434.7358209784443	2.85
21219.180321337222	2850	14.195930521015251	0.0	1422919	7942.239098512759	2.85
21222.98870187648	1850	14.38754998175962	0.0	1036454	3808.380539255631	0.8500000000000001
21226.031051414295	1850	15.345200443945272	0.0	821631	3042.3495378143475	1.85
21228.37870943606	1850	16.99754242218339	0.0	923170	2347.6580217618816	1.85
21230.480236180043	1850	18.896015678197777	0.0	966699	2101.5267439856084	1.85
21232.76364460027	1850	20.61260725797338	0.0	885714	2283.4084202243985	1.85
21240.189275056026	1850	17.186976802214488	0.0	987708	7425.630455758893	1.85
21241.950070697163	1850	19.426181161078517	0.0	923755	1760.7956411359703	1.85
21243.6036843043	1850	21.772567553938977	0.0	891604	1653.6136071395395	1.85
21246.397840308087	1850	22.978411550149314	0.0	955231	2794.1560037896634	1.85
21248.98534041482	1850	24.390911443419412	0.0	968026	2587.5001067299013	1.85
21251.90057423251	1850	25.47567762572621	0.0	874175	2915.2338176932035	1.85
21259.45074350727	4300	21.925508350966876	0.0	2186790	7550.1692747593315	1.8499999999999996
21263.26446576215	2850	22.111786096086835	0.0	1480464	3813.7222548800414	1.4000000000000001
21266.56412136218	2850	22.812130496057627	0.0	1547572	3299.6556000292076	2.85
21269.849743064275	2850	23.526508793964574	0.0	1141971	3285.621702093052	2.85
21272.89604681264	2850	24.480205045599966	0.0	1498470	3046.3037483646067	2.85
21278.298351478184	4300	23.077900380053755	0.0	2164140	5402.304665546212	2.8499999999999996
21282.940814154063	4300	22.435437704178533	0.0	2113193	4642.462675875219	4.3
21288.179722280154	4300	21.19652957808562	0.0	2147852	5238.9081260929115	4.3
21294.685645960086	4300	18.690605898158225	0.0	2191074	6505.923679927395	4.3
21301.297869087935	4300	16.078382770309666	0.0	2286761	6612.223127848561	4.3
21311.761245874357	4300	9.615005983886372	0.0	2307787	10463.376786423294	4.3
21316.186986862653	2850	9.189264995590074	0.0	1439896	4425.740988296297	1.4000000000000001
21318.684237446032	1850	10.69201441221132	0.0	728962	2497.250583378754	0.8500000000000001
21324.49567690498	1850	8.880574953264448	0.0	938587	5811.439458946873	1.85
21328.20699579315	1850	9.169256065094997	0.0	908665	3711.3188881694505	1.85
21330.235060059797	1200	11.141191798448009	0.0	587506	2028.0642666469873	0.5499999999999999
21333.304958235425	1200	12.071293622820727	0.0	566904	3069.898175627282	1.2
21334.98249339486	1200	14.393758463386751	0.0	641452	1677.5351594339747	1.2
21336.253115584484	1200	17.123136273759215	0.0	599477	1270.6221896275374	1.2
21340.09751651264	1850	17.278735345604705	0.0	973972	3844.400928154509	1.2000000000000002
21343.604462316638	2850	17.771789541606115	0.0	1464921	3506.9458039985902	1.85
21350.05118124583	2850	15.325070612414569	0.0	1483527	6446.718929191545	2.85
21354.479137516206	4300	14.897114342039549	0.0	1961140	4427.95627037502	2.8499999999999996
21365.493109293562	4300	7.8831425646833555	0.0	2155012	11013.971777356193	4.3

