86365.78331816015	750	4.0	2.3594861405363656	450283	2359.486140536366	-9.395790404306371
86366.35099885844	300	7.432319301711956	0.0	155580	567.6806982880435	-0.15000000000000002
86366.86939427828	300	10.91392388186062	0.0	139857	518.3954198513362	0.3
86367.43661105614	300	14.346707104020878	0.0	155432	567.2167778397427	0.3
86370.73452500314	750	15.048793157020153	0.0	411561	3297.9139470007244	0.3
86371.75402455802	750	18.02929360213293	0.0	318564	1019.4995548872243	0.75
86372.8898263788	750	20.893491781360183	0.0	352642	1135.8018207727464	0.75
86375.09654755975	1200	22.68677060040459	0.0	709534	2206.7211809555924	0.75
86384.75829080876	1850	17.025027351390452	0.0	852833	9661.743249014138	1.2000000000000002
86390.32191241614	750	15.461405744014991	0.0	362795	5563.621607375462	-0.3500000000000001
86393.03227963643	750	16.75103852373259	0.0	353220	2710.367220282403	0.75
86396.73781948125	750	17.045498678901453	0.0	405134	3705.5398448311403	0.75
86398.56123847903	750	19.222079681120633	0.0	386351	1823.4189977808214	0.75
86403.1221006892	1200	18.66121747095073	0.0	687371	4560.862210169902	0.75
86410.30341799419	1200	15.479900165960311	0.0	526950	7181.31730499042	1.2
86411.70877448954	750	18.074543670602477	0.0	366214	1405.3564953578311	0.3
86413.01505535441	750	20.768262805737137	0.0	360831	1306.28086486534	0.75
86415.03723100894	1200	22.746087151191375	0.0	581493	2022.1756545457622	0.75
86422.20945552469	1850	19.573862635457203	0.0	987708	7172.2245157341695	1.2000000000000002
86424.06017355023	1200	21.723144609908406	0.0	586839	1850.7180255488001	0.5499999999999999
86426.90802829966	1850	22.87528986048062	0.0	891604	2847.854749427783	1.2000000000000002
86432.04073961273	1850	21.74257854741804	0.0	955231	5132.71131306258	1.85
86438.04342036745	1850	19.739897792692048	0.0	968026	6002.680754725992	1.85
86439.59641366679	1200	22.186904493360707	0.0	536667	1552.99329933134	0.5499999999999999
86442.14109405698	1850	23.642224103173948	0.0	897976	2544.6803901867625	1.2000000000000002
86445.02463276537	1850	24.75868539479034	0.0	905935	2883.5387083836063	1.85
86451.38327769985	2850	22.40004046031468	0.0	1547572	6358.644934475658	1.85
86454.30038141577	1850	23.482936744386222	0.0	758197	2917.1037159284615	0.8500000000000001
86457.94259799476	1850	23.84072016539319	0.0	972798	3642.2165789930277	1.85
86467.89535875576	1850	17.887959404388827	0.0	975811	9952.760761004361	1.85
86469.10999726431	750	20.673320895847198	0.0	358218	1214.6385085416298	-0.3500000000000001
86473.11484650751	1200	20.66847165264783	0.0	620283	4004.849243199371	0.75
86475.35511672903	1200	22.428201431135456	0.0	584349	2240.270221512375	1.2
86482.25292304442	1850	19.530395115738877	0.0	1035329	6897.806315396577	1.2000000000000002
86485.58653887926	1200	20.196779280896955	0.0	690253	3333.615834841924	0.5499999999999999
86487.28907312104	1200	22.49424503911279	0.0	598727	1702.5342417841653	1.2
86489.34454074812	1850	24.438777412031552	0.0	728962	2055.467627081239	1.2000000000000002
86491.96808654844	1850	25.81523161170273	0.0	938587	2623.5458003288213	1.85
86495.91651395259	2850	25.866804207571004	0.0	1427478	3948.427404131727	1.85
86499.79667441688	2850	25.986643743271262	0.0	1402287	3880.160464299742	2.85
86510.70373702083	2850	19.079581139330816	0.0	1339500	10907.062603940445	2.85
86513.39823404881	750	20.38508411133562	0.0	384505	2694.4970279952	-1.35
86515.14497538982	1200	22.638342770321728	0.0	599477	1746.7413410138918	0.75
86519.89530259701	1850	21.888015563125133	0.0	973972	4750.327207196596	1.2000000000000002
86523.2450339495	1850	22.53828421064928	0.0	958994	3349.7313524758524	1.85
86526.32149509007	1850	23.46182307007561	0.0	982064	3076.4611405736696	1.85
86528.61684225201	1850	25.16647590813415	0.0	830730	2295.34716194146	1.85
86531.00157223211	1850	26.78174592803785	0.0	846370	2384.7299800962996	1.85

