55652.988152059144	750	4.0	0.9988800543408289	450283	998.8800543408289	-3.545184233665564
55654.189179297995	750	6.798972761144525	0.0	398865	1201.0272388554747	0.75
55655.072081037724	750	9.916071021419295	0.0	350812	882.9017397252303	0.75
55656.359025435995	750	12.629126623150933	0.0	382355	1286.9443982683624	0.75
55658.41272355732	1850	14.575428501827355	0.0	996749	2053.6981213235786	0.75
55660.27814428446	1850	16.71000777468829	0.0	801058	1865.4207271390685	1.85
55662.368288263846	1850	18.619863795300656	0.0	905515	2090.143979387633	1.85
55665.13329812861	1850	19.85485393052768	0.0	1060487	2765.0098647729733	1.85
55666.91853019935	1850	22.06962185979123	0.0	852833	1785.2320707364495	1.85
55677.38403191616	1850	15.604120142979431	0.0	913888	10465.5017168118	1.85
55679.10212284418	750	17.886029214958857	0.0	353220	1718.0909280205756	-0.3500000000000001
55680.77281582306	1850	20.215336236078805	0.0	917428	1670.6929788800512	0.75
55684.77431359005	1850	20.213838469095883	0.0	946851	4001.497766982918	1.85
55687.28787143515	1850	21.700280624005867	0.0	1036454	2513.557845090017	1.85
55689.150225913414	1850	23.837926145733245	0.0	821631	1862.3544782726203	1.85
55691.416694477295	1850	25.571457581851405	0.0	923170	2266.468563881843	1.85
55694.63965702284	1850	26.348495036309345	0.0	966699	3222.962545542062	1.85
55696.84564732801	1850	28.142504731139837	0.0	885714	2205.9903051695064	1.85
55701.2711580994	1850	27.716993959753875	0.0	987708	4425.5107713859625	1.85
55703.68402222724	1850	29.304129831917948	0.0	923755	2412.864127835929	1.85
55708.55999313147	1850	28.428158927680307	0.0	891604	4875.970904237643	1.85
55710.71976590976	1850	30.26838614939314	0.0	955231	2159.772778287168	1.85
55713.19778278786	1850	31.790369271298367	0.0	968026	2478.016878094772	1.85
55715.39537365359	1850	33.59277840556753	0.0	874175	2197.5908657308396	1.85
55717.712780448885	1850	35.27537161027288	0.0	897976	2317.406795294652	1.85
55720.42688433214	1850	36.56126772701476	0.0	905935	2714.103883258119	1.85
55723.17174940471	1850	37.8164026544446	0.0	1076599	2744.8650725701605	1.85
55727.692100732485	4300	37.29605132667804	0.0	1972048	4520.351327766564	1.8499999999999996
55740.46064191494	4300	28.527510144217608	0.0	2134614	12768.541182460433	4.3
55743.84302653713	1850	29.14512552203324	0.0	975811	3382.3846221843687	-0.6000000000000001
55748.91842443381	1850	28.069727625350875	0.0	873429	5075.397896682362	1.85
55760.49356600352	1850	20.49458605564337	0.0	954453	11575.141569707506	1.85
55762.02536319792	1850	22.9627888612356	0.0	885062	1531.7971944077697	1.85
55763.92907700202	1850	25.0590750571354	0.0	1035329	1903.7138041001988	1.85
55777.6880966446	4300	15.300055414564744	0.0	2307787	13759.019642570656	1.8499999999999996
55783.66289684905	4300	13.325255210105883	0.0	2143948	5974.80020445886	4.3
55793.82679091846	4300	7.16136114069882	0.0	1919781	10163.894069407062	4.3
55797.95500050025	1850	7.033151558901178	0.0	938587	4128.209581797642	-0.6000000000000001
55801.719435686435	1850	7.268716372726392	0.0	908665	3764.435186174786	1.85
55802.65865248931	750	10.32949956985638	0.0	390680	939.2168028700124	-0.3500000000000001
55812.271977316304	1850	4.7161747428535294	0.0	858450	9613.32482700285	0.75
55813.00884810826	750	7.979303950904012	0.0	384505	736.8707919495168	-0.3500000000000001
55822.8135450927	1850	4.0	1.8253930335457536	886255	9804.696984449765	-7.09919004424674
55833.447099032324	750	4.0	6.633553939626392	438281	10633.553939626392	-28.874281940393484
55833.79739347303	300	7.649705559296384	0.0	167025	350.2944407036159	-0.15000000000000002
55834.51468149534	750	10.932417536983277	0.0	393804	717.2880223131075	0.3
55837.277405293156	1850	12.16969373916413	0.0	830730	2762.723797819149	0.75
55839.59647228922	1850	13.850626743105334	0.0	846370	2319.0669960587966	1.85

