13823.271202532405	750	4.0	2.979480895759363	450283	2979.4808957593627	-12.061767851765259
13824.163925353405	300	7.107277179001351	0.0	155580	892.7228209986486	-0.15000000000000002
13827.203010458972	750	8.06819207343318	0.0	350812	3039.0851055681724	0.3
13829.047287361358	750	10.223915171048084	0.0	382355	1844.2769023850958	0.75
13832.007408711099	1200	11.263793821307942	0.0	652874	2960.121349740142	0.75
13834.268295730923	1850	13.002906801483025	0.0	801058	2260.887019824917	1.2000000000000002
13846.208106904505	2850	5.063095627899964	0.0	1388403	11939.81117358306	1.85
13846.930659106223	300	8.34054342618158	0.0	173849	722.5522017183844	-2.25
13851.147737732425	750	8.123464799979326	0.0	374758	4217.078626202253	0.3
13852.495872500636	750	10.775330031768597	0.0	362795	1348.1347682107278	0.75
13858.173955907792	1200	9.09724662461198	0.0	607410	5678.083407156618	0.75
13865.442223275519	1200	5.82897925688571	0.0	594078	7268.26736772627	1.2
13866.158485546384	300	9.112716986020043	0.0	160746	716.2622708656669	-0.6000000000000001
13868.830863644844	1200	10.440338887559593	0.0	687371	2672.3780984604505	0.29999999999999993
13876.49533830626	1200	6.775864226143492	0.0	526950	7664.4746614161	1.2
13877.049459207767	300	10.2217433246366	0.0	138313	554.1209015068914	-0.6000000000000001
13884.426015500974	1200	6.84518703142896	0.0	617242	7376.55629320764	0.29999999999999993
13885.22269070729	300	10.048511825111564	0.0	150616	796.6752063173966	-0.6000000000000001
13892.57037305972	1200	6.700829472682	0.0	639204	7347.682352429564	0.29999999999999993
13893.793603022552	300	9.4775995098501	0.0	140881	1223.2299628319006	-0.6000000000000001
13897.45084096786	1200	9.820361564540367	0.0	601738	3657.2379453097333	0.29999999999999993
13902.69208262282	1200	8.579119909580243	0.0	616206	5241.241654960124	1.2
13904.020739611911	750	11.250462920489714	0.0	401853	1328.6569890905296	0.3
13909.122716430073	1850	10.148486102329338	0.0	874175	5101.976818160375	0.75
13912.333035193597	1200	10.93816733880516	0.0	587236	3210.318763524177	0.5499999999999999
13921.69526899932	1200	5.5759335330815265	0.0	590335	9362.233805723634	1.2
13924.586271167664	300	6.68493136473718	0.0	181901	2891.002168344346	-0.6000000000000001
13925.000126461195	300	10.271076071206277	0.0	111155	413.8552935309023	0.3
13928.89064432996	1200	10.380558202442083	0.0	622896	3890.517868764193	0.29999999999999993
13933.500450625816	1200	9.770751906585351	0.0	641447	4609.806295856732	1.2
13935.4913177648	1200	11.779884767600828	0.0	570392	1990.867138984524	1.2
13939.22936188159	1850	12.04184065081183	0.0	954453	3738.044116788999	1.2000000000000002
13945.078313745431	1850	10.192888786969467	0.0	885062	5848.9518638423615	1.85
13950.44013833821	1200	8.831064194190686	0.0	670129	5361.82459277878	0.5499999999999999
13953.527635368418	750	9.743567163983696	0.0	401088	3087.497030206991	0.3
13957.730345636684	1200	9.540856895717765	0.0	598727	4202.7102682659315	0.75
13960.0070022734	1200	11.264200259003706	0.0	487812	2276.6566367140585	1.2
13964.261058869404	1850	11.010143662997944	0.0	938587	4254.056596005764	1.2000000000000002
13975.915664805767	1850	4.0	0.6444622733641426	908665	11654.605936362086	-0.9211877754658131
13978.383434752266	300	5.532230053499165	0.0	149991	2467.7699465008345	-1.25
13979.377292095922	300	8.53837270984329	0.0	147968	993.8573436558756	0.3
13980.75318234165	750	11.16248246411437	0.0	384505	1375.8902457289184	0.3
13985.333937896154	1850	10.581726909611913	0.0	886255	4580.75555450246	0.75
13988.825933254548	1200	11.08973155121725	0.0	634861	3491.9953583946635	0.5499999999999999
13999.778680727923	1850	4.136984077840832	0.0	958994	10952.747473376417	1.2000000000000002
14000.725555248313	300	7.190109557452096	0.0	160064	946.8745203887363	-1.25
14003.011672570401	750	8.90399223536376	0.0	331053	2286.1173220883366	0.3
14004.912947196533	750	11.002717609231706	0.0	314107	1901.2746261320542	0.75

