27489.685056217662	750	4.0	3.0133990141365787	450283	3013.399014136579	-12.207615760787288
27490.296325258125	300	7.388730959538545	0.0	155580	611.2690404614552	-0.15000000000000002
27490.733665043015	300	10.951391174648915	0.0	139857	437.3397848896289	0.3
27491.211001278214	300	14.474054939449495	0.0	155432	477.33623519942046	0.3
27491.7088137554	300	17.976242462266782	0.0	163442	497.81247718271453	0.3
27492.111650724666	300	21.57340549299984	0.0	126289	402.8369692669438	0.3
27492.583524072335	300	25.10153214533079	0.0	153295	471.87334766904604	0.3
27493.10794032609	300	28.57711589157877	0.0	173849	524.4162537520206	0.3
27493.573205548222	300	32.111850669443655	0.0	150710	465.26522213511157	0.3
27494.00880450466	300	35.67625171300344	0.0	139105	435.59895644021435	0.3
27494.45139503686	300	39.23366118080489	0.0	141840	442.590532198555	0.3
27494.930561607798	300	42.75449460986763	0.0	156148	479.166570937253	0.3
27497.539101607195	300	44.14595461046803	0.0	160746	2608.539999399597	0.3
27498.779277968508	300	46.905778249155766	0.0	179801	1240.1763613122698	0.3
27499.753399118166	300	49.93165709949815	0.0	140051	974.1211496576132	0.3
27500.68927885145	300	52.995777366216075	0.0	138313	935.8797332820761	0.3
27501.657311391	300	56.0277448266603	0.0	143509	968.0325395557718	0.3
27503.997555654398	750	57.68750056326577	0.0	372963	2340.244263394534	0.3
27506.167105817105	750	59.517950400558995	0.0	405596	2169.5501627067774	0.75
27508.03266728812	750	59.70839400714088	0.0	350713	1809.556393418109	0.75
27510.831361322915	750	59.793049580042315	0.0	386472	915.3444270985643	0.75
27514.409702628745	750	59.67005363367392	0.0	399894	3122.99594636839	0.75
27517.740332884936	750	59.67791128260879	0.0	401853	1492.1423510651362	0.75
27521.749223668907	750	59.55670979168853	0.0	343800	2121.201490920257	0.75
27525.574141176166	750	59.73179228442908	0.0	359903	2324.9175072594508	0.75
27528.691527908773	750	59.70340238597969	0.0	379700	1528.3898984493871	0.75
27531.706374284913	750	59.70047761498859	0.0	425781	1502.9247709910987	0.75
27534.115073598317	750	59.70408874466071	0.0	277716	996.3888703278864	0.75
27536.75778436274	750	59.80288853248783	0.0	400396	1401.2002121728829	0.75
27539.249434668505	750	59.90131875013002	0.0	400508	1401.5697823578082	0.75
27542.02476109038	750	59.50519570649606	0.0	358218	1396.1230436339645	0.75
27544.732381018668	750	59.55098743147301	0.0	400322	1454.2082750230472	0.75
27547.126272559875	750	59.69474755520134	0.0	369834	1356.2398762716716	0.75
27549.41984676117	750	59.77228625557133	0.0	412837	1422.4612996300102	0.75
27551.739688671903	750	59.50442176628907	0.0	401088	1267.8644892822558	0.75
27553.374789312526	750	59.92286015670089	0.0	365161	1081.56160958818	0.75
27555.206791323908	1200	59.985628650277235	0.0	487812	1437.231506423659	0.75
27557.3672994176	1200	59.57875988836055	0.0	575591	1406.8687619166806	1.2
27559.340704069302	1200	59.67487716069729	0.0	605884	1403.8827276632558	1.2
27561.06200779422	1200	59.80898626025783	0.0	587506	1365.8909004394638	1.2
27562.471018169694	1200	59.98818753646142	0.0	566904	1320.7987237964103	1.2
27564.175379679786	1200	59.89811262325455	0.0	641452	1590.0749132068643	1.2
27565.841269185516	1200	59.83231116882962	0.0	599477	1565.8014544249322	1.2
27570.794356796097	1200	58.8792235582486	0.0	634861	4953.087610581022	1.2
27573.813046785028	1200	59.86053356932024	0.0	630203	2018.6899889283616	1.2
27575.956489016164	1200	59.91024528565989	0.0	638661	1450.2882836603444	1.2
27579.53809201814	1200	59.97052075190884	0.0	538612	1939.7245337510465	1.2
27582.238062314744	1200	59.90147483772168	0.0	550906	1069.045914187162	1.2

