90749.50523984358	750	4.0	3.0591871253817504	450283	3059.1871253817503	-12.404504639141527
90750.64556453135	300	6.859675312214498	0.0	155580	1140.324687785502	-0.15000000000000002
90751.64102042202	300	9.864219421553145	0.0	139857	995.4558906613528	0.3
90755.81886638603	1200	9.686373457519542	0.0	617681	4177.845964033604	0.29999999999999993
90760.31957207482	1200	9.185667768744986	0.0	652874	4500.705688774555	1.2
90763.89018876386	1200	9.615051079699896	0.0	520315	3570.6166890450913	1.2
90767.53180851186	1200	9.973431331689932	0.0	561791	3641.619748009963	1.2
90772.32673687053	1200	9.178502973033533	0.0	709534	4794.928358656399	1.2
90776.07391803121	1200	9.431321812348658	0.0	584846	3747.181160684876	1.2
90779.84972594651	1200	9.655513897058388	0.0	560821	3775.80791529027	1.2
90783.91006465537	1200	9.595175188195961	0.0	607410	4060.338708862427	1.2
90787.90883248262	1200	9.596407360940084	0.0	594078	3998.767827255878	1.2
90792.17174111851	1200	9.333498725055248	0.0	624282	4262.908635884837	1.2
90796.80925690624	1200	8.695982937323256	0.0	687371	4637.515787731992	1.2
90799.0027148688	750	10.50252497476454	0.0	337059	2193.4579625587157	0.3
90802.96052683999	1200	10.544713003583741	0.0	587876	3957.8119711808	0.75
90806.97155516982	1200	10.533684673743814	0.0	617242	4011.028329839927	1.2
90810.90603712852	1200	10.59920271503456	0.0	581493	3934.481958709254	1.2
90815.04311837767	1200	10.462121465886609	0.0	639204	4137.081249147952	1.2
90817.99729550381	1200	11.507944339743505	0.0	586839	2954.1771261431045	1.2
90823.45002803243	1850	10.055211811128938	0.0	891604	5452.732528614565	1.2000000000000002
90826.85626283668	1200	10.648977006872514	0.0	616206	3406.2348042564245	0.5499999999999999
90831.15913828052	1200	10.34610156302933	0.0	656471	4302.875443843182	1.2
90833.33878170399	1200	12.16645813955471	0.0	536667	2179.643423474622	1.2
90838.68555380977	1850	10.819686033774186	0.0	897976	5346.772105780526	1.2000000000000002
90842.37869524222	1200	11.126544601320049	0.0	590335	3693.1414324541365	0.5499999999999999
90849.4362949899	1850	8.068944853652596	0.0	1076599	7057.599747667453	1.2000000000000002
90851.25125720164	750	10.253982641905335	0.0	277716	1814.9622117472597	-0.3500000000000001
90854.28996851179	1200	11.215271331757677	0.0	622896	3038.711310147659	0.75
90860.93789828637	1850	8.56734155717833	0.0	975811	6647.929774579346	1.2000000000000002
90862.8861020876	750	10.619137755955748	0.0	358218	1948.2038012225814	-0.3500000000000001
90866.72491582615	1200	10.780324017403675	0.0	620283	3838.8137385520727	0.75
90870.79178216726	1200	10.713457676300184	0.0	584349	4066.8663411034904	1.2
90876.37436444924	1200	9.130875394315916	0.0	670129	5582.582281984268	1.2
90879.7729903088	1200	9.732249534747869	0.0	690253	3398.6258595680492	1.2
90883.18163852411	1200	10.323601319442128	0.0	598727	3408.6482153057395	1.2
90886.48982697118	1200	11.015412872369772	0.0	487812	3308.188447072356	1.2
90891.65607484293	1850	9.84916500063368	0.0	938587	5166.247871736092	1.2000000000000002
90895.72546462204	1200	9.779775221531049	0.0	605884	4069.3897791026316	0.5499999999999999
90899.71309270573	1200	9.792147137842003	0.0	587506	3987.628083689046	1.2
90903.55917046993	1200	9.946069373632643	0.0	566904	3846.07776420936	1.2
90908.00107308588	1200	9.504166757697117	0.0	641452	4441.902615935525	1.2
90912.023585777	1200	9.481654066576287	0.0	599477	4022.512691120832	1.2
90916.19178789655	1200	9.31345194703689	0.0	634861	4168.202119539395	1.2
90920.38768902475	1200	9.11755081883987	0.0	630203	4195.901128197019	1.2
90924.56097059179	1200	8.944269251800172	0.0	638661	4173.281567039699	1.2
90926.8303174653	750	10.67492237829135	0.0	331053	2269.3468735088204	0.3
90930.52170606185	1200	10.983533781744354	0.0	550906	3691.3885965469967	0.75

