71329.38024303576	750	4.0	1.6667672586650426	450283	1666.7672586650426	-6.417099212259683
71329.84857893344	300	7.5316641023366415	0.0	155580	468.3358976633583	-0.15000000000000002
71331.27975577123	1200	10.100487264538314	0.0	571051	1431.176837798328	0.29999999999999993
71333.63417235107	1850	11.746070684693622	0.0	933276	2354.416579844692	1.2000000000000002
71336.71450025478	1850	12.665742780983516	0.0	996749	3080.327903710108	1.85
71338.92227378479	1850	14.457969250980128	0.0	801058	2207.773530003387	1.85
71341.28734316466	1850	16.09289987110927	0.0	905515	2365.069379870856	1.85
71349.16413624649	2850	12.216106789280355	0.0	1638769	7876.793081828916	1.85
71352.86984734223	1200	12.510395693552073	0.0	584846	3705.711095728283	-0.44999999999999996
71353.89105267078	750	15.489190364999548	0.0	362795	1021.2053285525254	0.3
71356.40924131912	1850	16.97100171665846	0.0	939819	2518.188648341091	0.75
71360.43247642528	2850	16.94776661050005	0.0	1519951	4023.235106158408	1.85
71364.01619614825	2850	17.364046887523894	0.0	1422919	3583.7197229761537	2.85
71370.40082110195	2850	14.979421933821726	0.0	1578343	6384.6249537021695	2.85
71372.73518865516	1850	16.645054380604815	0.0	821631	2334.3675532169127	0.8500000000000001
71377.81170980718	2850	15.568533228577962	0.0	1471065	5076.521152026853	1.85
71381.55964410417	1850	15.820598931592773	0.0	966699	3747.9342969851896	0.8500000000000001
71388.33062331114	1850	13.049619724624456	0.0	885714	6770.979206968317	1.85
71391.4316054858	750	13.94863754993857	0.0	405596	3100.982174685885	-0.3500000000000001
71392.33955724123	750	17.04068579451854	0.0	350713	907.9517554200302	0.75
71405.18098857341	2850	8.199254462339619	0.0	1415116	12841.431332178921	0.75
71405.63742037358	300	11.742822662180842	0.0	157812	456.43180015877573	-2.25
71413.38028569924	1850	7.999957336527788	0.0	968026	7742.865325653054	0.30000000000000004
71413.76959497793	300	11.610648057836457	0.0	137654	389.30927869133063	-1.25
71415.94867504305	1850	13.431567992721144	0.0	897976	2179.080065115313	0.30000000000000004
71427.19277769653	1850	6.187465339238864	0.0	905935	11244.10265348228	1.85
71428.1665369613	300	9.213706074468144	0.0	181901	973.7592647707215	-1.25
71429.05124529144	750	12.32899774432971	0.0	277716	884.7083301384337	0.3
71436.63654770867	1850	8.74369532711204	0.0	972798	7585.302417217669	0.75
71437.38663859286	300	11.993604442924939	0.0	149029	750.0908841871002	-1.25
71441.07306769394	750	12.307175341827168	0.0	358218	3686.42910109777	0.3
71443.22815779848	300	14.152085237289702	0.0	157488	2155.0901045374662	-0.15000000000000002
71444.33145059025	300	17.048792445514824	0.0	143881	1103.292791774879	0.3
71445.46609041636	750	19.914152619406227	0.0	412837	1134.6398261085958	0.3
71449.33329438529	2850	20.046948650472682	0.0	1492672	3867.203968933548	0.75
71452.68344543217	2850	20.696797603579455	0.0	1439896	3350.1510468932256	2.85
71458.62326424391	4300	18.75697879183713	0.0	1919781	5939.818811742326	2.8499999999999996
71462.29940930098	2850	19.080833734772998	0.0	1499009	3676.1450570641323	1.4000000000000001
71468.46548965594	2850	16.914753379810517	0.0	1427478	6166.08035496248	2.85
71470.88370230932	1850	18.496540726427405	0.0	930577	2418.2126533831147	0.8500000000000001
71478.09940984054	2850	15.280833195215134	0.0	1339500	7215.707531212269	1.85
71479.84575502595	1200	17.534488009797876	0.0	641452	1746.3451854172588	-0.44999999999999996
71488.21384947472	2850	13.166393561031558	0.0	1343002	8368.094448766316	1.2000000000000002
71491.62691227303	750	13.753330762709405	0.0	438281	3413.0627983221525	-1.35
71499.21017218112	750	10.170070854627134	0.0	398987	7583.259908082271	0.75
71499.66941987655	300	13.710823159201674	0.0	160064	459.24769542546125	-0.15000000000000002
71503.84787501465	1850	13.532368021096552	0.0	830730	4178.455138105121	0.30000000000000004
71506.25598063004	1200	15.12426240570654	0.0	550906	2408.1056153900117	0.5499999999999999

