46073.326986232125	750	4.0	14.076887223962244	450283	14076.887223962243	-59.780615063037644
46076.31736620382	300	5.009620028311112	0.0	155580	2990.3799716888884	-0.15000000000000002
46080.447057369754	300	4.8799288623711385	0.0	139857	4129.691165939974	0.3
46086.25492321975	300	4.0	0.927936987625807	155432	5807.865849996945	-3.69012904679097
46090.88956164594	300	4.0	0.6346384261901657	163442	4634.638426190166	-2.428945232617713
46094.40943689404	300	4.480124751892065	0.0	126289	3519.8752481079346	0.3
46097.51822791331	300	5.371333732631909	0.0	153295	3108.791019260157	0.3
46101.54263556227	300	5.346926083667262	0.0	173849	4024.4076489646473	0.3
46104.563220709635	300	6.32634093630273	0.0	150710	3020.5851473645325	0.3
46107.17622190688	300	7.71333973905988	0.0	139105	2613.0011972428492	0.3
46109.0580243205	300	9.831537325440447	0.0	141840	1881.8024136194317	0.3
46111.13308389276	300	11.75647775317504	0.0	156148	2075.059572265406	0.3
46113.18298139427	300	13.70658025166771	0.0	160746	2049.897501507331	0.3
46118.366850841725	300	12.52271080421263	0.0	179801	5183.869447455078	0.3
46124.25302296731	300	10.636538678629364	0.0	140051	5886.172125583268	0.3
46130.48606547841	300	8.403496167522833	0.0	138313	6233.0425111065315	0.3
46135.597907607706	300	7.291654038231968	0.0	143509	5111.842129290865	0.3
46137.90073260502	300	8.988829040921901	0.0	150616	2302.8249973100683	0.3
46140.96002577371	300	9.929535872224577	0.0	165384	3059.2931686973243	0.3
46142.67219830214	300	12.21736334379318	0.0	140881	1712.1725284313966	0.3
46144.67411483366	300	14.215446812277081	0.0	157671	2001.9165315160997	0.3
46147.758957700404	300	15.130603945537079	0.0	157812	3084.8428667400017	0.3
46150.14559046628	300	16.743971179652526	0.0	163927	2386.6327658845535	0.3
46153.2953061598	300	17.594255486137335	0.0	137654	3149.715693515191	0.3
46155.73673261835	300	19.15282902758279	0.0	146754	2441.4264585545443	0.3
46158.533545760794	300	20.356015885139925	0.0	153938	2796.8131424428657	0.3
46160.71826030424	300	22.1713013416997	0.0	181901	2184.7145434402278	0.3
46162.37297532941	300	24.516586316526993	0.0	111155	1654.715025172703	0.3
46164.3866321789	300	26.502929467031624	0.0	153605	2013.6568494953722	0.3
46166.20694945135	300	28.682612194587833	0.0	149029	1820.3172724437904	0.3
46169.53260156921	300	29.35696007672748	0.0	157421	3325.6521178603534	0.3
46171.21105921917	300	31.678502426776287	0.0	157488	1678.4576499511927	0.3
46172.94948022417	300	33.94008142177607	0.0	143881	1738.4210050002134	0.3
46179.67557166068	300	31.213989985270974	0.0	163444	6726.091436505095	0.3
46186.68710919868	300	28.202452447265866	0.0	179328	7011.537538005107	0.3
46196.42609217896	300	22.463469466982396	0.0	159914	9738.982980283472	0.3
46202.59612786302	300	20.29343378292454	0.0	131610	6170.035684057854	0.3
46205.14619124574	300	21.743370400209432	0.0	124011	2550.063382715109	0.3
46207.31878925561	300	23.57077239033293	0.0	144254	2172.598009876499	0.3
46209.94748745806	300	24.942074187879307	0.0	149991	2628.698202453628	0.3
46211.76908574592	300	27.120475900029433	0.0	147968	1821.598287849871	0.3
46216.46856605278	300	26.420995593167778	0.0	161857	4699.480306861655	0.3
46218.02056574055	300	28.86899590538863	0.0	145210	1551.9996877791448	0.3
46220.54560474873	300	30.34395689721003	0.0	172312	2525.0390081786	0.3
46223.03027123152	300	31.85929041442931	0.0	167025	2484.666482780721	0.3
46225.05134978478	300	33.8382118611733	0.0	160064	2021.0785532560112	0.3
46226.94998263205	300	35.93957901389744	0.0	137507	1898.632847275865	0.3
46228.463762113286	300	38.425799532664975	0.0	118421	1513.7794812324655	0.3

