57003.092668591686	750	4.0	3.9109266483430414	450283	3910.9266483430415	-16.066984587875076
57004.49140090748	300	6.601267684203109	0.0	155580	1398.7323157968904	-0.15000000000000002
57005.647398600835	300	9.445269990851457	0.0	139857	1155.9976933516525	0.3
57006.87301194647	300	12.219656645213668	0.0	155432	1225.6133456377881	0.3
57008.15766308933	300	14.935005502349064	0.0	163442	1284.6511428646054	0.3
57009.16847761792	300	17.924190973762606	0.0	126289	1010.8145285864598	0.3
57010.37834018045	300	20.71432841123015	0.0	153295	1209.8625625324562	0.3
57011.5709414246	300	23.52172716707485	0.0	173849	1192.601244155301	0.3
57012.32372638622	300	26.768942205454834	0.0	150710	752.7849616200141	0.3
57013.02470543264	300	30.06796315903355	0.0	139105	700.9790464212863	0.3
57013.73789380074	300	33.35477479093466	0.0	141840	713.1883680988839	0.3
57014.51495455442	300	36.577714037255134	0.0	156148	777.0607536795299	0.3
57015.31254125364	300	39.780127338027675	0.0	160746	797.5866992274618	0.3
57015.99696327724	300	43.09570531442607	0.0	179801	684.4220236016047	0.3
57016.3934523325	300	46.69921625916599	0.0	140051	396.4890552600803	0.3
57016.786013832956	300	50.306654758711254	0.0	138313	392.561500454745	0.3
57017.1903173212	300	53.90235127047254	0.0	143509	404.303488238705	0.3
57017.61068129966	300	57.481987292014324	0.0	150616	420.36397845822063	0.3
57019.43709419847	300	59.52825039677521	0.0	165384	453.7368952391138	0.3
57021.3774271978	750	59.709422013339655	0.0	350713	818.8283834355582	0.3
57023.56642295066	1200	59.631676377165356	0.0	601738	1077.7456361742975	0.75
57025.39513378862	1200	59.98494599077455	0.0	616206	1146.730386390808	1.2
57027.58068862813	1200	59.6891588483008	0.0	656471	1295.787142473745	1.2
57029.85311360832	1850	59.710830108480245	0.0	874175	1478.328739820557	1.2000000000000002
57032.0661016352	1850	59.70638433921835	0.0	897976	1504.4457692618914	1.85
57034.11595051566	1850	59.75023094005293	0.0	905935	1456.1533991654276	1.85
57036.158215768955	1850	59.98544609029836	0.0	1076599	1764.784849754563	1.85
57037.89572258371	1850	59.71893298864272	0.0	758197	1266.51310165564	1.85
57039.986406366756	1850	59.616587777220886	0.0	972798	1602.3452114218378	1.85
57042.61422882119	2850	59.50684583581436	0.0	1561263	2109.7419414065253	1.85
57044.29523627523	2850	59.88438243780982	0.0	1341201	1622.46339800454	2.85
57046.36763500152	2850	59.58195514368043	0.0	1497683	1802.4272941293912	2.85
57050.14740788322	2850	59.7855542892153	0.0	1358081	1796.4008544651401	2.85
57053.943496700085	4300	59.989465472352265	0.0	2286761	2796.0888168630368	2.8499999999999996
57058.214636188146	4300	59.71832598428553	0.0	2307787	3271.1394880667367	4.3
57060.89462549628	4300	59.538631610753335	0.0	2143948	2679.6943735321934	4.3
57064.89726023657	4300	59.53599687046281	0.0	1919781	2502.634740290525	4.3
57068.89189341419	4300	59.54136369283973	0.0	2147467	2994.633177623082	4.3
57072.6323686614	4300	59.80088844563308	0.0	2133870	2740.4752472066566	4.3
57077.1269724369	4300	59.30628467012984	0.0	2146120	4494.6037755032385	4.3
57080.454601003934	4300	59.978656103090245	0.0	2108491	2827.6285670395937	4.3
57084.87885297305	4300	59.55440413397621	0.0	2184571	3424.251969114036	4.3
57088.54447110959	4300	59.88878599743773	0.0	2121928	3165.6181365384837	4.3
57092.80931731771	4300	59.62393978932055	0.0	2219102	3264.8462081171747	4.3
57096.74526954597	4300	59.68798756105769	0.0	2124950	2935.952228262867	4.3
57101.64332610498	4300	58.789931002043375	0.0	2246506	4898.056559014305	4.3
57104.79979677767	4300	59.633460329357725	0.0	1961140	2656.47067268565	4.3
57108.47195189891	4300	59.772115851228946	0.0	2155012	2861.3444781287762	4.3

