73657.64948073738	750	4.0	1.755435274857873	450283	1755.435274857873	-6.798371681888853
73658.30837050242	300	7.341110234980251	0.0	155580	658.8897650197498	-0.15000000000000002
73659.69368915677	750	9.955791580615239	0.0	350812	1385.318654365011	0.3
73662.07198719603	1200	11.577493541361068	0.0	617681	2378.2980392541713	0.75
73665.86074021309	1850	11.788740524304439	0.0	996749	3788.75301705663	1.2000000000000002
73668.44379366002	1850	13.205687077373016	0.0	801058	2583.053446931425	1.85
73672.50821522594	2850	13.14126551145695	0.0	1388403	4064.4215659160645	1.85
73677.28643472353	2850	12.363046013867823	0.0	1638769	4778.219497589127	2.85
73679.81143864342	1850	13.838042093981965	0.0	852833	2525.003919885858	0.8500000000000001
73683.99046040911	2850	13.659020328272145	0.0	1429765	4179.021765709821	1.85
73687.87459330882	2850	13.774887428566311	0.0	1354548	3884.1328997058326	2.85
73692.06481877751	2850	13.584661959882405	0.0	1519951	4190.225468683906	2.85
73695.99265197324	2850	13.656828764158178	0.0	1422919	3927.8331957242276	2.85
73700.3407800885	2850	13.308700648897249	0.0	1578343	4348.128115260928	2.85
73703.75083257195	2850	13.89864816543992	0.0	1231445	3410.0524834573303	2.85
73707.81092850678	2850	13.838552230611105	0.0	1471065	4060.0959348288134	2.85
73712.37980053473	2850	13.269680202647988	0.0	1491626	4568.872027963115	2.85
73715.43100769336	2850	14.218473044029475	0.0	1358801	3051.2071586185143	2.85
73718.87221283755	2850	14.777267899852072	0.0	1537156	3441.2051441774047	2.85
73721.87367177397	2850	15.775808963427778	0.0	1336050	3001.4589364242934	2.85
73726.41391881497	4300	15.235561922428573	0.0	2039773	4540.247040999207	2.8499999999999996
73730.46747675855	4300	15.182003978852402	0.0	2176469	4053.5579435761715	4.3
73733.9984052056	4300	15.651075531817074	0.0	2221506	3530.9284470353277	4.3
73737.40652182647	4300	16.242958910927694	0.0	2044075	3408.1166208893796	4.3
73740.71035052293	4300	16.939130214466093	0.0	2186790	3303.8286964615977	4.3
73743.89394259646	4300	17.755538140933407	0.0	2105231	3183.592073532687	4.3
73747.50558730826	4300	18.143893429141674	0.0	2395588	3611.644711791734	4.3
73750.49283717368	4300	19.156643563722636	0.0	1972048	2987.2498654190395	4.3
73753.71974651067	4300	19.92973422671786	0.0	2134614	3226.9093370047767	4.3
73756.57419829194	4300	21.075282445439427	0.0	2164140	2854.4517812784297	4.3
73759.35609776854	4300	22.293382968836617	0.0	2113193	2781.899476602811	4.3
73762.46971542486	4300	23.179765312530236	0.0	2147852	3113.617656306383	4.3
73765.43962641477	4300	24.209854322622473	0.0	2191074	2969.910989907761	4.3
73768.27312080658	4300	25.37635993081262	0.0	2286761	2833.4943918098547	4.3
73771.19787497255	4300	26.45160576483957	0.0	2307787	2924.754165973048	4.3
73775.04308345962	4300	26.606397277772135	0.0	2143948	3845.208487067435	4.3
73778.4946091284	4300	27.154871609000875	0.0	1919781	3451.525668771261	4.3
73782.34599769476	4300	27.30348304262835	0.0	2147467	3851.388566372525	4.3
73786.17350716528	4300	27.475973572110135	0.0	2133870	3827.5094705182155	4.3
73790.02253012586	4300	27.62695061154152	0.0	2146120	3849.022960568616	4.3
73793.8054689136	4300	27.844011823797924	0.0	2108491	3782.938787743594	4.3
73802.1073770965	4300	23.542103640892993	0.0	2184571	8301.908182904934	4.3
73833.46004144478	4300	4.0	7.81056070737429	2121928	31352.664348267284	-29.285411041709448
73835.56924587552	300	5.890795569256477	0.0	172312	2109.2044307435226	-3.7
73837.601157875	300	7.858883569781779	0.0	167025	2031.9119994746986	0.3
73842.30247118532	750	7.157570259451741	0.0	393804	4701.313310330038	0.3
73846.18987397294	750	7.270167471840943	0.0	331053	3887.4027876107975	0.75
73849.80136664624	750	7.658674798541022	0.0	314107	3611.4926732999206	0.75

