53306.1192149307	750	4.0	2.2294334545326486	450283	2229.4334545326487	-8.83656385449039
53306.589563317204	300	7.529651613500527	0.0	155580	470.3483864994732	-0.15000000000000002
53307.549746490906	750	10.56946843979791	0.0	350812	960.1831737026171	0.3
53310.201900087726	1850	11.917314842970999	0.0	933276	2652.1535968269127	0.75
53314.40655685142	1850	11.712658079286289	0.0	996749	4204.6567636847085	1.85
53316.8835816243	1850	13.235633306402114	0.0	801058	2477.024772884175	1.85
53320.230198470446	1850	13.889016460255835	0.0	905515	3346.6168461462803	1.85
53325.3518139441	1850	12.767400986597059	0.0	1060487	5121.615473658777	1.85
53328.768820917576	1850	13.350394013122683	0.0	852833	3417.0069734743756	1.85
53333.02982094957	1850	13.089393981129593	0.0	913888	4261.00003199309	1.85
53336.493168227185	1850	13.626046703508209	0.0	939819	3463.3472776213835	1.85
53339.97800922186	1850	14.141205708837767	0.0	917428	3484.840994670443	1.85
53344.04798559003	1850	14.071229340674908	0.0	946851	4069.9763681628597	1.85
53346.77318493751	1850	15.346029993183565	0.0	1036454	2725.199347491341	1.85
53349.10736690329	1850	17.011848027404675	0.0	821631	2334.181965778889	1.85
53352.08664705778	1850	18.03256787291633	0.0	923170	2979.280154488343	1.85
53354.56913343126	1850	19.55008149943703	0.0	966699	2482.486373479301	1.85
53357.53793546267	1850	20.58127946802139	0.0	885714	2968.8020314156433	1.85
53362.22927548504	1850	19.889939445649986	0.0	987708	4691.3400223714	1.85
53366.154247274455	1850	19.964967656230147	0.0	923755	3924.971789419839	1.85
53369.07856181555	1850	21.040653115135218	0.0	891604	2924.3145410949296	1.85
53371.92591119658	1850	22.193303734105328	0.0	955231	2847.3493810298896	1.85
53377.67255459038	1850	20.446660340304646	0.0	968026	5746.643393800683	1.85
53380.33578465348	1850	21.783430277211508	0.0	874175	2663.230063093139	1.85
53383.33760431904	1850	22.78161061165601	0.0	897976	3001.8196655554984	1.85
53387.1482315684	1850	22.970983362295264	0.0	905935	3810.627249360745	1.85
53391.992240479376	1850	22.126974451318926	0.0	1076599	4844.0089109763385	1.85
53395.78329124072	1850	22.33592368997881	0.0	758197	3791.0507613401155	1.85
53398.573964300755	1850	23.54525062994187	0.0	972798	2790.6730600369406	1.85
53401.542876392996	1850	24.576338537692106	0.0	975811	2968.9120922497586	1.85
53404.33112905244	1850	25.78808587824655	0.0	873429	2788.2526594455567	1.85
53408.05642726327	1850	26.062787667424736	0.0	954453	3725.2982108218157	1.85
53410.64796799736	1850	27.471246933326814	0.0	885062	2591.5407340979214	1.85
53413.202367399404	1850	28.91684753128617	0.0	1035329	2554.399402040642	1.85
53417.27341743568	1850	28.845797495005044	0.0	1026056	4071.0500362811254	1.85
53421.742145394164	1850	28.37706953652918	0.0	943942	4468.727958475865	1.85
53424.49091205215	1850	29.628302878543188	0.0	728962	2748.766657985992	1.85
53427.594649288716	1850	30.524565641978192	0.0	938587	3103.737236564996	1.85
53431.628772653516	1850	30.4904422771769	0.0	908665	4034.123364801292	1.85
53435.13499749667	1850	30.984217434021193	0.0	930577	3506.224843155704	1.85
53438.60571213073	1850	31.513502799959213	0.0	858450	3470.7146340619806	1.85
53441.91991923382	1850	32.199295696871324	0.0	1025005	3314.2071030878888	1.85
53444.890724891105	1850	33.2284900395852	0.0	886255	2970.805657286128	1.85
53452.675706908754	4300	29.44350802193143	0.0	2219102	7784.982017653773	1.8499999999999996
53459.219929593615	4300	26.899285337069237	0.0	2124950	6544.222684862195	4.3
53467.55789647374	4300	22.56131845693886	0.0	2246506	8337.966880130372	4.3
53475.294420122125	4300	18.824794808561055	0.0	1961140	7736.523648377804	4.3
53484.34629712473	4300	13.77291780596018	0.0	2155012	9051.877002600875	4.3

