27018.746861156134	750	4.0	1.747471047056205	450283	1747.471047056205	-6.764125502341681
27020.085623888524	750	6.661237267609129	0.0	398865	1338.762732390871	0.75
27020.795148024914	750	9.951713131223434	0.0	350812	709.5241363856958	0.75
27022.456094092973	1850	12.290767063164758	0.0	933276	1660.9460680586758	0.75
27029.615312865106	1850	9.131548291032493	0.0	996749	7159.218772132264	1.85
27030.210887615107	750	12.535973541031712	0.0	318564	595.5747500007815	-0.3500000000000001
27031.75640371155	1850	14.990457444589685	0.0	905515	1545.516096442026	0.75
27035.322445343132	1850	15.42441581300762	0.0	1060487	3566.0416315820653	1.85
27037.605551250457	1850	17.14130990568282	0.0	852833	2283.1059073247966	1.85
27039.4302053406	1850	19.316655815543893	0.0	913888	1824.6540901389267	1.85
27041.717616439644	1850	21.029244716496915	0.0	939819	2287.4110990469794	1.85
27043.82318783822	1850	22.923673317919395	0.0	917428	2105.571398577521	1.85
27046.72399182227	1850	24.022869333874397	0.0	946851	2900.803984044998	1.85
27053.317212224334	1850	21.4296489318084	0.0	1036454	6593.220402065996	1.85
27054.798592681673	1850	23.948268474471558	0.0	821631	1481.380457336842	1.85
27066.464658484496	2850	16.28220267164634	0.0	1471065	11666.06580282522	1.85
27068.480499705536	1850	18.266361450609423	0.0	966699	2015.8412210369163	0.8500000000000001
27071.747486154512	1850	18.999375001633165	0.0	885714	3266.9864489762585	1.85
27073.5521640082	1850	21.1946971479434	0.0	987708	1804.677853689765	1.85
27075.817672714755	1850	22.92918844138802	0.0	923755	2265.508706555379	1.85
27077.350889615907	1850	25.39597154023427	0.0	891604	1533.2169011537517	1.85
27079.657557516042	1850	27.089303640099185	0.0	955231	2306.667900135085	1.85
27082.4196856376	1850	28.327175518540702	0.0	968026	2762.128121558484	1.85
27089.09032761994	4300	25.656533536200964	0.0	2044075	6670.6419823397355	1.8499999999999996
27096.586170441777	4300	22.16069071436554	0.0	2186790	7495.842821835426	4.3
27102.566418423226	4300	20.180442732912777	0.0	2105231	5980.247981452765	4.3
27111.14371133184	4300	15.603149824299193	0.0	2395588	8577.292908613583	4.3
27115.92438572547	4300	14.822475430671686	0.0	1972048	4780.674393627507	4.3
27124.214441926895	4300	10.532419229245129	0.0	2134614	8290.056201426558	4.3
27125.930388864323	1850	12.816472291818625	0.0	975811	1715.9469374265025	-0.6000000000000001
27127.360488347993	1850	15.386372808151464	0.0	873429	1430.099483667161	1.85
27129.012192800277	1850	17.73466835586663	0.0	954453	1651.7044522848341	1.85
27131.465340312814	1850	19.281520843331858	0.0	885062	2453.1475125347715	1.85
27142.722029076496	1850	12.024832079647124	0.0	1035329	11256.688763684733	1.85
27144.529756725748	750	14.217104430396239	0.0	401088	1807.7276492508863	-0.3500000000000001
27148.03581444517	750	14.711046710970576	0.0	365161	3506.0577194256625	0.75
27149.41211040364	750	17.33475075250285	0.0	321064	1376.2959584677267	0.75
27153.000296081715	1850	17.74656507442861	0.0	938587	3588.1856780742364	0.75
27154.77937010493	1850	19.967491051212928	0.0	908665	1779.0740232156827	1.85
27163.93790387408	1850	14.808957282064545	0.0	930577	9158.533769148382	1.85
27165.74993173805	1850	16.996929418096876	0.0	858450	1812.0278639676712	1.85
27170.85372274247	1850	15.893138413673645	0.0	1025005	5103.791004423229	1.85
27178.527428489757	1850	12.219432666390265	0.0	886255	7673.705747283381	1.85
27181.641582656757	1850	13.105278499391536	0.0	973972	3114.1541669987287	1.85
27183.239551878232	1850	15.50730927791379	0.0	958994	1597.969221477745	1.85
27184.945660449335	1850	17.801200706812725	0.0	982064	1706.1085711010674	1.85
27187.057500355037	1850	19.689360801112677	0.0	830730	2111.839905700048	1.85
27188.74094237675	1850	22.005918779400528	0.0	846370	1683.4420217121497	1.85

