1303.6085818766387	750	4.0	8.874277407846808	450283	8874.277407846808	-37.409392853741274
1306.5746614539112	300	5.0339204227277365	0.0	155580	2966.0795772722627	-0.15000000000000002
1309.2490722486054	300	6.359509628033259	0.0	139857	2674.4107946944778	0.3
1312.2124063587391	300	7.39617551789968	0.0	155432	2963.334110133579	0.3
1315.324329602527	300	8.284252274111706	0.0	163442	3111.9232437879746	0.3
1317.7470478422376	300	9.861534034401354	0.0	126289	2422.7182397103534	0.3
1320.6707396329432	300	10.937842243695918	0.0	153295	2923.6917907054344	0.3
1323.97571744776	300	11.632864428879069	0.0	173849	3304.9778148168502	0.3
1326.851456315807	300	12.757125560832389	0.0	150710	2875.7388680466815	0.3
1332.2292197818824	300	11.37936209475675	0.0	139105	5377.7634660756385	0.3
1337.023738223522	300	10.584843653117158	0.0	141840	4794.518441639594	0.3
1342.096478192681	300	9.512103683958063	0.0	156148	5072.7399691590945	0.3
1346.324606843351	300	9.283975033288218	0.0	160746	4228.128650669846	0.3
1351.0444590295272	300	8.564122847111957	0.0	179801	4719.852186176259	0.3
1354.4527600991732	300	9.155821777465883	0.0	140051	3408.301069646075	0.3
1357.771057384325	300	9.837524492313985	0.0	138313	3318.2972851518975	0.3
1361.2110076789097	300	10.397574197729503	0.0	143509	3439.9502945844833	0.3
1364.8173528807376	300	10.791228995901488	0.0	150616	3606.345201828015	0.3
1368.6278233519768	300	10.980758524662509	0.0	165384	3810.4704712389776	0.3
1371.361656960034	300	12.246924916605048	0.0	140881	2733.833608057461	0.3
1382.4863249802431	300	5.1222568963958945	0.0	157671	11124.668020209154	0.3
1385.926440135926	300	5.682141740713106	0.0	157812	3440.115155682789	0.3
1389.141068168096	300	6.467513708543076	0.0	163927	3214.628032170029	0.3
1391.7373196463345	300	7.871262230304688	0.0	137654	2596.251478238388	0.3
1394.4988148880905	300	9.109766988548904	0.0	146754	2761.495241755785	0.3
1396.9933313643699	300	10.615250512269252	0.0	153938	2494.51647627965	0.3
1399.8888413104544	300	11.71974056618485	0.0	181901	2895.5099460844035	0.3
1401.689326673685	300	13.919255202954236	0.0	111155	1800.4853632306135	0.3
1407.9667578058525	750	11.64182407078668	0.0	400396	6277.431132167557	0.3
1411.7035779452804	300	11.90500393135883	0.0	149029	3736.820139427847	-0.15000000000000002
1416.541923939928	300	11.066657936711138	0.0	157421	4838.345994647692	0.3
1420.1727615644595	300	11.435820312179622	0.0	157488	3630.837624531517	0.3
1422.9218193846002	300	12.686762492038792	0.0	143881	2749.0578201408302	0.3
1426.0337797292955	300	13.574802147343537	0.0	163444	3111.960344695254	0.3
1433.5541440787556	750	10.054437797883597	0.0	401088	7520.364349459938	0.3
1436.6006213221024	300	11.00796055453666	0.0	159914	3046.477243346938	-0.15000000000000002
1439.12204652563	300	12.486535351009199	0.0	131610	2521.425203527462	0.3
1441.502506831949	300	14.106075044690195	0.0	124011	2380.4603063190034	0.3
1448.6006443061144	750	11.007937570524598	0.0	378327	7098.137474165595	0.3
1453.844735948813	300	9.76384592782609	0.0	149991	5244.09164269851	-0.15000000000000002
1458.8429386051337	300	8.765643271505393	0.0	147968	4998.202656320696	0.3
1464.1872908904083	300	7.4212909862305585	0.0	161857	5344.352285274834	0.3
1468.0145055107646	300	7.594076365874417	0.0	145210	3827.2146203561415	0.3
1472.5411004123748	300	7.067481464264284	0.0	172312	4526.594901610133	0.3
1476.6623796597733	300	6.946202216865758	0.0	167025	4121.279247398526	0.3
1480.4899291789836	300	7.118652697655319	0.0	160064	3827.549519210438	0.3
1483.7893557317254	300	7.81922614491348	0.0	137507	3299.426552741839	0.3
1486.6419252140226	300	8.966656662616279	0.0	118421	2852.5694822972014	0.3

