58165.720304683804	750	4.0	5.379805082393645	450283	5379.805082393645	-22.383161854292673
58167.63147235996	300	6.088832323852326	0.0	155580	1911.1676761476742	-0.15000000000000002
58169.35758122795	300	8.362723455855248	0.0	139857	1726.1088679970771	0.3
58179.88227773695	750	4.0	2.1619730531410095	382355	10524.696508996258	-8.99648412850634
58186.7582672467	300	4.0	2.875989509752076	163442	6875.989509752076	-12.516754891933925
58192.16937814833	300	4.0	1.4111109016323744	126289	5411.110901632374	-5.76777687701921
58198.56060402596	300	4.0	2.391225877630033	153295	6391.225877630033	-9.982271273809141
58204.20991913778	300	4.0	1.6493151118173683	173849	5649.315111817368	-6.792054980814684
58208.49783487616	300	4.0	0.28791573837896156	150710	4287.915738378962	-0.9380376750295347
58212.46173188888	300	4.036102987278845	0.0	139105	3963.897012721155	0.3
58216.501991780926	300	4.0	0.004156904776571082	141840	4040.259892055416	0.2821253094607443
58220.94173981833	300	4.0	0.4397480373989647	156148	4439.748037398965	-1.590916560815548
58225.50986683897	300	4.0	0.5681270206453756	160746	4568.1270206453755	-2.142946188775115
58230.61002115969	300	4.0	1.1001543207237454	179801	5100.1543207237455	-4.430663579112105
58234.60033107328	300	4.009690086419535	0.0	140051	3990.309913580465	0.3
58238.542114959695	300	4.067906199999197	0.0	138313	3941.783886420338	0.3
58242.62897435654	300	4.0	0.0189531968492297	143509	4086.8593968484265	0.2185012535483123
58248.52589302448	300	4.0	1.8969186679456833	150616	5896.918667945683	-7.856750272166438
58255.526246858666	300	4.0	3.0003538341799803	165384	7000.35383417998	-12.601521486973914
58261.50129334752	300	4.0	1.9750464888569021	140881	5975.046488856902	-8.192699902084678
58268.17890320935	300	4.0	2.677609861830599	157671	6677.609861830599	-11.213722405871573
58274.718170968255	300	4.0	2.539267758903042	157812	6539.267758903042	-10.61885136328308
58279.939371936394	300	4.0	1.2212009681364597	163927	5221.20096813646	-4.951164162986776
58284.1846309337	300	4.0	0.24525899729561115	137654	4245.258997295611	-0.7546136883711279
58288.705245945894	300	4.0	0.5206150121981209	146754	4520.615012198121	-1.9386445524519196
58293.44324091535	300	4.0	0.7379949694574207	153938	4737.994969457421	-2.873378368666909
58299.02736558203	300	4.0	1.584124666679275	181901	5584.124666679275	-6.511736066720882
58302.4707939157	300	4.55657166631995	0.0	111155	3443.42833368005	0.3
58307.19871267055	300	4.0	0.17134708852620223	153605	4727.918754846152	-0.43679248066266957
58311.78816668648	300	4.0	0.5894540159237477	149029	4589.454015923748	-2.2346522684721153
58316.63155341417	300	4.0	0.8433867276887868	157421	4843.386727688787	-3.326562929061783
58321.47696748834	300	4.0	0.8454140741721349	157488	4845.414074172135	-3.33528051894018
58325.91064867297	300	4.0	0.43368118463604244	143881	4433.681184636042	-1.5648290939349823
58330.936284771844	300	4.0	1.0256360988709647	163444	5025.636098870965	-4.110235225145148
58336.442553281784	300	4.0	1.5062685099381588	179328	5506.268509938159	-6.1769545927340825
58341.36137545399	300	4.0	0.9188221722109802	159914	4918.82217221098	-3.650935340507215
58345.37252952752	300	4.0	0.011154073528314257	131610	4011.1540735283143	0.2520374838282487
58349.11824314392	300	4.25428638359916	0.0	124011	3745.71361640084	0.3
58353.46233142658	300	4.0	0.08980189905549742	144254	4344.088282654658	-0.08614816593863889
58357.976003044714	300	4.0	0.5136716181433767	149991	4513.671618143377	-1.9087879580165195
58362.4298756237	300	4.0	0.45387257897766814	147968	4453.872578977668	-1.6516520896039728
58367.29430126989	300	4.0	0.864425646190989	161857	4864.425646190989	-3.4170302786212527
58371.666648515195	300	4.0	0.3723472453053846	145210	4372.347245305385	-1.3010931548131537
58376.840119615896	300	4.0	1.1734711007028535	172312	5173.471100702854	-4.74592573302227
58381.85730919407	300	4.0	1.017189578177341	167025	5017.189578177341	-4.073915186162567
58386.6687345055	300	4.0	0.8114253114286967	160064	4811.425311428697	-3.189128839143396
58390.813384272464	300	4.0	0.14464976695962742	137507	4144.649766959627	-0.3219939979263979
58394.39385981228	300	4.419524460186565	0.0	118421	3580.475539813435	0.3

