53843.4835495627	750	4.0	5.580368783853117	450283	5580.368783853117	-23.2455857705684
53845.040594101774	300	6.442955460931434	0.0	155580	1557.0445390685663	-0.15000000000000002
53846.54079205522	300	8.942757507483488	0.0	139857	1500.197953447946	0.3
53848.19482504836	300	11.288724514335346	0.0	155432	1654.0329931481417	0.3
53849.87671153713	300	13.606838025566706	0.0	163442	1681.8864887686418	0.3
53853.508738970835	750	13.974810591858638	0.0	318564	3632.027433708066	0.3
53857.38085775608	750	14.10269180662082	0.0	352642	3872.118785237819	0.75
53861.84984169117	750	13.6337078715345	0.0	437162	4468.983935086318	0.75
53865.69775653478	750	13.785793027923628	0.0	374758	3847.914843610873	0.75
53869.367686544254	750	14.115863018449222	0.0	362795	3669.9300094744076	0.75
53873.085800086665	750	14.39774947604461	0.0	353220	3718.1135424046106	0.75
53879.35707523818	750	12.126474324534009	0.0	405134	6271.275151510601	0.75
53883.34083576142	750	12.142713801286012	0.0	386351	3983.7605232479955	0.75
53894.934691292736	750	4.548858269973687	0.0	434409	11593.855531312325	0.75
53896.42316816611	300	7.060381396599052	0.0	140051	1488.4768733746346	-0.15000000000000002
53899.76269581937	300	7.720853743336682	0.0	138313	3339.52765326237	0.3
53902.891075546206	300	8.592474016502765	0.0	143509	3128.3797268339167	0.3
53904.8221852819	300	10.661364280812235	0.0	150616	1931.109735690529	0.3
53909.05941617209	300	10.424133390623465	0.0	165384	4237.230890188771	0.3
53912.184063700195	300	11.299485862515441	0.0	140881	3124.6475281080247	0.3
53914.38167983523	300	13.101869727480604	0.0	157671	2197.6161350348375	0.3
53916.70763666829	300	14.77591289442472	0.0	157812	2325.9568330558855	0.3
53924.18018578638	750	11.303363776328743	0.0	401853	7472.549118095976	0.3
53928.61718926066	750	10.866360302048191	0.0	343800	4437.003474280551	0.75
53934.4025769453	750	9.080972617416027	0.0	359903	5785.3876846321655	0.75
53936.069943380986	300	11.41360618172096	0.0	153938	1667.366435695066	-0.15000000000000002
53938.148912173194	300	13.334637389511368	0.0	181901	2078.968792209592	0.3
53939.36538763719	300	16.11816192551616	0.0	111155	1216.475463995209	0.3
53952.65424551969	750	6.829304043015339	0.0	400396	13288.857882500819	0.3
53955.896563259674	300	7.586986303032981	0.0	149029	3242.3177399823576	-0.15000000000000002
53957.634035670766	300	9.84951389194587	0.0	157421	1737.472411087112	0.3
53959.33728546881	300	12.146264093897058	0.0	157488	1703.249798048812	0.3
53962.375509231344	300	13.108040331372822	0.0	143881	3038.223762524236	0.3
53964.29240491731	300	15.191144645412168	0.0	163444	1916.8956859606553	0.3
53968.436553279294	750	15.046996283422738	0.0	401088	4144.14836198943	0.3
53973.89822105035	750	13.585328512369335	0.0	365161	5461.667771053403	0.75
53977.32085248966	750	14.162697073057977	0.0	321064	3422.631439311358	0.75
53990.12020765647	750	5.36334190624787	0.0	361565	12799.355166810108	0.75
53991.674395881855	300	7.809153680870357	0.0	144254	1554.1882253775125	-0.15000000000000002
53993.31840860829	300	10.165140954434872	0.0	149991	1644.0127264354844	0.3
53994.83087626491	300	12.652673297812573	0.0	147968	1512.4676566222997	0.3
54001.729459613445	300	9.754089949281294	0.0	161857	6898.58334853128	0.3
54003.42336514197	300	12.060184420751973	0.0	145210	1693.9055285293196	0.3
54005.44297383938	300	14.040575723344048	0.0	172312	2019.608697407924	0.3
54012.57642314268	750	10.907126420045389	0.0	398987	7133.44930329866	0.3
54021.922181340495	750	5.561368222230267	0.0	393804	9345.758197815121	0.75
54025.08477826414	300	6.39877129858292	0.0	137507	3162.596923647347	-0.15000000000000002
54026.438115740966	300	9.04543382175542	0.0	118421	1353.337476827501	0.3

