82284.98746248632	750	4.0	4.34703785049011	450283	4347.03785049011	-17.94226275710747
82289.28000353322	750	4.0	0.2925410469028539	398865	4292.541046902854	-0.5079265016822716
82290.69941786703	300	6.580585666177625	0.0	139857	1419.4143338223753	-0.15000000000000002
82292.28740933364	300	8.992594199568329	0.0	155432	1587.9914666092966	0.3
82296.02230773261	750	9.257695800608726	0.0	411561	3734.8983989596018	0.3
82300.52831879363	750	8.751684739596708	0.0	318564	4506.011061012016	0.75
82304.08018985388	750	9.19981367933963	0.0	352642	3551.8710602570786	0.75
82308.28081470217	750	8.99918883104229	0.0	437162	4200.624848297341	0.75
82311.95177408894	750	9.328229444267969	0.0	374758	3670.95938677432	0.75
82315.75064714052	750	9.529356392699784	0.0	362795	3798.8730515681855	0.75
82319.02412512174	750	10.255878411470924	0.0	353220	3273.4779812288602	0.75
82323.05169648567	750	10.22830704754412	0.0	405134	4027.571363926804	0.75
82326.42262408232	750	10.857379450898193	0.0	386351	3370.9275966459263	0.75
82330.30078606145	750	10.979217471754945	0.0	434409	3878.1619791432495	0.75
82333.34057552005	750	11.939428013159672	0.0	337059	3039.7894585952736	0.75
82336.65386627837	750	12.626137254853628	0.0	366214	3313.290758306045	0.75
82340.02093476531	750	13.259068767903218	0.0	360831	3367.0684869504094	0.75
82344.21388018581	750	13.066123347403488	0.0	372963	4192.945420499729	0.75
82349.11715497315	750	12.162848560067617	0.0	405596	4903.274787335871	0.75
82352.64921724175	750	12.630786291462547	0.0	350713	3532.062268605071	0.75
82356.60444843928	750	12.67555509394806	0.0	386472	3955.231197514487	0.75
82360.91262956061	750	12.367373972614455	0.0	399894	4308.181121333603	0.75
82364.56628964083	750	12.713713892389153	0.0	401853	3653.660080225304	0.75
82367.61346339423	750	13.666540138986916	0.0	343800	3047.173753402237	0.75
82371.06504576397	750	14.2149577692418	0.0	359903	3451.5823697451156	0.75
82374.6610861604	750	14.618917372819226	0.0	379700	3596.040396422573	0.75
82378.95854848853	750	14.321455044690454	0.0	425781	4297.462328128771	0.75
82381.57044311776	750	15.709560415459215	0.0	277716	2611.8946292312385	0.75
82385.56935202515	750	15.710651508062695	0.0	400396	3998.908907396521	0.75
82389.83040492538	750	15.449598607841304	0.0	400508	4261.052900221391	0.75
82393.9562027796	750	15.323800753605319	0.0	358218	4125.797854235985	0.75
82397.72020238462	750	15.559801148593749	0.0	400322	3763.99960501157	0.75
82402.98634007822	750	14.293663454989046	0.0	369834	5266.137693604704	0.75
82407.17357528259	750	14.106428250615625	0.0	412837	4187.235204373421	0.75
82412.59843611419	750	12.681567419016668	0.0	401088	5424.860831598956	0.75
82416.62889981891	750	12.65110371430048	0.0	365161	4030.4637047161896	0.75
82420.62084352884	750	12.659160004370753	0.0	321064	3991.9437099297265	0.75
82424.93895530964	750	12.341048223565766	0.0	361565	4318.111780804988	0.75
82428.29358105085	750	12.986422482361396	0.0	378327	3354.625741204369	0.75
82431.94797240065	750	13.332031132548936	0.0	390680	3654.3913498124607	0.75
82435.90937210947	750	13.370631423727716	0.0	345516	3961.3997088212222	0.75
82439.42837090658	750	13.851632626627524	0.0	384505	3518.9987971001915	0.75
82443.14327590517	750	14.136727628045813	0.0	372093	3714.9049985817096	0.75
82447.26745871842	750	14.012544814790669	0.0	438281	4124.182813255145	0.75
82453.1508209527	1200	12.12918258050949	0.0	630203	5883.36223428118	0.75
82459.52910473687	1200	9.750898796350429	0.0	638661	6378.283784159061	1.2
82464.6485509411	1200	8.63145259211676	0.0	538612	5119.446204233667	1.2
82472.98273752136	1850	4.297266011841055	0.0	846370	8334.186580275706	1.2000000000000002

