56112.046097875354	750	4.0	0.9988800543408289	450283	998.8800543408289	-3.545184233665564
56112.68492286167	300	7.361175013680315	0.0	155580	638.8249863196854	-0.15000000000000002
56113.5749156719	750	10.471182203456532	0.0	350812	889.9928102237826	0.3
56115.40135206694	1200	12.64474580841756	0.0	617681	1826.4363950389709	0.75
56117.45293012922	1850	14.593167746135881	0.0	996749	2051.57806228168	1.2000000000000002
56120.25805344019	2850	15.788044435169045	0.0	1224260	2805.123310966836	1.85
56125.2656352518	4300	14.780462623554094	0.0	2157535	5007.581811614951	2.8499999999999996
56138.13784858528	2850	5.908249290082734	0.0	1638769	12872.21333347136	1.4000000000000001
56138.47915883398	300	9.566939041379825	0.0	150710	341.3102487029091	-2.25
56139.53154470743	1200	12.514553167928732	0.0	560821	1052.385873451093	0.29999999999999993
56143.260276531095	1850	12.785821344266346	0.0	939819	3728.731823662387	1.2000000000000002
56145.72953838249	1850	14.316559492868304	0.0	917428	2469.261851398042	1.85
56148.92006792564	2850	15.12602994972224	0.0	1422919	3190.5295431460654	1.85
56155.34944931884	4300	12.696648556520191	0.0	2275376	6429.381393202047	2.8499999999999996
56159.34861922439	1850	12.697478650977676	0.0	821631	3999.169905542517	-0.6000000000000001
56161.654566387544	1850	14.391531487820831	0.0	923170	2305.9471631568435	1.85
56168.01187939851	2850	12.0342184768562	0.0	1491626	6357.313010964633	1.85
56170.02096724498	1850	14.02513063038712	0.0	885714	2009.0878464690811	0.8500000000000001
56173.944366773685	2850	14.101731101673902	0.0	1537156	3923.399528713217	1.85
56177.50571612608	2850	14.54038174928757	0.0	1336050	3561.3493523863317	2.85
56181.37109270905	2850	14.675005166315257	0.0	1415116	3865.3765829723143	2.85
56184.53520509147	2850	15.510892783891876	0.0	1468126	3164.112382423382	2.85
56195.8010517094	4300	8.245046165966151	0.0	2221506	11265.846617925725	2.8499999999999996
56197.07970413376	750	10.966393741610318	0.0	343800	1278.6524243558329	-2.8
56201.0357525761	1200	11.010345299269298	0.0	587236	3956.04844234102	0.75
56203.45472093074	1850	12.591376944623464	0.0	905935	2418.9683546458346	1.2000000000000002
56213.6367070496	1850	6.409390825760356	0.0	1076599	10181.986118863108	1.85
56215.681819520985	300	8.36427835437505	0.0	111155	2045.112471385306	-1.25
56219.358395843	750	8.687702032365248	0.0	400396	3676.5763220098015	0.3
56220.09536268909	750	11.950735186271002	0.0	400508	736.9668460942477	0.75
56221.62933867644	1850	14.416759198922547	0.0	873429	1533.975987348455	0.75
56233.72469413701	2850	6.321403738350646	0.0	1497683	12095.355460571902	1.85
56234.074313311125	300	9.971784564237502	0.0	143881	349.6191741131413	-2.25
56235.41007069069	1200	12.636027184671992	0.0	670129	1335.757379565511	0.29999999999999993
56237.60820858415	1850	14.437889291221742	0.0	1026056	2198.1378934502504	1.2000000000000002
56241.85748570684	2850	14.188612168529245	0.0	1439896	4249.277122692496	1.85
56247.35700334612	2850	12.689094529244409	0.0	1139291	5499.517639284837	2.85
56252.682674095384	1850	11.36342377998093	0.0	938587	5325.670749263479	0.8500000000000001
56256.72075515153	1850	11.325342723831964	0.0	908665	4038.081056148968	1.85
56260.54535789276	1850	11.500739982604497	0.0	930577	3824.602741227467	1.85
56270.420130478036	1850	5.6259673973227	0.0	858450	9874.772585281797	1.85
56270.77663958916	300	9.269458286199118	0.0	161857	356.50911112358204	-1.25
56271.88075873389	1200	12.165339141466225	0.0	599477	1104.1191447328918	0.29999999999999993
56281.85632021232	1850	6.189777663034445	0.0	973972	9975.56147843178	1.2000000000000002
56282.17005230066	300	9.876045574688614	0.0	167025	313.7320883458316	-1.25
56293.14955360092	1200	4.0	1.1034557255679083	638661	10979.501300256523	-4.444859619942005
56293.45207943632	300	7.69747416459912	0.0	137507	302.5258354008808	-0.6000000000000001
56294.04039481357	750	11.109158787343675	0.0	314107	588.3153772554449	0.3

