71040.51547925359	750	4.0	9.00359199983513	450283	9003.591999835131	-37.96544559929106
71043.69582538468	300	4.819653868912581	0.0	155580	3180.346131087419	-0.15000000000000002
71046.56284883792	300	5.952630415669921	0.0	139857	2867.0234532426607	0.3
71049.72641956285	300	6.7890596907353755	0.0	155432	3163.5707249345455	0.3
71053.04449501276	300	7.470984240825538	0.0	163442	3318.0754499098375	0.3
71055.57340764721	300	8.942071606379779	0.0	126289	2528.9126344457595	0.3
71057.72895154536	300	10.786527708235782	0.0	153295	2155.543898143996	0.3
71059.5335568558	300	12.98192239780225	0.0	173849	1804.6053104335317	0.3
71061.1086201943	300	15.40685905929908	0.0	150710	1575.0633385031697	0.3
71064.7875950725	750	15.727884181107472	0.0	362795	3678.974878191609	0.3
71068.37158467123	750	16.143894582367576	0.0	353220	3583.9895987398954	0.75
71072.47056808694	750	16.044911166660963	0.0	405134	4098.98341570661	0.75
71076.38322163277	750	16.1322576208177	0.0	386351	3912.6535458432627	0.75
71080.77261696033	750	15.742862293262638	0.0	434409	4389.395327555062	0.75
71083.80045918805	750	16.7150200655527	0.0	337059	3027.842227709936	0.75
71086.54392106339	750	17.971558190197577	0.0	366214	2743.461875355123	0.75
71089.08502295446	750	19.43045629912061	0.0	360831	2541.101891076968	0.75
71091.15937015638	750	21.35610909720973	0.0	372963	2074.3472019108817	0.75
71095.81467856579	1850	20.70080068779873	0.0	987708	4655.308409411001	0.75
71100.34453405699	1850	20.170945196587244	0.0	923755	4529.855491211486	1.85
71104.75541219676	1850	19.760067056816382	0.0	891604	4410.878139770863	1.85
71109.47535218843	1850	19.040127065148038	0.0	955231	4719.939991668343	1.85
71114.25744262559	1850	18.258036627992272	0.0	968026	4782.090437155766	1.85
71118.48226386176	1850	18.033215391814664	0.0	874175	4224.821236177606	1.85
71122.49348421098	1850	18.021995042599507	0.0	897976	4011.220349215158	1.85
71126.0485478602	1850	18.4669313933759	0.0	905935	3555.0636492236054	1.85
71130.1915227265	1850	18.32395652709093	0.0	1076599	4142.974866284968	1.85
71132.96787784273	1850	19.54760141084816	0.0	758197	2776.3551162427752	1.85
71136.21446513254	1850	20.30101412104799	0.0	972798	3246.587289800164	1.85
71139.52685809878	1850	20.98862115481355	0.0	975811	3312.3929662344412	1.85
71142.19215910854	1850	22.323320145056403	0.0	873429	2665.3010097571446	1.85
71145.21907643914	1850	23.296402814441965	0.0	954453	3026.9173306144407	1.85
71148.03174588067	1850	24.483733372920717	0.0	885062	2812.6694415212464	1.85
71151.30837156363	1850	25.207107689950764	0.0	1035329	3276.625682969951	1.85
71154.5563664346	1850	25.95911281898181	0.0	1026056	3247.994870968954	1.85
71157.55083057155	1850	26.964648682041748	0.0	943942	2994.464136940065	1.85
71159.8815341171	1850	28.63394513649329	0.0	728962	2330.7035455484593	1.85
71162.8594644464	1850	29.65601480719534	0.0	938587	2977.93032929795	1.85
71168.85399167686	4300	27.661487576719168	0.0	2133870	5994.527230476174	1.8499999999999996
71174.68740748853	4300	25.82807176505646	0.0	2146120	5833.415811662706	4.3
71180.4199457707	4300	24.095533482878153	0.0	2108491	5732.538282178309	4.3
71186.35644276672	4300	22.159036486857516	0.0	2184571	5936.496996020637	4.3
71192.12500356778	4300	20.39047568577937	0.0	2121928	5768.5608010781425	4.3
71198.15407283441	4300	18.36140641915293	0.0	2219102	6029.0692666264395	4.3
71203.93073515013	4300	16.58474410344241	0.0	2124950	5776.662315710522	4.3
71210.03327030259	4300	14.482208950983491	0.0	2246506	6102.535152458921	4.3
71215.37752650415	4300	13.137952749434527	0.0	1961140	5344.256201548965	4.3
71221.3565604469	4300	11.158918806671194	0.0	2155012	5979.0339427633335	4.3

