54664.60076119328	750	4.0	2.4928519977445376	450283	2492.8519977445376	-9.96926359030151
54665.309799606606	300	7.290961586678439	0.0	155580	709.0384133215604	-0.15000000000000002
54666.24351516332	300	10.357246029967097	0.0	139857	933.7155567113432	0.3
54667.52819901586	300	13.072562177419417	0.0	155432	1284.6838525476792	0.3
54668.19868673421	300	16.40207445906966	0.0	163442	670.4877183497583	0.3
54668.64404563251	300	19.956715560777653	0.0	126289	445.3588982920063	0.3
54669.1675339198	300	23.43322727348681	0.0	153295	523.4882872908418	0.3
54669.750485713776	300	26.850275479512934	0.0	173849	582.9517939738774	0.3
54670.29865507995	300	30.30210611334173	0.0	150710	548.1693661712038	0.3
54670.87380926846	300	33.726951924830686	0.0	139105	575.1541885110338	0.3
54671.458698884926	300	37.14206230836539	0.0	141840	584.8896164652962	0.3
54672.0945188499	300	40.50624234339202	0.0	156148	635.8199649733718	0.3
54672.811898521686	300	43.788862671613224	0.0	160746	717.3796717788009	0.3
54673.716700471974	300	46.88406072132068	0.0	179801	904.8019502925412	0.3
54674.439157065324	300	50.161604127973476	0.0	140051	722.4565933472041	0.3
54676.845994143376	300	51.75476704992638	0.0	138313	2406.8370780471	0.3
54678.775512367654	300	53.82524882565141	0.0	143509	1929.5182242749754	0.3
54679.6486356242	300	56.952125569104666	0.0	150616	873.1232565467351	0.3
54680.772141077556	300	59.50123604434817	0.0	165384	950.8895247565016	0.3
54683.85207585244	300	59.763076699404785	0.0	140881	1238.159344943378	0.3
54686.83083380452	300	59.65608532963547	0.0	157671	1106.99136976932	0.3
54689.16228179406	300	59.51224467272184	0.0	157812	1143.840656913626	0.3
54691.510932723046	300	59.64222283833914	0.0	163927	1870.0218343827103	0.3
54693.59458587042	300	59.76921087675085	0.0	137654	873.0119615882851	0.3
54694.25538646406	300	59.78213116997755	0.0	146754	487.0797067732923	0.3
54695.67553992426	300	59.85941485661019	0.0	153938	422.71631336736914	0.3
54696.92781826244	300	59.823494266687526	0.0	181901	535.9205899226595	0.3
54699.73967679876	750	59.865743748655404	0.0	277716	1957.7505180321227	0.3
54701.863145565614	750	59.68856343637446	0.0	400396	1177.1803122809415	0.75
54704.016637258064	750	59.6679618431824	0.0	400508	1520.601593192062	0.75
54705.98873316394	750	59.54085892077898	0.0	358218	1127.1029224034182	0.75
54708.06375873816	750	59.92084259205232	0.0	400322	1620.0163287266616	0.75
54708.966753765744	750	59.787849742954684	0.0	369834	632.9928490976322	0.75
54709.86937584658	750	59.93703986998548	0.0	412837	850.8098729692027	0.75
54711.42147985072	1200	59.89689397184723	0.0	690253	1540.1458981382639	0.75
54712.60405838844	1200	59.77208371973158	0.0	598727	1124.8102521156366	1.2
54715.780981215685	1850	59.920006510915684	0.0	728962	1352.0772088159022	1.2000000000000002
54720.60323834911	2850	59.09774937749079	0.0	1499009	4822.257133424895	1.85
54723.7904123335	2850	59.91057539310045	0.0	1427478	3187.173984390341	2.85
54727.842457670384	2850	59.85853005621934	0.0	1402287	3052.0453368811136	2.85
54731.76143052597	2850	59.9395572006254	0.0	1339500	2918.9728555939346	2.85
54735.844538024336	2850	59.85644970226374	0.0	1527299	3583.107498361664	2.85
54743.57493974578	2850	56.12604798082652	0.0	1343002	7730.401721437211	2.85
54750.526646206796	2850	53.17434151980808	0.0	1587250	6951.706461018439	2.85
54756.275906533956	2850	51.42508119264999	0.0	1464921	5749.260327158097	2.85
54763.10367152191	2850	48.59731620469735	0.0	1483527	6827.764987952636	2.85
54769.27965127052	2850	46.42133645608836	0.0	1231456	6175.979748608991	2.85
54775.305039022634	2850	44.39594870396902	0.0	1364537	6025.3877521193435	2.85

