82097.85814503294	750	4.0	2.678417773769495	450283	2678.4177737694954	-10.767196427208829
82098.64217256775	300	7.215972465183546	0.0	155580	784.0275348164537	-0.15000000000000002
82100.28837609089	300	9.569768942047634	0.0	139857	1646.2035231359107	0.3
82101.7806694513	300	12.077475581630162	0.0	155432	1492.293360417473	0.3
82102.50883026807	300	15.349314764853208	0.0	163442	728.160816776953	0.3
82105.29142085546	1200	16.56672417746323	0.0	520315	2782.590587389983	0.29999999999999993
82112.94536301165	1200	12.912782021280734	0.0	561791	7653.942156182495	1.2
82114.03065495583	300	15.827490077088923	0.0	173849	1085.2919441918089	-0.6000000000000001
82120.41637459672	1200	13.44177043619664	0.0	584846	6385.719640892284	0.29999999999999993
82121.15631006083	300	16.701834972101903	0.0	139105	739.9354640947346	-0.6000000000000001
82124.11897679749	1200	17.73916823543836	0.0	607410	2962.6667366635447	0.29999999999999993
82126.43512852567	1200	19.42301650725153	0.0	594078	2316.15172818683	1.2
82129.63112449499	1850	20.22702053794197	0.0	946851	3195.995969309559	1.2000000000000002
82134.21710730578	2850	19.64103772714079	0.0	1578343	4585.982810801177	1.85
82145.75909853958	2850	12.099046493342666	0.0	1231445	11541.991233798126	2.85
82146.44471567983	300	15.413429353098609	0.0	138313	685.6171402440576	-2.25
82149.73823891666	1200	16.119906116264218	0.0	617242	3293.5232368343914	0.29999999999999993
82152.35751073921	1200	17.500634293721188	0.0	581493	2619.2718225430303	1.2
82156.29363477293	1850	17.564510260006486	0.0	987708	3936.124033714701	1.2000000000000002
82159.60280903085	1850	18.255336002079254	0.0	923755	3309.1742579272327	1.85
82170.2329105478	1850	11.625234485139744	0.0	891604	10630.101516939509	1.85
82171.13122630797	300	14.726918724963477	0.0	157812	898.3157601762667	-1.25
82174.82338451552	1200	15.034760517408914	0.0	656471	3692.1582075545634	0.29999999999999993
82177.51476510266	1200	16.34337993025812	0.0	536667	2691.3805871507943	1.2
82184.9783003022	1200	12.879844730718208	0.0	587236	7463.535199539912	1.2
82186.54104215508	300	15.317102877849072	0.0	153938	1562.741852869136	-0.6000000000000001
82188.95359783394	750	16.90454719896799	0.0	425781	2412.555678881082	0.3
82191.1558013314	1200	18.702343701517208	0.0	487160	2202.2034974507824	0.75
82194.18436992442	1850	19.67377510848756	0.0	972798	3028.5685930296495	1.2000000000000002
82199.62369593195	2850	18.23444910096456	0.0	1561263	5439.326007523	1.85
82202.17241693703	1850	19.685728095898412	0.0	873429	2548.7210050661497	0.8500000000000001
82210.45157105186	2850	15.406573981061491	0.0	1497683	8279.15411483692	1.85
82212.3254818601	1200	17.53266317282631	0.0	584349	1873.9108082351809	-0.44999999999999996
82223.66030538171	1850	10.197839651205216	0.0	1035329	11334.823521621092	1.2000000000000002
82224.87805689304	300	12.98008813988445	0.0	179328	1217.7515113207676	-1.25
82227.23675335578	750	14.621391677134017	0.0	365161	2358.6964627504317	0.3
82229.04007163855	750	16.81807339436866	0.0	321064	1803.318282765356	0.75
82231.62828718401	1200	18.229857848909408	0.0	575591	2588.215545459256	0.75
82235.50930303555	1850	18.34884199737939	0.0	908665	3881.0158515300136	1.2000000000000002
82239.47577030628	1850	18.382374726652678	0.0	930577	3966.467270726716	1.85
82242.7181586701	1850	19.139986362835312	0.0	858450	3242.388363817363	1.85
82254.12909078969	1850	11.729054243243285	0.0	1025005	11410.932119592027	1.85
82254.76529094217	300	15.0928540907632	0.0	145210	636.2001524800828	-1.25
82259.23917740848	1200	14.61896762445987	0.0	634861	4473.88646630333	0.29999999999999993
82262.41780856083	750	15.440336472110303	0.0	398987	3178.631152349568	0.3
82265.61648234395	750	16.241662689002574	0.0	393804	3198.673783107728	0.75
82266.81507408332	750	19.04307094962043	0.0	331053	1198.591739382144	0.75
82272.51744518116	1850	17.340699851791634	0.0	846370	5702.371097828796	0.75

