16861.70204927589	750	4.0	5.52878823926276	450283	5528.788239262761	-23.02378942882987
16863.369975808517	300	6.332073467373534	0.0	155580	1667.9265326264656	-0.15000000000000002
16867.63949745254	300	6.062551823350234	0.0	139857	4269.5216440233	0.3
16868.66037185243	300	9.041677423458301	0.0	155432	1020.8743998919333	0.3
16869.59958118607	300	12.102468089817085	0.0	163442	939.2093336412164	0.3
16870.827185162096	750	14.874864113789274	0.0	318564	1227.6039760278102	0.3
16873.74923577436	1850	15.952813501527595	0.0	905515	2922.05061226168	0.75
16876.857812618	1850	16.844236657889642	0.0	1060487	3108.5768436379503	1.85
16879.821030185547	2850	17.881019090340246	0.0	1348011	2963.2175675493945	1.85
16882.959108766114	2850	18.742940509774314	0.0	1429765	3138.0785805659307	2.85
16885.93630811366	2850	19.7657411622253	0.0	1354548	2977.1993475490167	2.85
16890.513175380565	4300	19.188873895319198	0.0	2102452	4576.867266906101	2.8499999999999996
16913.89348486441	4300	4.0	4.191435588523949	2209463	23380.309483843146	-13.72317303065298
16915.553300853677	300	6.340184010731996	0.0	179801	1659.815989268004	-3.7
16916.852382223828	300	9.0411026405847	0.0	140051	1299.0813701472955	0.3
16918.32584650329	300	11.567638361122135	0.0	138313	1473.4642794625643	0.3
16919.678998446972	300	14.214486417438785	0.0	143509	1353.1519436833519	0.3
16923.47665123652	750	14.416833627890906	0.0	372963	3797.6527895478775	0.3
16924.84530497053	300	17.048179893876576	0.0	165384	1368.6537340143313	-0.15000000000000002
16927.643365218068	750	18.25011964633889	0.0	350713	2798.0602475376836	0.3
16930.126289225766	750	19.767195638642757	0.0	386472	2482.924007696132	0.75
16938.96276956521	1200	14.930715299198173	0.0	616206	8836.480339444586	0.75
16940.981066868513	300	16.912417995894923	0.0	163927	2018.297303303246	-0.6000000000000001
16942.342320718722	300	19.55116414568603	0.0	137654	1361.2538502088928	0.3
16945.130203057553	750	20.76328180685774	0.0	359903	2787.8823388282894	0.3
16955.085263264504	1200	14.80822159990917	0.0	590335	9955.060206948569	0.75
16957.681086478555	300	16.21239838586024	0.0	181901	2595.8232140489326	-0.6000000000000001
16959.010770540677	300	18.88271432373777	0.0	111155	1329.684062122469	0.3
16964.216179056548	750	17.677305807867658	0.0	400396	5205.408515870108	0.3
16966.548664506747	300	19.344820357667473	0.0	149029	2332.4854502001863	-0.15000000000000002
16968.414821575323	300	21.4786632890962	0.0	157421	1866.1570685712718	0.3
16973.068367795317	750	20.825117069099687	0.0	400322	4653.5462199965095	0.3
16977.636373252815	750	20.257111611599747	0.0	369834	4568.005457499941	0.75
16983.104566029295	750	18.78891883512077	0.0	412837	5468.192776478975	0.75
16984.916982973755	300	20.9765018906614	0.0	179328	1812.4169444593713	-0.15000000000000002
16991.77902419873	750	18.114460665685986	0.0	365161	6862.041224975413	0.3
16993.05507820201	300	20.838406662407312	0.0	131610	1276.0540032786748	-0.15000000000000002
16996.930273527178	750	20.963211337238164	0.0	361565	3875.1953251691484	0.3
17001.735020493394	750	20.158464371026977	0.0	378327	4804.746966211188	0.75
17008.531670888726	750	17.36181397569418	0.0	390680	6796.650395332798	0.75
17009.389533902395	300	20.50395096202435	0.0	147968	857.8630136698249	-0.15000000000000002
17011.925543052563	1200	21.967941811859756	0.0	641452	2536.0091501645943	0.29999999999999993
17014.787144202593	1850	23.106340661829137	0.0	886255	2861.601150030618	1.2000000000000002
17018.858066185738	2850	23.03541867868491	0.0	1587250	4070.921983144228	1.85
17023.48305370451	4300	22.41043115991534	0.0	2124950	4624.98751876957	2.8499999999999996
17028.368033459723	4300	21.52545140470183	0.0	2246506	4884.9797552135105	4.3
17032.64265301433	4300	21.250831850095956	0.0	1961140	4274.619554605874	4.3
17060.88461069183	4300	4.0	6.991125827407791	2155012	28241.95767750375	-25.761841057853502

