92202.0956240242	750	4.0	2.62981700306393	450283	2629.81700306393	-10.558213113174899
92203.0287628432	300	7.066861181001333	0.0	155580	933.1388189986661	-0.15000000000000002
92205.03247627275	750	9.063147751443806	0.0	350812	2003.7134295575272	0.3
92208.49959311847	1200	9.596030905718681	0.0	617681	3467.116845725126	0.75
92212.15969437387	1200	9.935929650319945	0.0	652874	3660.1012553987352	1.2
92216.85343763881	1200	9.24218638536932	0.0	520315	4693.743264950625	1.2
92220.62547077745	1200	9.470153246738048	0.0	561791	3772.0331386312714	1.2
92225.36845583949	1200	8.727168184703235	0.0	709534	4742.985062034815	1.2
92227.91132718304	750	10.184296841148107	0.0	374758	2542.8713435551267	0.3
92231.66347018017	1200	10.432153844016819	0.0	560821	3752.1429971312873	0.75
92235.70671841121	1200	10.388905612980347	0.0	607410	4043.2482310364726	1.2
92244.58112959158	1200	5.514494432605016	0.0	594078	8874.411180375331	1.2
92246.38842167311	300	7.707202351091573	0.0	160746	1807.2920815134416	-0.6000000000000001
92250.46605307741	750	7.629570946788505	0.0	434409	4077.6314043030684	0.3
92252.71684728801	750	9.378776736191345	0.0	337059	2250.79421059716	0.75
92256.58300287902	1200	9.512621145184974	0.0	587876	3866.1555910063703	0.75
92260.6382872065	1200	9.457336817701023	0.0	617242	4055.2843274839497	1.2
92264.83267922018	1200	9.262944804012328	0.0	581493	4194.392013688695	1.2
92271.79296212445	1200	6.302661899743378	0.0	639204	6960.28290426895	1.2
92272.65099449122	300	9.444629532973417	0.0	140881	858.0323667699616	-0.6000000000000001
92276.05416539656	1200	10.041458627631863	0.0	601738	3403.170905341552	0.29999999999999993
92279.53723758228	1200	10.558386441901702	0.0	616206	3483.0721857301623	1.2
92283.24267810192	1200	10.85294592227277	0.0	656471	3705.440519628931	1.2
92286.05752355282	1200	12.038100471371775	0.0	536667	2814.845450900995	1.2
92290.27845454475	1850	11.817169479433204	0.0	897976	4220.930991938572	1.2000000000000002
92294.53608770888	1850	11.559536315315375	0.0	905935	4257.633164117828	1.85
92299.58072169128	1850	10.514902332903736	0.0	1076599	5044.63398241164	1.85
92301.90721373787	1200	12.188410286309178	0.0	487160	2326.4920465945584	0.5499999999999999
92306.4731792727	1850	11.622444751488805	0.0	972798	4565.965534820373	1.2000000000000002
92311.0530389707	1850	11.042585053485105	0.0	975811	4579.8596980037	1.85
92315.16077380478	1850	10.934850219416138	0.0	873429	4107.734834068968	1.85
92318.10114991557	1200	11.994474108615142	0.0	620283	2940.3761108009944	0.5499999999999999
92323.00747036826	1850	11.08815365592857	0.0	885062	4906.320452686571	1.2000000000000002
92331.3355529797	1850	6.760071044508668	0.0	1035329	8328.082611419903	1.85
92332.36897057669	300	9.72665344750947	0.0	179328	1033.4175969991973	-1.25
92335.69557218248	1200	10.400051841728553	0.0	598727	3326.601605780918	0.29999999999999993
92338.44146133053	1200	11.65416269367768	0.0	487812	2745.8891480508737	1.2
92343.48334303367	1850	10.61228099054608	0.0	938587	5041.8817031315975	1.2000000000000002
92346.7124563708	1200	11.3831676534184	0.0	605884	3229.1133371276815	0.5499999999999999
92351.09809749972	1850	10.997526524487782	0.0	930577	4385.641128930619	1.2000000000000002
92353.00686028412	1200	13.088763740102621	0.0	566904	1908.7627843851606	0.5499999999999999
92358.05748900665	2850	12.038135017563079	0.0	1527299	5050.628722539543	1.2000000000000002
92360.73049312012	1850	13.365130904091313	0.0	886255	2673.004113471765	0.8500000000000001
92365.48992119002	2850	12.60570283418365	0.0	1587250	4759.4280699076635	1.85
92369.1148031162	1850	12.980820908011069	0.0	958994	3624.88192617258	0.8500000000000001
92372.08977310284	1850	14.005850921380015	0.0	982064	2974.9699866310525	1.85
92376.59790069699	2850	13.497723327217177	0.0	1231456	4508.12759416284	1.85
92381.00149594931	2850	13.094128074896027	0.0	1364537	4403.59525232115	2.85

