40774.47206723927	750	4.0	3.36936317338222	450283	3369.36317338222	-13.738261645543545
40776.2543837225	750	6.217683516767946	0.0	398865	1782.316483232054	0.75
40777.660399619264	750	8.811667619996955	0.0	350812	1406.0158967709901	0.75
40779.50773624907	1200	10.964330990198352	0.0	617681	1847.3366297986033	0.75
40785.41233460322	1200	9.05973263604508	0.0	652874	5904.598354153271	1.2
40789.18478189359	1200	9.287285345669913	0.0	520315	3772.4472903751684	1.2
40790.420630577806	750	12.051436661461947	0.0	352642	1235.8486842079656	0.3
40792.65663781063	1200	13.815429428630614	0.0	709534	2236.0072328313327	0.75
40794.16353764957	1200	16.308529589692736	0.0	584846	1506.8998389378771	1.2
40795.41624664052	1200	19.05582059874903	0.0	560821	1252.7089909437084	1.2
40798.2674296029	1200	20.204637636370094	0.0	607410	2851.1829623789336	1.2
40804.49891661177	2850	17.9731506275028	0.0	1519951	6231.487008867296	1.2000000000000002
40824.179858209536	2850	4.0	1.7077909702663019	1422919	19680.941597769102	-4.493501172145098
40826.94975060139	300	5.230107608144203	0.0	179801	2769.892391855797	-2.25
40828.7175294602	300	7.462328749332429	0.0	140051	1767.7788588117726	0.3
40829.94678657177	300	10.233071637764999	0.0	138313	1229.257111567431	0.3
40831.09164105959	300	13.088217149932625	0.0	143509	1144.8544878323728	0.3
40832.25920246051	300	15.92065574901366	0.0	150616	1167.561400918965	0.3
40833.34558116995	300	18.834277039572775	0.0	165384	1086.3787094408856	0.3
40835.51497436536	750	20.664883844164503	0.0	350713	2169.3931954082727	0.3
40838.35956819525	750	21.820290014274217	0.0	386472	2844.5938298902834	0.75
40846.43061726562	750	17.749240943908077	0.0	399894	8071.049070366141	0.75
40856.042834819826	750	12.13702338970281	0.0	401853	9612.217554205266	0.75
40857.09116891634	300	15.088689293188116	0.0	137654	1048.334096514695	-0.15000000000000002
40858.03791751829	300	18.14194069123433	0.0	146754	946.7486019537856	0.3
40859.01894881578	300	21.160909393743996	0.0	153938	981.0312974903311	0.3
40860.127549220786	300	24.05230898873835	0.0	181901	1108.6004050056488	0.3
40860.83610034485	300	27.343757864674146	0.0	111155	708.5511240642047	0.3
40862.54506499106	750	29.634793218459585	0.0	400396	1708.9646462145597	0.3
40871.90025714744	1850	24.279601062083056	0.0	975811	9355.19215637653	0.75
40875.59737434972	1850	24.582483859800057	0.0	873429	3697.1172022829996	1.85
40880.446271146815	1850	23.733587062705755	0.0	954453	4848.896797094301	1.85
40883.3553009732	1850	24.824557236318228	0.0	885062	2909.029826387527	1.85
40894.235276508756	1850	17.944581700765035	0.0	1035329	10879.975535553194	1.85
40904.759141578696	1850	11.420716630823813	0.0	1026056	10523.86506994122	1.85
40909.251286630126	1200	10.928571579399817	0.0	598727	4492.145051423996	0.5499999999999999
40911.3043538352	750	12.875504374322569	0.0	321064	2053.0672050772473	0.3
40919.2450628638	750	8.934795345723995	0.0	361565	7940.709028598574	0.75
40922.24622138939	300	9.933636820138624	0.0	144254	3001.158525585371	-0.15000000000000002
40923.13369938034	300	13.046158829187698	0.0	149991	887.477990950926	0.3
40924.01028653134	300	16.169571678191794	0.0	147968	876.5871509959039	0.3
40924.86482992619	300	19.315028283337234	0.0	161857	854.543394854563	0.3
40925.637522761535	300	22.542335447989675	0.0	145210	772.6928353475606	0.3
40928.01583175403	750	24.164026455491754	0.0	438281	2378.308992497919	0.3
40936.00569665102	1200	20.174161558510132	0.0	630203	7989.864896981626	0.75
40941.259630913366	1200	18.92022729615958	0.0	638661	5253.934262350553	1.2
40948.19058243643	1200	15.98927577309808	0.0	538612	6930.9515230615	1.2
40955.522420134075	1850	12.657438075447114	0.0	846370	7331.837697650966	1.2000000000000002

