13892.360248262727	750	4.0	3.2899366181880025	450283	3289.9366181880027	-13.39672745820841
13893.256286765707	300	7.1039614970186475	0.0	155580	896.0385029813526	-0.15000000000000002
13894.069855970693	300	10.29039229203431	0.0	139857	813.5692049843362	0.3
13894.965118193313	300	13.395130069413167	0.0	155432	895.2622226211442	0.3
13895.902393967861	300	16.457854294864518	0.0	163442	937.2757745486454	0.3
13896.64479714631	300	19.715451116416055	0.0	126289	742.4031784484641	0.3
13897.528850509945	300	22.83139775277981	0.0	153295	884.0533636362414	0.3
13898.520712431175	300	25.83953583155083	0.0	173849	991.861921228983	0.3
13899.391207114193	300	28.96904114853039	0.0	150710	870.4946830204375	0.3
13900.200831975726	300	32.159416286997924	0.0	139105	809.624861532466	0.3
13901.02480228851	300	35.33544597421431	0.0	141840	823.9703127836165	0.3
13901.923820029631	300	38.43642823309378	0.0	156148	899.0177411205312	0.3
13902.846954913293	300	41.513293349431095	0.0	160746	923.1348836626848	0.3
13909.036427917714	300	39.32382034501172	0.0	179801	6189.47300441937	0.3
13918.154824115098	300	34.20542414762666	0.0	140051	9118.396197385058	0.3
13922.222366019721	300	34.13788224300118	0.0	138313	4067.541904625478	0.3
13926.502037224236	300	33.85821103848651	0.0	143509	4279.671204514667	0.3
13930.303791535218	300	34.05645672750623	0.0	150616	3801.754310980284	0.3
13934.04767080293	300	34.31257745979549	0.0	165384	3743.879267710734	0.3
13940.089380424093	300	32.27086783863077	0.0	140881	6041.709621164727	0.3
13943.281150791085	300	33.07909747164021	0.0	157671	3191.770366990556	0.3
13946.665919056726	300	33.694329205997256	0.0	157812	3384.7682656429574	0.3
13950.035120240207	300	34.32512802251643	0.0	163927	3369.2011834808304	0.3
13952.766391745801	300	35.59385651692231	0.0	137654	2731.271505594124	0.3
13955.672932918103	300	36.687315344621034	0.0	146754	2906.541172301278	0.3
13958.395949739292	300	37.964298523432376	0.0	153938	2723.016821188659	0.3
13962.74662810321	300	37.61362015951417	0.0	181901	4350.678363918211	0.3
13964.16881445692	300	40.191433805804955	0.0	111155	1422.1863537092117	0.3
13966.777380907155	300	41.58286735556934	0.0	153605	2608.566450235615	0.3
13970.544148669209	300	41.816099593515055	0.0	149029	3766.7677620542845	0.3
13973.66623323088	300	42.694015031843165	0.0	157421	3122.0845616718957	0.3
13975.398575772115	300	44.961672490610304	0.0	157488	1732.3425412328581	0.3
13976.988155531684	300	47.37209273104053	0.0	143881	1589.579759569776	0.3
13978.782987609742	300	49.57726065298212	0.0	163444	1794.8320780584127	0.3
13980.74447244182	300	51.615775820904716	0.0	179328	1961.4848320774026	0.3
13982.512366617148	300	53.84788164557792	0.0	159914	1767.894175326792	0.3
13983.986160522356	300	56.374087740368296	0.0	131610	1473.7939052096237	0.3
13985.37947847676	300	58.98076978596551	0.0	124011	1393.317954402786	0.3
13987.812041611014	300	59.8730716930994	0.0	144254	1607.6980928661126	0.3
13990.39081607519	300	59.70461685200604	0.0	149991	1668.4548410933567	0.3
13993.013197032737	300	59.557586257324346	0.0	147968	1647.0305946816932	0.3
13997.016887811853	300	59.55389547820898	0.0	161857	4003.690779115362	0.3
13999.091367479543	300	59.93917610730845	0.0	145210	1114.719370900529	0.3
14000.934727878985	300	59.95537596252298	0.0	172312	983.8001447854663	0.3
14002.631426452966	300	59.99930686006469	0.0	167025	956.0691024582878	0.3
14004.62917123077	300	59.579749160224054	0.0	160064	919.5576998406428	0.3
14015.425179254353	300	52.78374113664137	0.0	137507	10796.008023582692	0.3
14018.917161136975	300	53.29175925401876	0.0	118421	3491.9818826226083	0.3

