12797.330767034662	750	4.0	3.4821045606376124	450283	3482.1045606376124	-14.223049610741732
12798.804224524696	300	6.526542509968097	0.0	155580	1473.4574900319033	-0.15000000000000002
12799.805078085568	300	9.525688949096224	0.0	139857	1000.8535608718718	0.3
12800.94217372542	300	12.388593309242925	0.0	155432	1137.0956398533	0.3
12802.289925061059	300	15.04084197360499	0.0	163442	1347.7513356379325	0.3
12803.305908501767	300	18.02485853289638	0.0	126289	1015.9834407086117	0.3
12804.39806839649	300	20.932698638173097	0.0	153295	1092.1598947232865	0.3
12805.554480631456	300	23.776286403207056	0.0	173849	1156.41223496604	0.3
12806.470083373903	300	26.860683660760078	0.0	150710	915.602742446981	0.3
12807.555793522019	300	29.774973512644365	0.0	139105	1085.7101481157115	0.3
12808.552568587531	300	32.778198447132134	0.0	141840	996.7750655122334	0.3
12809.628236707724	300	35.70253032693765	0.0	156148	1075.6681201944912	0.3
12810.764487452545	300	38.56627958211827	0.0	160746	1136.2507448193767	0.3
12812.119335167852	300	41.21143186681187	0.0	179801	1354.8477153063923	0.3
12813.192342422408	300	44.13842461225614	0.0	140051	1073.007254555734	0.3
12814.22320812313	300	47.1075589115319	0.0	138313	1030.8657007242366	0.3
12815.253063707622	300	50.07770332704029	0.0	143509	1029.8555844916139	0.3
12816.353533738798	300	52.97723329586497	0.0	150616	1100.4700311753168	0.3
12817.554178266779	300	55.776588767883325	0.0	165384	1200.644527981645	0.3
12818.588996408991	300	58.74177062567104	0.0	140881	1034.8181422122839	0.3
12820.128219803173	300	59.59032595521297	0.0	157671	1151.444670458072	0.3
12823.23882205133	300	59.935914171997354	0.0	157812	1154.4117832156094	0.3
12824.463389423063	300	59.76022570810146	0.0	163927	1175.6884638958938	0.3
12827.110247322023	300	59.77073627263914	0.0	137654	989.489435462318	0.3
12830.129424810873	300	59.699331653163746	0.0	146754	1071.4046194753973	0.3
12833.189152878536	300	59.602354126469876	0.0	153938	1096.9775266938639	0.3
12835.954056044535	300	59.76577775005452	0.0	181901	1336.5763764153628	0.3
12838.570742033764	300	59.88109818648165	0.0	111155	1384.679563572873	0.3
12840.473096405696	300	59.77642415804358	0.0	153605	1104.674028438064	0.3
12842.870913021547	300	59.66835601516623	0.0	149029	1108.0681428773523	0.3
12845.4299652869	300	59.5302040960753	0.0	157421	1138.1519190909291	0.3
12847.39159274783	300	59.68484069134048	0.0	157488	845.363404734815	0.3
12849.574500225315	300	59.64601886434638	0.0	143881	1038.8218269940996	0.3
12851.537767622585	300	59.90892808635701	0.0	163444	1237.0907779893741	0.3
12853.738996293861	300	59.634402081308956	0.0	179328	1274.5260050480492	0.3
12855.80448344696	300	59.52200981692347	0.0	159914	1112.3922643854883	0.3
12857.002055136174	300	59.85577146817262	0.0	131610	666.2383487508484	0.3
12858.53173077555	300	59.81810020996647	0.0	124011	1037.6712582061505	0.3
12860.172699889006	300	59.70861795827467	0.0	144254	1109.4822516917966	0.3
12861.792681694616	300	59.62037041865131	0.0	149991	1088.247539623355	0.3
12863.3441986589	300	59.568479095002104	0.0	147968	1051.8913236492099	0.3
12864.588551715175	300	59.904615376683324	0.0	161857	1163.8637183187814	0.3
12867.038316441553	300	59.938977745471455	0.0	145210	1465.637631211867	0.3
12871.124351748007	750	59.85294243901766	0.0	438281	3586.035306453797	0.3
12874.763580916773	750	59.8104090824439	0.0	398987	3542.5333565737615	0.75
12878.625487606567	750	59.94850239265178	0.0	393804	2861.9066897921134	0.75
12881.00284255863	750	59.603126173112884	0.0	331053	2345.3762195388995	0.75
12884.674031903054	750	59.93193682868861	0.0	314107	2171.1893444242687	0.75

