61617.75222538438	750	4.0	3.5049367905708406	450283	3504.9367905708405	-14.321228199454614
61619.66111548243	300	6.091109901947545	0.0	155580	1908.890098052455	-0.15000000000000002
61620.5301259718	300	9.222099412575702	0.0	139857	869.0104893718436	0.3
61621.388669760396	300	12.363555623979954	0.0	155432	858.5437885957488	0.3
61623.00836121626	750	14.74386416811403	0.0	411561	1619.6914558659237	0.3
61624.119500609406	750	17.63272477496938	0.0	318564	1111.1393931446526	0.75
61625.081780885695	750	20.670444498675774	0.0	352642	962.280276293604	0.75
61632.87410161129	1850	16.87812377307686	0.0	1060487	7792.32072559891	0.75
61635.469241411636	1850	18.2829839727336	0.0	852833	2595.1398003432623	1.85
61638.353864101926	1850	19.398361282445652	0.0	913888	2884.6226902879503	1.85
61640.63659001993	1850	21.115635364433555	0.0	939819	2282.725918012095	1.85
61642.96560433977	1850	22.786621044594117	0.0	917428	2329.0143198394376	1.85
61645.13142003815	1850	24.620805346211206	0.0	946851	2165.815698382909	1.85
61648.91753519655	1850	24.83469018781387	0.0	1036454	3786.1151583973383	1.85
61652.146673545365	1850	25.6055518389949	0.0	821631	3229.1383488189695	1.85
61658.82280799727	1850	22.92941738709275	0.0	923170	6676.134451902147	1.85
61661.30055240919	1850	24.451672975166307	0.0	966699	2477.7444119264424	1.85
61663.43070743316	1850	26.321517951201535	0.0	885714	2130.155023964773	1.85
61666.0484710841	1850	27.703754300263185	0.0	987708	2617.7636509383497	1.85
61670.19400367438	1850	27.5582217099816	0.0	923755	4145.532590281589	1.85
61672.29074794047	1850	29.461477443898062	0.0	891604	2096.744266083535	1.85
61674.545018007775	1850	31.207207376588855	0.0	955231	2254.270067309206	1.85
61676.87685478845	1850	32.87537059592345	0.0	968026	2331.8367806654105	1.85
61681.897260362064	4300	31.85496502229911	0.0	2044075	5020.405573624343	1.8499999999999996
61687.12774519745	4300	30.624480186910006	0.0	2186790	5230.484835389103	4.3
61694.25851240253	4300	27.493712981833713	0.0	2105231	7130.76720507629	4.3
61702.30349036037	4300	23.448735023988345	0.0	2395588	8044.977957845368	4.3
61709.212365634696	4300	20.539859749664977	0.0	1972048	6908.875274323366	4.3
61714.26899272467	4300	19.483232659684205	0.0	2134614	5056.627089980771	4.3
61723.219848429064	4300	14.532376955296092	0.0	2164140	8950.855704388114	4.3
61725.40279965068	1850	16.34942573367967	0.0	873429	2182.9512216164226	-0.6000000000000001
61729.912539060024	1850	15.839686324330566	0.0	954453	4509.739409349103	1.85
61732.10450720068	1850	17.647718183675845	0.0	885062	2191.9681406547206	1.85
61734.55085529519	1850	19.201370089170624	0.0	1035329	2446.348094505224	1.85
61738.917025640054	1850	18.835199744302976	0.0	1026056	4366.170344867647	1.85
61741.1733292138	1850	20.578896170559904	0.0	943942	2256.303573743072	1.85
61743.05389706754	1850	22.69832831682069	0.0	728962	1880.5678537392146	1.85
61746.34916503905	1850	23.403060345311953	0.0	938587	3295.2679715087324	1.85
61748.532086705854	1850	25.220138678501826	0.0	908665	2182.921666810129	1.85
61752.61077281276	1850	25.141452571596307	0.0	930577	4078.6861069055185	1.85
61755.02103991274	1850	26.731185471619078	0.0	858450	2410.2670999772263	1.85
61763.02420998406	1850	22.72801540029197	0.0	1025005	8003.170071327108	1.85
61767.12199592641	1850	22.63022945794735	0.0	886255	4097.785942344615	1.85
61773.246715359586	1850	20.505510024770615	0.0	973972	6124.719433176739	1.85
61777.49592514726	1850	20.256300237095612	0.0	958994	4249.209787675001	1.85
61783.643268183354	1850	18.10895720100475	0.0	982064	6147.343036090866	1.85
61785.61701515988	1850	20.1352102244774	0.0	830730	1973.7469765273509	1.85
61791.13958112214	1850	18.612644262215102	0.0	846370	5522.565962262298	1.85

