57792.35419167468	750	4.0	3.370804685908719	450283	3370.804685908719	-13.744460149407491
57793.24243935558	300	7.111752319112142	0.0	155580	888.2476808878581	-0.15000000000000002
57795.08911222093	750	9.265079453755618	0.0	350812	1846.6728653565247	0.3
57798.96280231194	1200	9.391389362747901	0.0	617681	3873.6900910077175	0.75
57804.39945416061	1200	7.954737514075856	0.0	652874	5436.651848672045	1.2
57807.291354822504	750	9.062836852185395	0.0	318564	2891.9006618904614	0.3
57810.83196296246	1200	9.522228712220254	0.0	561791	3540.608139965141	0.75
57814.014852272245	1200	10.339339402444153	0.0	709534	3182.8893097761015	1.2
57817.39453202019	1200	10.95965965449651	0.0	584846	3379.6797479476427	1.2
57821.12880666043	1200	11.225385014255538	0.0	560821	3734.274640240973	1.2
57826.157474919295	1850	10.196716755390927	0.0	939819	5028.66825886461	1.2000000000000002
57828.93075881536	1200	11.423432859324139	0.0	594078	2773.283896066789	0.5499999999999999
57836.62772762681	1850	7.726464047881951	0.0	946851	7696.968811442188	1.2000000000000002
57839.006338302526	750	9.347853372167874	0.0	434409	2378.6106757140774	-0.3500000000000001
57842.950174535996	1200	9.40401713869529	0.0	526950	3943.8362334725853	0.75
57847.07754059518	1200	9.276651079514052	0.0	587876	4127.366059181239	1.2
57852.49687001731	1200	7.857321657385017	0.0	617242	5419.329422129033	1.2
57856.28680494208	750	8.067386732620452	0.0	372963	3789.934924764565	0.3
57859.36539748588	750	8.988794188820387	0.0	405596	3078.5925438000654	0.75
57861.537705467315	750	10.816486207387	0.0	350713	2172.307981433388	0.75
57866.93082334422	1200	9.423368330477176	0.0	601738	5393.117876909823	0.75
57870.6786513067	1200	9.675540368003551	0.0	616206	3747.8279624736256	1.2
57876.01961576345	1200	8.334575911255234	0.0	656471	5340.9644567483165	1.2
57879.181245198604	750	9.172946476099591	0.0	343800	3161.6294351556426	0.3
57882.912447527684	1200	9.441744147024954	0.0	587236	3731.2023290746365	0.75
57885.87329186381	1200	10.480899810896053	0.0	590335	2960.8443361289005	1.2
57889.38676093045	1200	10.967430744257701	0.0	696376	3513.4690666383517	1.2
57892.95951120832	1200	11.394680466391874	0.0	487160	3572.7502778658263	1.2
57900.21804601576	1850	8.13614565894819	0.0	972798	7258.534807443684	1.2000000000000002
57903.52438673628	750	8.829804938431579	0.0	400508	3306.3407205166122	-0.3500000000000001
57905.35573237972	750	10.99845929498972	0.0	358218	1831.3456434418597	0.75
57908.89604466389	1200	11.458147010814608	0.0	620283	3540.312284175112	0.75
57913.69979186047	1850	10.654399814238918	0.0	885062	4803.747196575691	1.2000000000000002
57918.462052085684	1200	9.892139589024532	0.0	670129	4762.260225214385	0.5499999999999999
57922.73160978269	1200	9.622581892016898	0.0	690253	4269.5576970076345	1.2
57927.21723026873	1200	9.136961405974874	0.0	598727	4485.620486042025	1.2
57929.69443161108	1200	10.659760063623274	0.0	487812	2477.2013423515996	1.2
57931.89044765289	1200	12.46374402181474	0.0	575591	2196.0160418085347	1.2
57936.95232523985	1850	11.401866434852952	0.0	908665	5061.877586961788	1.2000000000000002
57943.34399145668	1850	9.010200218026606	0.0	930577	6391.6662168263465	1.85
57947.15040027632	1200	9.203791398387937	0.0	566904	3806.40881963867	0.5499999999999999
57952.020768071096	1200	8.33342360361134	0.0	641452	4870.367794776596	1.2
57954.20696023586	750	10.147231438838265	0.0	372093	2186.192164773075	0.3
57959.6390101719	1200	8.715181502805823	0.0	634861	5432.049936032442	0.75
57963.61944057619	750	8.73475109850656	0.0	398987	3980.4304042992635	0.3
57967.60030192915	750	8.75388974554786	0.0	393804	3980.8613529586996	0.75
57970.32675740074	750	10.027434273958637	0.0	331053	2726.4554715892223	0.75
57974.945711875735	1200	9.408479798969214	0.0	550906	4618.954474989423	0.75

