39979.338272976805	750	4.0	2.046855055064377	450283	2046.8550550643768	-8.05147673677682
39979.81236827918	300	7.525904697634527	0.0	155580	474.0953023654735	-0.15000000000000002
39980.22836904316	300	11.109903933652438	0.0	139857	416.0007639820885	0.3
39980.68178811226	300	14.6564848645514	0.0	155432	453.4190691010387	0.3
39981.154450881135	300	18.1838220956749	0.0	163442	472.66276887649894	0.3
39981.537855076014	300	21.800417900800607	0.0	126289	383.40419487429284	0.3
39981.986140089386	300	25.352132887432422	0.0	153295	448.28501336818505	0.3
39982.63295042621	300	28.705322550603995	0.0	173849	646.8103368284261	0.3
39983.23137618397	300	32.10689679284846	0.0	150710	598.4257577555375	0.3
39983.789882023215	300	35.54839095360366	0.0	139105	558.5058392448016	0.3
39984.35779596045	300	38.98047701637291	0.0	141840	567.9139372307441	0.3
39984.83355260654	300	42.50472037027317	0.0	156148	475.7566460997425	0.3
39985.31367277004	300	46.02460020677988	0.0	160746	480.12016349329156	0.3
39985.84122359878	300	49.497049378042256	0.0	179801	527.550828737619	0.3
39986.26983089861	300	53.06844207821894	0.0	140051	428.6072998233174	0.3
39986.69411206376	300	56.64416091306865	0.0	138313	424.2811651502845	0.3
39987.61546197279	300	59.722811004038704	0.0	143509	421.3499090299504	0.3
39989.18427450662	750	59.76942682078933	0.0	372963	953.3841832493791	0.3
39990.58681616589	750	59.83137013499271	0.0	405596	938.0566857966168	0.75
39992.1390918963	750	59.657974686920426	0.0	350713	1173.395448072286	0.75
39993.48209747991	750	59.71891210019088	0.0	386472	939.0625867295474	0.75
39994.93732009441	750	59.89727224938085	0.0	399894	1321.6398508100297	0.75
39995.91955353359	750	59.928446999378835	0.0	401853	968.8252500020079	0.75
39997.171044787254	750	59.50790546619368	0.0	343800	920.5415331851628	0.75
39998.96405491034	1200	59.5953751494844	0.0	587236	1412.5303167092763	0.75
40000.69735267283	1200	59.6204661914783	0.0	590335	1474.9089580060981	1.2
40002.96334519734	1200	59.56366432001759	0.0	696376	2056.8018714607065	1.2
40005.99517780243	1200	59.857343348741466	0.0	487160	1206.3209712761247	1.2
40009.863356974536	1200	59.989164176642504	0.0	622896	2368.179172098964	1.2
40013.30150140081	1200	59.72043741796377	0.0	641447	1768.726758678724	1.2
40016.155599503596	1200	59.85759709832074	0.0	570392	1362.8403196430352	1.2
40019.3420776268	1200	59.74348701319056	0.0	620283	1614.110085130172	1.2
40022.97995989901	1850	59.70523001817237	0.0	885062	2038.2569950181955	1.2000000000000002
40026.85108023671	1850	59.834109680473446	0.0	1035329	2871.120337698924	1.85
40031.10705068365	1850	59.57813923353631	0.0	1026056	3255.9704469371322	1.85
40034.25391412695	1850	59.97306544744685	0.0	943942	2105.0737860894646	1.85
40037.27051644248	1850	59.59965904294482	0.0	728962	1873.4064045020289	1.85
40041.241625869094	1850	59.628549616323845	0.0	938587	2971.1094266209766	1.85
40044.47432367666	1850	59.806353412864425	0.0	908665	2322.196203459417	1.85
40047.86415056896	1850	59.5516907449154	0.0	930577	2254.662667949031	1.85
40050.555385271524	1850	59.88665550270527	0.0	858450	2165.0352422101305	1.85
40054.24264845624	1850	59.55212365402994	0.0	1025005	2834.531848675323	1.85
40057.393988935306	1850	59.64881909601229	0.0	886255	2403.3045580176554	1.85
40060.804385864976	1850	59.564138687703206	0.0	973972	2584.6804083090806	1.85
40064.2669548392	1850	59.609712386270616	0.0	958994	2954.4263014325925	1.85
40067.233885122034	1850	59.875318547749906	0.0	982064	2734.39383852071	1.85
40069.73115546548	1850	59.992451596179286	0.0	830730	2382.866951570618	1.85
40072.919627682866	1850	59.57141720143172	0.0	846370	2921.0343947475662	1.85

