3266.8985180338896	750	4.0	1.7627610916561363	450283	1762.7610916561362	-6.829872694121385
3267.5602449242306	300	7.338273109659138	0.0	155580	661.7268903408624	-0.15000000000000002
3268.6037332151686	750	10.294784818720933	0.0	350812	1043.4882909382045	0.3
3270.0577622225983	1200	12.840755811291116	0.0	617681	1454.029007429817	0.75
3272.1972887822867	1850	14.701229251602694	0.0	996749	2139.526559688423	1.2000000000000002
3275.449494017136	2850	15.44902401675354	0.0	1224260	3252.2052348491534	1.85
3278.7172338575638	2850	16.181284176326244	0.0	1388403	3267.7398404272976	2.85
3282.6748386858008	2850	16.223679348089068	0.0	1638769	3957.604828237176	2.85
3285.0114236565128	2850	17.887094377377064	0.0	1348011	2336.5849707120037	2.85
3290.469633548746	4300	16.428884485144074	0.0	2169201	5458.209892232988	2.8499999999999996
3293.6812379342505	2850	17.21728009963958	0.0	1354548	3211.604385504492	1.4000000000000001
3297.264129520408	2850	17.634388513482037	0.0	1519951	3582.891586157542	2.85
3299.8378816181134	2850	19.0606364157766	0.0	1422919	2573.7520977054382	2.85
3303.9164556242804	4300	18.9820624096092	0.0	2275376	4078.574006167402	2.8499999999999996
3307.8412891973044	4300	19.057228836585583	0.0	2005399	3924.8335730236176	4.3
3311.906297069812	4300	18.99222096407833	0.0	2152483	4065.00787250725	4.3
3316.9759840045417	4300	17.92253402934839	0.0	2289689	5069.686934729942	4.3
3319.8058749018114	2850	19.092643132078482	0.0	1358801	2829.8908972699055	1.4000000000000001
3324.703055371075	4300	18.1954626628153	0.0	2220726	4897.180469263184	2.8499999999999996
3327.5871563838828	2850	19.31136165000737	0.0	1336050	2884.10101280793	1.4000000000000001
3331.437164188836	4300	19.461353845054006	0.0	2039773	3850.0078049533613	2.8499999999999996
3336.073749724404	4300	18.82476830948642	0.0	2176469	4636.585535567587	4.3
3341.142741086256	4300	17.755776947634136	0.0	2221506	5068.991361852284	4.3
3343.621613029473	2850	19.27690500441745	0.0	1323990	2478.871943216686	1.4000000000000001
3347.5799603271767	4300	19.3185577067134	0.0	2186790	3958.3472977040497	2.8499999999999996
3356.3787423100307	4300	14.519775723859455	0.0	2105231	8798.781982853945	4.3
3358.3560362147673	1200	16.54248181912287	0.0	696376	1977.2939047365876	-1.9000000000000001
3361.52377982813	2850	17.37473820576001	0.0	1141971	3167.7436133628594	1.2000000000000002
3366.4174700017506	2850	16.4810480321398	0.0	1498470	4893.690173620214	2.85
3368.9180314192354	1850	17.98048661465499	0.0	975811	2500.5614174848097	0.8500000000000001
3371.342408018409	2850	19.55611001548114	0.0	1341201	2424.376599173852	1.85
3375.270008044539	4300	19.628509989351215	0.0	2147852	3927.6000261299228	2.8499999999999996
3380.3891356130403	4300	18.509382420850113	0.0	2191074	5119.127568501101	4.3
3385.442353430879	2850	17.456164603011235	0.0	1587293	5053.217817838878	1.4000000000000001
3387.4252142309833	1850	19.473303802906432	0.0	1026056	1982.8608001047994	0.8500000000000001
3395.444268837105	4300	15.454249196784918	0.0	2143948	8019.0546061215155	1.8499999999999996
3397.000576820624	1850	17.897941213266254	0.0	728962	1556.3079835186631	-0.6000000000000001
3400.4030343293475	2850	18.49548370454234	0.0	1499009	3402.4575087239145	1.85
3403.855144882017	2850	19.043373151872178	0.0	1427478	3452.110552670167	2.85
3409.5409064445166	2850	17.357611589373157	0.0	1402287	5685.7615624990185	2.85
3411.083318861555	1850	19.81519917233418	0.0	858450	1542.412417038983	0.8500000000000001
3416.1885628373802	4300	18.709955196508858	0.0	2184571	5105.243975825321	1.8499999999999996
3419.4132878816667	2850	19.48523015222244	0.0	1343002	3224.725044286422	1.4000000000000001
3422.4277607773197	2850	20.470757256569595	0.0	1587250	3014.472895652842	2.85
3427.1389108354524	4300	19.75960719843713	0.0	2124950	4711.150058132467	2.8499999999999996
3432.2143455485448	4300	18.684172485344824	0.0	2246506	5075.434713092306	4.3
3435.3805706690814	2850	19.517947364807746	0.0	1231456	3166.2251205370753	1.4000000000000001
3438.557098883422	2850	20.341419150466987	0.0	1364537	3176.5282143407608	2.85

