27794.77192928272	750	4.0	1.747471047056205	450283	1747.471047056205	-6.764125502341681
27796.491519555995	1200	6.280409726726704	0.0	611087	1719.5902732732957	0.75
27798.072513812902	1850	8.69941546981812	0.0	877771	1580.9942569085838	1.2000000000000002
27805.1435242307	1850	5.628405052023068	0.0	933276	7071.0104177950525	1.85
27805.889608470243	750	8.88232081248228	0.0	411561	746.0842395407881	-0.3500000000000001
27806.485183220244	750	12.2867460624815	0.0	318564	595.5747500007815	0.75
27807.474404771885	1200	15.297524510838223	0.0	561791	989.2215516432773	0.75
27809.41629988712	1200	17.35562939560439	0.0	709534	1941.895115233833	1.2
27811.566805719085	1200	19.205123563638633	0.0	584846	2150.505831965755	1.2
27813.951258846293	1850	20.820670436431257	0.0	913888	2384.453127207376	1.2000000000000002
27815.759486245704	1850	23.012443037022134	0.0	939819	1808.227399409123	1.85
27819.46933443094	2850	23.30259485178393	0.0	1519951	3709.8481852382083	1.85
27829.296409568233	4300	17.47551971449393	0.0	2209463	9827.075137289996	2.8499999999999996
27837.335547746625	2850	13.436381536100736	0.0	1578343	8039.138178393193	1.4000000000000001
27843.657978796837	2850	11.113950485888548	0.0	1231445	6322.431050212187	2.85
27845.879473085322	1850	12.892456197403874	0.0	923170	2221.494288484676	0.8500000000000001
27848.669120595834	1850	14.102808686891132	0.0	966699	2789.6475105127415	1.85
27850.74511354058	1850	16.026815742149147	0.0	885714	2075.992944741985	1.85
27852.637204809824	1850	18.134724472903923	0.0	987708	1892.0912692452248	1.85
27855.59623318697	2850	19.17569609575499	0.0	1336050	2959.028377148936	1.85
27859.499123639915	2850	19.272805642809754	0.0	1415116	3902.8904529452343	2.85
27864.79503471456	2850	17.97689456816466	0.0	1468126	5295.911074645096	2.85
27867.55549865692	2850	19.216430625807543	0.0	1505760	2760.463942357111	2.85
27873.892285690537	2850	16.879643592185523	0.0	1323990	6336.787033622024	2.85
27877.88967000547	2850	16.882259277256356	0.0	1383735	3997.384314929167	2.85
27883.86110838986	2850	14.910820892859741	0.0	1480464	5971.4383843966125	2.85
27887.105471549217	1850	15.66645773350539	0.0	1076599	3244.363159354352	0.8500000000000001
27889.166210766845	1850	17.60571851587647	0.0	758197	2060.739217628916	1.85
27891.454363491648	1850	19.317565791073985	0.0	972798	2288.1527248024872	1.85
27896.842301392964	2850	17.92962788975557	0.0	1561263	5387.937901318419	1.85
27901.253901838743	2850	17.518027443978205	0.0	1341201	4411.600445777362	2.85
27903.70069603423	2850	19.071233248490493	0.0	1497683	2446.794195487709	2.85
27906.21365873274	2850	20.558270549977117	0.0	1358081	2512.962698513378	2.85
27919.7188147777	2850	11.053114505016874	0.0	1587293	13505.156044960244	2.85
27924.968663962736	1200	9.803265319980685	0.0	690253	5249.849185036189	-0.44999999999999996
27926.125863378653	1200	12.646065904065592	0.0	598727	1157.1994159150927	1.2
27926.783505531537	750	15.988423751178946	0.0	321064	657.6421528866466	0.3
27929.3456539614	750	17.426275321317604	0.0	361565	2562.148429861343	0.75
27930.13307152231	750	20.63885776041109	0.0	378327	787.4175609065162	0.75
27930.94358743234	750	23.828341850378344	0.0	390680	810.5159100327436	0.75
27940.951435766532	2850	17.820493516184793	0.0	1339500	10007.84833419355	0.75
27943.027500623553	1850	19.744428659164583	0.0	1025005	2076.0648570202093	0.8500000000000001
27953.82459574508	1850	12.94733353763583	0.0	886255	10797.095121528753	1.85
27954.66800733211	750	16.10392195060571	0.0	438281	843.4115870301191	-0.3500000000000001
27955.473732815004	750	19.298196467713975	0.0	398987	805.7254828917333	0.75
27957.57213371336	750	21.199795569361026	0.0	393804	2098.400898352951	0.75
27958.967076842677	1850	23.804852440041962	0.0	830730	1394.9431293190646	0.75
27961.28676682465	2850	25.48516245806544	0.0	1364537	2319.689981976522	1.85

