50387.16333252971	750	4.0	2.928319033538743	450283	2928.319033538743	-11.841771844216595
50388.307595722785	300	6.85573680691884	0.0	155580	1144.2631930811608	-0.15000000000000002
50389.34430389476	300	9.81902863495103	0.0	139857	1036.70817196781	0.3
50390.50920531113	300	12.654127218580209	0.0	155432	1164.9014163708225	0.3
50391.74141310077	300	15.421919428935922	0.0	163442	1232.2077896442856	0.3
50394.06717564835	750	17.09615688136405	0.0	318564	2325.762547571874	0.3
50396.633175938085	750	18.530156591623708	0.0	352642	2566.000289740337	0.75
50399.34403197016	750	19.81930055954131	0.0	437162	2710.8560320823954	0.75
50401.801610635695	1200	21.361721894007044	0.0	584846	2457.5786655342654	0.75
50404.096367988444	1200	23.066964541258777	0.0	560821	2294.757352748267	1.2
50409.34851340949	1850	21.814819120217223	0.0	939819	5252.145421041553	1.2000000000000002
50412.75099988478	1200	22.41233264492437	0.0	594078	3402.4864752928556	0.5499999999999999
50416.482953561994	1850	22.680378967719985	0.0	946851	3731.953677204383	1.2000000000000002
50420.56050121897	1850	22.6028313107463	0.0	1036454	4077.547656973686	1.85
50423.809488051906	1850	23.35384447780731	0.0	821631	3248.9868329389888	1.85
50427.450105378375	1850	23.71322715133802	0.0	923170	3640.6173264692866	1.85
50431.55567569719	1850	23.607656832517883	0.0	966699	4105.570318820139	1.85
50437.57758201309	1850	21.585750516625804	0.0	885714	6021.906315892076	1.85
50441.811020204805	1200	21.352312324902773	0.0	639204	4233.43819172303	0.5499999999999999
50446.04932325008	1200	21.11400927963239	0.0	586839	4238.303045270383	1.2
50451.00896538582	1200	20.154367143884865	0.0	601738	4959.6421357475265	1.2
50453.52721299271	1200	21.636119536999754	0.0	616206	2518.2476068851092	1.2
50458.67628949928	1850	20.487043030433625	0.0	968026	5149.076506566128	1.2000000000000002
50462.68689578699	1200	20.47643674272478	0.0	536667	4010.6062877088493	0.5499999999999999
50466.89532432146	1200	20.268008208254663	0.0	587236	4208.428534470114	1.2
50471.01798701852	1200	20.14534551119307	0.0	590335	4122.662697061595	1.2
50479.253504890556	1200	15.909827639154475	0.0	696376	8235.517872038596	1.2
50484.45838256295	750	14.704949966761214	0.0	277716	5204.8776723932615	0.3
50491.03593371671	750	12.127398813007142	0.0	400396	6577.551153754074	0.75
50492.08170863976	300	15.081623889957417	0.0	149029	1045.7749230497238	-0.15000000000000002
50497.15389211476	750	14.009440414953012	0.0	358218	5072.1834750044045	0.3
50501.247326124365	750	13.91600640534585	0.0	400322	4093.4340096071624	0.75
50503.975787362586	750	15.187545167122273	0.0	369834	2728.461238223577	0.75
50506.762646542375	750	16.400685987324465	0.0	412837	2786.859179797809	0.75
50509.647889438194	750	17.51544309150888	0.0	401088	2885.242895815582	0.75
50513.66394518795	750	17.499387341753042	0.0	365161	4016.055749755842	0.75
50515.763646084895	750	19.399686444808733	0.0	321064	2099.7008969443095	0.75
50519.46559759793	1200	19.697734931774157	0.0	575591	3701.951513034575	0.75
50523.77683490184	1200	19.386497627865932	0.0	605884	4311.237303908228	1.2
50528.25365358412	1200	18.90967894558467	0.0	587506	4476.818682281261	1.2
50532.47560690884	1200	18.687725620864516	0.0	566904	4221.953324720155	1.2
50536.214412141075	750	18.94892038862894	0.0	384505	3738.8052322355725	0.3
50545.43986140672	1200	13.723471122987887	0.0	599477	9225.449265641057	0.75
50548.72199646055	750	14.441336069157854	0.0	438281	3282.135053830032	0.3
50552.408393342106	750	14.754939187600234	0.0	398987	3686.396881557622	0.75
50555.454110539875	750	15.709221989829977	0.0	393804	3045.717197770256	0.75
50558.027253259286	750	17.13607927042277	0.0	331053	2573.142719407209	0.75
50560.22788028613	750	18.93545224357217	0.0	314107	2200.627026850598	0.75

