64391.59336909901	750	4.0	2.144963695830599	450283	2144.963695830599	-8.473343892071576
64392.07102971183	300	7.522339387185583	0.0	155580	477.6606128144171	-0.15000000000000002
64393.04770097358	750	10.545668125438242	0.0	350812	976.6712617473408	0.3
64397.920314995965	1200	9.67305410305094	0.0	617681	4872.6140223873	0.75
64400.48346210492	1200	11.109906994097317	0.0	652874	2563.1471089536244	1.2
64403.28699844289	1850	12.306370656132358	0.0	801058	2803.5363379649593	1.2000000000000002
64406.93545717986	1850	12.657911919161986	0.0	905515	3648.4587369703722	1.85
64410.8908231603	1850	12.70254593871995	0.0	1060487	3955.3659804420367	1.85
64413.29589097912	1850	14.297478119900934	0.0	852833	2405.067818819015	1.85
64421.940852275926	2850	9.652516823097574	0.0	1429765	8644.96129680336	1.85
64423.42664266162	1200	12.16672643739467	0.0	607410	1485.7903857029028	-0.44999999999999996
64425.52464208474	1850	14.068727014278181	0.0	917428	2097.999423116489	1.2000000000000002
64443.45865718762	2850	4.0	3.8652880885972407	1422919	17934.015102875423	-14.770738780968136
64444.38674650934	300	7.071910678275999	0.0	179801	928.0893217240015	-2.25
64445.26168391567	750	10.196973271955363	0.0	337059	874.9374063206361	0.3
64449.00057165756	1200	10.458085530064793	0.0	587876	3738.8877418905704	0.75
64453.69311006931	1200	9.765547118310238	0.0	617242	4692.538411754554	1.2
64455.36842099634	1200	12.090236191282427	0.0	581493	1675.3109270278103	1.2
64458.27861345665	1850	13.18004373097064	0.0	987708	2910.192460311788	1.2000000000000002
64462.89180824834	2850	12.566848939278835	0.0	1336050	4613.194791691805	1.85
64465.9160680393	1850	13.542589148311121	0.0	891604	3024.2597909677133	0.8500000000000001
64475.3611296396	2850	8.097527548023224	0.0	1468126	9445.061600287896	1.85
64476.25832630002	750	11.200330887599495	0.0	401853	897.1966604237305	-1.35
64479.69619384484	1850	11.762463342775707	0.0	874175	3437.8675448237877	0.75
64483.52669537602	1850	11.931961811594585	0.0	897976	3830.5015311811217	1.85
64487.807067152804	1850	11.651590034810045	0.0	905935	4280.371776784539	1.85
64493.39809328319	1850	10.060563904426468	0.0	1076599	5591.026130383578	1.85
64494.86348366887	1200	12.595173518746671	0.0	487160	1465.3903856797967	0.5499999999999999
64502.52558933558	1850	8.933067852044726	0.0	972798	7662.105666701945	1.2000000000000002
64508.01093580718	750	7.4477213804420686	0.0	400508	5485.3464716026565	-0.3500000000000001
64511.42260559921	750	8.036051588411109	0.0	358218	3411.6697920309607	0.75
64512.49352553146	750	10.965131656154979	0.0	400322	1070.91993225613	0.75
64513.896542446004	1200	13.562114741613597	0.0	584349	1403.016914541381	0.75
64523.42359204365	2850	8.035065143970364	0.0	1587293	9527.049597643234	1.2000000000000002
64526.04630061038	750	9.412356577239429	0.0	401088	2622.708566730935	-1.35
64532.18060217241	1200	7.278055015206271	0.0	598727	6134.301562033157	0.75
64533.44241388752	750	10.016243300099736	0.0	321064	1261.8117151065337	0.3
64535.1505334984	1200	12.308123689209562	0.0	575591	1708.119610890175	0.75
64545.49781122735	1850	5.96084596026391	0.0	908665	10347.277728945652	1.2000000000000002
64547.661067789486	300	7.797589398127863	0.0	149991	2163.2565621360477	-1.25
64549.07185152876	750	10.386805658856192	0.0	345516	1410.7837392716706	0.3
64550.5703393855	1200	12.888317802112073	0.0	641452	1498.4878567441194	0.75
64558.468974255884	1850	8.98968293172882	0.0	886255	7898.634870383251	1.2000000000000002
64559.473947451384	750	11.984709736226105	0.0	438281	1004.973195502717	-0.3500000000000001
64561.5362020535	1850	13.922455134105293	0.0	958994	2062.254602120811	0.75
64564.786242328315	2850	14.672414859290862	0.0	1483527	3250.040274814431	1.85
64572.022043914425	2850	11.43661327318682	0.0	1231456	7235.801586104041	2.85
64579.932907966	1850	7.525749221603552	0.0	846370	7910.8640515832685	0.8500000000000001

