4403.978045421128	750	4.0	21.44370906102513	450283	21443.709061025133	-91.45794896240807
4409.423927057889	300	4.0	1.4458816367609997	155580	5445.881636761	-6.367291038072299
4414.047956111332	300	4.0	0.6240290534422375	139857	4624.0290534422375	-2.383324929801621
4419.052177372766	300	4.0	1.004221261434408	155432	5004.221261434408	-4.018151424167954
4424.8307528629	300	4.0	1.7785754901351611	163442	5778.575490135161	-7.3478746075811925
4428.71243211791	300	4.118320744989943	0.0	126289	3881.6792550100567	0.3
4432.944477427711	300	4.0	0.1137245648109847	153295	4232.045309800928	-0.1890156286872342
4437.873315475512	300	4.0	0.9288380478018562	173849	4928.838047801856	-3.6940036055479815
4442.076318421761	300	4.0	0.20300294624903564	150710	4203.002946249036	-0.5729126688708532
4445.075139656944	300	5.001178764817508	0.0	139105	2998.821235182492	0.3
4448.182898765998	300	5.893419655764119	0.0	141840	3107.7591090533892	0.3
4451.28557469116	300	6.7907437306021965	0.0	156148	3102.675925161922	0.3
4454.052296836524	300	8.024021585237822	0.0	160746	2766.7221453643747	0.3
4457.191862851474	300	8.884455570287578	0.0	179801	3139.5660149502437	0.3
4459.656798357672	300	10.419520064090015	0.0	140051	2464.9355061975634	0.3
4461.812581175054	300	12.263737246707684	0.0	138313	2155.7828173823304	0.3
4464.185012905518	300	13.89130551624367	0.0	143509	2372.431730464016	0.3
4466.242467482961	300	15.833850938801131	0.0	150616	2057.4545774425374	0.3
4468.443721750991	300	17.63259667077079	0.0	165384	2201.2542680303413	0.3
4470.317546080997	300	19.7587723407651	0.0	140881	1873.8243300056954	0.3
4472.397136986175	300	21.679181435587918	0.0	157671	2079.5909051771796	0.3
4477.420707859383	750	20.65561056237956	0.0	399894	5023.570873208357	0.3
4481.242142193347	750	20.83417622841506	0.0	401853	3821.4343339645	0.75
4484.1652875862665	750	21.911030835496277	0.0	343800	2923.1453929187855	0.75
4487.314963858368	750	22.761354563394534	0.0	359903	3149.676272101745	0.75
4490.105391316809	750	23.970927104953546	0.0	379700	2790.4274584409854	0.75
4495.3035625982175	1200	22.77275582354462	0.0	696376	5198.171281408925	0.75
4500.074255722286	1200	22.00206269947643	0.0	487160	4770.6931240681915	1.2
4503.5588175511475	1200	22.517500870614672	0.0	622896	3484.561828861754	1.2
4507.256363752871	1200	22.819954668891366	0.0	641447	3697.5462017233062	1.2
4513.415235250662	1200	20.661083171100184	0.0	570392	6158.8714977911795	1.2
4516.846156010629	1200	21.230162411133616	0.0	620283	3430.9207599665688	1.2
4520.037269129235	1200	22.039049292527285	0.0	584349	3191.113118606332	1.2
4525.494789139684	1200	20.581529282078737	0.0	670129	5457.52001044855	1.2
4529.070062360213	1200	21.006256061550076	0.0	690253	3575.2732205286593	1.2
4532.181870189383	1200	21.89444823238097	0.0	598727	3111.807829169106	1.2
4535.953156366166	1850	22.123162055597945	0.0	728962	3771.286176783024	1.2000000000000002
4540.78593253119	1850	21.290385890573916	0.0	938587	4832.776165024032	1.85
4545.4671909696635	1850	20.609127452100378	0.0	908665	4681.258438473537	1.85
4565.4360910301975	1850	4.6402273915671834	0.0	930577	19968.900060533193	1.85
4568.085727153207	300	5.990591268557011	0.0	147968	2649.636123010172	-1.25
4570.6551860352165	300	7.421132386547075	0.0	161857	2569.4588820099366	0.3
4572.434237668145	300	9.64208075361875	0.0	145210	1779.051632928325	0.3
4574.363217218664	300	11.713101203099974	0.0	172312	1928.9795505187758	0.3
4576.188191791354	300	13.888126630410039	0.0	167025	1824.9745726899341	0.3
4578.020560860294	300	16.055757561470905	0.0	160064	1832.369068939134	0.3
4583.051000088209	1200	15.025318333556687	0.0	538612	5030.439227914219	0.29999999999999993
4594.599876075789	2850	7.4764423459754745	0.0	1364537	11548.875987581212	1.2000000000000002

