10459.016850605027	750	4.0	4.760769534697788	450283	4760.769534697788	-19.721308999200488
10460.220923020961	300	6.795927584065143	0.0	155580	1204.0724159348576	-0.15000000000000002
10461.524924881158	300	9.491925723867976	0.0	139857	1304.0018601971685	0.3
10462.827060748947	300	12.189789856081159	0.0	155432	1302.1358677868168	0.3
10464.080840075621	300	14.936010529406179	0.0	163442	1253.7793266749788	0.3
10467.277238609751	750	15.739611995276444	0.0	318564	3196.3985341297353	0.3
10469.505651417365	750	17.51119918766369	0.0	352642	2228.4128076127563	0.75
10473.980798753382	1200	17.03605185164712	0.0	709534	4475.147336016569	0.75
10478.14452731419	1200	16.872323290838764	0.0	584846	4163.728560808355	1.2
10480.509313356426	750	18.507537248605228	0.0	362795	2364.786042233538	0.3
10483.940022332203	1200	19.076828272828504	0.0	607410	3430.7089757767226	0.75
10491.713248117678	1200	15.30360248735247	0.0	594078	7773.2257854760355	1.2
10492.785597232005	300	18.231253373024874	0.0	160746	1072.3491143275976	-0.6000000000000001
10499.020017003111	1200	15.996833601917814	0.0	687371	6234.41977110706	0.29999999999999993
10501.55193297925	750	17.464917625779133	0.0	337059	2531.915976138681	0.3
10503.712946178488	750	19.30390442654102	0.0	366214	2161.0131992381152	0.75
10507.151548576954	1200	19.8653020280741	0.0	617242	3438.602398466919	0.75
10510.782547797651	1200	20.23430280737704	0.0	581493	3630.9992206970596	1.2
10517.73380731646	1200	17.283043288569292	0.0	639204	6951.259518807748	1.2
10521.530567235257	750	17.486283369771805	0.0	350713	3796.759918797488	0.3
10524.967251942326	750	18.04959866270481	0.0	386472	3436.6847070669946	0.75
10528.011050008809	750	19.005800596221498	0.0	399894	3043.7980664833126	0.75
10532.64035508303	1200	18.376495522000248	0.0	656471	4629.305074221252	0.75
10536.962872296446	1200	18.0539783085833	0.0	536667	4322.517213416948	1.2
10539.899174632856	750	19.117675972176084	0.0	359903	2936.3023364072174	0.3
10542.427019077913	750	20.589831527117685	0.0	379700	2527.8444450583993	0.75
10546.15337865514	1200	20.863471949890638	0.0	696376	3726.3595772270446	0.75
10550.416966748102	1850	20.59988385693019	0.0	758197	4263.5880929604455	1.2000000000000002
10554.083834904874	1200	20.933015700158844	0.0	622896	3666.868156771348	0.5499999999999999
10559.9042397217	1200	19.112610883331826	0.0	641447	5820.404816827019	1.2
10562.024691760564	750	20.99215884446863	0.0	358218	2120.4520388631936	0.3
10566.049917662562	1200	20.966932942472084	0.0	620283	4025.225901996544	0.75
10569.255684288708	1200	21.76116631632435	0.0	584349	3205.766626147737	1.2
10574.344701744914	1850	20.67214886011949	0.0	1035329	5089.017456204863	1.2000000000000002
10579.41578391892	1850	19.60106668611443	0.0	1026056	5071.0821740050615	1.85
10583.520518133171	1850	19.496332471861837	0.0	943942	4104.734214252588	1.85
10587.18572178973	1850	19.831128815302087	0.0	728962	3665.2036565597514	1.85
10590.557330568216	1850	20.459520036818212	0.0	938587	3371.6087784838737	1.85
10593.743407863012	1850	21.273442742021594	0.0	908665	3186.0772947966198	1.85
10602.068836986717	2850	16.948013618316146	0.0	1402287	8325.42912370545	1.85
10604.93424946075	1200	18.082601144284272	0.0	566904	2865.4124740318744	-0.44999999999999996
10609.00899136553	1200	18.007859239504167	0.0	641452	4074.741904780104	1.2
10613.399635025902	1200	17.617215579132157	0.0	599477	4390.643660372009	1.2
10616.895971990114	1200	18.12087861491986	0.0	634861	3496.336964212297	1.2
10620.486753869536	1200	18.530096735498404	0.0	630203	3590.7818794214604	1.2
10624.720534119966	1200	18.296316485068235	0.0	638661	4233.780250430167	1.2
10627.159210284415	1200	19.857640320617765	0.0	538612	2438.6761644504727	1.2
10631.381494658006	1850	19.635355947027612	0.0	846370	4222.284373590151	1.2000000000000002

