68487.65000802395	750	4.0	1.4188804962043364	450283	1418.8804962043364	-5.351186133678646
68489.53710149527	750	6.112906528683058	0.0	398865	1887.093471316942	0.75
68490.83828956174	750	8.811718462208466	0.0	350812	1301.1880664745927	0.75
68492.60912205829	750	11.040885965655661	0.0	382355	1770.8324965528043	0.75
68494.70463580565	750	12.945372218287115	0.0	411561	2095.5137473685463	0.75
68496.36128085626	750	15.28872716767185	0.0	318564	1656.6450506152646	0.75
68497.98968057997	750	17.660327443979163	0.0	352642	1628.3997236926841	0.75
68499.83969402984	750	19.81031399409671	0.0	437162	1850.0134498824566	0.75
68505.4433671931	1850	18.20664083082846	0.0	852833	5603.67316326825	0.75
68509.35251611435	1850	18.297491909570343	0.0	913888	3909.1489212581146	1.85
68512.58249264308	1850	19.06751538084788	0.0	939819	3229.976528722463	1.85
68516.00351850022	1850	19.646489523701568	0.0	917428	3421.0258571463087	1.85
68518.81434050755	1850	20.835667516369323	0.0	946851	2810.8220073322495	1.85
68521.84006078678	1850	21.809947237144424	0.0	1036454	3025.7202792248972	1.85
68524.25522964014	1850	23.39477838378496	0.0	821631	2415.1688533594656	1.85
68526.95898389278	1850	24.69102413113887	0.0	923170	2703.754252646088	1.85
68529.78645251966	1850	25.8635555042568	0.0	966699	2827.46862688207	1.85
68532.66119256151	1850	26.988815462425425	0.0	885714	2874.740041831376	1.85
68535.78670353234	1850	27.863304491598683	0.0	987708	3125.510970826739	1.85
68539.44684117126	1850	28.203166852669252	0.0	923755	3660.137638929429	1.85
68542.35091670179	1850	29.299091322147056	0.0	891604	2904.0755305221955	1.85
68545.68377784746	1850	29.966230176494058	0.0	955231	3332.8611456529984	1.85
68549.07261813137	1850	30.577389892582335	0.0	968026	3388.840283911722	1.85
68552.1406633442	1850	31.509344679758993	0.0	874175	3068.045212823343	1.85
68554.99266612448	1850	32.65734189947797	0.0	897976	2852.002780281023	1.85
68561.77178477244	4300	29.87822325151975	0.0	2105231	6779.118647958221	1.8499999999999996
68570.45862296058	4300	25.19138506337624	0.0	2395588	8686.83818814351	4.3
68577.67074659605	4300	21.979261427909783	0.0	1972048	7212.123635466456	4.3
68588.44091633687	4300	15.209091687095421	0.0	2134614	10770.169740814363	4.3
68592.68316782342	1850	14.96684020054148	0.0	975811	4242.251486553941	-0.6000000000000001
68596.00806229695	1850	15.641945727000895	0.0	873429	3324.894473540584	1.85
68599.5204669307	1850	16.12954109325072	0.0	954453	3512.404633750176	1.85
68603.47314732427	1850	16.17686069967772	0.0	885062	3952.680393572997	1.85
68607.07638579475	1850	16.573622229212617	0.0	1035329	3603.238470465102	1.85
68611.5432309992	1850	16.10677702475687	0.0	1026056	4466.845204455751	1.85
68617.31368185395	1850	14.33632617001152	0.0	943942	5770.450854745348	1.85
68620.18883850033	1850	15.461169523633604	0.0	728962	2875.1566463779163	1.85
68625.37841746284	1850	14.271590561119028	0.0	938587	5189.578962514575	1.85
68629.22950838026	1850	14.420499643702858	0.0	908665	3851.0909174161693	1.85
68633.6115240321	1850	14.03848399186964	0.0	930577	4382.015651833219	1.85
68639.08215309643	1850	12.56785492753342	0.0	858450	5470.629064336222	1.85
68643.70815647305	1850	11.94185155093364	0.0	1025005	4626.00337659978	1.85
68647.70751049402	1850	11.942497529963667	0.0	886255	3999.354020969973	1.85
68653.6850413936	1850	9.964966630359607	0.0	973972	5977.53089960406	1.85
68659.25865792541	1850	8.391350098549536	0.0	958994	5573.61653181007	1.85
68661.82555633344	750	9.824451690522517	0.0	393804	2566.8984080270175	-0.3500000000000001
68663.74772783811	750	11.902280185841693	0.0	331053	1922.1715046808247	0.75
68665.38480312962	750	14.26520489432629	0.0	314107	1637.0752915154028	0.75

