32106.29791209097	750	4.0	3.3329160368147637	450283	3332.9160368147636	-13.581538958303483
32107.460494203784	300	6.837417887185278	0.0	155580	1162.5821128147213	-0.15000000000000002
32108.513669975426	300	9.784242115544139	0.0	139857	1053.1757716411394	0.3
32109.67522225052	300	12.622689840450825	0.0	155432	1161.5522750933137	0.3
32112.619013077954	750	13.678899013017096	0.0	411561	2943.7908274337287	0.3
32114.91569702311	750	15.38221506786535	0.0	318564	2296.6839451517476	0.75
32117.449508061978	750	16.84840402899654	0.0	352642	2533.811038868807	0.75
32120.57143994013	750	17.726472150848263	0.0	437162	3121.9318781482784	0.75
32123.259142134717	750	19.03876995625886	0.0	374758	2687.702194589403	0.75
32125.86360143295	750	20.434310658028902	0.0	362795	2604.459298229958	0.75
32128.40143440562	750	21.89647768535622	0.0	353220	2537.8329726726815	0.75
32131.300503834165	750	22.99740825681091	0.0	405134	2899.06942854531	0.75
32134.068874330813	750	24.229037760165582	0.0	386351	2768.3704966453297	0.75
32137.17164983567	750	25.12626225530808	0.0	434409	3102.7755048575027	0.75
32141.777087130515	1850	24.52082496046483	0.0	821631	4605.437294843252	0.75
32145.718394678574	1850	24.57951741240265	0.0	923170	3941.3075480621783	1.85
32149.841769295825	1850	24.456142795155387	0.0	966699	4123.374617247267	1.85
32153.626411077537	1850	24.671501013442	0.0	885714	3784.6417817133834	1.85
32157.837659228673	1850	24.46025286230906	0.0	987708	4211.2481511329415	1.85
32161.781413633667	1850	24.516498457313034	0.0	923755	3943.7544049960215	1.85
32165.590691291174	1850	24.7072207998042	0.0	891604	3809.2776575088337	1.85
32169.666099147198	1850	24.631812943783117	0.0	955231	4075.407856021083	1.85
32173.795024156156	1850	24.50288793482438	0.0	968026	4128.9250089587385	1.85
32177.531402207685	1850	24.766509883298383	0.0	874175	3736.378051525997	1.85
32181.367331783793	1850	24.930580307187068	0.0	897976	3835.9295761113153	1.85
32185.23655116219	1850	25.061360928791203	0.0	905935	3869.219378395864	1.85
32189.819600270086	1850	24.478311820895374	0.0	1076599	4583.04910789583	1.85
32193.070881614818	1850	25.227030476161364	0.0	758197	3251.281344734013	1.85
32197.2197662841	1850	25.07814580688074	0.0	972798	4148.884669280621	1.85
32201.381253312255	1850	24.91665877872547	0.0	975811	4161.487028155272	1.85
32205.11451109836	1850	25.1834009926228	0.0	873429	3733.257786102669	1.85
32223.46711836445	1850	10.830793726532105	0.0	954453	18352.607266090694	1.85
32226.28785566187	300	12.01005642911196	0.0	143881	2820.737297420145	-1.25
32229.41459868927	300	12.883313401710101	0.0	163444	3126.7430274018616	0.3
32231.995419295436	300	14.302492795544058	0.0	179328	2580.8206061660426	0.3
32236.49043346786	750	13.807478623115276	0.0	365161	4495.014172428781	0.3
32240.27246774769	750	14.025444343284175	0.0	321064	3782.034279831101	0.75
32244.834956957377	750	13.462955133599982	0.0	361565	4562.489209684193	0.75
32249.571996176077	750	12.725915914902592	0.0	378327	4737.039218697391	0.75
32253.84720224285	750	12.450709848127147	0.0	390680	4275.206066775443	0.75
32257.632576932185	750	12.665335158793146	0.0	345516	3785.3746893340017	0.75
32263.070942623886	750	11.226969467091418	0.0	384505	5438.36569170173	0.75
32267.460460427308	750	10.837451663673372	0.0	372093	4389.517803418045	0.75
32271.856389413028	750	10.441522677952022	0.0	438281	4395.92898572135	0.75
32274.117742651357	300	12.180169439623212	0.0	167025	2261.3532383288084	-0.15000000000000002
32276.507745356408	300	13.790166734573157	0.0	160064	2390.0027050500553	0.3
32278.56408436912	300	15.733827721858125	0.0	137507	2056.3390127150324	0.3
32279.754838465196	300	18.543073625784732	0.0	118421	1190.7540960733916	0.3

