7081.315321066608	750	4.0	4.216930785187015	450283	4216.930785187014	-17.382802376304163
7082.04313085961	300	7.272190206998401	0.0	155580	727.8097930015995	-0.15000000000000002
7082.705472640172	300	10.609848426436475	0.0	139857	662.3417805619276	0.3
7084.377536616282	750	12.937784450326905	0.0	382355	1672.0639761095679	0.3
7087.175997670377	1200	14.139323396231736	0.0	652874	2798.4610540951685	0.75
7089.422504627862	1200	15.892816438746024	0.0	520315	2246.506957485713	1.2
7093.272921678317	1850	16.042399388290676	0.0	905515	3850.41705045535	1.2000000000000002
7097.768616908751	1850	15.546704157856897	0.0	1060487	4495.695230433778	1.85
7101.337067269517	1850	15.97825379709143	0.0	852833	3568.4503607654674	1.85
7104.340911060415	1850	16.974410006192915	0.0	913888	3003.8437908985125	1.85
7107.4277170888545	1850	17.88760397775349	0.0	939819	3086.806028439425	1.85
7112.3705660307605	2850	16.944755035848154	0.0	1519951	4942.8489419053385	1.85
7117.002976045009	2850	16.31234502159967	0.0	1422919	4632.410014248487	2.85
7121.748347910714	2850	15.566973155894182	0.0	1578343	4745.371865705484	2.85
7125.3104912585995	2850	16.00482980800844	0.0	1231445	3562.14334788574	2.85
7129.55020541884	2850	15.765115647767802	0.0	1471065	4239.71416024064	2.85
7133.848059690394	2850	15.467261376214127	0.0	1491626	4297.854271553675	2.85
7137.770326184837	2850	15.544994881770208	0.0	1358801	3922.2664944439184	2.85
7142.101233071429	2850	15.214087995177819	0.0	1537156	4330.906886592389	2.85
7147.5031954445585	4300	13.812125622048582	0.0	2156729	5401.962373129237	2.8499999999999996
7152.440822553515	4300	12.874498513091787	0.0	2039773	4937.6271089567945	4.3
7157.7039850015935	4300	11.611336065013452	0.0	2176469	5263.162448078333	4.3
7163.122568038711	4300	10.192753027897057	0.0	2221506	5418.583037116396	4.3
7167.595350563077	4300	9.71997050353016	0.0	2044075	4472.7825243668985	4.3
7172.040965934394	4300	9.27435513221359	0.0	2186790	4445.61537131657	4.3
7176.323760356251	4300	8.991560710356826	0.0	2105231	4282.7944218567645	4.3
7181.186211252835	4300	8.129109813772555	0.0	2395588	4862.4508965842715	4.3
7185.066139306225	4300	8.249181760383593	0.0	1972048	3879.928053388961	4.3
7188.483663943627	4300	8.831657122981738	0.0	2134614	3417.524637401856	4.3
7192.2566397073215	4300	9.058681359287036	0.0	2164140	3772.975763694704	4.3
7195.942677455808	4300	9.37264361080066	0.0	2113193	3686.037748486374	4.3
7199.687858719499	4300	9.627462347110143	0.0	2147852	3745.1812636905174	4.3
7203.4750572434305	4300	9.840263823179349	0.0	2191074	3787.1985239307937	4.3
7206.690350171067	4300	10.624970895542488	0.0	2286761	3215.2929276368623	4.3
7209.802469612595	4300	11.512851454014577	0.0	2307787	3112.11944152791	4.3
7212.6289494046805	4300	12.686371661928819	0.0	2143948	2826.4797920857577	4.3
7215.069900600161	4300	14.245420466447314	0.0	1919781	2440.951195481505	4.3
7217.702914076476	4300	15.612406990132184	0.0	2147467	2633.0134763151314	4.3
7220.31675490548	4300	16.99856616112865	0.0	2133870	2613.8408290035345	4.3
7222.945141864358	4300	18.370179202250615	0.0	2146120	2628.3869588780317	4.3
7225.528846674579	4300	19.78647439202952	0.0	2108491	2583.704810221097	4.3
7228.238441604675	4300	21.076879461933757	0.0	2184571	2709.594930095761	4.3
7230.8791248113785	4300	22.436196255230524	0.0	2121928	2640.6832067032324	4.3
7233.64750459587	4300	23.66781647073951	0.0	2219102	2768.3797844910146	4.3
7236.4546228223335	4300	24.860698244275913	0.0	2124950	2807.1182264635972	4.3
7239.193823891968	4300	26.12149717464072	0.0	2246506	2739.2010696351895	4.3
7241.523802489801	4300	27.791518576808656	0.0	1961140	2329.978597832065	4.3
7244.076206743485	4300	29.239114323123925	0.0	2155012	2552.4042536847314	4.3

