87378.95342550184	750	4.0	4.736142853943908	450283	4736.1428539439075	-19.6154142719588
87380.24095796875	300	6.712467533084924	0.0	155580	1287.5324669150764	-0.15000000000000002
87381.40645654328	300	9.546968958555153	0.0	139857	1165.4985745297713	0.3
87382.65000073733	300	12.30342476451335	0.0	155432	1243.544194041803	0.3
87383.71633087967	300	15.237094622162486	0.0	163442	1066.3301423508658	0.3
87384.55845228878	300	18.394973213054982	0.0	126289	842.1214091075029	0.3
87386.76655543277	750	20.186870069071833	0.0	352642	2208.10314398315	0.3
87391.04917487506	1200	19.90425062677744	0.0	709534	4282.619442294391	0.75
87393.76832391346	1200	21.185101588378682	0.0	584846	2719.149038398759	1.2
87397.97229267859	1850	20.981132823260744	0.0	913888	4203.9687651179365	1.2000000000000002
87402.29327647625	1850	20.660149025613357	0.0	939819	4320.983797647386	1.85
87408.52785071889	1850	18.425574782981016	0.0	917428	6234.574242632342	1.85
87414.12390531618	1850	16.829520185683997	0.0	946851	5596.054597297021	1.85
87420.12001301239	1850	14.833412489479477	0.0	1036454	5996.107696204519	1.85
87424.88990516636	1850	14.063520335519712	0.0	821631	4769.892153959766	1.85
87430.2393847013	1850	12.714040800581236	0.0	923170	5349.479534938478	1.85
87435.80273511767	1850	11.150690384199283	0.0	966699	5563.350416381952	1.85
87440.36507456127	1850	10.588350940599398	0.0	885714	4562.339443599886	1.85
87445.44357580112	1850	9.509849700741885	0.0	987708	5078.501239857513	1.85
87449.42274273817	1850	9.530682763693841	0.0	923755	3979.1669370480427	1.85
87453.11325792373	1850	9.840167578134771	0.0	891604	3690.5151855590707	1.85
87457.04909469417	1850	9.904330807700958	0.0	955231	3935.8367704338125	1.85
87461.0365791095	1850	9.916846392375282	0.0	968026	3987.484415325677	1.85
87464.74091771335	1850	10.212507788499883	0.0	874175	3704.3386038754	1.85
87468.56975383598	1850	10.383671665884545	0.0	897976	3828.836122615337	1.85
87471.09992659664	1850	11.85349890521502	0.0	905935	2530.1727606695267	1.85
87475.0547626806	1850	11.898662821263176	0.0	1076599	3954.8360839518423	1.85
87477.10950835855	1850	13.843917143295053	0.0	758197	2054.745677968123	1.85
87479.7231884523	1850	15.230237049551562	0.0	972798	2613.6800937434914	1.85
87483.86954239648	2850	15.083883105363515	0.0	1561263	4146.3539441880475	1.85
87487.4427385949	2850	15.510686906965837	0.0	1341201	3573.196198397678	2.85
87491.42349661847	2850	15.529928883369948	0.0	1497683	3980.758023595889	2.85
87495.04065725757	2850	15.912768244274005	0.0	1358081	3617.1606390959423	2.85
87501.31545655202	2850	13.637968949813796	0.0	1587293	6274.799294460209	2.85
87507.1019134846	2850	11.8515120172389	0.0	1492672	5786.456932574897	2.85
87514.55711503784	2850	8.396310464004145	0.0	1439896	7455.201553234753	2.85
87517.47487200979	1850	9.478553492068139	0.0	728962	2917.7569719360063	0.8500000000000001
87523.11764221075	1850	7.835783291098604	0.0	938587	5642.770200969534	1.85
87525.78653667202	1200	9.166888829831448	0.0	605884	2668.8944612671557	0.5499999999999999
87528.33354820938	1200	10.61987729247117	0.0	587506	2547.0115373602775	1.2
87531.1837231674	1200	11.769702334450802	0.0	566904	2850.1749580203696	1.2
87534.71304356247	1200	12.240381939384875	0.0	641452	3529.320395065926	1.2
87537.92866607454	1200	13.024759427312672	0.0	599477	3215.6225120722033	1.2
87542.6824017709	1200	12.271023730956177	0.0	634861	4753.735696356496	1.2
87545.7620217119	1200	13.19140378995971	0.0	630203	3079.6199409964674	1.2
87551.96325417656	1850	10.990171325297117	0.0	982064	6201.232464662592	1.2000000000000002
87557.4138495929	1850	9.53957590895362	0.0	830730	5450.595416343499	1.85
87565.02711625042	2850	5.926309251421934	0.0	1364537	7613.266657531685	1.85

