58454.98189290427	750	4.0	3.599503647752503	450283	3599.503647752503	-14.727865685335763
58456.24140250711	300	6.740490397151983	0.0	155580	1259.5096028480177	-0.15000000000000002
58457.425311467734	300	9.55658143653014	0.0	139857	1183.9089606218433	0.3
58458.800650322555	300	12.181242581708542	0.0	155432	1375.338854821597	0.3
58462.09195210095	750	12.889940803316748	0.0	411561	3291.301778391795	0.3
58464.678896180296	750	14.302996723970601	0.0	318564	2586.944079346147	0.75
58467.562479525266	750	15.41941337899855	0.0	352642	2883.5833449720503	0.75
58471.10897979092	750	15.872913113341633	0.0	437162	3546.500265656915	0.75
58474.376039668845	750	16.605853235425826	0.0	374758	3267.059877915808	0.75
58477.55256438123	750	17.429328523038958	0.0	362795	3176.5247123868685	0.75
58480.645073968706	750	18.3368189355596	0.0	353220	3092.5095874793583	0.75
58484.23727657698	750	18.744616327288863	0.0	405134	3592.202608270738	0.75
58487.53789866506	750	19.443994239210266	0.0	386351	3300.622088078595	0.75
58491.11300354781	750	19.86888935645992	0.0	434409	3575.1048827503464	0.75
58493.955039996814	750	21.02685290746215	0.0	337059	2842.036448997769	0.75
58496.87861298904	750	22.103279915223737	0.0	366214	2923.5729922384126	0.75
58499.76464999656	750	23.217242907705767	0.0	360831	2886.0370075179703	0.75
58502.813272905376	750	24.168619998888804	0.0	372963	3048.622908816963	0.75
58506.15955453676	750	24.8223383675088	0.0	405596	3346.2816313800063	0.75
58509.14118241782	750	25.84071048644715	0.0	350713	2981.6278810616473	0.75
58512.314272620584	750	26.667620283694518	0.0	386472	3173.0902027526317	0.75
58520.364356563216	1850	22.617536341057637	0.0	955231	8050.083942636885	0.75
58528.615310869565	1850	18.36658203471007	0.0	968026	8250.954306347565	1.85
58535.91466680549	1850	15.067226098786094	0.0	874175	7299.355935923977	1.85
58543.852498495304	1850	11.129394408970297	0.0	897976	7937.831689815798	1.85
58551.67150629088	1850	7.310386613396919	0.0	905935	7819.007795573377	1.85
58555.079506788046	750	7.902386116225185	0.0	425781	3408.0004971717344	-0.3500000000000001
58556.070876297934	300	10.911016606333808	0.0	111155	991.3695098913786	-0.15000000000000002
58557.4285997818	300	13.55329312246717	0.0	153605	1357.7234838666373	0.3
58560.81212324119	750	14.169769663082803	0.0	400508	3383.5234593843675	0.3
58563.804949880985	750	15.176943023282444	0.0	358218	2992.8266398003598	0.75
58567.07451888002	750	15.907374024244088	0.0	400322	3269.5689990383544	0.75
58570.34595873583	750	16.635934168440905	0.0	369834	3271.4398558031853	0.75
58573.738015710005	750	17.243877194267558	0.0	412837	3392.0569741733443	0.75
58577.11396259249	750	17.86793031177976	0.0	401088	3375.9468824878027	0.75
58580.094504666005	750	18.887388238258954	0.0	365161	2980.5420735208027	0.75
58582.81704565426	750	20.164847250004204	0.0	321064	2722.540988254752	0.75
58585.89427326578	750	21.087619638483105	0.0	361565	3077.2276115211007	0.75
58589.37712535944	750	21.60476754482122	0.0	378327	3482.8520936618847	0.75
58592.86791421099	750	22.11397869326984	0.0	390680	3490.7888515513796	0.75
58595.94291452094	750	23.0389783833217	0.0	345516	3075.0003099481387	0.75
58599.16410276177	750	23.81779014249023	0.0	384505	3221.188240831469	0.75
58602.26047770896	750	24.721415195306523	0.0	372093	3096.3749471837054	0.75
58610.75666543127	1850	20.2252274729926	0.0	973972	8496.187722313925	0.75
58618.88175272159	1850	16.10014018267371	0.0	958994	8125.087290318891	1.85
58626.96864261496	1850	12.013250289305386	0.0	982064	8086.889893368324	1.85
58633.95253470945	1850	9.029358194806663	0.0	830730	6983.892094498722	1.85
58636.77598471679	750	10.205908187470516	0.0	314107	2823.450007336147	-0.3500000000000001

