1584.759591926234	750	4.0	1.5225731928695017	450283	1522.5731928695016	-5.797064729338857
1585.2554218106422	300	7.504170115591404	0.0	155580	495.82988440859583	-0.15000000000000002
1585.7886835855666	300	10.97090834066735	0.0	139857	533.2617749240532	0.3
1586.7577186622138	300	14.001873264019975	0.0	155432	969.035076647375	0.3
1587.7193969780162	300	17.040194948217493	0.0	163442	961.6783158024832	0.3
1588.4724704131334	300	20.287121513100473	0.0	126289	753.0734351170212	0.3
1589.552351741557	300	23.207240184676692	0.0	153295	1079.8813284237795	0.3
1591.176280217338	300	25.583311708895767	0.0	173849	1623.928475780926	0.3
1592.0028902263555	300	28.756701699878096	0.0	150710	826.6100090176703	0.3
1592.632209925914	300	32.1273820003197	0.0	139105	629.3196995583954	0.3
1593.2723300235766	300	35.487261902657046	0.0	141840	640.1200976626492	0.3
1594.0141137025946	300	38.74547822363904	0.0	156148	741.7836790180099	0.3
1594.7993413020947	300	41.96025062413888	0.0	160746	785.2275995001644	0.3
1595.6681673233813	300	45.09142460285232	0.0	179801	868.8260212865581	0.3
1596.3626014650558	300	48.39699046117789	0.0	140051	694.4341416744275	0.3
1597.0494106234153	300	51.710181302818334	0.0	138313	686.8091583595625	0.3
1597.7590157618117	300	55.00057616442192	0.0	143509	709.6051383964086	0.3
1600.3540207058088	300	56.40557122042485	0.0	150616	2595.004943997075	0.3
1602.3034833745912	300	58.45610855164248	0.0	165384	1949.462668782368	0.3
1603.671632551874	300	59.813266252164546	0.0	140881	642.8422994779298	0.3
1604.8544446997068	300	59.78251365240067	0.0	157671	530.7525997638832	0.3
1606.2923790226948	300	59.864076406091	0.0	157812	918.437246309669	0.3
1607.1514905768497	300	59.904269167352815	0.0	163927	459.80723873818596	0.3
1608.983744034344	300	59.637794605864016	0.0	137654	1266.4745614888034	0.3
1610.252981765716	300	59.50606517863096	0.0	146754	631.7294272330546	0.3
1611.7934922390673	300	59.764564094024486	0.0	153938	1241.501084606473	0.3
1612.5368610539513	300	59.75238438095496	0.0	181901	512.1797130695304	0.3
1613.0916927207838	300	59.790563107995965	0.0	111155	461.8212729589932	0.3
1616.0063792960143	300	59.84822499726758	0.0	153605	942.3381107283847	0.3
1619.296350921759	750	59.89741332319614	0.0	400508	1450.8116740714418	0.3
1622.8822847148006	750	59.7380264702121	0.0	358218	1659.386852984043	0.75
1625.1046743980319	750	59.54710495847515	0.0	400322	2190.9215117369477	0.75
1628.2643840991045	750	59.69448432338598	0.0	369834	1352.6206350891719	0.75
1632.1714681757983	750	59.787400246692144	0.0	412837	3907.0840766938313	0.75
1635.3474039194855	750	59.974518852687154	0.0	401088	1812.8813940049902	0.75
1638.2564137173724	750	59.66504123253488	0.0	365161	1309.4776201522745	0.75
1641.1659245262365	750	59.876051935120124	0.0	321064	1788.9892974147563	0.75
1643.9683132039509	750	59.98911831003769	0.0	361565	1886.9336250824356	0.75
1646.4233158319157	750	59.67884455857115	0.0	378327	1310.2737514665366	0.75
1649.0219858410735	750	59.67137389974141	0.0	390680	1507.4706588297383	0.75
1651.528774416974	750	59.919079255355236	0.0	345516	1752.2946443861708	0.75
1653.8252425172045	750	59.852592331497135	0.0	384505	1566.486923858099	0.75
1656.863514373893	750	59.915446960839084	0.0	372093	2437.145370658051	0.75
1659.6219840226972	750	59.540275373452204	0.0	438281	1875.1715873868784	0.75
1661.9141029582047	750	59.54436492590703	0.0	398987	1495.9104475451757	0.75
1664.5410943951013	750	59.58997349843988	0.0	393804	1954.3914274671502	0.75
1667.838342985034	750	59.74514914118836	0.0	331053	2844.824357251526	0.75
1669.5416772785907	750	59.822694141250594	0.0	314107	1422.4549999377616	0.75

