45833.99418230922	750	4.0	1.0410549373086306	450283	1041.0549373086305	-3.7265362304271115
45834.37446813735	300	7.6197141718690755	0.0	155580	380.28582813092476	-0.15000000000000002
45835.28190902311	300	10.712273286112756	0.0	139857	907.440885756319	0.3
45838.84800752723	300	11.146174781996047	0.0	155432	3566.098504116709	0.3
45839.59666362328	300	14.397518685958504	0.0	163442	748.6560960375432	0.3
45840.1933234152	300	17.80085889402935	0.0	126289	596.659791929157	0.3
45840.90053015241	300	21.09365215682092	0.0	153295	707.2067372084292	0.3
45841.69786118492	300	24.296321124310364	0.0	173849	797.3310325105547	0.3
45842.39971670269	300	27.594465606535366	0.0	150710	701.8555177749984	0.3
45843.05368798396	300	30.9404943252661	0.0	139105	653.9712812692665	0.3
45843.76644207345	300	34.22774023577387	0.0	141840	712.7540894922225	0.3
45844.56540922466	300	37.42877308456748	0.0	156148	798.967151206392	0.3
45845.38400178506	300	40.61018052416365	0.0	160746	818.5925604038288	0.3
45846.09257796938	300	43.90160433984503	0.0	179801	708.5761843186278	0.3
45846.66218994701	300	47.33199236221416	0.0	140051	569.6119776308706	0.3
45847.225725955046	300	50.76845635417381	0.0	138313	563.5360080403467	0.3
45847.99690023116	300	53.997282078061815	0.0	143509	771.1742761119943	0.3
45849.53324002992	300	56.46094227930132	0.0	150616	1536.3397987604903	0.3
45850.61792916065	300	59.37625314857099	0.0	165384	1084.6891307303326	0.3
45851.98291241605	300	59.53066239904032	0.0	140881	845.5907495306711	0.3
45852.96002782882	300	59.51380103904158	0.0	157671	516.861359998738	0.3
45853.54345189975	300	59.660715900256456	0.0	157812	353.0851387851192	0.3
45854.62211895273	300	59.699052016292065	0.0	163927	961.6638839643908	0.3
45857.1954657399	750	59.91838015951445	0.0	343800	780.6718567776184	0.3
45858.60559433615	750	59.58115332753255	0.0	359903	1337.2268319818963	0.75
45861.61544165765	750	59.57018049172067	0.0	379700	1010.9728358118795	0.75
45865.184996868345	750	59.996840103464635	0.0	425781	2073.3403882560283	0.75
45868.07324292737	1200	59.758324547118974	0.0	487160	1238.515556345668	0.75
45872.43302247666	1850	59.39854499783629	0.0	972798	4359.779549282685	1.2000000000000002
45876.31280750972	1850	59.51875996477361	0.0	975811	2879.785033062686	1.85
45879.93048510586	1850	59.541068714969164	0.0	873429	1977.6912498044378	1.85
45883.780855068	1850	59.641376875570984	0.0	954453	2399.6918393981846	1.85
45887.602917692784	1850	59.81931425079179	0.0	885062	3322.0626247791897	1.85
45891.60591499698	1850	59.62568610214982	0.0	1035329	2693.628148641977	1.85
45895.299907839086	1850	59.64537411392758	0.0	1026056	2480.3119882222363	1.85
45897.82567515888	1850	59.82483084471751	0.0	943942	1820.5432692100705	1.85
45900.5341556489	1850	59.78220269749952	0.0	728962	2042.628147217981	1.85
45902.91975956877	1850	59.879326887968176	0.0	938587	1902.8758095313456	1.85
45906.34924844912	1850	59.62044641526315	0.0	908665	2758.8804727050233	1.85
45909.27916973706	1850	59.52879016296487	0.0	930577	2091.6562522982836	1.85
45912.00105440758	1850	59.71998032338452	0.0	858450	2308.809839580352	1.85
45914.74508340442	1850	59.76050317292013	0.0	1025005	2459.4771504643877	1.85
45917.93324062953	1850	59.52520048906218	0.0	886255	2735.3026838579526	1.85
45920.91796106804	1850	59.713767581433856	0.0	973972	2811.432907628317	1.85
45923.897287360276	1850	59.51974815425125	0.0	958994	2694.0194271826026	1.85
45927.45541916618	1850	59.96161634834915	0.0	982064	2058.131805902097	1.85
45931.4688990322	1850	59.948136482323115	0.0	830730	3013.4798660260417	1.85
45934.4734644203	1850	59.50381309277328	0.0	846370	2944.3233895498342	1.85

