59253.59377048882	750	4.0	1.4890855832487384	450283	1489.0855832487384	-5.6530680079695745
59254.0853411364	300	7.5084293524206185	0.0	155580	491.5706475793812	-0.15000000000000002
59254.65253922033	300	10.941231268491403	0.0	139857	567.1980839292157	0.3
59255.237985486965	300	14.355785001859589	0.0	155432	585.4462666318145	0.3
59256.593026353694	750	17.000744135130624	0.0	411561	1355.040866728967	0.3
59259.87630401111	750	17.717466477717426	0.0	318564	3283.2776574131985	0.75
59264.949063669636	750	16.644706819187064	0.0	352642	5072.759658530364	0.75
59266.78424519212	750	18.80952529670525	0.0	437162	1835.1815224818115	0.75
59269.192545621976	1200	20.401224866848597	0.0	584846	2408.300429856654	0.75
59271.190765776584	1200	22.403004712241284	0.0	560821	1998.2201546073145	1.2
59274.217698902816	1850	23.376071586005104	0.0	939819	3026.9331262361807	1.2000000000000002
59277.316984226396	1850	24.276786262425613	0.0	917428	3099.285323579491	1.85
59280.139030483406	1850	25.454740005424522	0.0	946851	2822.046257001089	1.85
59286.31071275246	2850	23.28305773636596	0.0	1578343	6171.682269058562	1.85
59289.185352883556	1850	24.4084176052697	0.0	821631	2874.6401310962597	0.8500000000000001
59292.00505674748	1850	25.58871374134593	0.0	923170	2819.7038639237676	1.85
59297.152143590196	2850	24.441626898629277	0.0	1491626	5147.086842716654	1.85
59299.92912292524	1850	25.664647563582466	0.0	885714	2776.9793350468103	0.8500000000000001
59304.61630976383	2850	24.97746072500223	0.0	1537156	4687.186838580238	1.85
59309.48905090058	2850	24.10471958825176	0.0	1336050	4872.741136750468	2.85
59312.78060968745	1850	24.813160801380445	0.0	891604	3291.5587868713183	0.8500000000000001
59318.105439376166	1850	23.48833111266003	0.0	955231	5324.829688720413	1.85
59323.028232231474	1850	22.565538257355982	0.0	968026	4922.792855304047	1.85
59328.50280635328	1200	21.09096413554937	0.0	536667	5474.574121806615	0.5499999999999999
59331.154586116034	1200	22.439184372795534	0.0	587236	2651.7797627538353	1.2
59336.85837731048	1850	20.73539317835051	0.0	905935	5703.791194445024	1.2000000000000002
59340.65321364759	1200	20.940556841239484	0.0	696376	3794.8363371110227	0.5499999999999999
59342.786292125165	1200	22.80747836366269	0.0	487160	2133.078477576797	1.2
59347.692144625114	1850	21.901625863718692	0.0	972798	4905.852499943999	1.2000000000000002
59351.990599879406	1850	21.603170609425522	0.0	975811	4298.455254293172	1.85
59354.53414620539	1200	23.059624283442602	0.0	570392	2543.546325982919	0.5499999999999999
59359.93542287756	1850	21.658347611265174	0.0	954453	5401.276672177429	1.2000000000000002
59363.7067861583	1850	21.88698433053113	0.0	885062	3771.363280734045	1.85
59365.93725168603	1200	23.656518802806378	0.0	670129	2230.4655277247525	0.5499999999999999
59370.01197671594	1850	23.58179377289274	0.0	1026056	4074.725029913636	1.2000000000000002
59373.362718455224	1850	24.231052033610684	0.0	943942	3350.7417392820553	1.85
59375.671520905584	1850	25.922249583252334	0.0	728962	2308.8024503583497	1.85
59380.88471988872	2850	24.709050600112224	0.0	1499009	5213.198983140112	1.85
59385.82389674299	1850	23.769873745845146	0.0	908665	4939.176854267075	0.8500000000000001
59391.76664698032	1850	21.827123508517886	0.0	930577	5942.750237327263	1.85
59397.03226362708	1850	20.56150686175865	0.0	858450	5265.616646759233	1.85
59400.524948482	1200	21.068822006839138	0.0	641452	3492.684854919514	0.5499999999999999
59402.72273238227	1200	22.871038106562178	0.0	599477	2197.783900276962	1.2
59406.402584165044	1850	23.19118632379616	0.0	973972	3679.851782766018	1.2000000000000002
59410.213932086015	1850	23.379838402827897	0.0	958994	3811.347920968262	1.85
59413.99177823452	1850	23.60199225431842	0.0	982064	3777.846148509472	1.85
59416.99606348317	1850	24.597707005664343	0.0	830730	3004.2852486540805	1.85
59419.84103685129	1850	25.752733637544413	0.0	846370	2844.97336811993	1.85

