34172.17732082131	750	4.0	7.6593528623060605	450283	7659.35286230606	-32.18521730791606
34173.305856047155	300	6.871464774161608	0.0	155580	1128.5352258383916	-0.15000000000000002
34174.30146068238	300	9.875860138936465	0.0	139857	995.6046352251433	0.3
34179.55875279311	1200	8.618568028200672	0.0	617681	5257.292110735793	0.29999999999999993
34182.52063590674	750	9.656684914568533	0.0	411561	2961.883113632138	0.3
34185.99665456897	1200	10.180666252338833	0.0	520315	3476.0186622297006	0.75
34189.70407673368	1200	10.473244087628288	0.0	561791	3707.4221647105464	1.2
34194.39129987882	1200	9.786020942489634	0.0	709534	4687.223145138654	1.2
34198.33445967858	1200	9.842861142730843	0.0	584846	3943.1597997587896	1.2
34201.98467515821	1200	10.19264566310487	0.0	560821	3650.2154796259733	1.2
34205.903799343476	1200	10.273521477841179	0.0	607410	3919.1241852636895	1.2
34209.87175432043	1200	10.30556650088385	0.0	594078	3967.9549769573287	1.2
34214.45441133627	1200	9.722909485046323	0.0	624282	4582.657015837529	1.2
34220.22875263438	1200	7.948568186944325	0.0	687371	5774.341298101997	1.2
34223.052795260104	750	9.124525561218713	0.0	337059	2824.042625725613	0.3
34227.379167315856	1200	8.798153505461663	0.0	587876	4326.372055757049	0.75
34229.97370086482	750	10.203619956498219	0.0	360831	2594.5335489634426	0.3
34235.89265214873	1200	8.28466867259064	0.0	581493	5918.951283907581	0.75
34239.981945258536	750	8.195375562784827	0.0	405596	4089.293109805813	0.3
34242.351243372694	750	9.82607744862441	0.0	350713	2369.2981141604178	0.75
34252.439031377005	1200	4.0	0.2617105556856368	601738	10087.788004310047	-0.37535538944823826
34253.53057762308	300	6.908453753922108	0.0	157812	1091.5462460778922	-0.6000000000000001
34254.65899366652	300	9.780037710483379	0.0	163927	1128.4160434387281	0.3
34259.52297285086	1200	8.916058526148285	0.0	536667	4863.979184335093	0.29999999999999993
34262.69234539445	750	9.7466859825587	0.0	359903	3169.372543589585	0.3
34267.97530649882	1200	8.46372487818816	0.0	590335	5282.961104370541	0.75
34272.50260621109	750	7.936425165916379	0.0	425781	4527.29971227178	0.3
34274.71587896556	750	9.72315241144939	0.0	277716	2213.2727544669874	0.75
34280.824499471746	1200	7.614531905257947	0.0	622896	6108.620506191444	0.75
34283.71810571167	750	8.720925665337997	0.0	400508	2893.606239919949	0.3
34286.456211767596	750	9.982819609407374	0.0	358218	2738.1060559306247	0.75
34290.63291856799	1200	9.806112809010356	0.0	620283	4176.706800397019	0.75
34296.3563157018	1200	8.082715675209036	0.0	584349	5723.397133801321	1.2
34299.152460848534	750	9.286570528473442	0.0	412837	2796.145146735594	0.3
34304.89972634172	1200	7.539305035289053	0.0	690253	5747.265493184388	0.75
34307.29429991318	750	9.14473146383142	0.0	365161	2394.5735714576326	0.3
34310.42869656598	1200	10.010334811027297	0.0	487812	3134.3966528041233	0.75
34315.029341401016	1200	9.40968997598649	0.0	575591	4600.644835040805	1.2
34319.87457724413	1200	8.564454132871859	0.0	605884	4845.23584311463	1.2
34322.45451356371	750	9.984517813296625	0.0	390680	2579.936319575235	0.3
34326.225055050825	1200	10.213976326177985	0.0	566904	3770.5414871186413	0.75
34332.37877669467	1200	8.060254682335291	0.0	641452	6153.721643842693	1.2
34334.795351620975	750	9.643679756034588	0.0	372093	2416.574926300703	0.3
34338.86568703509	1200	9.573344341911865	0.0	634861	4070.3354141227223	0.75
34343.15144238887	1200	9.28758898813554	0.0	630203	4285.755353776325	1.2
34347.95540700596	1200	8.48362437104817	0.0	638661	4803.964617087369	1.2
34351.648029995726	750	8.791001381283701	0.0	331053	3692.62298976447	0.3
34355.14743581977	750	9.291595557237434	0.0	314107	3499.405824046267	0.75

