56424.8326421974	750	4.0	10.536082311941774	450283	10536.082311941775	-44.55515394134963
56430.49814349208	300	4.0	1.6655012946787255	155580	5665.501294678726	-7.31165556711852
56433.269424901795	300	5.228718590278819	0.0	139857	2771.2814097211804	0.3
56436.61115274488	300	5.886990747198592	0.0	155432	3341.7278430802276	0.3
56445.64277590536	300	4.0	3.1446324132796253	163442	9031.623160478217	-13.221919377102388
56450.11040150678	300	4.0	0.46762560141906395	126289	4467.625601419064	-1.710790086101975
56457.0995556415	300	4.0	2.9891541347221056	153295	6989.1541347221055	-12.553362779305052
56461.67364275339	300	4.0	0.5740871118886999	173849	4574.0871118887	-2.1685745811214097
56464.67955945499	300	4.99408329839929	0.0	150710	3005.91670160071	0.3
56466.50799703966	300	7.1656457137293215	0.0	139105	1828.4375846699672	0.3
56469.19604340788	300	8.47759934551247	0.0	141840	2688.0463682168524	0.3
56475.31329383177	300	6.360348921619563	0.0	156148	6117.250423892907	0.3
56481.488331062326	300	4.185311691068344	0.0	160746	6175.037230551218	0.3
56486.96291743342	300	4.0	1.289274680024827	179801	5474.586371093172	-5.243881124106756
56489.405963498364	300	5.55695393505419	0.0	140051	2443.04606494581	0.3
56503.95686566062	300	4.0	8.993948227209886	138313	14550.902162264078	-38.37397737700251
56513.46064449166	300	4.0	5.503778831037666	143509	9503.778831037665	-23.36624897346196
56518.55235121821	300	4.0	1.0917067265529403	150616	5091.70672655294	-4.394338924177643
56522.136750621205	300	4.415600597004164	0.0	165384	3584.3994029958353	0.3
56525.89610777813	300	4.656243440086783	0.0	140881	3759.357156917381	0.3
56530.1292426197	300	4.423108598512118	0.0	157671	4233.134841574665	0.3
56532.83165795917	300	5.720693259041518	0.0	157812	2702.4153394706	0.3
56538.99354769586	300	4.0	0.44119647765032916	163927	6161.889736691847	-1.5971448538964153
56541.651868670226	300	5.341679025633364	0.0	137654	2658.320974366636	0.3
56544.8952009999	300	6.098346695954402	0.0	146754	3243.3323296789627	0.3
56552.99216467052	300	4.0	1.9986169746620461	153938	8096.963670616448	-8.294052991046797
56560.647513227326	300	4.0	3.655348556811171	181901	7655.348556811171	-15.417998794288033
56564.99668314613	300	4.0	0.3491699188000939	111155	4349.169918800094	-1.2014306508404036
56569.51426073155	300	4.0	0.5175775854202529	153605	4517.577585420253	-1.9255836173070875
56572.86626982722	300	4.647990904331358	0.0	149029	3352.009095668642	0.3
56574.97055495491	300	6.5437057766388005	0.0	157421	2104.2851276925576	0.3
56577.78369197711	300	7.730568754439302	0.0	157488	2813.137022199498	0.3
56583.62921805329	300	5.885042678259237	0.0	143881	5845.5260761800655	0.3
56589.334130786556	300	4.180129944992042	0.0	163444	5704.912733267195	0.3
56595.38973612818	300	4.0	1.8754753966332756	179328	6055.605341625317	-7.764544205523085
56598.181064450866	300	5.208671677314525	0.0	159914	2791.328322685475	0.3
56612.54644567189	300	4.0	9.156709543714026	131610	14365.38122102855	-39.073851037970314
56621.1400387142	300	4.0	4.593593042304934	124011	8593.593042304934	-19.452450081911216
56626.726611639446	300	4.0	1.5865729252488372	144254	5586.572925248837	-6.52226357857
56629.77196292004	300	4.954648719408289	0.0	149991	3045.3512805917107	0.3
56633.45654078211	300	5.270070857337545	0.0	147968	3684.577862070744	0.3
56637.742814302204	300	4.983797337239257	0.0	161857	4286.273520098288	0.3
56640.43509261916	300	6.2915190202870335	0.0	145210	2692.2783169522236	0.3
56646.989416851415	300	4.0	0.2628052119690528	172312	6554.324232256086	-0.830062411466927
56650.18126212516	300	4.808154726259738	0.0	167025	3191.8452737402627	0.3
56653.71300081512	300	5.276416036293933	0.0	160064	3531.738689965804	0.3
56661.224340669265	300	4.0	2.2349238178486965	137507	7511.33985414263	-9.310172416749394
56666.26450306967	300	4.0	1.0401624004062195	118421	5040.16240040622	-4.172698321746744

