36617.082475223615	750	4.0	3.7103064296388837	450283	3710.306429638884	-15.2043176474472
36618.356688378924	300	6.725786844695872	0.0	155580	1274.213155304128	-0.15000000000000002
36619.51021369877	300	9.572261524851616	0.0	139857	1153.5253198442565	0.3
36620.78329082407	300	12.29918439954482	0.0	155432	1273.0771253067953	0.3
36622.11785173504	300	14.964623488571577	0.0	163442	1334.5609109732438	0.3
36624.643110249024	750	16.43936497458325	0.0	318564	2525.2585139883286	0.3
36627.42994734578	750	17.652527877830718	0.0	352642	2786.837096752528	0.75
36630.86554968155	750	18.216925542060935	0.0	437162	3435.6023357697854	0.75
36633.82214650412	750	19.260328719490783	0.0	374758	2956.596822570153	0.75
36636.68691679387	750	20.395558429745563	0.0	362795	2864.7702897452186	0.75
36639.47819054832	750	21.60428467530075	0.0	353220	2791.2737544448137	0.75
36642.66794985196	750	22.41452537165644	0.0	405134	3189.759303644315	0.75
36650.01586295334	1850	19.066612270275353	0.0	946851	7347.913101381083	0.75
36658.051557783445	1850	15.030917440171324	0.0	1036454	8035.6948301040275	1.85
36664.43829739655	1850	12.644177827073975	0.0	821631	6386.739613097351	1.85
36667.329311514404	750	13.7531637092147	0.0	366214	2891.0141178592744	-0.3500000000000001
36670.19445936019	750	14.888015863435868	0.0	360831	2865.1478457788303	0.75
36673.15949932109	750	15.922975902538614	0.0	372963	2965.0399608972552	0.75
36676.376970512545	750	16.70550471107972	0.0	405596	3217.471191458893	0.75
36679.16989651273	750	17.91257871089697	0.0	350713	2792.92600018275	0.75
36682.239434788025	750	18.843040435604557	0.0	386472	3069.5382752924124	0.75
36685.41279839279	750	19.66967683084203	0.0	399894	3173.363604762529	0.75
36688.61312632767	750	20.4693488959612	0.0	401853	3200.327934880829	0.75
36691.3688334288	750	21.71364179483068	0.0	343800	2755.7071011305216	0.75
36694.24986604317	750	22.83260918046716	0.0	359903	2881.0326143635193	0.75
36697.31308575768	750	23.769389465955157	0.0	379700	3063.2197145120012	0.75
36700.954057071	750	24.128418152634193	0.0	425781	3640.971313320967	0.75
36707.375152063134	1850	21.707323160499698	0.0	758197	6421.094992134495	0.75
36715.22727978622	1850	17.855195437414245	0.0	972798	7852.127723085453	1.85
36722.25312850858	1850	14.829346715055543	0.0	975811	7025.848722358702	1.85
36728.55021942446	1850	12.532255799170155	0.0	873429	6297.090915885389	1.85
36735.424041333215	1850	9.658433890417916	0.0	954453	6873.821908752237	1.85
36738.13652960849	750	10.94594561514247	0.0	369834	2712.4882752754456	-0.3500000000000001
36741.15511438463	750	11.927360838999961	0.0	412837	3018.5847761425102	0.75
36744.09006946543	750	12.992405758197012	0.0	401088	2934.955080802949	0.75
36746.76929520207	750	14.313180021547984	0.0	365161	2679.2257366490285	0.75
36749.13463731668	750	15.947837906942416	0.0	321064	2365.342114605568	0.75
36751.788266629424	750	17.29420859419679	0.0	361565	2653.629312745627	0.75
36754.56120830521	750	18.521266918417563	0.0	378327	2772.941675779224	0.75
36757.42207896443	750	19.66039625919042	0.0	390680	2860.8706592271424	0.75
36759.816618342986	750	21.26585688063408	0.0	345516	2394.539378556341	0.75
36762.41961982433	750	22.662855399292212	0.0	384505	2603.0014813418634	0.75
36764.94117764594	750	24.141297577685375	0.0	372093	2521.5578216068398	0.75
36767.69383477636	750	25.38864044726713	0.0	438281	2752.657130418249	0.75
36771.98592050402	1850	25.096554719603084	0.0	958994	4292.085727664041	0.75
36776.20430166965	1850	24.87817355397304	0.0	982064	4218.381165630046	1.85
36779.78496698853	1850	25.297508235089698	0.0	830730	3580.665318883339	1.85
36783.43153868565	1850	25.650936537975966	0.0	846370	3646.5716971137335	1.85

