67457.8127720217	750	4.0	12.880998703764101	450283	12880.9987037641	-54.63829442618563
67462.39794853842	300	4.0	0.5851765167306812	155580	4585.176516730681	-2.6662590219419293
67466.4860685001	300	4.0	0.08811996168491805	139857	4088.119961684918	-0.07891583524514761
67470.9007245625	300	4.0	0.4146560623978694	155432	4414.656062397869	-1.4830210683108382
67475.52894005884	300	4.0	0.6282154963436133	163442	4628.215496343613	-2.4013266342775372
67479.12327289139	300	4.405667167449379	0.0	126289	3594.3328325506213	0.3
67483.60474345121	300	4.0	0.07580339236642067	153295	4481.4705598158	-0.02595458717560889
67488.07389157666	300	4.0	0.46914812544931644	173849	4469.1481254493165	-1.7173369394320608
67491.70627127937	300	4.367620297299624	0.0	150710	3632.379702700376	0.3
67493.60046609733	300	6.4734254793434856	0.0	139105	1894.194817956138	0.3
67495.49394174026	300	8.579949836415613	0.0	141840	1893.4756429278734	0.3
67500.75372629413	750	7.3201652825384205	0.0	405134	5259.784553877193	0.3
67508.15717364135	750	4.0	0.08328206466716802	386351	7403.447347205589	0.39188712193117753
67513.07192509231	300	4.0	0.9147514509750654	179801	4914.751450975065	-4.083431239192781
67516.20380493454	300	4.868120157759356	0.0	140051	3131.8798422406444	0.3
67519.04388726522	300	6.028037827080569	0.0	138313	2840.082330678787	0.3
67522.10126315139	300	6.970661940912115	0.0	143509	3057.3758861684537	0.3
67525.12617021613	300	7.945754876180964	0.0	150616	3024.907064731151	0.3
67532.89589851788	750	4.176026574432123	0.0	405596	7769.728301748841	0.3
67535.6914873413	300	5.380437751010916	0.0	140881	2795.588823421207	-0.15000000000000002
67538.8422091021	300	6.229715990204384	0.0	157671	3150.7217608065325	0.3
67541.95321877004	300	7.118706322273252	0.0	157812	3111.009667931132	0.3
67549.50508360883	750	4.0	0.4331585165198885	401853	7551.864838793141	-1.5625816210355206
67552.11439005924	300	5.39069354959374	0.0	137654	2609.306450406261	-0.15000000000000002
67554.81824754784	300	6.686836061012099	0.0	146754	2703.8574885816406	0.3
67557.637432594	300	7.867651014842506	0.0	153938	2819.1850461695935	0.3
67571.95557964778	750	4.0	6.450496038931715	425781	14318.14705377422	-27.437132967406374
67575.8393099433	300	4.116269704468579	0.0	111155	3883.7302955314212	-0.15000000000000002
67580.4760950741	300	4.0	0.5205154263348668	153605	4636.785130803446	-1.9382163332399271
67584.55058667331	300	4.0	0.07449159922343279	149029	4074.491599223433	-0.02031387666076101
67588.4575091222	300	4.093077551112156	0.0	157421	3906.922448887844	0.3
67592.29014709519	300	4.260439578132582	0.0	157488	3832.6379729795744	0.3
67597.58869295505	300	4.0	1.0381062817190605	143881	5298.5458598516425	-4.16385701139196
67603.90863217573	300	4.0	2.319939220683265	163444	6319.939220683265	-9.675738648938038
67607.92044901522	300	4.0	0.011816839479162355	179328	4011.8168394791624	0.24918759023960185
67610.55481086978	300	5.365638145434934	0.0	159914	2634.361854565066	0.3
67613.1592912232	300	6.761157792022855	0.0	131610	2604.4803534120783	0.3
67614.94907245679	300	8.971376558426977	0.0	124011	1789.7812335958793	0.3
67619.80029394278	750	8.120155072437221	0.0	378327	4851.221485989755	0.3
67624.80730367285	750	7.113145342371756	0.0	390680	5007.009730065466	0.75
67629.2447335231	750	6.675715492127823	0.0	345516	4437.429850243932	0.75
67631.36597191227	300	8.55447710296225	0.0	161857	2121.2383891655727	-0.15000000000000002
67636.1385741225	750	7.781874892740971	0.0	372093	4772.602210221278	0.3
67641.74589763918	750	6.174551376044898	0.0	438281	5607.323516696074	0.75
67643.93231158452	300	7.988137430708089	0.0	167025	2186.413945336809	-0.15000000000000002
67657.39514901041	750	4.0	5.474699995183487	393804	13462.837425891576	-23.241209979288993
67661.32469242367	300	4.070456586731407	0.0	137507	3929.543413268593	-0.15000000000000002
67664.68591601438	300	4.709232996035794	0.0	118421	3361.2235906956125	0.3

