64280.32037393567	750	4.0	2.0748618662412155	450283	2074.8618662412155	-8.171906024837226
64280.90990255353	300	7.410471382133015	0.0	155580	589.5286178669846	-0.15000000000000002
64282.11445575484	750	10.205918180826668	0.0	350812	1204.553201306347	0.3
64283.92100593693	1200	12.399367998736862	0.0	617681	1806.5501820898069	0.75
64286.1208614578	1850	14.199512477864277	0.0	996749	2199.855520872585	1.2000000000000002
64288.787523873165	2850	15.532850062500886	0.0	1224260	2666.662415363392	1.85
64293.13872518219	2850	15.181648753476855	0.0	1388403	4351.201309024031	2.85
64296.374104449074	1850	15.946269486598515	0.0	1060487	3235.379266878339	0.8500000000000001
64298.80353802898	1850	17.51683590669474	0.0	852833	2429.433579903775	1.85
64302.99608806229	2850	17.324285873385328	0.0	1429765	4192.550033309414	1.85
64306.03768816106	2850	18.282685774610638	0.0	1354548	3041.600098774693	2.85
64309.726819325064	2850	18.593554610600354	0.0	1519951	3689.1311640102817	2.85
64312.996541586785	2850	19.32383234887866	0.0	1422919	3269.722261721693	2.85
64316.38699407951	2850	19.933379856149863	0.0	1578343	3390.452492728795	2.85
64320.7170015804	4300	19.603372355261563	0.0	2005399	4330.007500888298	2.8499999999999996
64328.47299000593	4300	15.847383929730759	0.0	2152483	7755.988425530804	4.3
64330.828480577205	1850	17.4918933584521	0.0	966699	2355.4905712786604	-0.6000000000000001
64336.83890853833	2850	15.481465397329178	0.0	1358801	6010.427961122923	1.85
64338.19798429995	1200	18.122389635711624	0.0	639204	1359.0757616175515	-0.44999999999999996
64341.029129540315	2850	19.29124439534675	0.0	1336050	2831.1452403648705	1.2000000000000002
64345.37824022393	4300	18.9421337117378	0.0	2039773	4349.110683608952	2.8499999999999996
64350.04412881409	4300	18.27624512158065	0.0	2176469	4665.8885901571475	4.3
64353.289111669095	2850	19.03126226656993	0.0	1505760	3244.9828550107236	1.4000000000000001
64357.77995432209	4300	18.540419613571547	0.0	2044075	4490.842652998382	2.8499999999999996
64360.732783713145	2850	19.58759022251382	0.0	1383735	2952.8293910577254	1.4000000000000001
64365.62734330309	4300	18.693030632579433	0.0	2105231	4894.559589934385	2.8499999999999996
64368.866067088326	2850	19.45430684733357	0.0	1547572	3238.723785245864	1.4000000000000001
64373.74436469484	4300	18.576009240822398	0.0	1972048	4878.297606511172	2.8499999999999996
64377.37209931841	2850	18.948274617258914	0.0	1498470	3627.734623563484	1.4000000000000001
64381.09432893538	2850	19.22604500027826	0.0	1561263	3722.229616980655	2.85
64384.30700157008	2850	20.013372365578643	0.0	1341201	3212.6726346996174	2.85
64387.7084151045	2850	20.611958831163147	0.0	1497683	3401.4135344154984	2.85
64394.21019765421	4300	18.110176281452336	0.0	2191074	6501.782549710809	2.8499999999999996
64399.128162823734	2850	17.192211111927556	0.0	1587293	4917.965169524782	1.4000000000000001
64401.247824673475	1850	19.072549262187465	0.0	1026056	2119.6618497400864	0.8500000000000001
64406.027988067595	4300	18.29238586806051	0.0	2143948	4780.163394126955	1.8499999999999996
64408.499362017086	2850	19.82101191856699	0.0	1139291	2471.3739494935235	1.4000000000000001
64414.91077615842	4300	17.409597777241114	0.0	2147467	6411.414141325877	2.8499999999999996
64418.197546688825	2850	18.122827246832163	0.0	1427478	3286.770530408951	1.4000000000000001
64421.28582189162	2850	19.03455204403765	0.0	1402287	3088.2752027945153	2.85
64428.874724841466	4300	15.445649094186992	0.0	2108491	7588.902949850656	2.8499999999999996
64431.23025793788	1850	17.09011599777857	0.0	1025005	2355.53309640842	-0.6000000000000001
64436.255568906716	2850	16.06480502894316	0.0	1343002	5025.310968835414	1.85
64438.50337132108	1850	17.817002614577152	0.0	973972	2247.8024143660055	0.8500000000000001
64441.797217847394	2850	18.52315608826678	0.0	1464921	3293.846526310372	1.85
64445.10035517599	2850	19.220018759663297	0.0	1483527	3303.1373286034836	2.85
64449.44238623424	4300	18.877987701421567	0.0	1961140	4342.031058241731	2.8499999999999996
64452.294426837296	2850	20.025947098367666	0.0	1364537	2852.0406030539034	1.4000000000000001

