28100.097717613004	750	4.0	2.850420826626487	450283	2850.420826626487	-11.506809554493893
28100.875832152946	300	7.221885460058458	0.0	155580	778.1145399415423	-0.15000000000000002
28102.557193272474	300	9.54052434052612	0.0	139857	1681.3611195323367	0.3
28106.091007728468	300	10.006709884531865	0.0	155432	3533.8144559942566	0.3
28108.549334220417	300	11.548383392584567	0.0	163442	2458.3264919472986	0.3
28109.10063724304	300	14.997080369962406	0.0	126289	551.3030226221598	0.3
28110.993134050776	750	17.104583562228253	0.0	352642	1892.4968077341537	0.3
28113.68421052925	750	18.413507083752613	0.0	437162	2691.07647847564	0.75
28115.739013863844	750	20.358703749157286	0.0	374758	2054.803334595332	0.75
28117.589932745235	750	22.507784867762098	0.0	362795	1850.9188813951876	0.75
28126.081893273556	1850	18.015824339444723	0.0	939819	8491.960528317373	0.75
28134.038789380826	1850	14.058928232172393	0.0	917428	7956.8961072723305	1.85
28135.850066317234	750	16.24765129576595	0.0	386351	1811.2769364064416	-0.3500000000000001
28137.946110276906	750	18.151607336095136	0.0	434409	2096.043959670813	0.75
28142.187588816174	750	17.910128796826807	0.0	337059	4241.47853926833	0.75
28144.6374664389	750	19.460251174101213	0.0	366214	2449.8776227255926	0.75
28147.402575170316	750	20.695142442684897	0.0	360831	2765.108731416316	0.75
28149.289550961428	750	22.80816665157297	0.0	372963	1886.9757911119273	0.75
28152.74801318428	750	23.34970442872023	0.0	405596	3458.462222852739	0.75
28155.28384624102	750	24.813871371978028	0.0	350713	2535.833056742202	0.75
28157.737386841574	750	26.360330771426234	0.0	386472	2453.5406005517925	0.75
28163.612524911463	1850	24.485192701536203	0.0	955231	5875.138069890031	0.75
28168.120503869057	1850	23.97721374394331	0.0	968026	4507.978957592892	1.85
28171.45874588025	1850	24.638971732749827	0.0	874175	3338.2420111934853	1.85
28179.02014975629	1850	21.077567856709027	0.0	897976	7561.403876040796	1.85
28183.781768951612	1850	20.31594866138478	0.0	905935	4761.61919532425	1.85
28191.37720650368	1850	16.7205111093197	0.0	1076599	7595.437552065083	1.85
28194.857618342332	1850	17.240099270666587	0.0	758197	3480.4118386531136	1.85
28201.33868125851	1850	14.759036354490927	0.0	972798	6481.06291617566	1.85
28205.770856619332	1850	14.326860993665425	0.0	975811	4432.175360825501	1.85
28223.805886392165	1850	4.0	3.7081687791670848	873429	18035.02977283251	-14.095125750418465
28230.138047832294	300	4.0	2.3321614401313653	157488	6332.161440131365	-11.27829419256487
28235.930021063068	300	4.0	1.7919732307702234	143881	5791.973230770223	-7.405484892311961
28242.498631461454	300	4.0	2.5686103983848354	163444	6568.610398384835	-10.745024713054791
28249.697825347565	300	4.0	3.1991938861111793	179328	7199.193886111179	-13.45653371027807
28253.051557874976	300	4.646267472588619	0.0	159914	3353.732527411381	0.3
28253.93126833616	300	7.766557011403872	0.0	131610	879.710461184747	0.3
28254.78766834146	300	10.910157006105074	0.0	124011	856.4000052987994	0.3
28255.873083318034	300	13.82474202953129	0.0	144254	1085.4149765737836	0.3
28257.852221005614	750	15.845604341954171	0.0	390680	1979.137687577118	0.3
28259.396691395174	750	18.301133952394988	0.0	345516	1544.4703895591854	0.75
28261.510558196936	750	20.18726715063561	0.0	384505	2113.866801759377	0.75
28263.868015615168	750	21.829809732404186	0.0	372093	2357.4574182314245	0.75
28266.63058775364	750	23.06723759393373	0.0	438281	2762.5721384704557	0.75
28273.794590310103	1850	19.903235037467272	0.0	958994	7164.002556466458	0.75
28279.507844532098	1850	18.189980815471298	0.0	982064	5713.254221995972	1.85
28286.203149998644	1850	15.494675348927784	0.0	830730	6695.305466543517	1.85
28293.02792537206	1850	12.669899975512319	0.0	846370	6824.775373415465	1.85

