61205.4175014578	750	4.0	2.9416782964073285	450283	2941.6782964073286	-11.899216674551512
61206.50507770846	300	6.912423749345493	0.0	155580	1087.576250654507	-0.15000000000000002
61207.47484414365	300	9.942657314152267	0.0	139857	969.766435193226	0.3
61208.54067471607	300	12.876826741731115	0.0	155432	1065.8305724211532	0.3
61209.65405060565	300	15.7634508521552	0.0	163442	1113.3758895759142	0.3
61211.78095219502	750	17.63654926278512	0.0	318564	2126.9015893700816	0.3
61214.24003830177	750	19.177463156041345	0.0	352642	2459.0861067437772	0.75
61221.4515995142	1200	15.965901943609419	0.0	709534	7211.561212431925	0.75
61224.553069490845	750	16.86443196696927	0.0	374758	3101.469976640148	0.3
61226.968221885785	750	18.449279572030026	0.0	362795	2415.1523949392435	0.75
61229.398040846216	750	20.019460611604956	0.0	353220	2429.8189604250715	0.75
61234.53840328185	1200	18.879098175972654	0.0	594078	5140.362435632302	0.75
61240.270563381084	1200	17.1469380767321	0.0	624282	5732.1600992405565	1.2
61243.10225135311	750	18.315250104703818	0.0	434409	2831.6879720282827	0.3
61249.68267465215	1200	15.734826805674562	0.0	526950	6580.423299029256	0.75
61252.08719191041	750	17.330309547412448	0.0	366214	2404.5172582621117	0.3
61254.51896553083	750	18.89853592699555	0.0	360831	2431.7736204169014	0.75
61258.760926309544	1200	18.6565751482809	0.0	581493	4241.960778714647	0.75
61263.11184055651	1200	18.30566090131435	0.0	639204	4350.914246966549	1.2
61266.37018219408	750	19.04731926374405	0.0	350713	3258.341637570298	0.3
61272.326528409576	1200	17.090973048238926	0.0	601738	5956.346215505128	0.75
61276.97330248865	750	16.44419896916398	0.0	399894	4646.774079074939	0.3
61280.368648657066	750	17.048852800753345	0.0	401853	3395.3461684106364	0.75
61284.64707312439	750	16.77042833343707	0.0	343800	4278.424467316274	0.75
61287.517007025635	750	17.900494432185507	0.0	359903	2869.933901251561	0.75
61290.626018150426	750	18.791483307392728	0.0	379700	3109.011124792777	0.75
61293.72215323176	750	19.695348226056165	0.0	425781	3096.1350813365657	0.75
61295.73867676611	750	21.678824691715274	0.0	277716	2016.5235343408904	0.75
61300.18048744644	1200	21.23701401137569	0.0	622896	4441.810680339586	0.75
61304.620043787145	1200	20.797457670675133	0.0	641447	4439.556340700559	1.2
61308.442081035006	1200	20.9754204228146	0.0	570392	3822.03724786053	1.2
61323.28326033658	1200	10.134241121232105	0.0	620283	14841.179301582497	1.2
61324.27966050062	300	13.137840957194557	0.0	143881	996.4001640375466	-0.6000000000000001
61331.64721338258	750	9.770288075235097	0.0	412837	7367.552881959461	0.3
61332.86331871852	300	12.55418273929989	0.0	179328	1216.1053359352081	-0.15000000000000002
61335.25061766522	750	14.166883792601544	0.0	365161	2387.298946698346	0.3
61337.40801298177	750	16.009488476054138	0.0	321064	2157.395316547404	0.75
61341.37463336107	750	16.04286809674901	0.0	361565	3966.6203793051286	0.75
61344.02724193324	750	17.390259524580056	0.0	378327	2652.6085721689547	0.75
61347.906808605425	1200	17.510692852393458	0.0	587506	3879.566672186596	0.75
61350.22881876934	750	19.188682688474543	0.0	345516	2322.010163918917	0.3
61354.610024158865	1200	18.807477298949895	0.0	641452	4381.205389524646	0.75
61358.660850041844	1200	18.756651415973852	0.0	599477	4050.825882976044	1.2
61364.3091247344	1200	17.10837672341805	0.0	634861	5648.274692555798	1.2
61366.9706539315	750	18.446847526321026	0.0	398987	2661.529197097025	0.3
61369.54079600071	750	19.876705457112557	0.0	393804	2570.142069208474	0.75
61374.399807469235	1200	19.017693988581932	0.0	538612	4859.011468530623	0.75
61376.418803627224	750	20.99869783059509	0.0	314107	2018.9961579868436	0.3

