4723.793811100919	750	4.0	2.6832901325174214	450283	2683.2901325174216	-10.788147569824911
4724.637290455159	300	7.156520645760338	0.0	155580	843.4793542396616	-0.15000000000000002
4725.396912186671	300	10.396898914248093	0.0	139857	759.621731512244	0.3
4727.974572794451	750	11.819238306467302	0.0	382355	2577.660607780791	0.3
4730.250918397586	750	13.54289270333278	0.0	411561	2276.345603134521	0.75
4732.6410260154435	1200	15.15278508547489	0.0	520315	2390.107617857892	0.75
4737.412983926668	1200	14.380827174251207	0.0	561791	4771.957911223681	1.2
4739.732418708741	750	16.061392392178245	0.0	437162	2319.4347820729618	0.3
4742.308198330996	1200	17.485612769923602	0.0	584846	2575.7796222546463	0.75
4746.5133793220175	1850	17.280431778901555	0.0	913888	4205.180991022045	1.2000000000000002
4750.72454080902	1850	17.069270291898277	0.0	939819	4211.161487003277	1.85
4754.644668414745	1850	17.14914268617428	0.0	917428	3920.1276057239966	1.85
4759.897421740411	1850	15.89638936050799	0.0	946851	5252.753325666291	1.85
4764.850329717278	1200	14.943481383640624	0.0	687371	4952.907976867367	0.5499999999999999
4766.46367114644	750	17.330139954478422	0.0	337059	1613.3414291622023	0.3
4769.141641587312	1200	18.65216951360757	0.0	587876	2677.970440870851	0.75
4774.14790928431	1850	17.645901816608887	0.0	966699	5006.267696998688	1.2000000000000002
4777.017840468256	1200	18.775970632663746	0.0	581493	2869.9311839451407	0.5499999999999999
4782.028987578468	1850	17.76482352245082	0.0	987708	5011.14711021293	1.2000000000000002
4786.101609701129	1200	17.692201399790456	0.0	586839	4072.6221226603625	0.5499999999999999
4789.037340249264	1200	18.75647085165447	0.0	601738	2935.730548135984	1.2
4792.356444792405	1850	19.437366308514413	0.0	955231	3319.104543140055	1.2000000000000002
4797.311212937261	1850	18.482598163658448	0.0	968026	4954.768144855968	1.85
4800.54174805558	1200	19.2520630453392	0.0	536667	3230.5351183192492	0.5499999999999999
4803.551155041554	1200	20.242656059365352	0.0	587236	3009.4069859738474	1.2
4809.180880914392	1850	18.61293018652771	0.0	905935	5629.725872837645	1.2000000000000002
4812.438918197692	1200	19.354892903227338	0.0	696376	3258.037283300372	0.5499999999999999
4816.5916382031155	1850	19.202172897804893	0.0	758197	4152.720005422444	1.2000000000000002
4820.251324703183	1200	19.54248639773737	0.0	622896	3659.6865000675216	0.5499999999999999
4823.963382043413	1200	19.83042905750772	0.0	641447	3712.057340229655	1.2
4826.890117668821	1200	20.903693432099185	0.0	570392	2926.735625408532	1.2
4831.918673648154	1850	19.875137452766122	0.0	954453	5028.555979333065	1.2000000000000002
4836.801171617885	1850	18.992639483035635	0.0	885062	4882.4979697304825	1.85
4841.0299129771865	1200	18.763898123734066	0.0	670129	4228.741359301571	0.5499999999999999
4844.201786694953	1200	19.592024405968782	0.0	690253	3171.873717765285	1.2
4850.879647248146	1850	16.91416385277457	0.0	943942	6677.860553194212	1.2000000000000002
4852.2110291026975	750	19.58278199822363	0.0	321064	1331.381854550937	-0.3500000000000001
4856.661721756288	1850	19.132089344632433	0.0	938587	4450.692653591198	0.75
4860.730016221899	1850	19.06379487902198	0.0	908665	4068.2944656104523	1.85
4864.498796662475	1850	19.295014438445445	0.0	930577	3768.780440576535	1.85
4869.253672195254	1850	18.540138905666115	0.0	858450	4754.875532779334	1.85
4873.946448241745	1200	17.84736285917524	0.0	641452	4692.7760464908715	0.5499999999999999
4877.088821268236	1200	18.704989832684632	0.0	599477	3142.3730264906117	1.2
4879.943852667387	1200	19.849958433533146	0.0	634861	2855.031399151487	1.2
4884.88974039091	1850	18.904070710009336	0.0	958994	4945.8877235238115	1.2000000000000002
4888.068842181671	1200	19.72496891924907	0.0	638661	3179.101790760265	0.5499999999999999
4892.393947049467	1850	19.399864051453132	0.0	830730	4325.104867795936	1.2000000000000002
4897.803981429547	1850	17.98982967137252	0.0	846370	5410.034380080614	1.85

