53201.587735245106	750	4.0	13.010602589343897	450283	13010.602589343896	-55.195591134178756
53202.96862935373	300	6.619105891373607	0.0	155580	1380.8941086263933	-0.15000000000000002
53205.86478752116	300	7.722947723941135	0.0	139857	2896.158167432471	0.3
53206.4865793206	300	11.101155924508763	0.0	155432	621.7917994323735	0.3
53207.08002955976	300	14.507705685341783	0.0	163442	593.4502391669793	0.3
53208.14593534702	750	17.44179989808146	0.0	318564	1065.905787260323	0.3
53209.13494641278	750	20.452788832325904	0.0	352642	989.0110657555557	0.75
53210.4215787343	1200	23.166156510805312	0.0	709534	1286.632321520593	0.75
53211.86996213062	1850	25.717773114483514	0.0	852833	1448.3833963218003	1.2000000000000002
53216.31474473638	2850	25.272990508721442	0.0	1429765	4444.782605762068	1.85
53220.5160864906	2850	25.07164875449775	0.0	1354548	4201.341754223693	2.85
53224.848290586335	1850	24.739444658758938	0.0	917428	4332.204095738812	0.8500000000000001
53227.506636480124	2850	26.081098764975664	0.0	1422919	2658.345893783271	1.85
53230.16400988793	2850	27.42372535717506	0.0	1578343	2657.3734078006046	2.85
53232.04273984971	2850	29.54499539539138	0.0	1231445	1878.72996178368	2.85
53243.23842820436	4300	22.349307040740616	0.0	2152483	11195.688354650763	2.8499999999999996
53245.072152322056	1850	24.515582923046164	0.0	966699	1833.7241176944515	-0.6000000000000001
53248.05762438899	1850	25.530110856113648	0.0	885714	2985.472066932515	1.85
53253.25736346844	2850	24.330371776658488	0.0	1537156	5199.739079455162	1.85
53256.663650716764	2850	24.92408452832678	0.0	1336050	3406.2872483317087	2.85
53262.437550867435	1850	23.150184377653193	0.0	891604	5773.900150673587	0.8500000000000001
53264.99041091512	1850	24.5973243299806	0.0	955231	2552.86004767259	1.85
53267.2964088796	1850	26.29132636549574	0.0	968026	2305.997964484865	1.85
53269.32127178345	2850	28.266463461646964	0.0	1323990	2024.8629038487736	1.85
53271.42554943356	2850	30.162185811537434	0.0	1383735	2104.2776501095295	2.85
53274.54776592414	4300	31.039969320963984	0.0	2105231	3122.216490573451	2.8499999999999996
53278.08957002935	4300	31.498165215751836	0.0	2395588	3541.804105212147	4.3
53414.05553872652	4300	4.0	104.46780348141485	1972048	135965.96869716668	-444.91155497008384
53432.849942646535	300	4.0	14.79440392002036	153605	18794.40392002036	-67.31593685608755
53450.72832526721	300	4.0	13.878382620677767	149029	17878.382620677767	-59.3770452689144
53465.90149867017	300	4.0	11.173173402964313	157421	15173.173402964312	-47.74464563274655
53470.900145028274	300	4.0	0.9986463580957543	157488	4998.646358095754	-3.994179339811743
53476.835848821844	300	4.0	1.9357037935685921	143881	5935.703793568592	-8.023526312344945
53482.39641781728	300	4.0	1.5605689954353938	163444	5560.568995435394	-6.410446680372194
53486.15003183207	300	4.246385985213671	0.0	179328	3753.614014786329	0.3
53489.826338462895	300	4.57007935438698	0.0	159914	3676.3066308266907	0.3
53492.066385847414	300	6.330031969872885	0.0	131610	2240.0473845140955	0.3
53493.93240482758	300	8.46401298970368	0.0	124011	1866.0189801692068	0.3
53504.29201490228	300	4.0	1.8955970849991082	144254	10359.610074702787	-7.851067465496166
53511.86935083579	300	4.0	3.577335933507801	149991	7577.335933507801	-15.082544514083542
53517.25188937548	300	4.0	1.3825385396941674	147968	5382.538539694167	-5.64491572068492
53531.12821127202	300	4.0	9.876321896536831	161857	13876.32189653683	-42.16818415510838
53534.753308588406	300	4.374902683618038	0.0	145210	3625.0973163819613	0.3
53548.77434442069	300	4.0	9.646133148664347	172312	14021.035832282385	-41.17837253925669
53561.76663697346	300	4.0	8.992292552763297	167025	12992.292552763298	-38.36685797688218
53571.46869059405	300	4.0	5.702053620590204	160064	9702.053620590204	-24.21883056853788
53574.4309232731	300	5.037767320946034	0.0	137507	2962.232679053966	0.3
53582.592909344836	300	4.0	3.1242187507908765	118421	8161.98607173691	-13.134140628400768

