86533.01729323239	750	4.0	2.0157210002909602	450283	2015.72100029096	-7.917600301251129
86533.55797976833	300	7.459313464063023	0.0	155580	540.686535936977	-0.15000000000000002
86534.0252732324	300	10.992019999998496	0.0	139857	467.2934640645273	0.3
86534.57875139533	300	14.43854183707108	0.0	155432	553.4781629274171	0.3
86535.93741306696	750	17.079880165441065	0.0	411561	1358.6616716300175	0.3
86537.0119378989	750	20.005355333490478	0.0	318564	1074.5248319505822	0.75
86538.75349532388	1200	22.263797908517805	0.0	561791	1741.557424972673	0.75
86543.14848815628	1850	21.86880507613196	0.0	1060487	4394.992832385844	1.2000000000000002
86546.03703138173	1850	22.980261850677213	0.0	852833	2888.5432254547495	1.85
86549.42131533813	1850	23.595977894269694	0.0	913888	3384.2839564075166	1.85
86552.28819577709	1850	24.729097455320062	0.0	939819	2866.8804389496313	1.85
86555.69221810695	1850	25.32507512544792	0.0	917428	3404.0223298721394	1.85
86560.27845121064	2850	24.738842021757126	0.0	1422919	4586.233103690796	1.85
86563.44216584462	1850	25.57512738777907	0.0	1036454	3163.7146339780556	0.8500000000000001
86567.10177108247	2850	25.915522149942486	0.0	1231445	3659.6052378365835	1.85
86571.26105773801	2850	25.75623549439973	0.0	1471065	4159.286655542763	2.85
86575.94841897042	2850	25.06887426197752	0.0	1491626	4687.361232422209	2.85
86578.66313942426	1850	26.354153808139937	0.0	885714	2714.7204538375804	0.8500000000000001
86583.41627879876	2850	25.601014433652605	0.0	1537156	4753.139374487329	1.85
86587.4511501133	2850	25.566143119111583	0.0	1336050	4034.8713145410215	2.85
86590.29874307278	1850	26.71855015963801	0.0	891604	2847.592959473574	0.8500000000000001
86594.64979476095	2850	26.36749847147993	0.0	1468126	4351.051688158079	1.85
86599.46411139007	2850	25.55318184235409	0.0	1505760	4814.3166291258385	2.85
86603.54703876674	2850	25.47025446568873	0.0	1323990	4082.92737666536	2.85
86607.67289155199	2850	25.3444016804459	0.0	1383735	4125.8527852428315	2.85
86610.40640878725	1850	26.61088444517554	0.0	905935	2733.51723527036	0.8500000000000001
86615.53767690751	2850	25.4796163249103	0.0	1547572	5131.268120265238	1.85
86619.0003380859	2850	26.016955146512334	0.0	1141971	3462.661178397967	2.85
86626.23527638658	2850	22.78201684584047	0.0	1498470	7234.938300671863	2.85
86630.21236253405	1850	22.80493069836488	0.0	975811	3977.086147475589	0.8500000000000001
86633.31608988308	1850	23.70120334932006	0.0	873429	3103.7273490448206	1.85
86636.1388726362	1850	24.878420596206965	0.0	954453	2822.7827531130974	1.85
86638.9051876514	1850	26.11210558101076	0.0	885062	2766.315015196205	1.85
86644.91464390409	2850	24.102649328321032	0.0	1587293	6009.456252689728	1.85
86649.58885623247	2850	23.42843699995097	0.0	1492672	4674.21232837006	2.85
86652.6717111718	1850	24.345582060613555	0.0	943942	3082.854939337416	0.8500000000000001
86654.89453126039	1850	26.12276197203886	0.0	728962	2222.820088574698	1.85
86659.82179006161	2850	25.195503170821816	0.0	1499009	4927.258801217041	1.85
86662.52382521596	1850	26.493468016465297	0.0	908665	2702.03515435652	0.8500000000000001
86667.14803933195	2850	25.869253900479727	0.0	1402287	4624.21411598557	1.85
86671.85637417008	2850	25.160919062352132	0.0	1339500	4708.334838127595	2.85
86676.95823150249	2850	24.05906172994663	0.0	1527299	5101.8573324055	2.85
86681.26809126917	1850	23.74920196327093	0.0	886255	4309.8597666757005	0.8500000000000001
86685.13481577799	1850	23.8824774544484	0.0	973972	3866.7245088225313	1.85
86687.91163707963	1850	25.10565615280219	0.0	958994	2776.821301646209	1.85
86692.04894718493	2850	24.96834604749164	0.0	1483527	4137.310105310549	1.85
86695.96956793875	2850	25.047725293675224	0.0	1231456	3920.6207538164176	2.85
86698.85025788008	1850	26.16703535234785	0.0	846370	2880.6899413273763	0.8500000000000001

