10598.15486076031	750	4.0	5.279874867243303	450283	5279.874867243303	-21.953461929146204
10600.129550686881	300	6.025310073429274	0.0	155580	1974.689926570725	-0.15000000000000002
10601.972552194991	300	8.182308565318637	0.0	139857	1843.0015081106371	0.3
10603.940522096687	300	10.214338663622383	0.0	155432	1967.9699016962536	0.3
10605.903410051325	300	12.251450708985205	0.0	163442	1962.8879546371786	0.3
10609.890775322587	750	12.264085437724683	0.0	318564	3987.3652712605212	0.3
10614.340170234309	750	11.81469052600078	0.0	352642	4449.394911723904	0.75
10619.840725318603	750	10.314135441706792	0.0	437162	5500.555084293987	0.75
10624.39294521129	750	9.761915549020943	0.0	374758	4552.219892685849	0.75
10628.685395603936	750	9.46946515637347	0.0	362795	4292.450392647474	0.75
10632.964598993132	750	9.190261767177038	0.0	353220	4279.203389196431	0.75
10637.640791262542	750	8.514069497767474	0.0	405134	4676.192269409565	0.75
10642.428855048185	750	7.726005712123663	0.0	386351	4788.063785643811	0.75
10647.975045668549	750	6.1798150917599965	0.0	434409	5546.190620363666	0.75
10651.874804426503	750	6.28005633380566	0.0	337059	3899.7587579543374	0.75
10656.24472480659	750	5.910135953718698	0.0	366214	4369.920380086962	0.75
10660.583084692957	750	5.571776067352064	0.0	360831	4338.359886366634	0.75
10664.999261820307	750	5.155598940002379	0.0	372963	4416.177127349685	0.75
10669.80133828429	750	4.353522476019864	0.0	405596	4802.076463982515	0.75
10671.604870317955	300	6.549990442355421	0.0	140881	1803.5320336644436	-0.15000000000000002
10673.627776513276	300	8.527084247033835	0.0	157671	2022.906195321585	0.3
10675.673505917193	300	10.481354843116502	0.0	157812	2045.7294039173337	0.3
10680.4217786007	750	9.733082159609449	0.0	401853	4748.272683507053	0.3
10684.617299754853	750	9.537561005456329	0.0	343800	4195.52115415312	0.75
10688.939036769478	750	9.215823990831199	0.0	359903	4321.737014625131	0.75
10693.499310797162	750	8.655549963146479	0.0	379700	4560.27402768472	0.75
10698.525684655922	750	7.629176104386986	0.0	425781	5026.373858759493	0.75
10701.851103648458	750	8.303757111850967	0.0	277716	3325.4189925360215	0.75
10706.527894594929	750	7.626966165380916	0.0	400396	4676.79094647005	0.75
10711.577587837965	750	6.577272922345374	0.0	400508	5049.693243035542	0.75
10715.928453336988	750	6.226407423322091	0.0	358218	4350.8654990232835	0.75
10721.01247184158	750	5.142388918730082	0.0	400322	5084.018504592009	0.75
10722.784567723626	300	7.370293036683284	0.0	143881	1772.0958820467974	-0.15000000000000002
10724.99359399335	300	9.161266766961067	0.0	163444	2209.0262697222174	0.3
10727.252167757659	300	10.902693002652466	0.0	179328	2258.573764308601	0.3
10731.697324244813	750	10.457536515498395	0.0	365161	4445.156487154071	0.3
10735.53481957923	750	10.620041181079047	0.0	321064	3837.495334419348	0.75
10739.849917789796	750	10.30494297051301	0.0	361565	4315.098210566037	0.75
10744.261020496437	750	9.893840263871963	0.0	378327	4411.102706641047	0.75
10749.01349686126	750	9.141363899049374	0.0	390680	4752.47636482259	0.75
10753.525395794173	750	8.629464966136187	0.0	345516	4511.898932913186	0.75
10758.07321771718	750	8.081643043130411	0.0	384505	4547.821923005776	0.75
10762.464715773347	750	7.6901449869618554	0.0	372093	4391.498056168556	0.75
10767.728355393496	750	6.426505366813434	0.0	438281	5263.639620148421	0.75
10772.441997539103	750	5.712863221206364	0.0	398987	4713.64214560707	0.75
10777.089466857986	750	5.0653939023237315	0.0	393804	4647.469318882632	0.75
10781.230824890203	750	4.924035870107698	0.0	331053	4141.358032216034	0.75
10785.124943144263	750	5.029917616045886	0.0	314107	3894.118254061812	0.75

