59596.1576583128	750	4.0	6.299458256982582	450283	6299.4582569825825	-26.337670505025102
59598.49418259025	300	5.663475722553499	0.0	155580	2336.5242774465014	-0.15000000000000002
59600.96453943164	300	7.193118881161803	0.0	139857	2470.3568413916955	0.3
59603.36490947264	300	8.792748840159067	0.0	155432	2400.3700410027354	0.3
59605.77042047072	300	10.38723784208434	0.0	163442	2405.5109980747256	0.3
59607.64730534999	300	12.510352962825284	0.0	126289	1876.8848792590584	0.3
59613.12438365203	750	11.033274660779526	0.0	352642	5477.078302045758	0.3
59616.80681490287	300	11.35084340993877	0.0	173849	3682.431250840754	-0.15000000000000002
59619.023504689845	300	13.134153622966336	0.0	150710	2216.689786972435	0.3
59621.10170281809	300	15.055955494721744	0.0	139105	2078.198128244592	0.3
59627.33987977604	750	12.817778536771101	0.0	353220	6238.1769579506445	0.3
59629.608213729756	300	14.549444583051645	0.0	156148	2268.3339537194556	-0.15000000000000002
59635.48168176615	750	12.675976546657251	0.0	386351	5873.4680363943935	0.3
59647.57007579262	750	4.587582520187436	0.0	434409	12088.394026469816	0.75
59649.79697980339	300	6.360678509417858	0.0	140051	2226.9040107695773	-0.15000000000000002
59651.645846559026	300	8.511811753780673	0.0	138313	1848.8667556371847	0.3
59653.599478237884	300	10.558180074921069	0.0	143509	1953.6316788596055	0.3
59656.06677298629	300	12.090885326512707	0.0	150616	2467.294748408361	0.3
59658.663702651305	300	13.493955661499696	0.0	165384	2596.929665013011	0.3
59663.72742636016	750	12.430231952644151	0.0	350713	5063.723708855545	0.3
59666.42980090607	300	13.727857406732946	0.0	157671	2702.3745459112056	-0.15000000000000002
59673.9388860474	750	10.218772265405441	0.0	399894	7509.085141327505	0.3
59678.64137062025	300	9.5162876925534	0.0	163927	4702.484572852041	-0.15000000000000002
59682.829283605206	300	9.328374707602913	0.0	137654	4187.912984950486	0.3
59685.324838499815	300	10.832819812989495	0.0	146754	2495.554894613418	0.3
59688.09405065857	300	12.063607654235147	0.0	153938	2769.212158754349	0.3
59690.70931365792	300	13.44834465488984	0.0	181901	2615.2629993453065	0.3
59695.03683084991	750	13.120827462895827	0.0	277716	4327.517191994015	0.3
59697.18625604735	300	14.971402265454014	0.0	153605	2149.425197441812	-0.15000000000000002
59704.32825164946	750	11.829406663344487	0.0	400508	7141.995602109526	0.3
59706.536795700464	300	13.620862612348096	0.0	157421	2208.54405099639	-0.15000000000000002
59713.09238505446	750	11.065273258351269	0.0	400322	6555.589353996829	0.3
59715.50797521699	300	12.649683095813073	0.0	143881	2415.5901625381957	-0.15000000000000002
59718.45379852593	300	13.7038597868724	0.0	163444	2945.8233089406726	0.3
59724.54612303738	750	11.611535275423986	0.0	401088	6092.324511448413	0.3
59726.89173619432	300	13.265922118479596	0.0	159914	2345.6131569443914	-0.15000000000000002
59732.51182317108	750	11.64583514172233	0.0	321064	5620.086976757266	0.3
59734.70974621177	300	13.44791210103291	0.0	124011	2197.9230406894194	-0.15000000000000002
59740.25056617956	750	11.907092133238521	0.0	378327	5540.81996779439	0.3
59743.42054756273	300	12.737110750063051	0.0	149991	3169.9813831754695	-0.15000000000000002
59748.67375734408	750	11.483900968718288	0.0	345516	5253.209781344763	0.3
59751.34192356936	300	12.815734743433364	0.0	161857	2668.166225284923	-0.15000000000000002
59753.34756913326	300	14.810089179534241	0.0	145210	2005.645563899123	0.3
59759.63574960048	750	12.521908712318636	0.0	438281	6288.180467215604	0.3
59762.014691701406	300	14.142966611391802	0.0	167025	2378.9421009268335	-0.15000000000000002
59767.726576081666	750	12.431082231135917	0.0	393804	5711.884380255886	0.3
59769.74208791936	300	14.415570393433871	0.0	137507	2015.5118377020463	-0.15000000000000002
59774.70861593207	750	13.449042380723354	0.0	314107	4966.528012710519	0.3

