27584.11924694181	750	4.0	1.8811846270637045	450283	1881.1846270637045	-7.339093896373928
27584.872103447007	300	7.247143494798438	0.0	155580	752.8565052015614	-0.15000000000000002
27585.514640151407	300	10.604606790399169	0.0	139857	642.536704399269	0.3
27590.6606521456	300	9.458594796205007	0.0	155432	5146.011994194161	0.3
27592.595742817066	300	11.52350412473992	0.0	163442	1935.0906714650876	0.3
27593.263757511148	300	14.855489430658308	0.0	126289	668.014694081612	0.3
27594.057514944725	300	18.06173199707945	0.0	153295	793.7574335788604	0.3
27597.490397118192	300	18.628849823613848	0.0	173849	3432.8821734656	0.3
27598.467042402946	300	21.65220453886234	0.0	150710	976.645284751512	0.3
27599.258456774805	300	24.860790167003227	0.0	139105	791.4143718591115	0.3
27599.83658390337	300	28.28266303843843	0.0	141840	578.127128564798	0.3
27600.46495921972	300	31.65428772208806	0.0	156148	628.3753163503671	0.3
27601.10948222739	300	35.00976471441549	0.0	160746	644.5230076725678	0.3
27601.82092438647	300	38.29832255534133	0.0	179801	711.4421590741626	0.3
27602.392768735615	300	41.726478206197015	0.0	140051	571.8443491443072	0.3
27604.17390901916	300	43.94533792265372	0.0	138313	1781.1402835432928	0.3
27606.105792922677	300	46.01345401913695	0.0	143509	1931.88390351677	0.3
27606.758867997767	300	49.36037894404861	0.0	150616	653.0750750883407	0.3
27607.284600110062	300	52.83464683175267	0.0	165384	525.7321122959428	0.3
27607.744293343458	300	56.37495359835425	0.0	140881	459.69323339842254	0.3
27608.249237883905	300	59.87000905790406	0.0	157671	504.94454045018614	0.3
27608.774611873516	300	59.869909931580224	0.0	157812	500.09912632383885	0.3
27610.101112646724	300	59.92379701766589	0.0	163927	446.1129139143335	0.3
27614.097179433884	750	59.575957553735314	0.0	343800	847.839463930578	0.3
27616.46867767724	750	59.55282195917096	0.0	359903	1023.135594564352	0.75
27619.190911078156	750	59.57038662410984	0.0	379700	982.4353350611294	0.75
27624.123540359124	750	58.6377573431394	0.0	425781	4932.629280970437	0.75
27626.762018099416	750	59.99927960284774	0.0	277716	1138.477740291655	0.75
27629.99903579635	750	59.89322329603856	0.0	400396	1606.0563068091774	0.75
27632.569630003745	750	59.90590692555405	0.0	400508	1487.316370484513	0.75
27636.55723095195	750	59.91830597735	0.0	358218	3987.600948204051	0.75
27637.778710382197	750	59.887005608081935	0.0	400322	1031.3003692680686	0.75
27641.10054837554	750	59.77717619340142	0.0	369834	1109.8294146805213	0.75
27644.889863289925	750	59.98786127901367	0.0	412837	2789.314914387748	0.75
27648.66256451598	750	59.53817232571109	0.0	401088	949.6889533025832	0.75
27652.21491567487	750	59.985821166818354	0.0	365161	2552.3511588927263	0.75
27655.121596716897	750	59.50716234542812	0.0	321064	978.6588213902334	0.75
27656.41766152853	750	59.91514113857853	0.0	361565	1092.021206849599	0.75
27659.89672592675	1200	59.61563076286045	0.0	605884	1799.5103757180786	0.75
27662.23498618956	1200	59.86827750250595	0.0	587506	1747.3532603544993	1.2
27666.486058034927	1200	59.61720565713822	0.0	566904	1751.0718453677257	1.2
27670.463181618383	1200	59.64008207368402	0.0	641452	2477.1235834542013	1.2
27673.426797104792	1200	59.80782556066994	0.0	599477	1832.2565130140795	1.2
27676.12339226209	1200	59.86070755121708	0.0	634861	1947.1180094528572	1.2
27678.59409875935	1200	59.82909295401109	0.0	630203	2031.6145972059967	1.2
27681.204092667613	1200	59.84814184790465	0.0	638661	2480.9511061064436	1.2
27684.97051582808	1200	59.98195161625062	0.0	538612	1866.1902316540281	1.2
27688.907483792864	1200	59.801084155264654	0.0	550906	2180.867460985964	1.2

