30792.766862261968	750	4.0	3.9084749231482796	450283	3908.4749231482797	-16.0564421695376
30794.7807859171	300	5.986076344868078	0.0	155580	2013.9236551319216	-0.15000000000000002
30796.66597760021	300	8.100884661757908	0.0	139857	1885.1916831101696	0.3
30797.8015440742	300	10.965318187766428	0.0	155432	1135.5664739914803	0.3
30801.576742798246	750	11.190119463719842	0.0	411561	3775.198724046585	0.3
30803.034347866487	300	13.732514395480592	0.0	126289	1457.6050682392513	-0.15000000000000002
30803.92613821567	300	16.840724046300206	0.0	153295	891.7903491803867	0.3
30807.325462220844	1200	17.44140004112461	0.0	709534	3399.324005175595	0.29999999999999993
30810.24133570819	1200	18.525526553780374	0.0	584846	2915.873487344234	1.2
30817.31718054566	1850	15.449681716311176	0.0	913888	7075.8448374692	1.2000000000000002
30820.491427587956	750	16.275434674012697	0.0	353220	3174.247042298479	-0.3500000000000001
30824.12044712602	750	16.64641513594987	0.0	405134	3629.0195380628275	0.75
30827.58492546541	750	17.181936796560652	0.0	386351	3464.4783393892176	0.75
30831.470397305617	750	17.29646495635387	0.0	434409	3885.4718402067824	0.75
30834.503072164993	750	18.263790096974212	0.0	337059	3032.6748593796583	0.75
30837.720225496538	750	19.04663676542857	0.0	366214	3217.1533315456413	0.75
30841.32617150338	750	19.440690758585955	0.0	360831	3605.9460068426156	0.75
30844.09627797251	750	20.670584289457512	0.0	372963	2770.1064691284428	0.75
30849.36677415373	1200	19.400088108236528	0.0	639204	5270.496181220983	0.75
30851.84785757979	750	20.919004682173014	0.0	350713	2481.0834260635124	0.3
30854.984298728505	1200	21.782563533459474	0.0	601738	3136.44114871354	0.75
30859.860673201892	1850	20.90618906006869	0.0	955231	4876.374473390784	1.2000000000000002
30867.027821363823	1850	17.739040898140722	0.0	968026	7167.148161927964	1.85
30869.463893782726	750	19.30296847923521	0.0	343800	2436.0724189055086	-0.3500000000000001
30872.933095065662	1200	19.833767196302432	0.0	587236	3469.2012829327787	0.75
30877.816478412326	1200	18.950383849636385	0.0	590335	4883.383346666048	1.2
30880.702175853316	750	20.064686408648114	0.0	425781	2885.697440988272	0.3
30883.76302367637	1200	21.00383858559568	0.0	487160	3060.847823052434	0.75
30887.59618701448	1200	21.170675247487054	0.0	622896	3833.163338108625	1.2
30892.11899734524	1200	20.6478649167288	0.0	641447	4522.810330758258	1.2
30896.16636921432	1200	20.600493047647827	0.0	570392	4047.371869080973	1.2
30900.455666169077	1200	20.311196092888355	0.0	620283	4289.296954759469	1.2
30904.22474048967	1200	20.542121772297634	0.0	584349	3769.074320590723	1.2
30908.867088914933	1200	19.899773347036703	0.0	670129	4642.348425260929	1.2
30914.39967333946	1200	18.367188922506568	0.0	690253	5532.584424530135	1.2
30917.627771147876	750	19.139091114088473	0.0	365161	3228.097808418096	0.3
30920.36455613649	750	20.402306125477182	0.0	321064	2736.784988611291	0.75
30923.1593119444	750	21.60755031756731	0.0	361565	2794.7558079098762	0.75
30929.95841874034	1200	18.80844352162289	0.0	605884	6799.106795944416	0.75
30934.89285893332	750	17.874003328646076	0.0	390680	4934.440192976818	0.3
30935.90079281251	300	20.866069449453605	0.0	147968	1007.9338791924697	-0.15000000000000002
30940.003453405854	1200	20.763408856110665	0.0	641452	4102.660593342939	0.29999999999999993
30945.237940189287	1200	19.52892207267723	0.0	599477	5234.486783433437	1.2
30948.308316654835	750	20.458545607130663	0.0	438281	3070.376465546567	0.3
30953.531096124836	1200	19.235766137131524	0.0	630203	5222.77946999914	0.75
30956.899742019017	750	19.86712024294918	0.0	393804	3368.645894182338	0.3
30959.74435611437	750	21.022506147595287	0.0	331053	2844.614095353895	0.75
30964.424956298677	1200	20.341905963289353	0.0	550906	4680.600184305936	0.75

