35762.912024790814	750	4.0	8.31709484430074	450283	8317.09484430074	-35.01350783049318
35764.79066030071	300	6.121364490108309	0.0	155580	1878.635509891691	-0.15000000000000002
35767.232373497776	300	7.679651293041755	0.0	139857	2441.713197066554	0.3
35774.96143845522	750	4.0	0.04941366439651301	382355	7729.064957438268	0.08752124309499404
35776.94394838237	300	6.017490072845573	0.0	163442	1982.509927154428	-0.15000000000000002
35778.49398714958	300	8.467451305635151	0.0	126289	1550.0387672104205	0.3
35783.00238605755	750	7.959052397658318	0.0	352642	4508.398907976834	0.3
35787.94876329174	750	7.012675163478247	0.0	437162	4946.37723418007	0.75
35792.6882581175	750	6.273180337710236	0.0	374758	4739.494825768011	0.75
35794.49573472705	300	8.465703728164826	0.0	139105	1807.476609545409	-0.15000000000000002
35799.64290229992	750	7.318536155291199	0.0	353220	5147.167572873627	0.3
35805.150825858844	750	5.810612596362876	0.0	405134	5507.923558928323	0.75
35810.21474499034	300	4.746693464869476	0.0	160746	5063.9191314934005	-0.15000000000000002
35815.461527000094	300	4.0	0.5000885448781546	179801	5246.782009747631	-1.8503807429760644
35817.48467607406	300	5.97685092602862	0.0	140051	2023.1490739713797	0.3
35819.93018166062	300	7.531345339480183	0.0	138313	2445.5055865484373	0.3
35825.943770940816	750	5.517756059278833	0.0	360831	6013.5892802013495	0.3
35830.32328050099	300	5.138246499101605	0.0	150616	4379.509560177228	-0.15000000000000002
35833.58501482571	300	5.876512174388479	0.0	165384	3261.7343247131266	0.3
35835.66614946535	300	7.7953775347487655	0.0	140881	2081.134639639713	0.3
35840.121563762004	750	7.339963238100195	0.0	386472	4455.414296648571	0.3
35845.115880105266	750	6.3456468948337665	0.0	399894	4994.316343266428	0.75
35847.47657926573	300	7.984947734373078	0.0	163927	2360.6991604606897	-0.15000000000000002
35853.121603049716	750	6.339923950386955	0.0	343800	5645.023783986123	0.3
35856.646826797485	300	6.814700202620305	0.0	146754	3525.22374776665	-0.15000000000000002
35858.988840097976	300	8.472686902124169	0.0	153938	2342.0133004961363	0.3
35865.29831986162	750	6.1632071384827425	0.0	425781	6309.479763641427	0.3
35868.62304506714	300	6.83848193295773	0.0	111155	3324.725205525012	-0.15000000000000002
35871.208734203065	300	8.252792797042424	0.0	153605	2585.689135915307	0.3
35875.83652842435	750	7.62499857576224	0.0	400508	4627.7942212801845	0.3
35880.409210071884	750	7.052316928225319	0.0	358218	4572.6816475369205	0.75
35885.14350244193	750	6.318024558173582	0.0	400322	4734.292370051737	0.75
35887.01028984755	300	8.451237152559097	0.0	143881	1866.7874056144854	-0.15000000000000002
35892.92966729174	750	6.531859708376791	0.0	412837	5919.377444182306	0.3
35895.212227816024	300	8.249299184090672	0.0	179328	2282.560524286118	-0.15000000000000002
35900.27724838542	750	7.184278614694063	0.0	365161	5065.02056939661	0.3
35909.51794957063	750	4.0	2.0564225705175585	321064	9240.701185211621	-8.092617053225501
35911.90853149416	300	5.609418076473683	0.0	124011	2390.5819235263166	-0.15000000000000002
35914.21036454496	300	7.307585025675385	0.0	144254	2301.8330507982982	0.3
35920.40101834407	750	5.116931226569542	0.0	390680	6190.653799105843	0.3
35924.077134814186	300	5.440814756447953	0.0	147968	3676.1164701215885	-0.15000000000000002
35928.202865343716	300	5.31508422692061	0.0	161857	4125.730529527344	0.3
35930.56610472655	300	6.951844844082277	0.0	145210	2363.2393828383324	0.3
35932.751443812216	300	8.76650575842114	0.0	172312	2185.3390856611395	0.3
35937.31398866509	750	8.203960905548026	0.0	398987	4562.544852873112	0.3
35942.64515563771	750	6.872793932933763	0.0	393804	5331.166972614264	0.75
35944.686073785764	300	8.83187578486729	0.0	137507	2040.9181480664736	-0.15000000000000002
35950.58554902525	750	6.93240054538376	0.0	314107	5899.4752394835305	0.3

