64212.20446540163	750	4.0	9.170678489976195	450283	9170.678489976195	-38.683917506897636
64213.98137777545	300	6.223087626171432	0.0	155580	1776.9123738285678	-0.15000000000000002
64215.82465695413	300	8.379808447491152	0.0	139857	1843.279178680281	0.3
64220.83818894772	750	7.366276453908052	0.0	382355	5013.5319935831	0.3
64225.449872436	750	6.7545929656217725	0.0	411561	4611.6834882862795	0.75
64226.8205315311	300	9.383933870527464	0.0	126289	1370.6590950943082	-0.15000000000000002
64232.45701353833	1200	7.747451863290231	0.0	561791	5636.482007237233	0.29999999999999993
64236.74979757682	750	7.454667824799094	0.0	437162	4292.784038491137	0.3
64240.59736174971	750	7.607103651910598	0.0	374758	3847.564172888496	0.75
64243.84248896809	750	8.361976433528634	0.0	362795	3245.1272183819633	0.75
64246.00169564821	750	10.202769753407068	0.0	353220	2159.206680121566	0.75
64248.68697176881	1200	11.51749363280134	0.0	594078	2685.2761206057276	0.75
64252.42330385904	1850	11.781161542574342	0.0	946851	3736.3320902269993	1.2000000000000002
64257.99305219056	1850	10.211413211049837	0.0	1036454	5569.7483315245045	1.85
64259.707401205334	1200	12.497064196281613	0.0	526950	1714.3490147682237	0.5499999999999999
64262.844862509686	1850	13.359602891929532	0.0	923170	3137.461304352083	1.2000000000000002
64266.93316664146	2850	13.271298760153195	0.0	1491626	4088.3041317763364	1.85
64270.1861434676	2850	14.018321934007105	0.0	1358801	3252.9768261460895	2.85
64273.97682126841	2850	14.227644133204516	0.0	1537156	3790.6778008025885	2.85
64277.00927950603	2850	15.195185895576294	0.0	1336050	3032.458237628222	2.85
64281.11213084378	4300	15.092334557827915	0.0	2039773	4102.85133774838	2.8499999999999996
64284.556842815735	4300	15.647622585871261	0.0	2176469	3444.7119719566535	4.3
64288.05058130147	4300	16.153884100139855	0.0	2221506	3493.7384857314046	4.3
64295.0541060656	4300	13.15035933600795	0.0	2044075	7003.524764131906	4.3
64297.868833287524	2850	14.33563211408436	0.0	1383735	2814.727221923591	1.4000000000000001
64303.96062937121	2850	12.243836030392634	0.0	1480464	6091.7960836917255	2.85
64305.55308909333	1850	14.651376308277097	0.0	1076599	1592.4597221155375	0.8500000000000001
64307.17188657206	2850	17.032578829543564	0.0	1141971	1618.7974787335347	1.85
64310.12826315367	4300	18.076202247940962	0.0	2134614	2956.3765816026025	2.8499999999999996
64318.56567337718	4300	13.638792024416926	0.0	2164140	8437.410223524035	4.3
64320.596227407485	2850	15.608237994114207	0.0	1341201	2030.5540303027187	1.4000000000000001
64325.539374808206	4300	14.665090593395856	0.0	2147852	4943.14740071835	2.8499999999999996
64327.735497486174	2850	16.468967915426724	0.0	1358081	2196.122677969131	1.4000000000000001
64332.441509908036	4300	15.762955493567286	0.0	2286761	4706.01242185944	2.8499999999999996
64337.06628178083	4300	15.138183620767661	0.0	2307787	4624.771872799625	4.3
64340.2739834363	4300	15.930481965298883	0.0	2143948	3207.701655468778	4.3
64343.31183390414	4300	16.892631497464176	0.0	1919781	3037.850467834708	4.3
64346.655279419225	4300	17.549185982375807	0.0	2147467	3343.445515088371	4.3
64351.99540741785	4300	16.209057983747705	0.0	2133870	5340.1279986281015	4.3
64356.88362579251	4300	15.320839609103045	0.0	2146120	4888.218374644661	4.3
64360.194925257754	4300	16.00954014384765	0.0	2108491	3311.299465255392	4.3
64363.33090965462	4300	16.87355574697722	0.0	2184571	3135.984396870432	4.3
64366.37926310218	4300	17.82520229942048	0.0	2121928	3048.3534475567426	4.3
64369.56355272567	4300	18.640912675936523	0.0	2219102	3184.2896234839554	4.3
64377.07068474786	4300	15.13378065374464	0.0	2124950	7507.132022191882	4.3
64384.92080616784	4300	11.283659233774088	0.0	2246506	7850.121419970554	4.3
64388.044838142174	1850	12.159627259433238	0.0	830730	3124.0319743408495	-0.6000000000000001
64389.448405403185	1850	14.756059998425455	0.0	846370	1403.567261007784	1.85

