5257.166700292037	750	4.0	2.572022273689039	450283	2572.022273689039	-10.309695776862867
5258.146545940139	300	7.0201543518982525	0.0	155580	979.8456481017472	-0.15000000000000002
5259.035452694262	300	10.131247597774546	0.0	139857	888.9067541237051	0.3
5260.01444233802	300	13.152257954017312	0.0	155432	978.989643757236	0.3
5262.474834257151	750	14.691866034886297	0.0	411561	2460.3919191310138	0.3
5264.135644700512	750	17.031055591524837	0.0	318564	1660.8104433614606	0.75
5265.902390305379	750	19.264309986657484	0.0	352642	1766.745604867351	0.75
5269.474993037305	1200	19.69170725473197	0.0	709534	3572.602731925515	0.75
5272.471032702023	1200	20.695667590014008	0.0	584846	2996.0396647179628	1.2
5275.071590558366	1200	22.095109733671606	0.0	560821	2600.557856342404	1.2
5279.013362479795	1850	22.153337812241624	0.0	939819	3941.7719214299805	1.2000000000000002
5282.953145291934	1850	22.213555000103124	0.0	917428	3939.782812138504	1.85
5287.475605498804	1850	21.69109479323271	0.0	946851	4522.460206870412	1.85
5292.674719865061	1850	20.491980426975495	0.0	1036454	5199.114366257218	1.85
5295.357360517998	1200	21.80933977403842	0.0	526950	2682.6406529370724	0.5499999999999999
5298.318164576904	1200	22.848535715133007	0.0	587876	2960.8040589054153	1.2
5302.919538054165	1850	22.247162237871933	0.0	966699	4601.373477261074	1.2000000000000002
5306.8791104529955	1850	22.287589839041306	0.0	885714	3959.5723988306277	1.85
5311.147005696785	1850	22.019694595252584	0.0	987708	4267.895243788718	1.85
5314.131588992524	1200	23.035111299513304	0.0	586839	2984.5832957392827	0.5499999999999999
5318.693263283617	1850	22.47343700842056	0.0	891604	4561.674291092741	1.2000000000000002
5323.831059875348	1850	21.33564041668936	0.0	955231	5137.796591731204	1.85
5328.576614134816	1850	20.590086157221734	0.0	968026	4745.554259467626	1.85
5331.110385896555	1200	22.05631439548245	0.0	536667	2533.7717617392827	0.5499999999999999
5335.454373254683	1850	21.712327037354708	0.0	897976	4343.987358127739	1.2000000000000002
5338.422133973778	1200	22.74456631825967	0.0	590335	2967.760719095041	0.5499999999999999
5344.034919694495	1850	21.131780597542395	0.0	1076599	5612.785720717276	1.2000000000000002
5346.809378771682	1200	22.357321520356503	0.0	487160	2774.4590771858893	0.5499999999999999
5351.25782095998	1850	21.90887933205823	0.0	972798	4448.442188298276	1.2000000000000002
5355.990383982558	1850	21.1763163094796	0.0	975811	4732.56302257863	1.85
5358.486074502175	1200	22.680625789863804	0.0	570392	2495.690519615797	0.5499999999999999
5363.617391788203	1850	21.54930850383564	0.0	954453	5131.317286028164	1.2000000000000002
5366.755011997288	1200	22.41168829475086	0.0	584349	3137.62020908478	0.5499999999999999
5371.351093510128	1850	21.815606781911626	0.0	1035329	4596.081512839235	1.2000000000000002
5376.5468284826375	1850	20.619871809401953	0.0	1026056	5195.734972509672	1.85
5379.56252975853	1200	21.604170533508487	0.0	598727	3015.701275893465	0.5499999999999999
5382.694087951396	1850	22.472612340643146	0.0	728962	3131.5581928653396	1.2000000000000002
5385.191524500424	1200	23.97517579161461	0.0	575591	2497.4365490285395	0.5499999999999999
5389.613700616235	1850	23.552999675803928	0.0	908665	4422.176115810681	1.2000000000000002
5393.239811920049	1850	23.926888371989925	0.0	930577	3626.1113038140024	1.85
5396.725697980945	1850	24.441002311093737	0.0	858450	3485.886060896187	1.85
5401.5360586101915	1850	23.63064168184728	0.0	1025005	4810.360629246457	1.85
5406.053104543058	1850	23.113595748980842	0.0	886255	4517.045932866435	1.85
5410.8057141966965	1850	22.360986095342263	0.0	973972	4752.60965363858	1.85
5414.781830142314	1850	22.384870149725273	0.0	958994	3976.1159456169885	1.85
5419.163733084654	1850	22.002967207384753	0.0	982064	4381.902942340517	1.85
5423.414620577976	1850	21.75207971406283	0.0	830730	4250.887493321924	1.85
5426.006691184904	1200	23.160009107134407	0.0	550906	2592.0706069284242	0.5499999999999999

