40463.44858777917	750	4.0	3.308707446285627	450283	3308.707446285627	-13.477442019028196
40464.27692526793	300	7.171662511240334	0.0	155580	828.337488759666	-0.15000000000000002
40465.02963536026	300	10.418952418905453	0.0	139857	752.7100923348798	0.3
40465.85773482455	300	13.590852954617095	0.0	155432	828.099464288359	0.3
40466.993688831935	300	16.454898947234586	0.0	163442	1135.9540073825106	0.3
40467.88960747976	300	19.558980299406425	0.0	126289	895.9186478281583	0.3
40468.96000449865	300	22.488583280514696	0.0	153295	1070.3970188917287	0.3
40470.163195283334	300	25.285392495836085	0.0	173849	1203.190784678614	0.3
40471.216891325064	300	28.23169645410496	0.0	150710	1053.6960417311225	0.3
40472.195610639545	300	31.252977139626772	0.0	139105	978.7193144781885	0.3
40473.19200004011	300	34.25658773906183	0.0	141840	996.3894005649422	0.3
40474.28082951077	300	37.16775826839478	0.0	156148	1088.8294706670515	0.3
40475.399365400386	300	40.04922237877822	0.0	160746	1118.535889616555	0.3
40476.64101042726	300	42.807577351910076	0.0	179801	1241.6450268681413	0.3
40477.5172934307	300	45.931294348465435	0.0	140051	876.2830034446343	0.3
40478.383114639655	300	49.06547313950821	0.0	138313	865.8212089572357	0.3
40480.51316526866	750	50.935422510505525	0.0	360831	2130.0506290026847	0.3
40483.556151379744	750	51.892436399424454	0.0	372963	3042.9861110810702	0.75
40487.058774627774	750	52.389813151389625	0.0	405596	3502.6232480348312	0.75
40489.5145058827	300	53.934081896465564	0.0	140881	2455.7312549240573	-0.15000000000000002
40490.07504439817	300	57.37354338099695	0.0	157671	560.5385154686164	0.3
40490.981144921636	300	59.81257513570686	0.0	157812	560.968245290087	0.3
40491.819526621475	300	59.77495037812568	0.0	163927	537.6247575811801	0.3
40493.05781346045	750	59.7351854116686	0.0	343800	1039.76496645708	0.3
40494.40577292384	750	59.65046670683206	0.0	359903	1084.71870483654	0.75
40495.844983018644	750	59.51048195475599	0.0	379700	1139.9847520760711	0.75
40506.26625328084	750	53.08921169256116	0.0	425781	10421.270262194834	0.75
40509.99139409551	750	53.36407087789268	0.0	277716	3725.140814668476	0.75
40516.69453077108	750	50.66093420232377	0.0	400396	6703.136675568911	0.75
40527.00279026948	750	44.352674703922524	0.0	400508	10308.259498401247	0.75
40532.26426792048	300	43.09119705292279	0.0	157421	5261.4776509997355	-0.15000000000000002
40534.228299061404	300	45.12716591200117	0.0	157488	1964.0311409216129	0.3
40536.02954947151	300	47.325915501894094	0.0	143881	1801.2504101070722	0.3
40538.06483232352	300	49.29063264988764	0.0	163444	2035.282852006452	0.3
40540.719949933664	300	50.635515039746245	0.0	179328	2655.1176101414017	0.3
40542.74947515811	300	52.60598981529769	0.0	159914	2029.5252244485516	0.3
40543.863652475	300	55.4918124984028	0.0	131610	1114.177316894883	0.3
40544.91811766189	300	58.43734731152148	0.0	124011	1054.465186881326	0.3
40547.20554279991	300	59.7238147936934	0.0	144254	1213.5325178280864	0.3
40549.27360338599	300	59.93623084699565	0.0	149991	1287.5839466977498	0.3
40551.4692574366	300	59.94164204334144	0.0	147968	1494.5888036542071	0.3
40553.76035257172	300	59.85112725925049	0.0	161857	1590.5147840909476	0.3
40555.81566708581	300	59.88726004322065	0.0	145210	1463.8672160298352	0.3
40562.69629287424	300	57.00663425478625	0.0	172312	6880.625788434404	0.3
40565.38617449984	300	58.3167526291946	0.0	167025	2689.881625591644	0.3
40567.515020046005	300	59.71680719715758	0.0	160064	1599.9454320370278	0.3
40569.23441484083	300	59.83105989280984	0.0	137507	1385.7473043477332	0.3
40571.19288724783	300	59.98114737254997	0.0	118421	1849.912520259875	0.3

