85119.89968563362	750	4.0	3.695226970622181	450283	3695.2269706221814	-15.139475973675378
85120.94744702603	300	6.952238607584922	0.0	155580	1047.7613924150778	-0.15000000000000002
85121.91651041308	300	9.983175220530232	0.0	139857	969.0633870546915	0.3
85122.91076928431	300	12.988916349302155	0.0	155432	994.2588712280753	0.3
85124.56946923825	750	15.330216395351934	0.0	411561	1658.6999539502212	0.3
85128.34037369696	1850	15.55931193664178	0.0	801058	3770.904458710155	0.75
85134.24036840483	1200	13.659317228767303	0.0	561791	5899.994707874476	0.5499999999999999
85135.15841669076	300	16.74126894285646	0.0	173849	918.0482859108438	-0.6000000000000001
85136.92365435054	1200	18.976031283069588	0.0	584846	1765.2376597868758	0.29999999999999993
85140.20247656439	2850	19.697209069214267	0.0	1429765	3278.8222138553233	1.2000000000000002
85146.8647432887	2850	17.03494234491489	0.0	1354548	6662.266724299377	2.85
85148.64825689165	1200	19.251428741958165	0.0	594078	1783.513602956725	-0.44999999999999996
85152.0080585352	2850	19.89162709840877	0.0	1422919	3359.801643549395	1.2000000000000002
85158.09568769552	2850	17.80399793808946	0.0	1578343	6087.629160319311	2.85
85161.13842241008	1850	18.761263223532765	0.0	821631	3042.734714556692	0.8500000000000001
85162.4264240519	1850	21.473261581712016	0.0	923170	1288.0016418207483	1.85
85166.81269706179	4300	21.086988571810227	0.0	2289689	4386.273009901791	1.8499999999999996
85174.75174618817	4300	17.14793944544572	0.0	2059512	7939.049126364508	4.3
85176.33345896327	1850	19.56622667033725	0.0	987708	1581.7127751084647	-0.6000000000000001
85182.3196879727	4300	17.57999766090504	0.0	2156729	5986.229009432213	1.8499999999999996
85186.27602518549	2850	17.62366044812375	0.0	1415116	3956.3372127812863	1.4000000000000001
85190.3083598542	2850	17.591325779419844	0.0	1468126	4032.334668703907	2.85
85194.04181394143	2850	17.85787169220071	0.0	1505760	3733.454087219132	2.85
85198.08638491182	2850	17.81330072179411	0.0	1323990	4044.5709704066016	2.85
85208.0952492707	2850	11.804436362903012	0.0	1383735	10008.8643588911	2.85
85210.03085079194	750	13.86883484167151	0.0	379700	1935.6015212315012	-1.35
85212.30407799677	1200	15.595607636847067	0.0	696376	2273.227204824444	0.75
85213.83489567018	1850	18.064789963444923	0.0	758197	1530.8176734021438	1.2000000000000002
85217.23650713064	4300	18.663178502979274	0.0	2134614	3401.6114604656514	1.8499999999999996
85224.4217910222	4300	15.477894611406679	0.0	2164140	7185.283891572594	4.3
85225.73463128462	1850	18.165054348990786	0.0	873429	1312.8402624158898	-0.6000000000000001
85232.13494478296	4300	15.764740850658207	0.0	2147852	6400.31349833258	1.8499999999999996
85234.02664415844	1850	17.873041475172226	0.0	885062	1891.6993754859802	-0.6000000000000001
85241.40492602132	2850	14.494759612291459	0.0	1587293	7378.28186288077	1.85
85244.43048527336	1200	15.469200360255561	0.0	690253	3025.5592520358964	-0.44999999999999996
85245.28870360354	1200	18.610982030076006	0.0	598727	858.2183301795596	1.2
85248.3518974251	4300	19.54778820851518	0.0	1919781	3063.1938215608257	1.1999999999999997
85253.6936959955	4300	18.20598963810573	0.0	2147467	5341.79857040945	4.3
85259.75298249467	2850	16.146703138944126	0.0	1427478	6059.286499161603	1.4000000000000001
85261.15703292511	1850	18.74265270850327	0.0	930577	1404.0504304408548	0.8500000000000001
85265.33205116329	4300	18.567634470328848	0.0	2108491	4175.018238174425	1.8499999999999996
85272.71360612974	4300	15.18607950387655	0.0	2184571	7381.554966452299	4.3
85275.05291801051	1850	16.846767623115905	0.0	886255	2339.3118807606434	-0.6000000000000001
85277.94971605651	2850	17.94996957710436	0.0	1587250	2896.798046011546	1.85
85284.08631234082	4300	15.813373292793662	0.0	2124950	6136.596284310696	2.8499999999999996
85286.33308198229	1850	17.56660365133874	0.0	982064	2246.769641454923	-0.6000000000000001
85290.05998404745	2850	17.839701586187743	0.0	1231456	3726.902065150992	1.85
85294.58591771893	2850	17.313767914702364	0.0	1364537	4525.933671485381	2.85

