93576.02008617253	750	4.0	12.46111802488848	450283	12461.11802488848	-52.83280750702046
93581.34150868791	300	4.0	1.3214225153806982	155580	5321.422515380698	-5.8321168161370025
93586.12438225276	300	4.0	0.782873564856789	139857	4782.873564856789	-3.066356328884193
93592.8253028779	300	4.0	2.700920625140854	155432	6700.920625140854	-11.313958688105672
93597.19554031995	300	4.0	0.37023744204263037	163442	4370.23744204263	-1.2920210007833104
93599.88614270742	300	5.309397612527435	0.0	126289	2690.6023874725647	0.3
93602.99681716561	300	6.198723154333348	0.0	153295	3110.6744581940866	0.3
93606.14562805522	300	7.049912264713979	0.0	173849	3148.81088961937	0.3
93608.88598554462	300	8.309554775314929	0.0	150710	2740.3574893990485	0.3
93611.42148968212	300	9.774050637813405	0.0	139105	2535.5041375015244	0.3
93616.9076570082	300	8.287883311736085	0.0	141840	5486.16732607732	0.3
93619.84021745491	300	9.355322865030175	0.0	156148	2932.5604467059097	0.3
93627.08039914184	300	6.11514117810627	0.0	160746	7240.1816869239055	0.3
93630.16552311713	300	7.030017202807316	0.0	179801	3085.1239752989545	0.3
93634.7783931184	300	6.417147201539208	0.0	140051	4612.870001268107	0.3
93637.49404895066	300	7.70149136927743	0.0	138313	2715.6558322617784	0.3
93639.44386665974	300	9.751673660184904	0.0	143509	1949.8177090925258	0.3
93641.57703983264	300	11.618500487288145	0.0	150616	2133.1731728967593	0.3
93644.2838924894	300	12.911647830514227	0.0	165384	2706.852656773918	0.3
93647.25913937442	300	13.93640094549397	0.0	140881	2975.2468850202563	0.3
93651.04502491595	300	14.150515403970413	0.0	157671	3785.885541523556	0.3
93660.52409889114	750	8.671441428781439	0.0	399894	9479.073975188976	0.3
93671.38466049597	300	4.0	2.189120176050703	163927	10860.56160483214	-9.56321675701802
93675.96250923908	300	4.0	0.5778487431103732	137654	4577.848743110373	-2.184749595374605
93680.41574800447	300	4.0	0.45323876538391233	146754	4453.238765383912	-1.648926691150823
93684.42558773163	300	4.0	0.00983972715882237	153938	4009.8397271588224	0.2576891732170638
93689.28520187932	300	4.0	0.8596141476948796	181901	4859.61414769488	-3.3963408350879827
93691.4976624635	300	5.787539415826402	0.0	111155	2212.4605841735975	0.3
93694.86883094828	300	6.416370931045033	0.0	153605	3371.1684847813694	0.3
93698.00533453516	300	7.279867344152377	0.0	149029	3136.5035868926557	0.3
93700.78584268679	300	8.499359192527638	0.0	157421	2780.508151624739	0.3
93703.63883638027	300	9.646365499037879	0.0	157488	2852.9936934897587	0.3
93709.41162011267	300	7.8735817666318475	0.0	143881	5772.783732406031	0.3
93713.35891547332	300	7.926286405981901	0.0	163444	3947.2953606499473	0.3
93716.7110456912	300	8.574156188095781	0.0	179328	3352.130217886119	0.3
93720.27073449471	300	9.014467384593157	0.0	159914	3559.6888035026245	0.3
93722.93121201593	300	10.35398986338376	0.0	131610	2660.4775212093973	0.3
93725.41420887133	300	11.870993007993528	0.0	124011	2482.996855390233	0.3
93728.16620116026	300	13.11900071904757	0.0	144254	2751.992288945957	0.3
93731.7642946446	300	13.520907234720113	0.0	149991	3598.0934843274576	0.3
93737.6879652538	300	11.597236625513931	0.0	147968	5923.67060920618	0.3
93742.62226883267	300	10.66293304663799	0.0	161857	4934.303578875941	0.3
93746.20127919645	300	11.083922682852583	0.0	145210	3579.010363785409	0.3
93750.88548107169	300	10.399720807634605	0.0	172312	4684.201875217977	0.3
93755.36842918406	300	9.916772695258143	0.0	167025	4482.948112376462	0.3
93759.82249477753	300	9.46270710178745	0.0	160064	4454.065593470694	0.3
93761.97050925101	300	11.314692628302979	0.0	137507	2148.01447348447	0.3
93763.83148288846	300	13.4537189908554	0.0	118421	1860.9736374475797	0.3

