83794.88446434656	750	4.0	5.837977830042777	450283	5837.977830042777	-24.35330466918394
83796.71300377091	300	6.17146057564378	0.0	155580	1828.5394243562198	-0.15000000000000002
83798.3648348435	300	8.519629503062552	0.0	139857	1651.83107258123	0.3
83800.19171091888	300	10.692753427689523	0.0	155432	1826.8760753730294	0.3
83805.52895281649	300	9.355511530083731	0.0	163442	5337.24189760579	0.3
83810.81362380342	300	8.070840543142044	0.0	126289	5284.670986941687	0.3
83815.34862520554	300	7.535839141010566	0.0	153295	4535.001402131478	0.3
83817.40272192155	300	9.481742425012749	0.0	173849	2054.096715997817	0.3
83818.93697833362	300	11.947486012931618	0.0	150710	1534.2564120811305	0.3
83820.35925381767	300	14.525210528872528	0.0	139105	1422.2754840590917	0.3
83821.80792032613	300	17.076544020415305	0.0	141840	1448.6665084572198	0.3
83823.35614565542	300	19.528318691120255	0.0	156148	1548.2253292950513	0.3
83827.04308487373	750	19.841379472801492	0.0	386351	3686.939218318762	0.3
83831.21895008259	750	19.665514263952286	0.0	434409	4175.865208849205	0.75
83834.41924871887	750	20.465215627661895	0.0	337059	3200.2986362903903	0.75
83842.89286411031	750	15.991600236234719	0.0	366214	8473.615391427176	0.75
83849.83360321744	750	13.050861129100202	0.0	360831	6940.739107134517	0.75
83852.50912478383	300	14.375339562710689	0.0	150616	2675.521566389513	-0.15000000000000002
83858.46576985215	300	12.418694494396187	0.0	165384	5956.645068314502	0.3
83860.84604831277	300	14.03841603377004	0.0	140881	2380.278460626145	0.3
83863.26306639859	300	15.621397947941	0.0	157671	2417.0180858290396	0.3
83865.70177338023	300	17.182690966298722	0.0	157812	2438.7069816422763	0.3
83867.87440811867	300	19.01005622785293	0.0	163927	2172.6347384457904	0.3
83869.71165092972	300	21.17281341680889	0.0	137654	1837.242811044043	0.3
83871.9814078743	300	22.90305647223591	0.0	146754	2269.7569445729832	0.3
83878.55543541911	750	20.329028927409965	0.0	379700	6574.027544825945	0.3
83885.31369980538	750	17.570764541142747	0.0	425781	6758.264386267215	0.75
83888.30014101016	750	18.58432333637876	0.0	277716	2986.441204763988	0.75
83897.0141199246	750	13.870344421921725	0.0	400396	8713.978914457033	0.75
83901.28575322173	750	13.598711124793068	0.0	400508	4271.633297128657	0.75
83905.18781845765	750	13.696645888874823	0.0	358218	3902.065235918246	0.75
83910.35958715416	750	12.524877192351047	0.0	400322	5171.768696523774	0.75
83914.36807936204	300	12.516384984468855	0.0	143881	4008.492207882192	-0.15000000000000002
83917.31466395521	300	13.56980039130434	0.0	163444	2946.5845931645144	0.3
83920.53498381162	300	14.349480534901398	0.0	179328	3220.319856402944	0.3
83923.3869175363	300	15.497546810211874	0.0	159914	2851.933724689523	0.3
83927.88567662014	300	14.998787726380202	0.0	131610	4498.759083831672	0.3
83930.88485404314	300	15.999610303377947	0.0	124011	2999.1774230022543	0.3
83934.9650076592	300	15.91945668732594	0.0	144254	4080.153616052006	0.3
83936.45670949906	300	18.427754847468066	0.0	149991	1491.7018398578755	0.3
83939.37579538352	300	19.50866896300958	0.0	147968	2919.0858844584895	0.3
83940.3488093446	300	22.535655001924972	0.0	161857	973.0139610846065	0.3
83941.1393306722	300	25.745133674326354	0.0	145210	790.5213275986189	0.3
83943.19416819078	750	27.69029615575178	0.0	438281	2054.8375185745704	0.3
83945.12550071893	750	29.758963627589374	0.0	398987	1931.3325281624068	0.75
83948.67783175444	1850	30.206632592101975	0.0	982064	3552.3310354873993	0.75
83955.69192900973	4300	27.19253533679503	0.0	1961140	7014.097255306943	1.8499999999999996
83975.30609325111	4300	11.57837109541926	0.0	2155012	19614.16424137577	4.3

