67462.3412186552	750	4.0	9.00359199983513	450283	9003.591999835131	-37.96544559929106
67465.52156478628	300	4.819653868912581	0.0	155580	3180.346131087419	-0.15000000000000002
67468.38858823953	300	5.952630415669921	0.0	139857	2867.0234532426607	0.3
67471.55215896445	300	6.7890596907353755	0.0	155432	3163.5707249345455	0.3
67474.87023441437	300	7.470984240825538	0.0	163442	3318.0754499098375	0.3
67477.39914704881	300	8.942071606379779	0.0	126289	2528.9126344457595	0.3
67479.55469094697	300	10.786527708235782	0.0	153295	2155.543898143996	0.3
67481.3592962574	300	12.98192239780225	0.0	173849	1804.6053104335317	0.3
67485.15694569415	750	13.184272961064337	0.0	374758	3797.649436737913	0.3
67486.61688588194	300	15.724332773270008	0.0	139105	1459.9401877943299	-0.15000000000000002
67490.20087548069	750	16.140343174530113	0.0	353220	3583.989598739895	0.3
67494.2998588964	750	16.041359758823504	0.0	405134	4098.98341570661	0.75
67498.21251244223	750	16.12870621298024	0.0	386351	3912.6535458432627	0.75
67502.60190776979	750	15.739310885425176	0.0	434409	4389.395327555062	0.75
67505.6290307246	750	16.71218793061097	0.0	337059	3027.1229548142082	0.75
67508.37228109568	750	17.968937559520484	0.0	366214	2743.250371090485	0.75
67510.91283839237	750	19.42838026284217	0.0	360831	2540.5572966783125	0.75
67513.95664157532	1200	20.38457707988219	0.0	581493	3043.8031829599786	0.75
67516.99473434583	1200	21.346484309368126	0.0	639204	3038.092770514063	1.2
67519.85556645675	1200	22.485652198463963	0.0	586839	2860.8321109041653	1.2
67524.26644459652	1850	22.074774058693098	0.0	891604	4410.8781397708635	1.2000000000000002
67528.98638458818	1850	21.354834067024758	0.0	955231	4719.939991668343	1.85
67533.76847502534	1850	20.57274362986899	0.0	968026	4782.090437155766	1.85
67536.4552818349	1200	21.88593682030285	0.0	536667	2686.8068095661415	0.5499999999999999
67540.79123484243	1850	21.549983812771217	0.0	897976	4335.9530075316325	1.2000000000000002
67543.54602665553	1200	22.79519199968737	0.0	590335	2754.791813083848	0.5499999999999999
67547.75500137491	1850	22.58621728029175	0.0	1076599	4208.974719395621	1.2000000000000002
67550.68370259853	1850	23.657516056673547	0.0	758197	2928.701223618201	1.85
67554.33828963288	1850	24.002929022309168	0.0	972798	3654.5870343643787	1.85
67557.62879765178	1850	24.712421003412558	0.0	975811	3290.50801889661	1.85
67560.5749258449	1850	25.766292810291734	0.0	873429	2946.1281931208214	1.85
67565.23424812098	2850	25.10697053422033	0.0	1497683	4659.322276071407	1.85
67569.50738537894	2850	24.83383327625353	0.0	1358081	4273.137257966804	2.85
67572.7840110619	1850	25.55720759328358	0.0	1035329	3276.6256829699505	0.8500000000000001
67577.4727041937	2850	24.868514461486708	0.0	1492672	4688.69313179687	1.85
67580.46716833064	1850	25.874050324546644	0.0	943942	2994.4641369400656	0.8500000000000001
67584.0647814478	2850	26.276437207386284	0.0	1139291	3597.6131171603597	1.85
67588.42853051868	2850	25.912688136506492	0.0	1499009	4363.749070879791	2.85
67592.33537826997	2850	26.005840385215485	0.0	1427478	3906.847751291007	2.85
67596.17469284618	2850	26.16652580900863	0.0	1402287	3839.3145762068575	2.85
67599.84568518572	2850	26.495533469473937	0.0	1339500	3670.9923395346927	2.85
67604.02013760018	2850	26.3210810550066	0.0	1527299	4174.452414467336	2.85
67607.70051826013	2850	26.64070039507396	0.0	1343002	3680.3806599326404	2.85
67612.03569003387	2850	26.305528621332684	0.0	1587250	4335.171773741278	2.85
67616.04291667741	2850	26.298301977791436	0.0	1464921	4007.226643541248	2.85
67620.10002312945	2850	26.241195525762407	0.0	1483527	4057.106452029029	2.85
67623.48136621453	2850	26.859852440675407	0.0	1231456	3381.3430850869986	2.85
67627.21947887896	2850	27.121739776239682	0.0	1364537	3738.112664435723	2.85

