87758.22519666054	750	4.0	1.283667088944835	450283	1283.6670889448349	-4.76976848246279
87760.29401499817	1200	5.9311816623667495	0.0	611087	2068.818337633251	0.75
87762.13683793215	1200	8.088358728377163	0.0	571051	1842.8229339895872	1.2
87764.29254812098	1200	9.93264853955291	0.0	617681	2155.710188824253	1.2
87766.17307686787	1200	12.052119792664325	0.0	652874	1880.5287468885842	1.2
87770.106798803	1850	12.11839785752831	0.0	801058	3933.721935136017	1.2000000000000002
87773.37890710428	1850	12.846289556239654	0.0	905515	3272.108301288655	1.85
87776.4082335854	1850	13.81696307511503	0.0	1060487	3029.326481124622	1.85
87778.72877688361	1850	15.496419776899351	0.0	852833	2320.543298215679	1.85
87781.0273074593	1850	17.197889201227365	0.0	913888	2298.530575671985	1.85
87783.26779662048	1850	18.9574000400527	0.0	939819	2240.4891611746643	1.85
87785.50583651045	1850	20.719360150072152	0.0	917428	2238.039889980548	1.85
87794.67129617202	4300	15.553900488497616	0.0	2209463	9165.459661574536	1.8499999999999996
87802.84625767884	4300	11.378938981673357	0.0	2275376	8174.961506824258	4.3
87807.73517007098	2850	10.490026589528268	0.0	1231445	4888.912392145089	1.4000000000000001
87810.80718395572	1850	11.418012704794576	0.0	923170	3072.0138847336925	0.8500000000000001
87814.66798021093	1850	11.557216449599872	0.0	966699	3860.796255194702	1.85
87817.63432003326	1850	12.59087662725717	0.0	885714	2966.339822342702	1.85
87822.09429738983	1850	12.130899270684615	0.0	987708	4459.9773565725545	1.85
87828.52485887919	1850	9.700337781320686	0.0	923755	6430.561489363929	1.85
87830.5084032355	1200	11.716793425020118	0.0	601738	1983.544356300568	0.5499999999999999
87832.3299637346	1200	13.895232925909765	0.0	616206	1821.5604991103542	1.2
87834.35431390244	1200	15.870882758083878	0.0	656471	2024.350167825885	1.2
87836.22673076669	1200	17.998465893820658	0.0	536667	1872.4168642632198	1.2
87838.2988188605	1850	19.926377800014816	0.0	897976	2072.088093805844	1.2000000000000002
87840.92598653908	1850	21.299210121438257	0.0	905935	2627.167678576559	1.85
87846.20763884278	1850	20.017557817746386	0.0	1076599	5281.652303691869	1.85
87848.52412897175	1850	21.701067688767846	0.0	758197	2316.4901289785407	1.85
87851.61849303253	1850	22.60670362798849	0.0	972798	3094.364060779355	1.85
87854.35708382374	1850	23.86811283677493	0.0	975811	2738.5907912135635	1.85
87856.75860929443	1850	25.466587366089566	0.0	873429	2401.525470685363	1.85
87860.94385267144	2850	25.28134398909072	0.0	1497683	4185.243376998847	1.85
87868.82362140212	4300	21.40157525840173	0.0	2191074	7879.768730688985	2.8499999999999996
87876.28605333049	4300	17.939143330014524	0.0	2286761	7462.431928387207	4.3
87881.56673330191	4300	16.658463358606774	0.0	2307787	5280.679971407755	4.3
87886.7323008285	4300	15.492895832019073	0.0	2143948	5165.5675265877	4.3
87893.44423753832	4300	12.780959122198551	0.0	1919781	6711.936709820522	4.3
87900.51801574495	4300	9.707180915570294	0.0	2147467	7073.778206628255	4.3
87905.91938044863	2850	8.305816211904359	0.0	1427478	5401.364703665935	1.4000000000000001
87911.0436297335	2850	7.181566927029059	0.0	1402287	5124.2492848753	2.85
87914.72612415068	2850	7.499072509851054	0.0	1339500	3682.4944171780057	2.85
87919.13661531462	2850	7.088581345905624	0.0	1527299	4410.49116394543	2.85
87924.02395379695	2850	6.2012428635705135	0.0	1343002	4887.33848233511	2.85
87927.76561066534	1850	6.459585995172241	0.0	973972	3741.6568683982723	0.8500000000000001
87930.93494636434	1850	7.290250296185923	0.0	958994	3169.3356989863178	1.85
87935.38757576337	2850	6.837620897171656	0.0	1483527	4452.629399014268	1.85
87939.10563621463	2850	7.119560445909896	0.0	1231456	3718.0604512617597	2.85
87943.48927283657	2850	6.735923823977457	0.0	1364537	4383.636621932439	2.85

