75844.42821838197	750	4.0	2.343198200901108	450283	2343.198200901108	-9.325752263874763
75845.21739900156	300	7.210819380418503	0.0	155580	789.1806195814967	-0.15000000000000002
75845.93490943935	300	10.49330894261924	0.0	139857	717.5104377992633	0.3
75847.75779898686	750	12.670419395119026	0.0	382355	1822.889547500213	0.3
75851.78940102844	1200	12.638817353539014	0.0	652874	4031.6020415800117	0.75
75853.79999701657	750	14.628221365417522	0.0	318564	2010.595988121493	0.3
75855.6469423546	750	16.781276027398675	0.0	352642	1846.9453380188459	0.75
75861.30612595227	1200	15.122092429735384	0.0	709534	5659.183597663292	0.75
75863.28824546574	750	17.139972916259154	0.0	374758	1982.1195134762313	0.3
75865.6407026647	1200	18.78751571729969	0.0	560821	2352.457198959462	0.75
75868.49194484256	1850	19.936273539436197	0.0	939819	2851.2421778634944	1.2000000000000002
75872.30883600499	2850	20.119382377004687	0.0	1519951	3816.89116243151	1.85
75876.81824621359	2850	19.609972168406518	0.0	1422919	4509.410208598169	2.85
75881.15859735967	2850	19.26962102231757	0.0	1578343	4340.3511460889495	2.85
75887.2328524039	2850	17.19536597808728	0.0	1231445	6074.25504423029	2.85
75891.36621480087	1200	17.062003581109526	0.0	587876	4133.362396977754	-0.44999999999999996
75893.67644746111	1200	18.751770920872303	0.0	617242	2310.2326602372254	1.2
75896.03303250196	1850	20.395185880025025	0.0	885714	2356.5850408472766	1.2000000000000002
75900.0401227915	2850	20.388095590485907	0.0	1537156	4007.0902895391205	1.85
75903.06419730354	2850	21.36402107845666	0.0	1336050	3024.074512029248	2.85
75909.62448521735	4300	18.803733164638608	0.0	2039773	6560.2879138180515	2.8499999999999996
75913.10235520832	2850	19.32586317367015	0.0	1468126	3477.8699909684606	1.4000000000000001
75916.86114455518	2850	19.56707382680759	0.0	1505760	3758.7893468625593	2.85
75921.59347398783	2850	18.834744394157863	0.0	1323990	4732.329432649727	2.85
75924.56566931694	1850	19.862549065048245	0.0	897976	2972.195329109616	0.8500000000000001
75934.35487961514	2850	14.073338766857034	0.0	1480464	9789.210298191212	1.85
75936.14500910032	750	16.283209281684883	0.0	425781	1790.1294851721498	-1.35
75938.86758550152	1850	17.560632880483166	0.0	758197	2722.5764012017175	0.75
75941.38764964846	1850	19.040568733544184	0.0	972798	2520.06414693898	1.85
75945.9195306947	2850	18.50868768730131	0.0	1561263	4531.8810462428755	1.85
75949.36274611064	2850	19.065472271368062	0.0	1341201	3443.2154159332476	2.85
75956.39868622515	2850	16.02953215684757	0.0	1497683	7035.940114520489	2.85
75957.91819404492	1200	18.510024337077784	0.0	584349	1519.5078197697899	-0.44999999999999996
75962.68557642179	2850	17.742641960192966	0.0	1587293	4767.382376884817	1.2000000000000002
75968.72844649544	2850	15.699771886549126	0.0	1492672	6042.87007364384	2.85
75971.45694694818	1850	16.971271433800638	0.0	943942	2728.5004527484884	0.8500000000000001
75974.35339438112	2850	18.074824000867597	0.0	1139291	2896.4474329330415	1.85
75978.71976468051	2850	17.7084537014709	0.0	1499009	4366.370299396695	2.85
75984.03305307156	2850	16.395165310436695	0.0	1427478	5313.288391034206	2.85
75986.7215607527	1850	17.70665762928446	0.0	930577	2688.507681152234	0.8500000000000001
75992.07999419112	2850	16.348224190864997	0.0	1339500	5358.433438419467	1.85
75997.47073248793	1850	14.957485894052176	0.0	1025005	5390.7382968128195	0.8500000000000001
75998.7504122792	1200	17.67780610277445	0.0	599477	1279.6797912777258	0.5499999999999999
76003.03792049982	2850	17.39029788216525	0.0	1587250	4287.508220609201	1.2000000000000002
76012.94033981669	2850	11.487878565287696	0.0	1464921	9902.419316877555	2.85
76017.18978108266	750	11.238437299320802	0.0	393804	4249.441265966893	-1.35
76017.82161979198	300	14.606598589997496	0.0	137507	631.8387093233052	-0.15000000000000002
76019.55150805898	1200	16.876710323004335	0.0	550906	1729.8882669931586	0.29999999999999993

