51024.7605104651	750	4.0	10.5668423568866	450283	10566.8423568866	-44.687422134612376
51028.54610802709	300	4.214402438005955	0.0	155580	3785.597561994046	-0.15000000000000002
51031.773517058195	300	4.98699340690871	0.0	139857	3227.409031097244	0.3
51035.20037962351	300	5.560130841592451	0.0	155432	3426.8625653162603	0.3
51038.76599639821	300	5.9945140668928305	0.0	163442	3565.6167746996202	0.3
51041.537423388756	300	7.223087076342917	0.0	126289	2771.4269905499136	0.3
51044.90001889352	300	7.860491571585333	0.0	153295	3362.595504757585	0.3
51048.8392499398	300	7.921260525297048	0.0	173849	3939.2310462882856	0.3
51052.15991014949	300	8.600600315619209	0.0	150710	3320.660209677838	0.3
51055.16053269752	300	9.599977767586358	0.0	139105	3000.622548032851	0.3
51058.29763143614	300	10.462879028970969	0.0	141840	3137.098738615391	0.3
51061.58693463085	300	11.173575834259706	0.0	156148	3289.303194711263	0.3
51064.88999240078	300	11.870518064330117	0.0	160746	3303.057769929588	0.3
51068.64979506785	300	12.110715397255495	0.0	179801	3759.8026670746217	0.3
51071.527584176816	300	13.232926288294772	0.0	140051	2877.7891089607233	0.3
51074.36370887276	300	14.396801592348526	0.0	138313	2836.124695946245	0.3
51077.30337281607	300	15.457137649042043	0.0	143509	2939.663943306483	0.3
51080.40070027411	300	16.35981019100547	0.0	150616	3097.3274580365746	0.3
51083.462456607	300	17.298053858117527	0.0	165384	3061.7563328879423	0.3
51085.65812255549	300	19.102387909625186	0.0	140881	2195.6659484923393	0.3
51087.82393920469	300	20.936571260437226	0.0	157671	2165.8166491879597	0.3
51093.194103934475	750	19.56640653064944	0.0	399894	5370.164729787785	0.3
51095.44268069146	300	21.31782977365903	0.0	163927	2248.576756990408	-0.15000000000000002
51100.070782523704	750	20.68972794142089	0.0	343800	4628.101832238144	0.3
51104.91190961425	750	19.848600850879862	0.0	359903	4841.127090541027	0.75
51107.02834271446	300	21.732167750673128	0.0	153938	2116.433100206735	-0.15000000000000002
51112.74096443125	750	20.01954603388375	0.0	425781	5712.621716789382	0.3
51114.291424754585	300	22.46908571054916	0.0	111155	1550.4603233345867	-0.15000000000000002
51119.2651486013	750	21.495361863828514	0.0	400396	4973.723846720643	0.3
51123.26164527944	750	21.49886518569455	0.0	400508	3996.496678133966	0.75
51126.84459555021	750	21.915914914918954	0.0	358218	3582.9502707755983	0.75
51130.83927336734	750	21.92123709778685	0.0	400322	3994.6778171321057	0.75
51134.535814441326	750	22.224696023798323	0.0	369834	3696.541073988527	0.75
51138.65287422318	750	22.107636241944295	0.0	412837	4117.059781854026	0.75
51142.65504261842	750	22.105467846707754	0.0	401088	4002.16839523654	0.75
51146.30588725444	750	22.45462321068531	0.0	365161	3650.844636022445	0.75
51149.58010781314	750	23.180402651984743	0.0	321064	3274.220558700565	0.75
51153.44881655678	750	23.31169390834724	0.0	361565	3868.708743637502	0.75
51157.49316823035	750	23.267342234777775	0.0	378327	4044.3516735694693	0.75
51161.66696251897	750	23.093547946159408	0.0	390680	4173.7942886183655	0.75
51165.512521605524	750	23.247988859608864	0.0	345516	3845.559086550544	0.75
51169.87734319852	750	22.8831672666176	0.0	384505	4364.82159299126	0.75
51174.10384876022	750	22.65666170491906	0.0	372093	4226.505561698539	0.75
51179.06793581395	750	21.69257465118035	0.0	438281	4964.08705373871	0.75
51183.59414096843	750	21.166369496701726	0.0	398987	4526.205154478625	0.75
51190.310452425445	750	18.450058039692895	0.0	393804	6716.311457008829	0.75
51197.06916549235	300	15.691344972783838	0.0	137507	6758.713066909058	-0.15000000000000002
51200.396269894016	300	16.364240571115218	0.0	118421	3327.104401668622	0.3

