44970.982428403164	750	4.0	3.6644071869921913	450283	3664.4071869921913	-15.006950904066422
44972.38548616927	300	6.596942233897317	0.0	155580	1403.0577661026825	-0.15000000000000002
44973.71073778599	300	9.27169061717661	0.0	139857	1325.2516167207082	0.3
44975.239183689766	300	11.743244713396274	0.0	155432	1528.4459037803342	0.3
44976.91167324082	300	14.070755162336862	0.0	163442	1672.489551059412	0.3
44978.015663622646	300	16.96676478051421	0.0	126289	1103.9903818226496	0.3
44980.774672140855	750	18.207756262311456	0.0	352642	2759.0085182027533	0.3
44985.048867470454	750	17.933560932713963	0.0	437162	4274.195329597493	0.75
44987.88783029227	750	19.09459811089295	0.0	374758	2838.9628218210178	0.75
44992.56554332487	1200	18.41688507829491	0.0	560821	4677.713032598035	0.75
44996.64732015486	750	18.33510824830108	0.0	353220	4081.7768299938334	0.3
45000.36505742311	750	18.61737098005433	0.0	405134	3717.7372682467517	0.75
45003.95928641182	750	19.023141991350883	0.0	386351	3594.2289887034467	0.75
45007.73633623091	750	19.246092172257473	0.0	434409	3777.0498190934077	0.75
45011.40813948585	750	19.574288917319187	0.0	337059	3671.80325493829	0.75
45014.95035802212	750	20.032070381044782	0.0	366214	3542.2185362744053	0.75
45019.11327460064	750	19.869153802531912	0.0	360831	4162.916578512869	0.75
45022.913588318625	750	20.068840084548892	0.0	372963	3800.3137179830223	0.75
45026.52131897421	750	20.46110942896417	0.0	405596	3607.7306555847204	0.75
45029.6496721198	750	21.332756283377325	0.0	350713	3128.353145586843	0.75
45035.15306628162	750	19.82936212155269	0.0	386472	5503.394161824635	0.75
45036.59690320727	300	22.385525195915527	0.0	157812	1443.8369256371639	-0.15000000000000002
45042.64923860856	1200	20.3331897946157	0.0	656471	6052.3354012998325	0.29999999999999993
45046.19973332588	750	20.782695077299856	0.0	343800	3550.494717315841	0.3
45049.50407105847	750	21.478357344700463	0.0	359903	3304.3377325993947	0.75
45053.299939015116	750	21.68248938806054	0.0	379700	3795.8679566399264	0.75
45057.753344716206	750	21.229083686968824	0.0	425781	4453.405701091713	0.75
45061.24700111214	750	21.73542729103514	0.0	277716	3493.6563959336863	0.75
45065.05829113865	750	21.92413726452545	0.0	400396	3811.290026509689	0.75
45068.58750919714	750	22.394919206038438	0.0	400508	3529.2180584870102	0.75
45074.97858108533	1200	20.00384731784801	0.0	570392	6391.0718881904295	0.75
45079.53331518601	750	19.44911321717123	0.0	400322	4554.73410067678	0.3
45084.178693254056	750	18.80373514912391	0.0	369834	4645.378068047323	0.75
45086.31502830743	300	20.667400095749347	0.0	163444	2136.335053374562	-0.15000000000000002
45090.917224127836	750	20.06520427534188	0.0	401088	4602.195820407469	0.3
45094.76487135134	750	20.217557051841908	0.0	365161	3847.647223499971	0.75
45098.028623863946	750	20.953804539237193	0.0	321064	3263.752512604716	0.75
45102.74737007973	750	20.23505832345764	0.0	361565	4718.746215779552	0.75
45106.89759226104	750	20.084836142147722	0.0	378327	4150.222181309919	0.75
45110.85456495944	750	20.127863443750744	0.0	390680	3956.9726983969827	0.75
45113.97689747283	750	21.00553093036195	0.0	345516	3122.332513388791	0.75
45117.712246703166	750	21.270181700026548	0.0	384505	3735.3492303354046	0.75
45121.97083252741	750	21.01159587577871	0.0	372093	4258.585824247838	0.75
45127.65305620772	750	19.329372195473532	0.0	438281	5682.223680305177	0.75
45129.48019789458	300	21.502230508606335	0.0	167025	1827.141686867196	-0.15000000000000002
45134.25738062965	750	20.72504777353687	0.0	393804	4777.1827350694675	0.3
45138.120421108986	750	20.862007294206784	0.0	331053	3863.0404793300872	0.75
45141.2994706133	750	21.68295778989277	0.0	314107	3179.0495043140118	0.75

