63380.118525112564	750	4.0	12.880998703764101	450283	12880.9987037641	-54.63829442618563
63384.703701629296	300	4.0	0.5851765167306812	155580	4585.176516730681	-2.6662590219419293
63388.79182159098	300	4.0	0.08811996168491805	139857	4088.119961684918	-0.07891583524514761
63393.20647765337	300	4.0	0.4146560623978694	155432	4414.656062397869	-1.4830210683108382
63397.83469314972	300	4.0	0.6282154963436133	163442	4628.215496343613	-2.4013266342775372
63401.429025982274	300	4.405667167449379	0.0	126289	3594.3328325506213	0.3
63405.91049654209	300	4.0	0.07580339236642067	153295	4481.4705598158	-0.02595458717560889
63410.37964466753	300	4.0	0.46914812544931644	173849	4469.1481254493165	-1.7173369394320608
63414.01202437024	300	4.367620297299624	0.0	150710	3632.379702700376	0.3
63415.90621918819	300	6.4734254793434856	0.0	139105	1894.194817956138	0.3
63417.79969483112	300	8.579949836415613	0.0	141840	1893.4756429278734	0.3
63419.876103423136	300	10.50354124439713	0.0	156148	2076.4085920184825	0.3
63422.011299106285	300	12.368345561246512	0.0	160746	2135.19568315062	0.3
63424.39011984849	300	13.989524819043504	0.0	179801	2378.8207422030073	0.3
63426.29682485569	300	16.082819811839155	0.0	140051	1906.7050072043496	0.3
63430.227559650295	300	16.152085017238647	0.0	138313	3930.734794600509	0.3
63434.17676065582	300	16.202884011709244	0.0	143509	3949.201005529402	0.3
63437.901647699124	300	16.477996968403243	0.0	150616	3724.887043306	0.3
63441.27657788033	300	17.103066787194386	0.0	165384	3374.9301812088547	0.3
63444.28089525515	300	18.098749412377472	0.0	140881	3004.317374816914	0.3
63447.46570711287	300	18.91393755465484	0.0	157671	3184.8118577226323	0.3
63450.57220469256	300	19.807439974969668	0.0	157812	3106.4975796851727	0.3
63453.72309804737	300	20.656546620157673	0.0	163927	3150.893354811993	0.3
63456.42263939595	300	21.957005271582663	0.0	137654	2699.5413485750114	0.3
63459.354118333715	300	23.02552633381373	0.0	146754	2931.478937768935	0.3
63462.417669057984	300	23.96197560953758	0.0	153938	3063.550724276152	0.3
63465.9913431107	300	24.388301556827134	0.0	181901	3573.6740527104453	0.3
63468.1572373736	300	26.22240729392356	0.0	111155	2165.894262903573	0.3
63471.03344786715	300	27.346196800374795	0.0	153605	2876.2104935487646	0.3
63473.87676388673	300	28.502880780797692	0.0	149029	2843.3160195771015	0.3
63476.78905853858	300	29.59058612894141	0.0	157421	2912.2946518562826	0.3
63483.83759791332	750	26.542046754213537	0.0	400322	7048.539374727872	0.3
63499.69106178542	750	14.6885828821056	0.0	369834	15853.463872107937	0.75
63504.33192691566	300	14.047717751876345	0.0	163444	4640.865130229255	-0.15000000000000002
63509.06825167646	300	13.311392991073763	0.0	179328	4736.324760802583	0.3
63512.96829984719	300	13.411344820339304	0.0	159914	3900.0481707344593	0.3
63518.011118573784	300	12.368526093745007	0.0	131610	5042.818726594296	0.3
63521.33192887807	300	13.047715789464002	0.0	124011	3320.810304281005	0.3
63526.877262421556	300	11.502382245976882	0.0	144254	5545.3335434871215	0.3
63530.37836207361	300	12.00128259392653	0.0	149991	3501.099652050351	0.3
63532.59949793711	300	13.780146730423999	0.0	147968	2221.1358635025313	0.3
63535.86959928593	300	14.510045381606622	0.0	161857	3270.101348817378	0.3
63537.92544030854	300	16.45420435899507	0.0	145210	2055.841022611552	0.3
63540.17853056299	300	18.20111410454887	0.0	172312	2253.090254446198	0.3
63542.36494450833	300	20.014700159212065	0.0	167025	2186.4139453368084	0.3
63547.41135215586	750	18.968292511677767	0.0	393804	5046.4076475343	0.3
63549.22550370432	300	21.15414096321838	0.0	137507	1814.1515484593835	-0.15000000000000002
63553.266823058475	750	21.112821609062365	0.0	314107	4041.3193541560177	0.3

