18915.457477799795	750	4.0	4.537516285382021	450283	4537.516285382021	-18.76132002714269
18916.25987691428	300	7.197600885517002	0.0	155580	802.3991144829984	-0.15000000000000002
18916.989269978647	300	10.468207821149806	0.0	139857	729.3930643671982	0.3
18917.79098188996	300	13.66649590983523	0.0	155432	801.7119113145737	0.3
18919.776050464206	750	15.68142733558958	0.0	411561	1985.06857424565	0.3
18920.75191717927	750	18.705560620524896	0.0	318564	975.8667150646846	0.75
18922.411787653407	1200	21.04569014638813	0.0	561791	1659.8704741367644	0.75
18924.487141471815	1200	22.97033632798208	0.0	709534	2075.3538184060535	1.2
18926.96548120326	1850	24.491996596534833	0.0	852833	2478.339731447245	1.2000000000000002
18929.615520003932	1850	25.841957795863586	0.0	913888	2650.038800671245	1.85
18933.50478428727	2850	25.952693512525112	0.0	1354548	3889.264283338476	1.85
18936.16477828743	1850	27.292699512360738	0.0	917428	2659.9940001643736	0.8500000000000001
18943.725193110095	2850	23.732284689700133	0.0	1422919	7560.414822660606	1.85
18947.845734970015	1850	23.611742829778688	0.0	1036454	4120.541859921445	0.8500000000000001
18953.52129775228	1850	21.936180047514753	0.0	821631	5675.5627822639335	1.85
18957.3158178266	1200	22.14165997319449	0.0	587876	3794.5200743202677	0.5499999999999999
18960.131947815273	1200	23.32552998451973	0.0	617242	2816.1299886747574	1.2
18965.30485710315	1850	22.152620696642504	0.0	885714	5172.909287877224	1.2000000000000002
18968.501396188985	1850	22.956081610806507	0.0	987708	3196.539085835996	1.85
18975.264082003294	1850	20.193395796496898	0.0	923755	6762.6858143096115	1.85
18977.262584358767	1200	22.194893441024	0.0	601738	1998.5023554728962	0.5499999999999999
18980.31746883119	1850	23.140008968600327	0.0	955231	3054.884472423673	1.2000000000000002
18983.174357979373	1850	24.28311982041814	0.0	968026	2856.889148182188	1.85
18985.952506886802	1850	25.504970912989123	0.0	874175	2778.1489074290153	1.85
18993.98862459321	2850	21.46885320658049	0.0	1383735	8036.117706408632	1.85
18995.90340974087	1200	23.554068058919714	0.0	590335	1914.785147660775	-0.44999999999999996
19000.8385429976	1850	22.61893480218477	0.0	1076599	4935.133256734941	1.2000000000000002
19003.31364543921	1850	24.143832360574635	0.0	758197	2475.1024416101372	1.85
19006.75832763687	1850	24.69915016291591	0.0	972798	3444.6821976587244	1.85
19010.920895013944	1850	24.536582785843116	0.0	975811	4162.5673770727935	1.85
19013.57950081673	1850	25.87797698305675	0.0	873429	2658.605802786365	1.85
19018.074475950725	2850	25.383001849058843	0.0	1497683	4494.975133997904	1.85
19021.82095862838	2850	25.636519171399932	0.0	1358081	3746.4826776589102	2.85
19025.996163636766	2850	25.46131416301735	0.0	1587293	4175.205008382583	2.85
19029.562028394976	2850	25.89544940481078	0.0	1492672	3565.8647582065673	2.85
19033.751220150938	2850	25.7062576488486	0.0	1439896	4189.191755962184	2.85
19036.60794085823	2850	26.84953694155517	0.0	1139291	2856.7207072934275	2.85
19040.71860428709	2850	26.73887351269776	0.0	1499009	4110.663428857404	2.85
19044.90681795771	2850	26.550659842075127	0.0	1427478	4188.213670622634	2.85
19049.354551807017	2850	26.10292599276808	0.0	1402287	4447.733849307049	2.85
19057.19268194086	2850	22.26479585892456	0.0	1339500	7838.130133843517	2.85
19059.136002568826	1200	24.321475230958704	0.0	641452	1943.3206279658568	-0.44999999999999996
19061.799667376465	1850	25.65781042331766	0.0	886255	2663.664807641045	1.2000000000000002
19064.70735548771	1850	26.75012231207761	0.0	973972	2907.6881112400492	1.85
19068.996134433157	2850	26.461343366628707	0.0	1464921	4288.7789454489075	1.85
19074.176218045115	2850	25.28125975467095	0.0	1483527	5180.083611957758	2.85
19078.383042562353	2850	25.07443523743059	0.0	1231456	4206.824517240358	2.85
19081.58518937823	1850	25.87228842155465	0.0	846370	3202.1468158759385	0.8500000000000001

