66071.66856718904	750	4.0	1.128865401941827	450283	1128.865401941827	-4.104121228349856
66072.92183524516	750	6.746731943883217	0.0	398865	1253.2680561167826	0.75
66074.5332769042	750	9.1352902848506	0.0	350812	1611.441659032617	0.75
66075.71925931465	750	11.94930787440543	0.0	382355	1185.9824104451689	0.75
66078.08287819856	1850	13.585688990492832	0.0	996749	2363.618883912599	0.75
66080.5955767969	2850	15.072990392148256	0.0	1224260	2512.6985983445757	1.85
66083.25153613642	2850	16.417031052636453	0.0	1388403	2655.9593395118045	2.85
66085.84772204394	2850	17.820845145119797	0.0	1638769	2596.1859075166535	2.85
66089.08371421315	4300	18.584852975913922	0.0	2055469	3235.992169205879	2.8499999999999996
66092.49433188213	4300	19.174235306937373	0.0	2169201	3410.6176689765507	4.3
66095.9115840672	4300	19.756983121865886	0.0	2173522	3417.2521850714847	4.3
66099.21971450756	4300	20.448852681498632	0.0	2102452	3308.130440367254	4.3
66113.53886152357	4300	10.129705665488336	0.0	2209463	14319.147016010296	4.3
66116.02189292958	750	11.646674259478647	0.0	434409	2483.0314060096885	-2.8
66117.99967894214	750	13.668888246924274	0.0	337059	1977.786012554373	0.75
66120.05340581234	750	15.615161376718344	0.0	366214	2053.726870205931	0.75
66123.23315876025	1200	16.43540842881382	0.0	617242	3179.7529479045265	0.75
66126.24608043535	1200	17.422486753717298	0.0	581493	3012.9216750965215	1.2
66129.27450205378	1200	18.394065135277717	0.0	639204	3028.421618439582	1.2
66133.55271284151	1850	18.11585434754027	0.0	923755	4278.2107877374465	1.2000000000000002
66137.70219667588	1850	17.966370513180365	0.0	891604	4149.483834359902	1.85
66142.17413517674	1850	17.494432012315094	0.0	955231	4471.9385008652725	1.85
66147.26033653106	1850	16.40823065799675	0.0	968026	5086.201354318341	1.85
66150.24332824537	1200	17.425238943695124	0.0	536667	2982.9917143016287	0.5499999999999999
66153.25533098263	1200	18.413236206431073	0.0	587236	3012.00273726405	1.2
66155.95138454164	1200	19.717182647427936	0.0	590335	2696.0535590031373	1.2
66164.72797189804	1850	14.94059529101621	0.0	1076599	8776.587356411726	1.2000000000000002
66166.14534694208	750	17.52322024697961	0.0	277716	1417.3750440365982	-0.3500000000000001
66169.48609454845	1200	18.182472640604196	0.0	622896	3340.7476063754125	0.75
66172.88812761106	1200	18.78043957799036	0.0	641447	3402.0330626138348	1.2
66175.98079940415	1200	19.687767784905	0.0	570392	3092.671793085364	1.2
66179.73464419802	1200	19.933922991036926	0.0	620283	3753.8447938680706	1.2
66183.2316109879	1200	20.43695620115146	0.0	584349	3496.9667898854646	1.2
66186.52699483743	1200	21.141572351626447	0.0	670129	3295.3838495250125	1.2
66192.0779661093	1850	19.59060107976667	0.0	1026056	5550.9712718597775	1.2000000000000002
66195.14516369849	1200	20.523403490571386	0.0	598727	3067.1975891952848	0.5499999999999999
66199.17828161354	1850	20.49028557551734	0.0	728962	4033.1179150540443	1.2000000000000002
66204.43602819527	1850	19.232538993801633	0.0	938587	5257.746581715705	1.85
66207.64149574847	1200	20.027071440596817	0.0	605884	3205.4675532048145	0.5499999999999999
66212.38653312354	1850	19.28203406552092	0.0	930577	4745.037375075897	1.2000000000000002
66216.18100978083	1850	19.48755740823557	0.0	858450	3794.476657285352	1.85
66220.81936256422	1850	18.849204624845694	0.0	1025005	4638.352783389876	1.85
66225.09045141334	1850	18.578115775722853	0.0	886255	4271.08884912284	1.85
66228.5712792048	1850	19.097287984260657	0.0	973972	3480.827791462199	1.85
66231.38278273902	1850	20.285784450045938	0.0	958994	2811.503534214718	1.85
66234.9762221447	2850	20.692345044348883	0.0	1483527	3593.4394056970577	1.85
66237.32297459977	2850	22.34559258928214	0.0	1231456	2346.752455066743	2.85
66241.26511744992	4300	22.403449739133332	0.0	2155012	3942.1428501488085	2.8499999999999996

