28393.669605462237	750	4.0	9.522832260635598	450283	9522.832260635598	-40.19817872073307
28396.777650716995	300	4.8919547452428	0.0	155580	3108.0452547572004	-0.15000000000000002
28399.579680060062	300	6.0899254021744245	0.0	139857	2802.029343068375	0.3
28402.684844798703	300	6.984760663535646	0.0	155432	3105.1647386387785	0.3
28405.317225027797	300	8.352380434442109	0.0	163442	2632.380229093536	0.3
28409.21645756424	750	8.453147898001093	0.0	318564	3899.2325364410162	0.3
28413.524247898727	750	8.145357563513729	0.0	352642	4307.790334487366	0.75
28418.845340219566	750	6.8242652426751285	0.0	437162	5321.0923208386	0.75
28420.732187620928	300	8.937417841314568	0.0	150710	1886.8474013605608	-0.15000000000000002
28425.161701276134	750	8.507904186105195	0.0	362795	4429.513655209373	0.3
28431.016159070834	750	6.653446391405292	0.0	353220	5854.457794699903	0.75
28433.566333243878	300	8.103272218364133	0.0	156148	2550.17417304116	-0.15000000000000002
28439.758190340533	750	5.9114151217082345	0.0	386351	6191.857096655898	0.3
28442.616010669797	300	7.0535947924431275	0.0	179801	2857.8203292651065	-0.15000000000000002
28447.813586122793	750	5.856019339448066	0.0	337059	5197.575452995062	0.3
28449.9935959538	300	7.676009508438938	0.0	138313	2180.009831009128	-0.15000000000000002
28454.59950136058	750	7.07010410165858	0.0	360831	4605.905406780358	0.3
28459.082837366084	750	6.586768096152093	0.0	372963	4483.336005506487	0.75
28461.115420657014	300	8.554184805223274	0.0	165384	2032.5832909288183	-0.15000000000000002
28465.336065119063	750	8.333540343174235	0.0	350713	4220.644462049041	0.3
28468.51302374598	750	9.156581716256717	0.0	386472	3176.9586269175184	0.75
28471.404430362916	1200	10.26517509931843	0.0	616206	2891.406616938286	0.75
28474.47954386916	1200	11.190061593075235	0.0	656471	3075.1135062431945	1.2
28478.547920125413	1850	11.12168533681998	0.0	874175	4068.3762562552565	1.2000000000000002
28482.724887159573	1850	10.944718302659691	0.0	897976	4176.967034160288	1.85
28485.49825873533	1200	12.171346726903753	0.0	590335	2773.371575755937	0.5499999999999999
28490.74373114048	1850	10.925874321753549	0.0	1076599	5245.472405150205	1.2000000000000002
28496.353362058104	1200	9.316243404129198	0.0	487160	5609.63091762435	0.5499999999999999
28503.46198171582	1200	6.207623746412613	0.0	622896	7108.619657716585	1.2
28505.210990419575	300	8.458615042658046	0.0	149029	1749.0087037545668	-0.6000000000000001
28509.302752961372	750	8.366852500860453	0.0	358218	4091.762541797593	0.3
28513.866047503405	750	7.803557958828798	0.0	400322	4563.2945420316555	0.75
28518.087900196133	750	7.581705266102104	0.0	369834	4221.852692726694	0.75
28522.37104116691	750	7.298564295325217	0.0	412837	4283.140970776887	0.75
28525.087554769183	750	8.582050693048433	0.0	401088	2716.5136022767847	0.75
28526.92718597817	750	10.742419484063044	0.0	365161	1839.6312089853898	0.75
28529.33665101165	1200	12.332954450584799	0.0	487812	2409.465033478246	0.75
28533.896684729312	1850	11.77292073292391	0.0	938587	4560.03371766089	1.2000000000000002
28538.31389570502	1850	11.355709757214324	0.0	908665	4417.210975709585	1.85
28542.83569634458	1850	10.833909117657502	0.0	930577	4521.800639556822	1.85
28545.621624548014	1200	12.047980914223158	0.0	566904	2785.928203434343	0.5499999999999999
28550.59414592405	1850	11.075459538185562	0.0	1025005	4972.521376037598	1.2000000000000002
28554.880379305665	1850	10.78922615657056	0.0	886255	4286.233381615001	1.85
28557.934906419952	1200	11.734699042285378	0.0	634861	3054.5271142851816	0.5499999999999999
28562.508100450512	1850	11.161505011723094	0.0	958994	4573.194030562286	1.2000000000000002
28567.189384819787	1850	10.480220642446413	0.0	982064	4681.28436927668	1.85
28589.001858867552	1200	4.0	11.332253405319417	538612	21812.47404776583	-48.178689642873486
28593.111384928863	300	4.0	0.10952606131054109	118421	4109.526061310541	-1.0709620636353268

