92335.43209084665	750	4.0	1.6608578961292995	450283	1660.8578961292994	-6.391688953355987
92337.27155523747	750	6.160535609168006	0.0	398865	1839.4643908319938	0.75
92338.35538571626	750	9.076705130377068	0.0	350812	1083.8304787909387	0.75
92342.71265244893	750	8.719438397720303	0.0	382355	4357.266732656764	0.75
92344.01693139785	750	11.41515944878176	0.0	411561	1304.2789489385432	0.75
92347.67278721955	1850	11.759303627089086	0.0	801058	3655.8558216926745	0.75
92353.35082767572	1850	10.081263170929367	0.0	905515	5678.040456159719	1.85
92354.68678919272	750	12.745301653923411	0.0	437162	1335.9615170059565	-0.3500000000000001
92356.72109404737	750	14.710996799278943	0.0	374758	2034.3048546444677	0.75
92357.60942025627	750	17.822670590374706	0.0	362795	888.3262089042381	0.75
92362.49012609957	1850	16.941964747079137	0.0	939819	4880.705843295571	0.75
92364.72793830103	1850	18.70415254562316	0.0	917428	2237.8122014559744	1.85
92370.10785949414	1850	17.32423135250962	0.0	946851	5379.921193113539	1.85
92372.90829686463	1850	18.5237939820195	0.0	1036454	2800.4373704901195	1.85
92375.98875033947	1850	19.443340507175918	0.0	821631	3080.4534748435854	1.85
92378.03308312732	1850	21.399007719329806	0.0	923170	2044.3327878461148	1.85
92380.50888452414	1850	22.92320632251019	0.0	966699	2475.801396819617	1.85
92383.25237646101	1850	24.179714385637514	0.0	885714	2743.4919368726733	1.85
92385.7437742693	1850	25.68831657735565	0.0	987708	2491.3978082818635	1.85
92389.89323651358	1850	25.53885433306339	0.0	923755	4149.462244292257	1.85
92392.91754384489	1850	26.51454700175311	0.0	891604	3024.3073313102814	1.85
92397.78536213865	1850	25.646728707995916	0.0	955231	4867.8182937571955	1.85
92403.8960209433	1850	23.536069903341332	0.0	968026	6110.658804654582	1.85
92412.34061149987	1850	19.091479346777735	0.0	874175	8444.590556563597	1.85
92414.83717118365	1850	20.594919662995817	0.0	897976	2496.5596837819166	1.85
92416.95227286346	1850	22.47981798318003	0.0	905935	2115.101679815787	1.85
92421.72685053176	1850	21.705240314886396	0.0	1076599	4774.577668293635	1.85
92425.64297994412	1850	21.789110902512686	0.0	758197	3916.129412373708	1.85
92429.38150654089	1850	22.050584305760758	0.0	972798	3738.5265967519317	1.85
92431.74949452624	1850	23.682596320395916	0.0	975811	2367.9879853648413	1.85
92433.87987427783	1850	25.552216568796553	0.0	873429	2130.379751599359	1.85
92437.816245737	1850	25.615845109621535	0.0	954453	3936.371459175017	1.85
92440.03942512843	1850	27.392665718188663	0.0	885062	2223.1793914328746	1.85
92442.73807099098	1850	28.694019855632664	0.0	1035329	2698.6458625559967	1.85
92445.44606425488	1850	29.986026591739442	0.0	1026056	2707.993263893223	1.85
92447.80609241776	1850	31.62599842886156	0.0	943942	2360.0281628778816	1.85
92449.79417630503	1850	33.637914541596835	0.0	728962	1988.0838872647234	1.85
92455.8660933474	1850	31.565997499217563	0.0	938587	6071.917042379274	1.85
92458.25587591474	1850	33.176214931885795	0.0	908665	2389.782567331773	1.85
92462.03164776227	1850	33.40044308436089	0.0	930577	3775.7718475249007	1.85
92464.17333073473	1850	35.25876011190108	0.0	858450	2141.6829724598047	1.85
92467.09039032039	1850	36.341700526245	0.0	1025005	2917.05958565608	1.85
92473.66843482495	4300	33.76365602167624	0.0	2121928	6578.044504568758	1.8499999999999996
92481.50338385798	4300	29.928706988659933	0.0	2219102	7834.949033016305	4.3
92487.4257357242	4300	28.0063551224424	0.0	2124950	5922.351866217528	4.3
92492.88448021258	4300	26.547610634055	0.0	2246506	5458.744488387401	4.3
92501.51736056655	4300	21.914730280091085	0.0	1961140	8632.880353963914	4.3
92521.9314413395	4300	5.500649507121354	0.0	2155012	20414.08077296973	4.3

