76967.44762712269	750	4.0	3.1902321405605707	450283	3190.2321405605708	-12.967998204410453
76969.86891384321	750	5.578713279468146	0.0	398865	2421.286720531855	0.75
76971.2609768091	750	8.18665031357999	0.0	350812	1392.0629658881558	0.75
76973.28662615884	1200	10.161000963851091	0.0	617681	2025.6493497288993	0.75
76978.76707465871	1200	8.680552463978525	0.0	652874	5480.448499872567	1.2
76983.46206463706	1200	7.9855624856256275	0.0	520315	4694.989978352898	1.2
76987.92512671242	1200	7.522500410259059	0.0	561791	4463.062075366569	1.2
76991.219714043	1200	8.227913079677368	0.0	709534	3294.58733058169	1.2
76993.36149535053	1200	10.086131772155891	0.0	584846	2141.7813075214754	1.2
76996.90297163886	1200	10.544655483815584	0.0	560821	3541.476288340307	1.2
77001.5316320887	1200	9.915995033971978	0.0	607410	4628.660449843606	1.2
77005.67242760645	1200	9.775199516232613	0.0	594078	4140.795517739364	1.2
77008.23703803126	1200	11.210589091415043	0.0	624282	2564.610424817568	1.2
77010.81468319337	1200	12.63294392931006	0.0	687371	2577.645162104986	1.2
77012.58533955533	1200	14.862287567359104	0.0	526950	1770.6563619509545	1.2
77014.29027815469	1200	17.1573489679997	0.0	587876	1704.9385993594058	1.2
77015.84185798233	1200	19.605769140346396	0.0	617242	1551.5798276533026	1.2
77020.71606405378	2850	18.73156306891276	0.0	1358801	4874.206071433637	1.2000000000000002
77028.22197011094	2850	15.225657011753976	0.0	1537156	7505.906057158785	2.85
77035.33329767529	2850	12.11432944740911	0.0	1336050	7111.327564344865	2.85
77037.62127409365	1850	13.826353029054298	0.0	891604	2287.9764183548123	0.8500000000000001
77041.88900804096	1850	13.558619081735607	0.0	955231	4267.73394731869	1.85
77045.39649802221	1850	14.051129100484113	0.0	968026	3507.4899812514936	1.85
77047.61088350788	1850	15.836743614817518	0.0	874175	2214.3854856665957	1.85
77050.22633859748	1850	17.221288525225596	0.0	897976	2615.4550895919215	1.85
77053.95287672685	2850	17.49475039584923	0.0	1480464	3726.5381293763644	1.85
77057.86060139046	2850	17.587025732236622	0.0	1547572	3907.724663612606	2.85
77061.58825402695	2850	17.85937309574799	0.0	1141971	3727.652636488635	2.85
77069.4675292529	2850	13.980097869792562	0.0	1498470	7879.275225955427	2.85
77072.94567548651	1850	14.501951636192565	0.0	975811	3478.1462335999963	0.8500000000000001
77076.64198180959	1850	14.805645313113917	0.0	873429	3696.3063230786493	1.85
77080.76851717192	1850	14.679109950785707	0.0	954453	4126.535362328209	1.85
77087.21446474969	1850	12.233162373010735	0.0	885062	6445.947577774973	1.85
77088.87900105855	1200	14.56862606415752	0.0	670129	1664.5363088532145	0.5499999999999999
77090.95647969584	1200	16.49114742685815	0.0	690253	2077.478637299373	1.2
77094.18352275487	1200	17.26410436782041	0.0	598727	3227.0430590377405	1.2
77095.66806455105	1200	19.77956257164784	0.0	487812	1484.5417961725698	1.2
77100.28437751869	1850	19.16324960399992	0.0	938587	4616.3129676479175	1.2000000000000002
77104.99291102996	1850	18.454716092745752	0.0	908665	4708.533511254167	1.85
77109.51488106498	1850	17.932746057716084	0.0	930577	4521.970035029666	1.85
77112.96458687219	1850	18.483040250499673	0.0	858450	3449.7058072164127	1.85
77118.25310302948	1850	17.194524093209488	0.0	1025005	5288.516157290183	1.85
77120.16575763821	1850	19.281869484463275	0.0	886255	1912.654608746216	1.85
77122.2597990536	1850	21.18782806908083	0.0	973972	2094.041415382446	1.85
77124.51483800553	1850	22.932789117153728	0.0	958994	2255.038951927102	1.85
77144.88258812096	4300	6.565039001710276	0.0	2246506	20367.75011544345	1.8499999999999996
77148.44546212154	1200	7.002165001131501	0.0	538612	3562.874000578776	-1.9000000000000001
77149.7094942605	1200	9.738132862176773	0.0	550906	1264.0321389547275	1.2

