14414.767373872248	750	4.0	4.443258149880837	450283	4443.258149880837	-18.356010044487597
14416.122599195201	300	6.644774677047988	0.0	155580	1355.2253229520118	-0.15000000000000002
14419.078060989747	750	7.689312882502152	0.0	350812	2955.4617945458363	0.3
14422.292067792403	750	8.475306079845536	0.0	382355	3214.006802656617	0.75
14425.745464174583	750	9.021909697666251	0.0	411561	3453.3963821792836	0.75
14428.436602365744	750	10.33077150650489	0.0	318564	2691.1381911613616	0.75
14431.407063918234	750	11.360309954014575	0.0	352642	2970.461552490316	0.75
14437.391622296236	1200	9.375751576011366	0.0	709534	5984.558378003208	0.75
14446.453323540905	1200	4.314050331342416	0.0	584846	9061.70124466895	1.2
14448.330190649298	300	6.43718322295045	0.0	139105	1876.8671083919662	-0.6000000000000001
14450.18191044333	300	8.585463428917247	0.0	141840	1851.719794033202	0.3
14452.155959938109	300	10.611413934137715	0.0	156148	1974.0494947795314	0.3
14454.085527659214	300	12.681846213033005	0.0	160746	1929.5677211047114	0.3
14456.234345084358	300	14.533028787888066	0.0	179801	2148.817425144938	0.3
14457.928740719017	300	16.83863315323025	0.0	140051	1694.395634657815	0.3
14462.279679741125	750	16.487694131121703	0.0	366214	4350.939022108547	0.3
14466.465863298192	750	16.30151057405506	0.0	360831	4186.183557066639	0.75
14470.537572987085	750	16.229800885162923	0.0	372963	4071.7096888921387	0.75
14474.864119165426	750	15.903254706822059	0.0	405596	4326.5461783408655	0.75
14479.056728395315	750	15.710645476932864	0.0	350713	4192.6092298891945	0.75
14485.062919511542	750	13.704454360706901	0.0	386472	6006.191116225964	0.75
14489.989068843506	750	12.778305028742835	0.0	399894	4926.149331964065	0.75
14496.365307773682	750	10.402066098567328	0.0	401853	6376.238930175509	0.75
14503.170108317217	750	7.597265555030982	0.0	343800	6804.800543536346	0.75
14504.319821122192	300	10.447552750056678	0.0	146754	1149.7128049743023	-0.15000000000000002
14505.551130953096	300	13.216242919152208	0.0	153938	1231.3098309044706	0.3
14508.318908907344	300	14.448464964904426	0.0	181901	2767.777954247782	0.3
14511.294864095036	300	15.472509777213663	0.0	111155	2975.955187690763	0.3
14513.973322283813	300	16.79405158843546	0.0	153605	2678.4581887782015	0.3
14516.348763643902	300	18.418610228347184	0.0	149029	2375.4413600882745	0.3
14518.148421823056	300	20.61895204919264	0.0	157421	1799.658179154546	0.3
14519.526330018718	300	23.241043853530392	0.0	157488	1377.908195662245	0.3
14520.506272510022	300	26.261101362226768	0.0	143881	979.9424913036225	0.3
14522.095852692628	300	28.671521179620367	0.0	163444	1589.5801826064035	0.3
14525.027289976151	750	29.74008389609687	0.0	401088	2931.4372835234976	0.3
14530.184597139123	750	28.58277673312506	0.0	365161	5157.307162971812	0.75
14532.844487893928	1200	29.922885978321574	0.0	487812	2659.890754803484	0.75
14538.078455711759	1200	28.688918160491983	0.0	575591	5233.96781782959	1.2
14544.664766209975	1200	26.10260766227515	0.0	605884	6586.3104982168325	1.2
14549.663475110532	1200	25.103898761717552	0.0	587506	4998.708900557596	1.2
14556.45673905054	1200	22.310634821710668	0.0	566904	6793.263940006883	1.2
14561.064109305242	1200	21.703264567007217	0.0	641452	4607.370254703452	1.2
14565.619669222246	1200	21.14770465000465	0.0	599477	4555.559917002568	1.2
14574.917955958266	1200	15.84941791398293	0.0	634861	9298.28673602172	1.2
14590.429673039516	1200	4.337700832732296	0.0	630203	15511.717081250632	1.2
14596.253930552339	300	4.0	1.4865566800910837	160064	5824.25751282338	-6.99219372439166
14598.857488894899	300	5.396441657440691	0.0	137507	2603.5583425593095	0.3
14600.162898149689	300	8.091032402649594	0.0	118421	1305.4092547910961	0.3

