50660.70089370603	750	4.0	8.38927664706689	450283	8389.27664706689	-35.32388958238762
50671.64045049957	300	4.0	6.939556793537955	155580	10939.556793537955	-29.990094212213204
50674.09981867312	300	5.540631826448593	0.0	139857	2459.3681735514065	0.3
50679.13595002668	300	4.504500472896826	0.0	155432	5036.1313535517675	0.3
50681.83392346335	300	5.806527036218023	0.0	163442	2697.973436678803	0.3
50684.12465157628	300	7.5157989232912294	0.0	126289	2290.728112926794	0.3
50686.02511892763	300	9.615331571946234	0.0	153295	1900.4673513449964	0.3
50690.10345192466	300	9.536998574911667	0.0	173849	4078.3329970345667	0.3
50692.590329356135	300	11.05012114344004	0.0	150710	2486.8774314716275	0.3
50694.8918719552	300	12.748578544376535	0.0	139105	2301.542599063504	0.3
50697.23709320714	300	14.403357292436146	0.0	141840	2345.2212519403865	0.3
50699.81081689615	300	15.829633603434544	0.0	156148	2573.7236890016034	0.3
50706.06094165579	750	13.579508843786913	0.0	386351	6250.124759647632	0.3
50713.07856502603	750	10.561885473551637	0.0	434409	7017.623370235275	0.75
50715.00948420541	300	12.63096629417081	0.0	140051	1930.9191793808275	-0.15000000000000002
50717.4515751724	300	14.188875327175804	0.0	138313	2442.0909669950065	0.3
50718.97184994348	300	16.66860055609702	0.0	143509	1520.274771078785	0.3
50724.453430354915	750	15.187020144659549	0.0	372963	5481.58041143747	0.3
50732.24911829301	750	11.391332206567942	0.0	405596	7795.687938091606	0.75
50735.049637089076	300	12.590813410501047	0.0	140881	2800.5187960668945	-0.15000000000000002
50740.19210035668	300	11.44835014289423	0.0	157671	5142.463267606818	0.3
50744.16916734281	300	11.471283156771499	0.0	157812	3977.0669861227307	0.3
50748.75383586103	300	10.886614638537473	0.0	163927	4584.668518234025	0.3
50750.792829558835	300	12.84762094073958	0.0	137654	2038.9936977978948	0.3
50753.73576167826	300	13.904688821307536	0.0	146754	2942.9321194320432	0.3
50756.19866536652	300	15.441785133046734	0.0	153938	2462.903688260802	0.3
50760.05382186281	300	15.586628636752437	0.0	181901	3855.1564962942984	0.3
50764.886786492265	300	14.753664007305465	0.0	111155	4832.964629446971	0.3
50768.76598037063	300	14.874470128947465	0.0	153605	3879.193878358001	0.3
50779.89289030189	750	7.7475601976811195	0.0	400508	11126.909931266346	0.3
50782.98881237372	300	8.651638125854904	0.0	157421	3095.922071826217	-0.15000000000000002
50785.26336306427	300	10.377087435310889	0.0	157488	2274.5506905440147	0.3
50786.91998052979	300	12.720469969782986	0.0	143881	1656.6174655279033	0.3
50789.127037895916	300	14.51341260365417	0.0	163444	2207.057366128814	0.3
50792.74073842754	300	14.899712072029962	0.0	179328	3613.7005316242103	0.3
50797.33667427351	300	14.303776226066123	0.0	159914	4595.935845963837	0.3
50801.48484795708	750	14.155602542492415	0.0	321064	4148.173683573709	0.3
50805.31681165835	750	14.323638841228476	0.0	361565	3831.9637012639387	0.75
50809.60022713668	750	14.040223362896647	0.0	378327	4283.415478331828	0.75
50813.67540676702	750	13.96504373255784	0.0	390680	4075.179630338807	0.75
50819.65617389512	750	11.984276604452557	0.0	345516	5980.7671281052835	0.75
50830.95162517226	750	4.688825327312401	0.0	384505	11295.451277140155	0.75
50840.52368957618	300	4.0	4.883239076605445	145210	9572.064403917846	-21.147928029403413
50844.09669277119	300	4.426996804989623	0.0	172312	3573.003195010377	0.3
50846.17204579895	300	6.351643777226063	0.0	167025	2075.35302776356	0.3
50848.322792307714	300	8.200897268460338	0.0	160064	2150.746508765726	0.3
50851.28031116329	300	9.243378412878034	0.0	137507	2957.518855582304	0.3
50853.66733791888	300	10.856351657292816	0.0	118421	2387.026755585217	0.3

