62113.42046482447	750	4.0	3.5049367905708406	450283	3504.9367905708405	-14.321228199454614
62115.32935492252	300	6.091109901947545	0.0	155580	1908.890098052455	-0.15000000000000002
62116.198365411896	300	9.222099412575702	0.0	139857	869.0104893718436	0.3
62118.760669394695	1200	10.659795429776628	0.0	617681	2562.3039827990747	0.29999999999999993
62120.67057432876	1200	12.749890495715404	0.0	652874	1909.9049340612253	1.2
62127.279896024666	1850	10.140568799809545	0.0	801058	6609.321695905858	1.2000000000000002
62129.29814900139	1200	12.122315823087305	0.0	561791	2018.2529767222406	0.5499999999999999
62132.94149980934	1850	12.478965015134781	0.0	1060487	3643.3508079525245	1.2000000000000002
62135.08139484737	1850	14.339069977101948	0.0	852833	2139.895038032833	1.85
62138.585764986594	2850	14.83469983787208	0.0	1429765	3504.3701392298685	1.85
62142.853864005854	2850	14.566600818611635	0.0	1354548	4268.099019260446	2.85
62147.910325243705	2850	13.510139580765884	0.0	1519951	5056.461237845749	2.85
62155.83040371333	2850	9.590061111136555	0.0	1422919	7920.07846962933	2.85
62157.52174633754	1200	11.898718486924073	0.0	687371	1691.342624212481	-0.44999999999999996
62159.56548541916	1850	13.854979405306013	0.0	821631	2043.7390816180612	1.2000000000000002
62165.17691248775	2850	12.243552336719995	0.0	1471065	5611.427068586017	1.85
62167.44731793806	1850	13.9731468864055	0.0	966699	2270.405450314495	0.8500000000000001
62170.635128892514	2850	14.78533593195745	0.0	1358801	3187.810954448051	1.85
62174.44814332947	2850	14.972321494996821	0.0	1537156	3813.0144369606296	2.85
62177.70926880374	2850	15.711196020732533	0.0	1336050	3261.1254742642873	2.85
62182.550638262306	4300	14.869826562159389	0.0	2039773	4841.369458573144	2.8499999999999996
62186.22258822539	2850	15.197876599071352	0.0	1468126	3671.949963088038	1.4000000000000001
62193.54895304409	4300	11.871511780380374	0.0	2221506	7326.364818690977	2.8499999999999996
62198.545846717454	1850	10.874618107011225	0.0	874175	4996.893673369149	-0.6000000000000001
62201.47375213036	1200	11.94671269410601	0.0	587236	2927.9054129052147	0.5499999999999999
62203.79923307921	1850	13.621231745253874	0.0	905935	2325.4809488521373	1.2000000000000002
62207.49832555253	2850	13.922139271934142	0.0	1547572	3699.092473319731	1.85
62213.83335726843	2850	11.58710755603375	0.0	1141971	6335.031715900392	2.85
62216.23975028317	1850	13.180714541288703	0.0	972798	2406.393014745048	0.8500000000000001
62220.19888000642	2850	13.221584818048196	0.0	1561263	3959.1297232405054	1.85
62225.6476311637	2850	11.77283366076578	0.0	1341201	5448.751157282418	2.85
62227.97619164778	1850	13.444273176681028	0.0	954453	2328.5604840847514	0.8500000000000001
62231.15879850836	2850	14.26166631610379	0.0	1358081	3182.6068605772384	1.85
62236.83917965994	2850	12.581285164527715	0.0	1587293	5680.381151576075	2.85
62240.23811186667	1850	13.182352957803662	0.0	1026056	3398.932206724054	0.8500000000000001
62243.85282005716	2850	13.567644767311615	0.0	1439896	3614.708190492047	1.85
62248.44380384339	2850	12.976660981086047	0.0	1139291	4590.983786225569	2.85
62252.29871673331	1850	13.121748091158016	0.0	938587	3854.912889928029	0.8500000000000001
62261.93008686451	2850	7.490377959961077	0.0	1427478	9631.37013119694	1.85
62262.88431720607	750	10.536147618402753	0.0	390680	954.2303415583237	-1.35
62268.08270532806	1200	9.337759496408282	0.0	566904	5198.3881219944715	0.75
62271.03222802605	1200	10.38823679841719	0.0	641452	2949.5226979910926	1.2
62273.079286159	1200	12.34117866547138	0.0	599477	2047.0581329458093	1.2
62279.19052674394	1850	10.229938080534072	0.0	973972	6111.240584937306	1.2000000000000002
62280.70766033787	1200	12.712804486608748	0.0	630203	1517.1335939253265	0.5499999999999999
62286.48020777163	1850	10.940257052847791	0.0	982064	5772.547433760956	1.2000000000000002
62288.1789587302	1200	13.241506094276497	0.0	538612	1698.7509585712946	0.5499999999999999
62296.70367414035	2850	8.716790684128148	0.0	1364537	8524.71541014835	1.2000000000000002

