47276.5974852335	750	4.0	1.591177121860175	450283	1591.1771218601748	-6.0920616239987515
47277.00459391389	300	7.592891319609239	0.0	155580	407.10868039076126	-0.15000000000000002
47277.357981840294	300	11.23950339320174	0.0	139857	353.38792640749745	0.3
47278.873209388614	300	13.724275844882191	0.0	155432	1515.2275483195508	0.3
47279.91418954115	750	16.683295692339573	0.0	411561	1040.9801525426199	0.3
47280.73802503896	750	19.859460194528587	0.0	318564	823.8354978109858	0.75
47282.129786845544	1200	22.46769838795053	0.0	561791	1391.7618065780553	0.75
47286.98351173489	1850	21.613973498600572	0.0	1060487	4853.72488934996	1.2000000000000002
47290.220739089666	1850	22.376746143825912	0.0	852833	3237.22735477466	1.85
47291.33984353162	1200	25.257641701876302	0.0	560821	1119.1044419496088	0.5499999999999999
47293.734011438566	2850	26.863473794929245	0.0	1354548	2394.1679069470542	1.2000000000000002
47302.04042696255	4300	22.557058270947017	0.0	2102452	8306.415523982227	2.8499999999999996
47304.66492376103	1850	23.932561472460968	0.0	946851	2624.4967984860477	-0.6000000000000001
47310.797088392326	1850	21.80039684117104	0.0	1036454	6132.164631289929	1.85
47316.505708590565	1200	20.0917766429291	0.0	526950	5708.6201982419425	0.5499999999999999
47319.6807509348	1200	20.916734298691722	0.0	587876	3175.0423442373803	1.2
47320.960579418825	1200	23.636905814671334	0.0	617242	1279.8284840203883	1.2
47324.883651487304	1850	23.71383374618643	0.0	885714	3923.072068484899	1.2000000000000002
47327.276382806995	1850	25.32110242649481	0.0	987708	2392.731319691621	1.85
47333.80457045902	2850	22.792914774470514	0.0	1336050	6528.187652024295	1.85
47339.27154775915	1850	21.32593747434081	0.0	891604	5466.977300129704	0.8500000000000001
47342.6240674587	1200	21.97341777478038	0.0	616206	3352.51969956043	0.5499999999999999
47343.82152682262	1850	24.775958410865638	0.0	968026	1197.4593639147417	1.2000000000000002
47345.161720060576	1850	27.43576517290376	0.0	874175	1340.1932379618793	1.85
47353.443727362406	2850	23.153757871074486	0.0	1383735	8282.007301829277	1.85
47359.12286217227	1850	21.47462306121789	0.0	905935	5679.134809856594	0.8500000000000001
47360.430761787975	1200	24.166723445515093	0.0	696376	1307.8996157027968	0.5499999999999999
47364.421193469025	1850	24.176291764460693	0.0	758197	3990.4316810544024	1.2000000000000002
47367.86252474757	1850	24.734960485909475	0.0	972798	3441.3312785512176	1.85
47369.88751377683	1850	26.709971456657595	0.0	975811	2024.9890292518824	1.85
47374.499239312565	2850	26.098245920911634	0.0	1341201	4611.725535745958	1.85
47376.995089820004	2850	27.60239541347259	0.0	1497683	2495.850507439045	2.85
47379.41739357141	2850	29.180091662061262	0.0	1358081	2422.303751411327	2.85
47383.83903320549	4300	28.758452027979118	0.0	2286761	4421.639634082144	2.8499999999999996
47386.72129324357	2850	29.87619198990241	0.0	1492672	2882.2600380767067	1.4000000000000001
47399.636984974975	4300	20.960500258499916	0.0	2143948	12915.691731402492	2.8499999999999996
47401.16064219435	1200	23.436843039119747	0.0	487812	1523.65721938017	-1.9000000000000001
47405.93849552977	1850	22.658989703698886	0.0	938587	4777.853335420864	1.2000000000000002
47412.24176816617	1850	20.35571706729788	0.0	908665	6303.272636401	1.85
47413.712151459426	1200	22.88533377404391	0.0	587506	1470.3832932539722	0.5499999999999999
47418.78018113287	1850	21.81730410060424	0.0	858450	5068.029673439669	1.2000000000000002
47420.6183887706	1200	23.97909646287004	0.0	641452	1838.2076377342028	0.5499999999999999
47422.91109404497	1850	25.68639118850461	0.0	886255	2292.705274365428	1.2000000000000002
47426.47895049695	1850	26.118534736523735	0.0	973972	3567.8564519808747	1.85
47430.26218835145	2850	26.33529688202234	0.0	1464921	3783.2378545013958	1.85
47433.948726911454	2850	26.648758322020985	0.0	1483527	3686.538560001354	2.85
47440.1584503468	2850	24.439034886681757	0.0	1231456	6209.723435339229	2.85
47442.21469389686	1850	26.382791336618713	0.0	846370	2056.2435500630454	0.8500000000000001

