56303.16130418912	750	4.0	9.120909375541565	450283	9120.909375541565	-38.46991031482873
56306.36508341384	300	4.796220775275202	0.0	155580	3203.7792247247985	-0.15000000000000002
56309.25317179944	300	5.9081323896707785	0.0	139857	2888.088385604424	0.3
56312.45397943833	300	6.707324750787728	0.0	155432	3200.80763888305	0.3
56315.81561412175	300	7.345690067361383	0.0	163442	3361.634683426344	0.3
56322.291832176415	750	4.86947201269349	0.0	318564	6476.218054667894	0.3
56325.44973252514	300	5.711571663971365	0.0	153295	3157.9003487221244	-0.15000000000000002
56328.94015985104	300	6.22114433807744	0.0	173849	3490.427325893925	0.3
56330.85080234175	300	8.310501847366316	0.0	150710	1910.6424907111232	0.3
56335.33759646569	750	7.823707723435974	0.0	362795	4486.794123930343	0.3
56339.70808508999	750	7.453219099131131	0.0	353220	4370.488624304843	0.75
56344.709162091065	750	6.452142098057809	0.0	405134	5001.077001073321	0.75
56346.74170975088	300	8.4195944382353	0.0	160746	2032.5476598225082	-0.15000000000000002
56352.09838398449	750	7.062920204625533	0.0	434409	5356.674233609769	0.3
56356.27256836029	750	6.8887358288269755	0.0	337059	4174.184375798557	0.75
56358.03262711431	300	9.128677074811135	0.0	138313	1760.058754015842	-0.15000000000000002
56365.610135124734	1200	5.551169064383722	0.0	617242	7577.508010427412	0.29999999999999993
56367.51963581733	300	7.641668371789026	0.0	150616	1909.5006925946952	-0.6000000000000001
56372.20852642686	750	6.9527777622548514	0.0	405596	4688.890609534175	0.3
56373.87881700869	300	9.282487180423775	0.0	140881	1670.290581831076	-0.15000000000000002
56380.75134598087	1200	6.409958208242517	0.0	601738	6872.528972181259	0.29999999999999993
56382.6127567978	300	8.548547391312443	0.0	157812	1861.4108169300741	-0.6000000000000001
56387.22894720801	750	7.932356981104086	0.0	401853	4616.190410208356	0.3
56391.1898247006	750	7.971479488514426	0.0	343800	3960.8774925896605	0.75
56395.314859948696	750	7.846444240417417	0.0	359903	4125.035248097009	0.75
56399.54454523996	750	7.616758949154358	0.0	379700	4229.685291263059	0.75
56404.170126185876	750	6.991178003228879	0.0	425781	4625.580945925479	0.75
56405.43753427088	300	9.72376991822753	0.0	111155	1267.4080850013484	-0.15000000000000002
56411.584194344905	1200	7.577109844198418	0.0	622896	6146.660074029112	0.29999999999999993
56415.52660440086	750	7.634699788245824	0.0	400508	3942.410055952594	0.3
56419.22657219462	750	7.934731994492498	0.0	358218	3699.967793753325	0.75
56423.40725281461	750	7.754051374489423	0.0	400322	4180.680620003075	0.75
56427.27563096125	750	7.885673227851924	0.0	369834	3868.3781466374994	0.75
56431.584508427695	750	7.576795761411885	0.0	412837	4308.877466440039	0.75
56435.55118991954	750	7.610114269567585	0.0	401088	3966.6814918442997	0.75
56439.086112474106	750	8.075191715002989	0.0	365161	3534.922554564596	0.75
56442.20381708949	750	8.957487099617646	0.0	321064	3117.7046153853435	0.75
56445.71110158441	750	9.450202604697598	0.0	361565	3507.2844949200494	0.75
56451.24580431551	1200	7.915499873595406	0.0	605884	5534.702731102191	0.75
56454.75735794433	750	8.40394624478267	0.0	390680	3511.553628812736	0.3
56457.87221174696	750	9.289092442149157	0.0	345516	3114.853802633514	0.75
56463.5864314109	1200	7.57487277820632	0.0	641452	5714.219663942837	0.75
56466.93472537119	750	8.226578817917035	0.0	372093	3348.293960289284	0.3
56470.86438431455	750	8.296919874562693	0.0	438281	3929.6589433543436	0.75
56474.44890281485	750	8.712401374257821	0.0	398987	3584.518500304871	0.75
56477.9878962244	750	9.173407964713	0.0	393804	3538.993409544821	0.75
56482.798816576396	1200	8.362487612706023	0.0	538612	4810.920352006976	0.75
56485.637788153355	750	9.523516035749225	0.0	314107	2838.971576956799	0.3

