37381.207085976625	750	4.0	1.0320529438234722	450283	1032.0529438234723	-3.6878276584409306
37381.724710239425	300	7.482375737199047	0.0	155580	517.6242628009528	-0.15000000000000002
37382.15301217674	300	11.054073799879506	0.0	139857	428.3019373195411	0.3
37382.57006314987	300	14.637022826753027	0.0	155432	417.05097312647786	0.3
37382.992628212174	300	18.21445776444321	0.0	163442	422.56506230981785	0.3
37383.33075708648	300	21.87632889014486	0.0	126289	338.1288742983522	0.3
37383.94231846245	300	25.264767514177077	0.0	153295	611.5613759677808	0.3
37384.764335402964	300	28.44275057365526	0.0	173849	822.0169405218181	0.3
37385.53577131644	300	31.67131466018098	0.0	150710	771.4359134742806	0.3
37386.25396515058	300	34.95312082603699	0.0	139105	718.1938341439837	0.3
37386.738206349495	300	38.468879627122554	0.0	141840	484.24119891444144	0.3
37387.15940740598	300	42.047678570636705	0.0	156148	421.2010564858455	0.3
37387.59065561298	300	45.61643036364159	0.0	160746	431.2482069951182	0.3
37388.06354115206	300	49.143544824555526	0.0	179801	472.88553908606906	0.3
37388.44956844131	300	52.75751753530495	0.0	140051	386.0272892505774	0.3
37389.37072011056	750	55.8363658660578	0.0	366214	921.1516692471511	0.3
37390.93289460759	1200	58.27419136902551	0.0	617242	1562.1744970322886	0.75
37395.24337742488	1200	57.963708551733326	0.0	581493	4310.482817292184	1.2
37397.42815693063	1850	59.77892904597916	0.0	987708	2184.7795057541634	1.2000000000000002
37400.4802398493	2850	59.84894955271587	0.0	1336050	2929.9794932632835	1.85
37403.441083800535	2850	59.888579243102335	0.0	1415116	2960.3703096135378	2.85
37406.71496856232	2850	59.71437374021957	0.0	1468126	3174.205502882767	2.85
37409.88814037259	2850	59.63462744358667	0.0	1505760	3079.7462966328994	2.85
37412.89074826073	2850	59.64153626678374	0.0	1323990	2993.091176802935	2.85
37416.54842604405	2850	59.5289557412941	0.0	1383735	3612.580525489643	2.85
37420.11128831622	2850	59.96609346911814	0.0	1480464	3062.8622721759607	2.85
37424.99937242164	2850	59.078009363703444	0.0	1547572	4888.084105414693	2.85
37428.476200421625	2850	59.60118136371505	0.0	1141971	2476.827999988398	2.85
37433.17057254054	2850	58.90680924479854	0.0	1498470	4694.372118916504	2.85
37436.28879021366	2850	59.78859157168341	0.0	1561263	3118.2176731151276	2.85
37439.917382326224	2850	59.99652627012029	0.0	1341201	2792.0653015631237	2.85
37444.61741360494	2850	59.296494991408856	0.0	1497683	4700.031278711431	2.85
37448.12404546129	2850	59.73595802039199	0.0	1358081	2560.536971016869	2.85
37453.6590725199	2850	58.200930961784024	0.0	1587293	5535.027058607966	2.85
37456.7829380952	2850	59.07706538647475	0.0	1492672	3123.865575309274	2.85
37460.34576465313	2850	59.51423882855097	0.0	1439896	3062.8265579237777	2.85
37464.30297834289	2850	59.55702513879644	0.0	1139291	3457.213689754538	2.85
37467.91230891179	2850	59.61487373780705	0.0	1499009	2942.1514009893854	2.85
37473.5071817313	2850	58.02000091830222	0.0	1427478	5594.872819504824	2.85
37476.302240702724	2850	59.22494194687428	0.0	1402287	2795.0589714279504	2.85
37479.57193395052	2850	59.749150765952045	0.0	1339500	2975.7911809222337	2.85
37483.66968904079	2850	59.558224301252835	0.0	1527299	3690.9264646992115	2.85
37487.319170364324	2850	59.908742977713885	0.0	1343002	3149.481323538952	2.85
37490.81485932045	2850	59.60505352570467	0.0	1587250	3303.689452009211	2.85
37494.76078816424	2850	59.65912468191767	0.0	1464921	3945.9288437870055	2.85
37498.53471153282	2850	59.514627156084394	0.0	1483527	3644.4975258332706	2.85
37502.162946668344	2850	59.88639202055966	0.0	1231456	2628.2351355247392	2.85
37506.58480000738	2850	59.46453868151816	0.0	1364537	4421.853339041507	2.85

