38017.46955437025	750	4.0	4.6520478755629275	450283	4652.047875562927	-19.253805864920587
38018.14633972998	300	7.323214640267252	0.0	155580	676.7853597327489	-0.15000000000000002
38018.74447225489	300	10.725082115360854	0.0	139857	598.1325249063975	0.3
38019.39115913418	300	14.078395236071003	0.0	155432	646.6868792898514	0.3
38020.06704953593	300	17.40250483432045	0.0	163442	675.8904017505525	0.3
38020.607484448294	300	20.862069921955968	0.0	126289	540.4349123644811	0.3
38021.24638007571	300	24.22317429453859	0.0	153295	638.8956274173771	0.3
38021.96021318136	300	27.50934118888685	0.0	173849	713.8331056517408	0.3
38022.589684201346	300	30.879870168905295	0.0	150710	629.4710199815578	0.3
38023.17684474964	300	34.292709620603695	0.0	139105	587.1605483016031	0.3
38023.77397678783	300	37.69557758242319	0.0	141840	597.1320381805067	0.3
38024.42327411931	300	41.046280250938345	0.0	156148	649.2973314848404	0.3
38025.08933522062	300	44.3802191496315	0.0	160746	666.0611013068509	0.3
38025.82486862161	300	47.64468574863817	0.0	179801	735.5334009933255	0.3
38026.415478175186	300	51.05407619506218	0.0	140051	590.609553575988	0.3
38026.99975118419	300	54.46980318606006	0.0	138313	584.273009002118	0.3
38027.60296820102	300	57.8665861692295	0.0	143509	603.2170168305579	0.3
38029.73209650801	300	59.73745786224561	0.0	150616	629.1283069838917	0.3
38030.80162794951	300	59.55448715579859	0.0	165384	682.9707064470172	0.3
38031.62445971514	300	59.96085151937087	0.0	140881	593.635636427721	0.3
38035.68108280066	300	59.64113810415688	0.0	157671	2319.7134152139847	0.3
38039.700342459626	300	59.62187844518381	0.0	157812	3019.2596589730756	0.3
38040.43216649188	300	59.59805112324459	0.0	163927	523.8273219392195	0.3
38048.8665068842	750	55.16371073092111	0.0	343800	8434.340392323476	0.3
38049.261431045554	750	58.768786569565954	0.0	359903	394.9241613551549	0.75
38050.54318622387	750	59.85653953615264	0.0	379700	412.247033413315	0.75
38054.88165224994	750	59.51807351008658	0.0	425781	2338.4660260660617	0.75
38058.56851726935	1200	59.83120849067696	0.0	487160	1186.8650194096165	0.75
38060.64499933545	1200	59.584387039424094	0.0	622896	1246.8214512528655	1.2
38064.411533163824	1200	59.8178532110479	0.0	641447	1266.5338283761964	1.2
38071.62909212862	1200	56.60029424624927	0.0	570392	7217.558964798624	1.2
38075.33970188563	1200	56.88968448924285	0.0	620283	3710.6097570064144	1.2
38108.46419119365	1200	27.765195181219525	0.0	584349	33124.48930802333	1.2
38143.81205260839	750	4.0	7.582666233516007	412837	35347.86141473553	-32.305464804118834
38165.81898178123	300	4.0	18.006929172846853	179328	22006.929172846852	-77.57979544324147
38176.23636676046	300	4.0	6.417384979223747	159914	10417.384979223747	-27.29475541066211
38179.828511975866	300	4.407854784589284	0.0	131610	3592.1452154107164	0.3
38194.42503426207	300	4.0	10.188667501626242	124011	14596.522286215526	-43.51127025699284
38197.05267308676	300	5.372361175321742	0.0	144254	2627.638824678258	0.3
38198.03090040588	300	8.39413385620164	0.0	149991	978.227319120104	0.3
38198.67848708867	300	11.746547173408635	0.0	147968	647.5866827930029	0.3
38199.37509006487	300	15.04994419721162	0.0	161857	696.6029761970153	0.3
38199.9845087286	300	18.44052553347649	0.0	145210	609.4186637351338	0.3
38200.69273811215	300	21.732296149924885	0.0	172312	708.2293835516036	0.3
38201.38169171253	300	25.043342549550527	0.0	167025	688.9536003743592	0.3
38202.04526632166	300	28.37976794041823	0.0	160064	663.5746091322943	0.3
38202.626600749	300	31.798433513076954	0.0	137507	581.3344273412783	0.3
38203.138349854285	300	35.28668440779372	0.0	118421	511.74910528323306	0.3

