88110.05178115588	750	4.0	1.283667088944835	450283	1283.6670889448349	-4.76976848246279
88110.63026206645	300	7.42151908942607	0.0	155580	578.48091057393	-0.15000000000000002
88111.85181016698	750	10.19997098890364	0.0	350812	1221.5481005224296	0.3
88113.8691361843	1200	12.182644971582635	0.0	617681	2017.3260173210047	0.75
88117.19456884757	1850	12.857212308309766	0.0	996749	3325.4326632728703	1.2000000000000002
88119.68160214137	1850	14.37017901450512	0.0	801058	2487.0332938046445	1.85
88125.62280184941	2850	12.428979306454044	0.0	1388403	5941.1997080510755	1.85
88128.65915190466	1850	13.392629251200946	0.0	1060487	3036.3500552530995	0.8500000000000001
88132.13330428323	2850	13.918476872628348	0.0	1348011	3474.1523785725967	1.85
88135.53054417767	2850	14.521236978193095	0.0	1429765	3397.2398944352544	2.85
88139.27140473879	2850	14.7803764170684	0.0	1354548	3740.8605611246944	2.85
88146.31042104788	2850	11.741360107964653	0.0	1519951	7039.016309103747	2.85
88150.96557564239	1850	11.086205513451034	0.0	946851	4655.154594513619	0.8500000000000001
88153.86052887501	1850	12.191252280836137	0.0	1036454	2894.953232614896	1.85
88157.88988123843	1850	12.161899917415347	0.0	821631	4029.3523634207913	1.85
88160.27281624563	1850	13.77896491021544	0.0	923170	2382.935007199908	1.85
88165.7215171465	2850	12.330264009331938	0.0	1491626	5448.700900883503	1.85
88168.7719456353	1850	13.27983552056225	0.0	885714	3050.4284887696863	0.8500000000000001
88178.38568517074	2850	7.6660959851111805	0.0	1537156	9613.73953545107	1.85
88179.60560101812	750	10.446180137733737	0.0	350713	1219.9158473774426	-1.35
88181.6214069345	1200	12.430374221342982	0.0	601738	2015.8059163907567	0.75
88184.47507762187	1850	13.576703533972346	0.0	955231	2853.6706873706357	1.2000000000000002
88188.97295049258	2850	13.078830663276028	0.0	1505760	4497.872870696318	1.85
88192.41747368449	2850	13.634307471362964	0.0	1323990	3444.5231919130633	2.85
88198.51429878402	2850	11.537482371836346	0.0	1383735	6096.825099526619	2.85
88201.4550035266	1850	12.596777629261329	0.0	905935	2940.7047425750175	0.8500000000000001
88204.63578055361	1850	13.41600060224756	0.0	1076599	3180.777027013767	1.85
88207.80340989912	2850	14.248371256744292	0.0	1141971	3167.629345503269	1.85
88211.78456688816	2850	14.267214267688058	0.0	1498470	3981.156989056236	2.85
88217.79461990755	2850	12.25716124829523	0.0	1561263	6010.053019392827	2.85
88220.60852214273	1850	13.44325901311221	0.0	873429	2813.9022351830217	0.8500000000000001
88226.28251468707	2850	11.769266468771951	0.0	1497683	5673.992544340256	1.85
88228.28398587024	1850	13.767795285600082	0.0	885062	2001.4711831718705	0.8500000000000001
88231.4903000201	2850	14.561481135747584	0.0	1587293	3206.314149852496	1.85
88235.95373186842	2850	14.098049287437327	0.0	1492672	4463.431848310257	2.85
88238.98300271621	2850	15.06877843964004	0.0	1439896	3029.270847797286	2.85
88247.71447320792	4300	10.33730794793701	0.0	1919781	8731.47049170303	2.8499999999999996
88248.9418248176	1200	13.10995633826023	0.0	575591	1227.3516096767796	-1.9000000000000001
88252.64661368512	2850	13.405167470740224	0.0	1427478	3704.7888675200065	1.2000000000000002
88257.92814267645	2850	12.123638479415822	0.0	1402287	5281.5289913244005	2.85
88261.49468838546	1850	12.55709277039709	0.0	858450	3566.545709018733	0.8500000000000001
88264.41697090885	1850	13.63481024700765	0.0	1025005	2922.2825233894378	1.85
88268.19680031415	2850	13.854980841696895	0.0	1343002	3779.829405310754	1.85
88272.78569388019	2850	13.266087275667644	0.0	1587250	4588.893566029252	2.85
88278.43091816492	2850	11.620862990946017	0.0	1464921	5645.224284721627	2.85
88282.07072316317	1850	11.981057992677211	0.0	982064	3639.804998268807	0.8500000000000001
88284.67259181822	1850	13.379189337639415	0.0	830730	2601.868655037798	1.85
88288.624701683	2850	13.427079472857262	0.0	1364537	3952.109864782152	1.85

