3320.757504542863	750	4.0	1.9681893002633224	450283	1968.1893002633224	-7.713213991132285
3321.3609254303115	300	7.3965791125518185	0.0	155580	603.4208874481815	-0.15000000000000002
3322.583018762836	750	10.17448578002714	0.0	350812	1222.093332524679	0.3
3325.5734261310686	1200	11.184078411794788	0.0	617681	2990.4073682323533	0.75
3330.9304442848625	1850	9.827060258001032	0.0	996749	5357.018153793758	1.2000000000000002
3332.815182753067	1200	11.942321789796283	0.0	520315	1884.7384682047473	0.5499999999999999
3336.927160155162	1850	11.830344387701608	0.0	905515	4111.977402094678	1.2000000000000002
3340.6858881839876	1850	12.071616358875744	0.0	1060487	3758.728028825863	1.85
3343.7257136286057	1850	13.031790914257545	0.0	852833	3039.8254446182004	1.85
3350.5081620859664	2850	10.249342456897388	0.0	1429765	6782.448457360157	1.85
3353.9954357737092	1200	10.76206876915449	0.0	607410	3487.2736877428974	-0.44999999999999996
3356.1217792016732	1200	12.635725341190664	0.0	594078	2126.343427963825	1.2
3359.4362665307603	1850	13.3212380121034	0.0	946851	3314.487329087263	1.2000000000000002
3364.7353539329097	2850	12.022150609954334	0.0	1578343	5299.087402149065	1.85
3367.6867184217303	1850	13.070786121133649	0.0	821631	2951.3644888206854	0.8500000000000001
3375.250915221421	2850	9.50658932144265	0.0	1471065	7564.196799690999	1.85
3382.6084250976037	1200	6.149079445260033	0.0	617242	7357.5098761826175	-0.44999999999999996
3383.2067934595675	300	9.550711083296322	0.0	150616	598.3683619637114	-0.6000000000000001
3385.564949362263	1200	11.192555180600833	0.0	639204	2358.1559026954883	0.29999999999999993
3388.8012606116354	1850	11.956243931228828	0.0	923755	3236.311249372006	1.2000000000000002
3393.9997470346475	1850	10.757757508216317	0.0	891604	5198.486423012511	1.85
3398.2527424886007	1200	10.50476205426317	0.0	616206	4252.995453953145	0.5499999999999999
3400.9471701816565	1200	11.810334361207527	0.0	656471	2694.4276930556425	1.2
3404.0913762968007	1850	12.666128246063412	0.0	874175	3144.2061151441153	1.2000000000000002
3407.459736725805	1850	13.297767817058622	0.0	897976	3368.3604290047892	1.85
3413.6977251012686	2850	11.059779441595765	0.0	1480464	6237.988375462857	1.85
3417.4046527285795	1850	11.352851814284675	0.0	1076599	3706.9276273110904	0.8500000000000001
3421.3127560002454	1850	11.4447485426187	0.0	758197	3908.103271665973	1.85
3424.9385478527765	1850	11.818956690087463	0.0	972798	3625.791852531239	1.85
3428.4288439081943	1850	12.32866063466952	0.0	975811	3490.2960554179444	1.85
3431.7885245406005	1850	12.968980002263745	0.0	873429	3359.680632405774	1.85
3435.896972242224	1850	12.860532300640259	0.0	954453	4108.447701623487	1.85
3440.30377963234	1850	12.45372491052391	0.0	885062	4406.807390116347	1.85
3444.735568514136	1850	12.021936028727822	0.0	1035329	4431.788881796089	1.85
3448.186059138957	1850	12.571445403906983	0.0	1026056	3450.490624820839	1.85
3452.4195447842276	1850	12.33795975863656	0.0	943942	4233.485645270422	1.85
3456.5306047898002	1850	12.226899753063881	0.0	728962	4111.060005572679	1.85
3460.1754731991646	1850	12.582031343699553	0.0	938587	3644.8684093643274	1.85
3464.2807239833433	1850	12.476780559520638	0.0	908665	4105.250784178916	1.85
3467.5179563972983	1850	13.239548145565445	0.0	930577	3237.2324139551934	1.85
3473.0289836905363	2850	11.728520852327813	0.0	1339500	5511.027293237631	1.85
3477.4844020410333	1850	11.273102501830753	0.0	1025005	4455.4183504970615	0.8500000000000001
3480.4256328012298	1850	12.331871741634629	0.0	886255	2941.230760196124	1.85
3483.7315731544777	1850	13.02593138838649	0.0	973972	3305.9403532481397	1.85
3488.6094097803075	2850	12.14809476255656	0.0	1464921	4877.836625829929	1.85
3492.0831961936337	1850	12.674308349230815	0.0	982064	3473.7864133257467	0.8500000000000001
3494.825760602617	1850	13.931743940247525	0.0	830730	2742.564408983289	1.85
3500.174725358718	2850	12.582779184146242	0.0	1364537	5348.9647561012835	1.85

