19377.636069896427	750	4.0	3.8065048294078423	450283	3806.5048294078424	-15.61797076645372
19378.562961036238	300	7.073108860186209	0.0	155580	926.8911398137907	-0.15000000000000002
19379.40426489368	300	10.231805002743496	0.0	139857	841.3038574427133	0.3
19381.060049480155	750	12.576020416271005	0.0	382355	1655.7845864724918	0.3
19383.71110154564	1200	13.924968350787099	0.0	652874	2651.0520654839056	0.75
19390.01306570376	1200	11.623004192669523	0.0	520315	6301.964158117577	1.2
19390.569679548855	300	15.066390347568984	0.0	153295	556.6138451005393	-0.6000000000000001
19395.062493926733	1850	14.573575969690204	0.0	1060487	4492.81437787878	0.30000000000000004
19396.721595534353	1200	16.914474362068855	0.0	584846	1659.101607621347	0.5499999999999999
19401.95896325049	2850	15.677106645930788	0.0	1429765	5237.367716138068	1.2000000000000002
19418.020305249083	1850	4.0	0.38423535266142606	939819	16061.341998592214	-0.802212016444132
19419.454723086663	300	6.565582162421668	0.0	156148	1434.4178375783324	-1.25
19420.97449634987	300	9.045808899211904	0.0	160746	1519.7732632097634	0.3
19422.78439898864	300	11.235906260445963	0.0	179801	1809.9026387659414	0.3
19423.843507912374	300	14.176797336710479	0.0	140051	1059.1089237354836	0.3
19430.326119430163	750	11.694185818924321	0.0	366214	6482.6115177861575	0.3
19436.71879007412	300	9.301515174969868	0.0	143509	6392.670643954452	-0.15000000000000002
19442.0845504337	300	7.935754815385486	0.0	150616	5365.760359584382	0.3
19447.65080743177	300	6.369497817316598	0.0	165384	5566.256998068889	0.3
19448.97952075508	300	9.040784494007632	0.0	140881	1328.7133233089671	0.3
19451.633621657933	300	10.386683591155634	0.0	157671	2654.1009028519993	0.3
19452.831696936388	300	13.188608312701977	0.0	157812	1198.0752784536558	0.3
19460.039702573984	750	9.980602675103906	0.0	401853	7208.005637598072	0.3
19463.69858178834	300	10.321723460750864	0.0	137654	3658.8792143530422	-0.15000000000000002
19465.57297752409	300	12.447327724997924	0.0	146754	1874.3957357529403	0.3
19466.830659063493	300	15.189646185595759	0.0	153938	1257.681539402165	0.3
19471.500975305134	750	14.519329943952485	0.0	425781	4670.316241643272	0.3
19473.130653845885	300	16.889651403203878	0.0	111155	1629.6785407486063	-0.15000000000000002
19478.96734748817	300	15.052957760914625	0.0	153605	5836.693642289253	0.3
19480.85810274552	300	17.162202503567155	0.0	149029	1890.7552573474718	0.3
19482.48181677142	300	19.538488477666693	0.0	157421	1623.7140259004632	0.3
19488.378961196784	750	17.641344052302358	0.0	400322	5897.144425364335	0.3
19489.883522732307	300	20.136782516780645	0.0	143881	1504.561535521712	-0.15000000000000002
19493.155052228038	750	20.865253021050993	0.0	412837	3271.529495729652	0.3
19498.478160684714	1200	19.54214456437728	0.0	690253	5323.108456673713	0.75
19506.220596226405	1200	15.799709022684684	0.0	598727	7742.435541692597	1.2
19515.657851380598	300	10.36245386849179	0.0	131610	9437.255154192893	-0.6000000000000001
19522.95812684078	300	7.062178408312969	0.0	124011	7300.275460178823	0.3
19528.70639085258	300	5.313914396507505	0.0	144254	5748.264011805464	0.3
19531.410304834084	300	6.610000415007801	0.0	149991	2703.9139814997034	0.3
19535.945203980213	300	6.075101268878942	0.0	147968	4534.899146128859	0.3
19540.268797734596	300	5.7515075144952075	0.0	161857	4323.593754383735	0.3
19542.9920884158	300	7.028216833291998	0.0	145210	2723.2906812032093	0.3
19545.623664979095	300	8.396640269993325	0.0	172312	2631.5765632986718	0.3
19548.035880560936	300	9.984424688155208	0.0	167025	2412.2155818381184	0.3
19550.19593637511	300	11.824368873982616	0.0	160064	2160.055814172593	0.3
19552.062860573176	300	13.9574446759154	0.0	137507	1866.924198067215	0.3
19553.617957592378	300	16.40234765671395	0.0	118421	1555.0970192014524	0.3

