67623.08109523852	750	4.0	2.0748618662412155	450283	2074.8618662412155	-8.171906024837226
67623.6706238564	300	7.410471382133015	0.0	155580	589.5286178669846	-0.15000000000000002
67624.8751770577	750	10.205918180826668	0.0	350812	1204.553201306347	0.3
67626.02394086114	750	13.05715437738614	0.0	382355	1148.763803440527	0.75
67627.16392569912	750	15.917169539405121	0.0	411561	1139.984837981021	0.75
67628.92085373496	1850	18.160241503559558	0.0	801058	1756.9280358455621	0.75
67630.91145973607	1850	20.169635502430204	0.0	905515	1990.606001129358	1.85
67633.30613536075	1850	21.774959877755006	0.0	1060487	2394.675624675197	1.85
67637.23645065505	1850	21.844644583445294	0.0	852833	3930.315294309713	1.85
67639.40652062075	1850	23.674574617760186	0.0	913888	2170.0699656851066	1.85
67642.04639583462	1850	25.03469940387662	0.0	939819	2639.8752138835644	1.85
67644.81416154011	1850	26.266933698394883	0.0	917428	2767.7657054817387	1.85
67647.2969104492	1850	27.784184789303183	0.0	946851	2482.748909091701	1.85
67649.5407079586	1850	29.540387279899328	0.0	1036454	2243.797509403853	1.85
67654.48694276935	4300	28.594152469140013	0.0	2005399	4946.234810759319	1.8499999999999996
67659.05179235748	4300	28.029302881011432	0.0	2152483	4564.849588128578	4.3
67663.99525006188	4300	27.08584517659623	0.0	2289689	4943.457704415202	4.3
67671.56589974645	4300	23.515195492034106	0.0	2059512	7570.649684562127	4.3
67673.96547928841	1850	25.115615950065926	0.0	987708	2399.5795419681763	-0.6000000000000001
67679.08001547815	1850	24.001079760334875	0.0	923755	5114.536189731051	1.85
67680.93781738046	1850	26.143277858028263	0.0	891604	1857.8019023066106	1.85
67682.96419394363	1850	28.116901294860682	0.0	955231	2026.3765631675803	1.85
67685.07020867105	1850	30.010886567432074	0.0	968026	2106.014727428611	1.85
67689.47812071162	4300	29.602974526858606	0.0	2044075	4407.912040573467	1.8499999999999996
67694.14264776742	4300	28.938447471062734	0.0	2186790	4664.527055795874	4.3
67698.48471178426	4300	28.596383454234093	0.0	2105231	4342.06401682864	4.3
67703.82598946877	4300	27.25510576972652	0.0	2395588	5341.277684507572	4.3
67708.42534871637	4300	26.655746522128922	0.0	1972048	4599.359247597601	4.3
67712.80855782972	4300	26.272537408763036	0.0	2134614	4383.209113365883	4.3
67718.37957956258	4300	24.70151567590745	0.0	2164140	5571.021732855583	4.3
67723.3959960104	4300	23.685099228083864	0.0	2113193	5016.416447823588	4.3
67728.41341598329	4300	22.667679255186215	0.0	2147852	5017.41997289765	4.3
67734.97858971999	4300	20.102505518484833	0.0	2191074	6565.173736701385	4.3
67741.45827838956	4300	17.622816848925968	0.0	2286761	6479.688669558861	4.3
67746.29379336197	4300	16.787301876516732	0.0	2307787	4835.514972409236	4.3
67751.03170363237	4300	16.049391606114362	0.0	2143948	4737.910270402371	4.3
67756.98914601884	4300	14.091949219657028	0.0	1919781	5957.442386457334	4.3
67761.84296728097	4300	13.238127957525396	0.0	2147467	4853.8212621316325	4.3
67767.4268332277	4300	11.654262010793552	0.0	2133870	5583.865946731843	4.3
67775.09270131684	4300	7.9883939216536	0.0	2146120	7665.868089139953	4.3
67778.16923620156	1850	8.911859036938248	0.0	858450	3076.5348847153527	-0.6000000000000001
67780.4844803123	1850	10.59661492619273	0.0	1025005	2315.2441107455184	1.85
67782.58330420792	1850	12.4977910305788	0.0	886255	2098.823895613931	1.85
67784.75083922534	1850	14.33025601316213	0.0	973972	2167.5350174166692	1.85
67786.90181853905	1850	16.179276699458413	0.0	958994	2150.979313703717	1.85
67789.09401505778	1850	17.98708018071142	0.0	982064	2192.196518746995	1.85
67790.91495833077	1850	20.166136907711397	0.0	830730	1820.9432730000228	1.85
67792.92121713658	1850	22.159878101918405	0.0	846370	2006.25880579299	1.85

