57822.24266833219	750	4.0	3.074955914376657	450283	3074.9559143766573	-12.472310431819626
57823.02249530614	300	7.220173026051316	0.0	155580	779.8269739486844	-0.15000000000000002
57823.62318901474	300	10.619479317453475	0.0	139857	600.6937085978418	0.3
57824.28315585028	300	13.95951248190951	0.0	155432	659.9668355439668	0.3
57825.98077744763	750	16.261890884567894	0.0	411561	1697.6215973416163	0.3
57827.38786183239	750	18.854806499808248	0.0	318564	1407.084384759642	0.75
57829.69044445751	1200	20.552223874690096	0.0	561791	2302.5826251181525	0.75
57833.0269967373	1200	21.21567159489983	0.0	709534	3336.552279790265	1.2
57836.32791644044	1850	21.914751891767896	0.0	852833	3300.919703131934	1.2000000000000002
57838.59099662321	1200	23.651671708996773	0.0	560821	2263.0801827711252	0.5499999999999999
57842.577036352144	1850	23.665631980060365	0.0	939819	3986.0397289364073	1.2000000000000002
57850.77419149327	1850	19.46847683892688	0.0	917428	8197.155141133484	1.85
57853.39220837419	1200	20.850459958005565	0.0	624282	2618.016880921313	0.5499999999999999
57857.07571678984	1200	21.16695154235864	0.0	687371	3683.5084156469284	1.2
57859.06583518625	1200	23.176833145952166	0.0	526950	1990.1183964064744	1.2
57863.349059036394	1850	22.893609295809746	0.0	923170	4283.223850142418	1.2000000000000002
57867.23726904164	1850	23.00539929057198	0.0	966699	3888.21000523777	1.85
57871.13366179048	1850	23.10900654172153	0.0	885714	3896.392748850447	1.85
57875.489560051865	1850	22.753108280339937	0.0	987708	4355.898261381594	1.85
57881.54758343586	1850	20.69508489635292	0.0	923755	6058.023383987016	1.85
57884.769542461916	1200	21.473125870292765	0.0	601738	3221.959026060153	0.5499999999999999
57887.46563973481	1200	22.777028597405184	0.0	616206	2696.0972728875827	1.2
57891.64240819729	1850	22.60026013492463	0.0	968026	4176.768462480555	1.2000000000000002
57893.72775521094	1200	24.514913121271572	0.0	536667	2085.347013653055	0.5499999999999999
57897.19612162764	1850	25.04654670456881	0.0	897976	3468.3664167027614	1.2000000000000002
57900.78742981235	1850	25.45523851985274	0.0	905935	3591.308184716072	1.85
57907.14931518862	2850	23.093353143582853	0.0	1547572	6361.885376269889	1.85
57910.71520897114	1850	23.527459361066256	0.0	758197	3565.8937825165945	0.8500000000000001
57915.645129085795	1850	22.597539246405578	0.0	972798	4929.92011466068	1.85
57920.27887148281	1850	21.963796849390747	0.0	975811	4633.742397014828	1.85
57924.260281272065	1850	21.982387060131877	0.0	873429	3981.4097892588675	1.85
57928.054396943924	1850	22.188271388274085	0.0	954453	3794.11567185779	1.85
57935.95957184148	1850	18.28309649072231	0.0	885062	7905.174897551778	1.85
57937.615208303585	750	20.627460028617495	0.0	412837	1655.6364621048167	-0.3500000000000001
57940.982584613026	1200	21.26008371917497	0.0	690253	3367.376309442527	0.75
57944.12750123202	1200	22.1151671001831	0.0	598727	3144.9166189918656	1.2
57949.264872964784	1850	20.977795367422036	0.0	728962	5137.371732761064	1.2000000000000002
57953.1892840076	1200	21.053384324607535	0.0	575591	3924.411042814503	0.5499999999999999
57955.6438418549	1200	22.598826477308506	0.0	605884	2454.557847299027	1.2
57960.228961102934	1850	22.01370722927934	0.0	930577	4585.119248029164	1.2000000000000002
57964.37563749206	1850	21.867030840153266	0.0	858450	4146.676389126076	1.85
57967.22504234697	1200	23.017625985245626	0.0	641452	2849.4048549076406	0.5499999999999999
57971.0373244346	1850	23.2053438976161	0.0	886255	3812.2820876295264	1.2000000000000002
57976.04449527634	1850	22.19817305587438	0.0	973972	5007.170841741719	1.85
57980.52118399698	1850	21.721484335241154	0.0	958994	4476.688720633226	1.85
57984.8053446425	1200	21.437323689717786	0.0	638661	4284.160645523371	0.5499999999999999
57987.21995328229	1200	23.022715049924003	0.0	538612	2414.6086397937825	1.2
57990.88876728878	1850	23.353901043434835	0.0	846370	3668.814006489167	1.2000000000000002

