80774.41609807305	750	4.0	8.46469094317031	450283	8464.690943170312	-35.64817105563233
80777.78857241546	300	4.62752565759215	0.0	155580	3372.4743424078492	-0.15000000000000002
80780.12456262985	300	6.2915354431970885	0.0	139857	2335.9902143950617	0.3
80782.773110003	300	7.642988070040533	0.0	155432	2648.5473731565553	0.3
80785.47349061952	300	8.942607453517308	0.0	163442	2700.3806165232245	0.3
80787.55363313115	300	10.862464941891364	0.0	126289	2080.1425116259434	0.3
80790.06625150712	300	12.349846565917534	0.0	153295	2512.6183759738306	0.3
80792.95046349827	300	13.465634574750244	0.0	173849	2884.2119911672903	0.3
80795.53544731939	300	14.880650753647343	0.0	150710	2584.983821102901	0.3
80797.82691406626	300	16.589184006785477	0.0	139105	2291.466746861868	0.3
80800.19447274893	300	18.221625324104718	0.0	141840	2367.558682680758	0.3
80806.83971569156	750	15.576382381480895	0.0	405134	6645.242942623821	0.3
80813.56482323288	750	12.851274840161022	0.0	386351	6725.107541319871	0.75
80820.66243589447	750	9.753662178570135	0.0	434409	7097.612661590888	0.75
80826.12058431945	750	8.295513753605666	0.0	337059	5458.148424964469	0.75
80832.09455048287	750	6.321547590182095	0.0	366214	5973.966163423572	0.75
80834.4823828995	300	7.933715173562192	0.0	143509	2387.8324166199027	-0.15000000000000002
80836.9537625445	300	9.462335528557539	0.0	150616	2471.379645004653	0.3
80839.63754102729	300	10.778557045768808	0.0	165384	2683.778482788731	0.3
80841.95327437042	300	12.462823702637376	0.0	140881	2315.7333431314332	0.3
80844.69925579028	300	13.716842282770724	0.0	157671	2745.9814198666522	0.3
80847.60241407293	300	14.813684000111888	0.0	157812	2903.158282658836	0.3
80850.50397970939	300	15.912118363662486	0.0	163927	2901.5656364494002	0.3
80852.80977730374	300	17.606320769310244	0.0	137654	2305.7975943522406	0.3
80855.1568037163	300	19.25929435675942	0.0	146754	2347.026412550827	0.3
80857.78076682694	300	20.63533124609739	0.0	153938	2623.963110662031	0.3
80865.06103217522	750	17.355065897829753	0.0	425781	7280.265348267637	0.3
80870.88469772795	750	15.531400345097511	0.0	277716	5823.665552732244	0.75
80877.6945773092	750	12.721520763834677	0.0	400396	6809.879581262835	0.75
80884.13770964979	750	10.278388423249753	0.0	400508	6443.132340584923	0.75
80890.05299040291	750	8.363107670133484	0.0	358218	5915.280753116269	0.75
80896.54693652278	750	5.8691615502628345	0.0	400322	6493.946119870649	0.75
80898.92888709763	300	7.487210975419223	0.0	143881	2381.9505748436127	-0.15000000000000002
80901.7555766388	300	8.660521434241339	0.0	163444	2826.6895411778837	0.3
80904.96892311105	300	9.447174961997725	0.0	179328	3213.3464722436133	0.3
80907.76866435478	300	10.647433718275286	0.0	159914	2799.741243722439	0.3
80909.99364352178	300	12.422454551265151	0.0	131610	2224.9791670101345	0.3
80912.03673008285	300	14.379367990190772	0.0	124011	2043.0865610743779	0.3
80914.47129325097	300	15.944804822069873	0.0	144254	2434.563168120899	0.3
80916.94727434395	300	17.468823729101874	0.0	149991	2475.9810929680007	0.3
80919.38483856693	300	19.031259506127768	0.0	147968	2437.564222974107	0.3
80925.64071461344	750	16.775383459613845	0.0	384505	6255.876046513923	0.3
80931.67721502593	750	14.738883047122078	0.0	372093	6036.500412491766	0.75
80938.85564795866	750	11.560450114402222	0.0	438281	7178.432932719858	0.75
80945.83938422092	750	8.576713852146753	0.0	398987	6983.736262255469	0.75
80952.25803622516	750	6.158061847902568	0.0	393804	6418.652004244185	0.75
80957.9842663426	750	4.431831730457286	0.0	331053	5726.230117445282	0.75
80964.25400713399	750	4.0	1.8379090609326068	314107	6269.740791389892	-7.153008962010209

