87048.53279882192	750	4.0	9.405939483918523	450283	9405.939483918522	-39.69553978084965
87051.71696201577	300	4.815836806157679	0.0	155580	3184.1631938423207	-0.15000000000000002
87054.46586637138	300	6.066932450535294	0.0	139857	2748.904355622385	0.3
87057.19945379024	300	7.333345031679665	0.0	155432	2733.5874188556304	0.3
87059.83652371512	300	8.696275106805734	0.0	163442	2637.0699248739306	0.3
87061.70139984763	300	10.831398974289398	0.0	126289	1864.8761325163364	0.3
87064.06806813102	300	12.46473069090129	0.0	153295	2366.668283388108	0.3
87066.46194400438	300	14.070854817546628	0.0	173849	2393.875873354663	0.3
87072.10932212773	750	12.423476694195509	0.0	374758	5647.378123351117	0.3
87075.18865871806	300	13.344140103859353	0.0	139105	3079.3365903361573	-0.15000000000000002
87084.28763736234	750	8.24516145957144	0.0	353220	9098.978644287912	0.3
87087.68116198019	300	8.851636841738538	0.0	156148	3393.5246178329016	-0.15000000000000002
87091.72225156217	300	8.810547259760547	0.0	160746	4041.0895819779917	0.3
87095.80239788505	300	8.730400936864218	0.0	179801	4080.1463228963294	0.3
87097.88510432934	300	10.64769449257961	0.0	140051	2082.7064442846076	0.3
87100.16070104967	300	12.372097772238432	0.0	138313	2275.596720341178	0.3
87103.00976192343	300	13.523036898471037	0.0	143509	2849.0608737673956	0.3
87108.93971192042	750	11.59308690147781	0.0	372963	5929.949996993228	0.3
87111.34604574616	300	13.186753075735496	0.0	165384	2406.333825742313	-0.15000000000000002
87117.1330834337	750	11.399715388202234	0.0	350713	5787.037687533262	0.3
87119.15228498632	300	13.380513835571731	0.0	157671	2019.2015526305029	-0.15000000000000002
87125.04487028105	750	11.487928540846667	0.0	399894	5892.585294725064	0.3
87129.00914072295	300	11.52365809896004	0.0	163927	3964.2704418866283	-0.15000000000000002
87132.21705179536	300	12.315747026549007	0.0	137654	3207.911072411033	0.3
87135.84384714614	300	12.688951675770799	0.0	146754	3626.795350778207	0.3
87138.2640346877	300	14.268764134217129	0.0	153938	2420.187541553671	0.3
87146.60490094879	750	9.927897873127854	0.0	425781	8340.866261089273	0.3
87148.4370865996	300	12.095712222315338	0.0	111155	1832.1856508125165	-0.15000000000000002
87150.8410578496	300	13.691740972323842	0.0	153605	2403.9712499914963	0.3
87156.56263966253	750	11.970159159391994	0.0	400508	5721.581812931849	0.3
87158.73786398857	300	13.79493483334258	0.0	157421	2175.224326049413	-0.15000000000000002
87166.53837008866	750	9.994428733261174	0.0	400322	7800.506100081408	0.3
87170.86224678029	300	9.670552041643969	0.0	143881	4323.876691617204	-0.15000000000000002
87174.38660884724	300	10.14618997469271	0.0	163444	3524.362066951258	0.3
87178.25375962217	300	10.279039199765455	0.0	179328	3867.150774927254	0.3
87182.49063432674	300	10.042164495192722	0.0	159914	4236.874704572731	0.3
87185.45954784508	300	11.073250976848318	0.0	131610	2968.913518344405	0.3
87187.52249886015	300	13.010299961776235	0.0	124011	2062.9510150720816	0.3
87189.5868135938	300	14.945985228117756	0.0	144254	2064.3147336584807	0.3
87196.94490122091	750	11.587897601013829	0.0	390680	7358.087627103928	0.3
87198.92072936086	300	13.61206946104807	0.0	147968	1975.8281399657574	-0.15000000000000002
87204.64853463689	750	11.884264185028481	0.0	384505	5727.80527601959	0.3
87207.26231689168	300	13.270481930250622	0.0	145210	2613.7822547778605	-0.15000000000000002
87212.7667894855	750	11.766009336428892	0.0	438281	5504.472593821731	0.3
87216.30091206044	300	12.23188676149054	0.0	167025	3534.1225749383516	-0.15000000000000002
87220.24616008057	300	12.286638741368343	0.0	160064	3945.2480201221974	0.3
87223.13876227802	300	13.39403654390888	0.0	137507	2892.602197459462	0.3
87229.62336507197	750	10.909433749957662	0.0	314107	6484.602793951218	0.3

