15784.018140999126	750	4.0	9.329540393610301	450283	9329.540393610301	-39.36702369252429
15785.032482932333	300	6.985658066793199	0.0	155580	1014.3419332068011	-0.15000000000000002
15785.91875650482	300	10.099384494308092	0.0	139857	886.273572485108	0.3
15789.43688803298	750	10.581252966146852	0.0	382355	3518.1315281612387	0.3
15794.199939111464	300	9.818201887662822	0.0	163442	4763.051078484033	-0.15000000000000002
15797.812620475486	300	10.205520523641491	0.0	126289	3612.68136402133	0.3
15798.801069575842	300	13.217071423284704	0.0	153295	988.4491003567875	0.3
15800.91430289315	750	15.103838105976873	0.0	437162	2113.2333173078314	0.3
15803.625486865853	1200	16.392654133276178	0.0	584846	2711.183972700694	0.75
15806.249791472774	1200	17.768349526353806	0.0	560821	2624.304606922371	1.2
15816.509605490715	1850	11.508535508411901	0.0	939819	10259.814017941904	1.2000000000000002
15819.278671592323	300	12.73946940680551	0.0	156148	2769.0661016063914	-1.25
15820.613699514462	300	15.404441484667194	0.0	160746	1335.0279221383164	0.3
15822.882683963375	750	17.1354570357533	0.0	434409	2268.984448913893	0.3
15825.356754749493	1200	18.661386249634205	0.0	526950	2474.0707861190945	0.75
15829.611366503848	1850	18.40677449528029	0.0	923170	4254.611754353915	1.2000000000000002
15844.042157957876	1850	7.975983041251846	0.0	966699	14430.791454028444	1.85
15845.086644598397	300	10.931496400730332	0.0	150616	1044.4866405215134	-1.25
15847.132238850065	750	12.88590214906362	0.0	405596	2045.5942516667103	0.3
15856.392449481516	1200	7.62569151761035	0.0	586839	9260.21063145327	0.75
15860.66491362911	300	7.353227370017034	0.0	157671	4272.464147593316	-0.6000000000000001
15861.713728102239	300	10.304412896888214	0.0	157812	1048.8144731288191	0.3
15863.80112474613	750	12.217016252996725	0.0	401853	2087.396643891489	0.3
15865.4687166349	750	14.549424364228125	0.0	343800	1667.591888768601	0.75
15868.399487635412	1200	15.618653363716222	0.0	587236	2930.771000511905	0.75
15876.63692754953	1200	11.381213449595393	0.0	590335	8237.439914120829	1.2
15878.648895706872	300	13.369245292255586	0.0	181901	2011.9681573398068	-0.6000000000000001
15879.733067235125	300	16.28507376400107	0.0	111155	1084.1715282545156	0.3
15883.229763614085	750	16.788377385041873	0.0	400396	3496.6963789591982	0.3
15889.202926668691	750	14.815214330435337	0.0	400508	5973.163054606534	0.75
15891.347294831965	300	16.670846167161493	0.0	157421	2144.3681632738458	-0.15000000000000002
15892.964106564586	300	19.05403443453954	0.0	157488	1616.811732621955	0.3
15897.179112784866	750	18.8390282142602	0.0	369834	4215.006220279337	0.3
15902.961596947709	750	17.056544051417596	0.0	412837	5782.484162842604	0.75
15904.072300049185	300	19.945840949941164	0.0	179328	1110.7031014764327	-0.15000000000000002
15907.221533845153	1200	20.796607153973294	0.0	598727	3149.23379596787	0.29999999999999993
15913.430278133355	1850	18.58786286577177	0.0	728962	6208.744288201528	1.2000000000000002
15916.417251579043	750	19.60088942008438	0.0	361565	2986.9734456873894	-0.3500000000000001
15921.058575541403	750	18.959565457723286	0.0	378327	4641.323962361095	0.75
15923.063025586342	750	20.955115412784625	0.0	390680	2004.4500449386603	0.75
15927.001728359037	1850	21.016412640090877	0.0	858450	3938.702772693748	0.75
15937.209269643568	1850	14.8088713555593	0.0	1025005	10207.541284531577	1.85
15942.01529525692	300	14.00284574220644	0.0	145210	4806.025613352859	-1.25
15943.377760992145	300	16.6403800069807	0.0	172312	1362.4657352257377	0.3
15945.407435058609	750	18.6107059405176	0.0	398987	2029.6740664631002	0.3
15948.359709133922	1200	19.658431865204154	0.0	638661	2952.2740753134467	0.75
15962.753174265183	1850	9.264966733941204	0.0	830730	14393.46513126295	1.2000000000000002
15968.98192811051	300	7.036212888614914	0.0	118421	6228.7538453262905	-1.25

