83695.22111283577	750	4.0	4.36447848176708	450283	4364.47848176708	-18.01725747159844
83696.74522150037	300	6.475891335417629	0.0	155580	1524.1086645823718	-0.15000000000000002
83698.12338775248	300	9.097725083312623	0.0	139857	1378.1662521050055	0.3
83699.64612266669	300	11.574990169098925	0.0	155432	1522.7349142136986	0.3
83701.24320717856	300	13.977905657229327	0.0	163442	1597.0845118695977	0.3
83702.49543393741	300	16.725678898382153	0.0	126289	1252.226758847173	0.3
83705.84869121788	750	17.372421617911293	0.0	352642	3353.257280470862	0.3
83709.98647134403	750	17.23464149176295	0.0	437162	4137.780126148341	0.75
83713.54501148366	750	17.67610135214629	0.0	374758	3558.540139616664	0.75
83716.99250989583	750	18.228602939965022	0.0	362795	3447.498412181267	0.75
83720.35113222842	750	18.869980607378665	0.0	353220	3358.6223325863566	0.75
83724.1916253491	750	19.029487486688893	0.0	405134	3840.4931206897713	0.75
83727.85777284023	750	19.36333999555852	0.0	386351	3666.1474911303762	0.75
83731.9699993531	750	19.251113482686918	0.0	434409	4112.226512871601	0.75
83735.17861371468	750	20.042499121101432	0.0	337059	3208.6143615854844	0.75
83738.65784761679	750	20.563265218984395	0.0	366214	3479.233902117038	0.75
83742.08711599029	750	21.133996845479306	0.0	360831	3429.2683735050896	0.75
83745.62899476563	750	21.59211807013135	0.0	372963	3541.878775347957	0.75
83749.47377621518	750	21.747336620588015	0.0	405596	3844.7814495433327	0.75
83752.80912833038	750	22.41198450539533	0.0	350713	3335.3521151926816	0.75
83756.47639895526	750	22.744713880517597	0.0	386472	3667.270624877737	0.75
83760.26825388722	750	22.95285894855653	0.0	399894	3791.854931961068	0.75
83766.44168144313	1200	20.779431392655678	0.0	656471	6173.42755590085	0.75
83769.71286642116	750	21.50824641461596	0.0	343800	3271.1849780397188	0.3
83773.13352100857	750	22.087591827206335	0.0	359903	3420.6545874096246	0.75
83776.73793327197	750	22.483179563792486	0.0	379700	3604.412263413849	0.75
83780.77007385119	750	22.451038984575707	0.0	425781	4032.140579216781	0.75
83783.42786072544	750	23.79325211034278	0.0	277716	2657.7868742329224	0.75
83789.28964187168	1200	21.93147096409197	0.0	622896	5861.78114625081	0.75
83793.08719601126	750	22.133916824520327	0.0	400508	3797.5541395716455	0.3
83796.49221026509	750	22.72890257069999	0.0	358218	3405.0142538203377	0.75
83800.2880379346	750	22.93307490118627	0.0	400322	3795.8276695137183	0.75
83805.79202208448	1200	21.429090751295256	0.0	584349	5503.984149891017	0.75
83809.70401519904	750	21.517097636754873	0.0	412837	3911.993114540382	0.3
83813.50695295492	750	21.714159880873563	0.0	401088	3802.9377558813107	0.75
83816.9764128088	750	22.24470002698769	0.0	365161	3469.4598538858686	0.75
83820.03656002751	750	23.184552808286867	0.0	321064	3060.147218700826	0.75
83825.45925157111	1200	21.7618612646718	0.0	575591	5422.691543615066	0.75
83829.05091951524	750	22.17019332055652	0.0	378327	3591.6679441152787	0.3
83832.75724920465	750	22.463863631142452	0.0	390680	3706.32968941407	0.75
83835.72892145283	750	23.492191382962528	0.0	345516	2971.672248179925	0.75
83840.5114545823	1200	22.70965825348808	0.0	641452	4782.533129474448	0.75
83844.98626581192	1200	22.23484702387471	0.0	599477	4474.811229613368	1.2
83849.72047982187	1200	21.500633013923416	0.0	634861	4734.214009951294	1.2
83854.42054568151	1200	20.80056715428905	0.0	630203	4700.065859634369	1.2
83859.18261777888	1200	20.038495056917334	0.0	638661	4762.072097371713	1.2
83863.21122308986	1200	20.00988974594708	0.0	538612	4028.605310970254	1.2
83867.32995664471	1200	19.891156191096137	0.0	550906	4118.733554850947	1.2

