12583.166938692346	750	4.0	2.4408034364506963	450283	2440.803436450696	-9.745454776737994
12583.955157784274	300	7.211780908073075	0.0	155580	788.219091926925	-0.15000000000000002
12584.732252796599	300	10.434685895747592	0.0	139857	777.0950123254829	0.3
12586.719436174033	750	12.447502518314138	0.0	382355	1987.183377433454	0.3
12588.875125978231	750	14.291812714115538	0.0	411561	2155.6898041986005	0.75
12591.317333693412	1200	15.849604998934502	0.0	520315	2442.207715181036	0.75
12594.14934268865	1200	17.01759600369737	0.0	561791	2832.008995237132	1.2
12597.844444064702	1200	17.322494627646293	0.0	709534	3695.101376051077	1.2
12601.76147378185	1200	17.405464910496775	0.0	584846	3917.0297171495185	1.2
12604.488233994165	1200	18.678704698181495	0.0	560821	2726.7602123152815	1.2
12608.93566643002	1850	18.231272262327405	0.0	939819	4447.432435854087	1.2000000000000002
12613.666329373908	1850	17.500609318439274	0.0	917428	4730.662943888132	1.85
12616.798107293993	1200	18.368831398353862	0.0	624282	3131.777920085413	0.5499999999999999
12619.848384463443	1200	19.318554228904485	0.0	687371	3050.277169449374	1.2
12624.271872476824	1850	18.895066215523503	0.0	821631	4423.488013380984	1.2000000000000002
12627.341623907038	1200	19.825314785310802	0.0	587876	3069.7514302126997	0.5499999999999999
12632.63781168826	1850	18.529127004086444	0.0	966699	5296.187781224357	1.2000000000000002
12635.273924428417	1200	19.893014263930795	0.0	581493	2636.1127401556496	0.5499999999999999
12639.971457710417	1850	19.195480981930846	0.0	987708	4697.533281999949	1.2000000000000002
12644.105484560449	1850	19.061454131899577	0.0	923755	4134.026850031272	1.85
12648.386672912737	1850	18.780265779610406	0.0	891604	4281.1883522891685	1.85
12653.340978997883	1850	17.82595969446533	0.0	955231	4954.306085145078	1.85
12656.548232145196	1200	18.618706547151916	0.0	656471	3207.25314731341	0.5499999999999999
12661.060245717774	1850	18.1066929745753	0.0	874175	4512.013572576614	1.2000000000000002
12663.83626036351	1200	19.33067832883937	0.0	587236	2776.0146457359324	0.5499999999999999
12668.868598806082	1850	18.298339886265623	0.0	905935	5032.338442573747	1.2000000000000002
12672.527823424572	1200	18.639115267776738	0.0	696376	3659.2246184888813	0.5499999999999999
12675.088711561399	1200	20.07822713095058	0.0	487160	2560.888136826158	1.2
12679.706868347508	1850	19.46007034484105	0.0	972798	4618.15678610953	1.2000000000000002
12684.574472152244	1850	18.59246654010534	0.0	975811	4867.603804735708	1.85
12690.082003175457	1850	17.08493551689156	0.0	873429	5507.531023213786	1.85
12693.037745014655	1200	18.129193677694158	0.0	620283	2955.7418391974006	0.5499999999999999
12697.380056898035	1850	17.786881794313725	0.0	885062	4342.311883380432	1.2000000000000002
12700.79121821539	1200	18.37572047695778	0.0	670129	3411.1613173559463	0.5499999999999999
12704.245627285882	1200	18.92131140646825	0.0	690253	3454.4090704895325	1.2
12708.530772371449	1850	18.63616632090143	0.0	943942	4285.145085566818	1.2000000000000002
12712.689113298353	1850	18.477825393996472	0.0	728962	4158.340926904958	1.85
12715.799028433037	1200	19.367910259311557	0.0	575591	3109.915134684913	0.5499999999999999
12719.143792792716	1200	20.023145899633068	0.0	605884	3344.764359678488	1.2
12721.814764769031	1200	21.352173923319445	0.0	587506	2670.971976313623	1.2
12725.926340973265	1850	21.24059771908405	0.0	858450	4111.5762042353945	1.2000000000000002
12730.513668702595	1850	20.653269989753746	0.0	1025005	4587.3277293303045	1.85
12734.596895195247	1850	20.57004349710109	0.0	886255	4083.2264926526545	1.85
12739.78775689604	1850	19.379181796309965	0.0	973972	5190.861700791126	1.85
12742.81978510192	1200	20.347153590429244	0.0	630203	3032.02820588072	0.5499999999999999
12747.879280655463	1850	19.287658036886395	0.0	982064	5059.495553542847	1.2000000000000002
12751.796819089956	1850	19.37011960239483	0.0	830730	3917.5384344915656	1.85
12756.556976087195	1850	18.60996260515444	0.0	846370	4760.156997240389	1.85

