90962.06755852698	750	4.0	3.889496881149006	450283	3889.496881149006	-15.974836588940725
90963.63099637025	300	6.436562156714829	0.0	155580	1563.4378432851706	-0.15000000000000002
90965.84404908695	300	8.223509440011043	0.0	139857	2213.0527167037853	0.3
90968.04853424276	300	10.019024284214284	0.0	155432	2204.4851557967595	0.3
90969.71693728784	300	12.350621239130515	0.0	163442	1668.4030450837688	0.3
90970.88048770673	300	15.18707082023434	0.0	126289	1163.5504188961743	0.3
90974.73210100437	750	15.335457522614261	0.0	352642	3851.6132976200793	0.3
90976.62557207735	300	17.441986449625585	0.0	173849	1893.4710729886756	-0.15000000000000002
90979.92256953089	750	18.144988996083804	0.0	374758	3296.9974535417796	0.3
90983.1846004641	750	18.882958062884587	0.0	362795	3262.0309331992166	0.75
90985.95900755882	750	20.10855096814619	0.0	353220	2774.4070947383934	0.75
90991.82904094186	1200	18.2385175851143	0.0	594078	5870.033383031888	0.75
90995.87984096061	750	18.187717566357374	0.0	386351	4050.8000187569264	0.3
90999.82661725787	750	18.24094126908756	0.0	434409	3946.776297269814	0.75
91003.16912734866	750	18.898431178299248	0.0	337059	3342.5100907883134	0.75
91006.0781781159	750	19.989380411061887	0.0	366214	2909.0507672373597	0.75
91011.704449518	1200	18.363109008968237	0.0	617242	5626.271402093652	0.75
91016.06061649512	750	18.00694203184628	0.0	372963	4356.166977121956	0.3
91019.63174817692	750	18.43581035005005	0.0	405596	3571.1316817962297	0.75
91023.33537058545	750	18.732187941504936	0.0	350713	3703.6224085451136	0.75
91027.95349639066	750	18.114062136312832	0.0	386472	4618.125805192106	0.75
91032.3625042668	750	17.705054260173274	0.0	399894	4409.007876139558	0.75
91036.55647768237	750	17.51108084460139	0.0	401853	4193.973415571884	0.75
91039.77541910607	750	18.292139420897467	0.0	343800	3218.9414237039236	0.75
91042.97363215729	750	19.093926369675536	0.0	359903	3198.213051221929	0.75
91047.24562445442	750	18.821934072540778	0.0	379700	4271.99229713476	0.75
91050.53720223012	750	19.530356296845127	0.0	425781	3291.5777756956527	0.75
91055.21524036178	1200	18.852318165169336	0.0	487160	4678.03813167579	0.75
91058.74871923056	750	19.318839296388212	0.0	400396	3533.478868781127	0.3
91062.89917854696	750	19.168379980004886	0.0	400508	4150.4593163833215	0.75
91065.88892356717	750	20.178634959787622	0.0	358218	2989.745020217266	0.75
91071.05320356818	1200	19.014354958779638	0.0	620283	5164.280001007983	0.75
91073.83902085196	750	20.22853767499974	0.0	369834	2785.8172837799007	0.3
91079.3184265577	1200	18.749131969244125	0.0	670129	5479.405705755612	0.75
91082.67237881466	750	19.39517971227487	0.0	401088	3353.9522569692517	0.3
91085.98881510017	750	20.078743426776207	0.0	365161	3316.436285498665	0.75
91088.97466083441	750	21.092897692521856	0.0	321064	2985.8457342543525	0.75
91092.55842496674	750	21.50913356020836	0.0	361565	3583.7641323134967	0.75
91095.72421525902	750	22.34334326792574	0.0	378327	3165.790292282622	0.75
91102.05375217448	1200	20.01380635245334	0.0	587506	6329.536915472399	0.75
91104.98804545031	750	21.07951307661885	0.0	345516	2934.293275834492	0.3
91110.54015148367	1200	19.52740704326425	0.0	641452	5552.1060333545975	0.75
91114.31993836067	750	19.747620166257903	0.0	372093	3779.786877006348	0.3
91118.42062152727	750	19.646936999662383	0.0	438281	4100.683166595521	0.75
91121.87954975455	750	20.188008772390084	0.0	398987	3458.928227272299	0.75
91124.72900535978	750	21.33855316715541	0.0	393804	2849.4556052346757	0.75
91129.37145822066	1200	20.69610030627704	0.0	538612	4642.4528608783685	0.75
91133.95872015208	1200	20.108838374859538	0.0	550906	4587.261931417504	1.2

