82055.92116812899	750	4.0	6.1722084355899725	450283	6172.208435589972	-25.79049627303688
82058.43548040396	300	5.485687725029631	0.0	155580	2514.3122749703693	-0.15000000000000002
82060.46896182527	300	7.45220630370273	0.0	139857	2033.4814213269012	0.3
82065.69713459919	750	6.224033529796113	0.0	382355	5228.172773906617	0.3
82067.8136193817	300	8.107548747276626	0.0	163442	2116.4847825194875	-0.15000000000000002
82072.338668025	750	7.582500103989254	0.0	318564	4525.048643287371	0.3
82078.10692855509	750	5.814239573908771	0.0	352642	5768.2605300804835	0.75
82080.44505935838	300	7.476108770621311	0.0	173849	2338.130803287459	-0.15000000000000002
82085.70538388054	750	6.215784248460671	0.0	374758	5260.32452216064	0.3
82087.79054717654	300	8.130620952459259	0.0	139105	2085.163296001412	-0.15000000000000002
82093.49883728423	750	6.422330844764819	0.0	353220	5708.29010769444	0.3
82095.75798755525	300	8.163180573754211	0.0	156148	2259.150271010607	-0.15000000000000002
82103.14403072656	750	4.777137402452854	0.0	386351	7386.043171301358	0.3
82105.7450719053	300	6.176096223705128	0.0	179801	2601.041178747727	-0.15000000000000002
82107.65380126648	300	8.267366862532013	0.0	140051	1908.7293611731131	0.3
82112.83603975494	750	7.085128374064646	0.0	366214	5182.2384884673675	0.3
82118.01692726044	750	5.904240868562077	0.0	360831	5180.887505502569	0.75
82120.16363550171	300	7.757532627296747	0.0	150616	2146.708241265329	-0.15000000000000002
82126.74322515301	750	5.177942975991843	0.0	405596	6579.589651304905	0.3
82128.85224139328	300	7.0689267357191214	0.0	140881	2109.016240272722	-0.15000000000000002
82137.8865632906	750	4.0	1.965395161595904	386472	9034.321897315025	-8.151199194862386
82140.02452368519	300	5.8620396054154265	0.0	157812	2137.9603945845743	-0.15000000000000002
82142.21082934823	300	7.675733942370941	0.0	163927	2186.305663044484	0.3
82147.448353537	750	6.438209753621333	0.0	343800	5237.524188749609	0.3
82149.69673217417	300	8.189831116445426	0.0	146754	2248.378637175907	-0.15000000000000002
82155.11750814751	750	6.76905514311474	0.0	379700	5420.775973330686	0.3
82157.7428021671	300	8.14376112352912	0.0	181901	2625.2940195856195	-0.15000000000000002
82161.81118421638	750	8.07537907424138	0.0	277716	4068.382049287742	0.3
82167.74021930373	750	6.146343986900147	0.0	400396	5929.035087341231	0.75
82170.95223665089	300	6.934326639747158	0.0	149029	3212.0173471529893	-0.15000000000000002
82173.24796143883	300	8.63860185179572	0.0	157421	2295.724787951439	0.3
82179.2155037868	750	6.671059503827356	0.0	400322	5967.542347968364	0.3
82181.27718800252	300	8.609375288101898	0.0	143881	2061.6842157254587	-0.15000000000000002
82187.22022698737	750	6.666336303267155	0.0	412837	5943.038984834742	0.3
82190.6398136571	300	7.2467496335330015	0.0	179328	3419.586669734153	-0.15000000000000002
82196.0458677741	750	5.840695516523496	0.0	365161	5406.054117009506	0.3
82198.18176558222	300	7.704797708399628	0.0	131610	2135.8978081238674	-0.15000000000000002
82203.13331560859	750	6.7532476820290155	0.0	361565	4951.550026370613	0.3
82205.09081264965	300	8.79575064097402	0.0	144254	1957.497041054997	-0.15000000000000002
82210.42904966765	750	7.457513622968237	0.0	390680	5338.237018005783	0.3
82217.1938111197	750	4.692752170934971	0.0	345516	6764.761452033266	0.75
82219.66741734317	300	6.219145947461584	0.0	161857	2473.6062234733868	-0.15000000000000002
82221.71848843222	300	8.168074858423244	0.0	145210	2051.071089038339	0.3
82228.73270607897	750	5.153857211676098	0.0	438281	7014.217646747147	0.3
82231.29006649053	300	6.59649680010674	0.0	167025	2557.360411569358	-0.15000000000000002
82233.62865742472	300	8.257905865914122	0.0	160064	2338.590934192619	0.3
82237.99924038256	750	7.887322908060084	0.0	331053	4370.582957854037	0.3
82242.64467741361	750	7.241885877010049	0.0	314107	4645.437031050034	0.75

