38411.83143706715	750	4.0	3.36936317338222	450283	3369.36317338222	-13.738261645543545
38412.69025960224	300	7.1411774649096715	0.0	155580	858.8225350903288	-0.15000000000000002
38413.27241668714	300	10.559020380010953	0.0	139857	582.1570848987182	0.3
38414.01298901954	300	13.818448047616267	0.0	155432	740.5723323946866	0.3
38415.52996593632	750	16.301471130829114	0.0	411561	1516.976916787152	0.3
38416.49658408836	750	19.334852978794718	0.0	318564	966.6181520343961	0.75
38418.82549731417	1200	21.005939752989626	0.0	561791	2328.9132258050936	0.75
38426.264061855254	1200	17.567375211905944	0.0	709534	7438.564541083683	1.2
38427.72330622801	750	20.108130839155923	0.0	374758	1459.244372750023	0.3
38429.56204894138	1200	22.269388125779255	0.0	560821	1838.7427133766662	0.75
38431.975965012156	1850	23.855472055002036	0.0	939819	2413.9160707772226	1.2000000000000002
38435.429854677895	1850	24.401582389264394	0.0	917428	3453.889665737643	1.85
38437.816000857594	1850	26.015436209562402	0.0	946851	2386.1461797019915	1.85
38453.14231519396	2850	14.689121873192011	0.0	1578343	15326.314336370391	1.85
38455.770686744414	750	16.06075032273282	0.0	337059	2628.3715504591923	-1.35
38464.36962160927	750	11.461815457877988	0.0	366214	8598.934864854831	0.75
38466.22525823328	300	13.606178833871574	0.0	143509	1855.6366240064128	-0.15000000000000002
38469.1938422137	750	14.637594853444632	0.0	372963	2968.583980426942	0.3
38471.78863770075	750	16.042799366395066	0.0	405596	2594.795487049568	0.75
38474.01053939444	750	17.820897672707687	0.0	350713	2221.9016936873777	0.75
38477.37785445039	750	18.453582616754176	0.0	386472	3367.3150559535134	0.75
38493.27422957001	1200	6.557207497137479	0.0	616206	15896.375119616696	0.75
38494.48906301575	300	9.342374051392527	0.0	163927	1214.8334457449512	-0.6000000000000001
38495.38206580991	300	12.449371257238049	0.0	137654	893.002794154479	0.3
38496.31971612874	300	15.511720938403169	0.0	146754	937.6503188348796	0.3
38498.42838021907	750	17.403056848068395	0.0	379700	2108.664090334774	0.3
38500.20626052798	750	19.6251765391674	0.0	425781	1777.880308900998	0.75
38502.89630879602	750	20.9351282711267	0.0	277716	2690.0482680406963	0.75
38509.53999646852	1200	18.291440598624064	0.0	622896	6643.687672502638	0.75
38511.41535733152	750	20.41607973562253	0.0	400508	1875.3608630015333	0.3
38514.415483663644	1200	21.415953403506087	0.0	570392	3000.1263321164433	0.75
38517.02973493755	1200	22.801702129599082	0.0	620283	2614.251273907003	1.2
38520.13060293005	1850	23.7008341371046	0.0	885062	3100.8679924944804	1.2000000000000002
38529.75996046014	1850	18.07147660701043	0.0	1035329	9629.357530094174	1.85
38533.402287778976	750	18.42914928818083	0.0	401088	3642.3273188295984	-0.3500000000000001
38537.54040949338	750	18.29102757377625	0.0	365161	4138.12171440458	0.75
38542.58495562759	1200	17.246481439561983	0.0	487812	5044.546134214264	0.75
38545.493751311464	750	18.337685755685676	0.0	361565	2908.7956838763057	0.3
38547.91658841502	750	19.9148486521355	0.0	378327	2422.837103550177	0.75
38557.23711155324	1200	14.594325513921547	0.0	587506	9320.523138213954	0.75
38561.268796306555	750	14.562640760598425	0.0	345516	4031.684753323121	0.3
38563.19692252892	750	16.63451453823292	0.0	384505	1928.1262223655033	0.75
38565.25482721145	750	18.576609855699143	0.0	372093	2057.9046825337814	0.75
38573.26927126081	1200	14.562165806342124	0.0	634861	8014.444049357019	0.75
38577.1339480789	750	14.697488988257819	0.0	398987	3864.676818084305	0.3
38579.518949622	750	16.312487445158343	0.0	393804	2385.0015430994754	0.75
38584.919042850735	750	14.912394216426174	0.0	331053	5400.09322873217	0.75
38588.13581279995	750	15.695624267215717	0.0	314107	3216.7699492104557	0.75

