15557.598609951085	750	4.0	3.088426302750708	450283	3088.426302750708	-12.530233101828044
15558.499732302167	300	7.098877648917764	0.0	155580	901.1223510822371	-0.15000000000000002
15558.872287691873	300	10.726322259211418	0.0	139857	372.5553897063467	0.3
15559.277423146894	300	14.321186804190669	0.0	155432	405.1354550207489	0.3
15559.699314064077	300	17.89929588700823	0.0	163442	421.8909171824414	0.3
15560.04348766719	300	21.55512228389487	0.0	126289	344.17360311335733	0.3
15560.44415290715	300	25.15445704393524	0.0	153295	400.66523995963314	0.3
15560.887813374235	300	28.710796576850584	0.0	173849	443.66046708465547	0.3
15561.28307126467	300	32.315538686415046	0.0	150710	395.25789043554136	0.3
15561.654053607243	300	35.94455634384298	0.0	139105	370.9823425720655	0.3
15562.030757072038	300	39.567852879047166	0.0	141840	376.7034647958144	0.3
15562.437390268746	300	43.16121968234006	0.0	156148	406.6331967071124	0.3
15562.853641644606	300	46.74496830647946	0.0	160746	416.25137586060333	0.3
15563.309752612415	300	50.28885733867241	0.0	179801	456.1109678070518	0.3
15564.094818694906	750	53.50379125618078	0.0	337059	785.0660824916273	0.3
15564.940871731122	750	56.657738219965786	0.0	366214	846.0530362149914	0.75
15565.775664511055	750	59.82294544003249	0.0	360831	834.7927799332946	0.75
15568.525486801736	750	59.962774724150925	0.0	372963	860.170715881566	0.75
15570.172335260359	1200	59.54567629273988	0.0	639204	1417.0984314110528	0.75
15573.441206238389	1200	59.738115910779136	0.0	586839	1307.5603819607368	1.2
15576.500969518578	1200	59.89938953247046	0.0	601738	1338.7263783086842	1.2
15577.900988169557	1200	59.530398731370845	0.0	616206	1368.9908010996164	1.2
15581.23745157809	1200	59.57718087859325	0.0	656471	1453.2178527775877	1.2
15584.190805569564	1200	59.50112673323538	0.0	536667	1076.0541453578712	1.2
15586.79677758161	1200	59.84729061401986	0.0	587236	1153.8361192155198	1.2
15590.083908123614	1200	59.63579322173317	0.0	590335	1711.4973922866934	1.2
15593.81619635348	1200	59.903504991867045	0.0	696376	3732.2882298661198	1.2
15596.600584893627	1200	59.587771349585985	0.0	487160	1315.733642281062	1.2
15599.553281213812	1850	59.80675080437606	0.0	972798	1781.0205452099217	1.2000000000000002
15602.58430566491	1850	59.83657650251458	0.0	975811	1970.1743018614814	1.85
15605.701790235762	1850	59.51925921925672	0.0	873429	1817.3172832578632	1.85
15608.875917733456	1850	59.54077898450688	0.0	954453	1978.4802347498392	1.85
15611.67447775359	1850	59.70032277186135	0.0	885062	1840.456212645528	1.85
15614.795853556821	1850	59.57918673773942	0.0	1035329	2121.1360341219283	1.85
15617.872293102317	1850	59.997086781847834	0.0	1026056	2582.0999558915873	1.85
15620.487675455715	1850	59.6500655038998	0.0	943942	1847.021277948034	1.85
15623.730608893817	2850	59.8712791928742	0.0	1139291	2778.786311025603	1.85
15628.563435444981	2850	59.03845264171074	0.0	1499009	4832.826551163461	2.85
15632.00662986589	2850	59.59525822080258	0.0	1427478	3443.194420908166	2.85
15635.576347010003	2850	59.561983828019706	0.0	1402287	3033.27439278287	2.85
15638.831874252051	2850	59.66094145286208	0.0	1339500	2901.042375157621	2.85
15642.201469116539	2850	59.864386620061886	0.0	1527299	3296.5548328001937	2.85
15646.10988684847	2850	59.95596888813099	0.0	1343002	2908.4177319308965	2.85
15649.76897271146	2850	59.53315477094627	0.0	1587250	3422.8141171847205	2.85
15653.434156897541	2850	59.867970584863194	0.0	1464921	3165.1841860830737	2.85
15657.595348392484	2850	59.706779089919095	0.0	1483527	3161.1914949440966	2.85
15661.647194084442	2850	59.65493339796204	0.0	1231456	3051.8456919570544	2.85
15665.370304043916	2850	59.931823438487356	0.0	1364537	2723.1099594746825	2.85

