77993.22425166829	750	4.0	1.9130207883368422	450283	1913.020788336842	-7.47598938984842
77994.96371422024	750	6.260537448051353	0.0	398865	1739.4625519486476	0.75
77996.40784261297	750	8.816409055329466	0.0	350812	1444.1283927218865	0.75
77999.08152450273	750	10.142727165556376	0.0	382355	2673.6818897730905	0.75
78001.25216990686	750	11.9720817614479	0.0	411561	2170.645404108476	0.75
78002.5141493618	750	14.710102306505524	0.0	318564	1261.9794549423764	0.75
78003.95218239035	750	17.27206927796352	0.0	352642	1438.033028542	0.75
78012.33171209395	1850	12.89253957435984	0.0	1060487	8379.52970360368	0.75
78015.82297757873	1850	13.401274089578585	0.0	852833	3491.265484781256	1.85
78018.53339496383	1850	14.690856704475973	0.0	913888	2710.4173851026126	1.85
78021.17985657918	1850	16.044395089119416	0.0	939819	2646.461615356559	1.85
78023.73672928366	1850	17.487522384645516	0.0	917428	2556.8727044738985	1.85
78025.94458157929	1850	19.279670089028972	0.0	946851	2207.8522956165452	1.85
78028.7348045517	1850	20.489447116608922	0.0	1036454	2790.22297242005	1.85
78030.9743345664	1850	22.249917101916203	0.0	821631	2239.5300146927193	1.85
78033.28498072096	1850	23.93927094736148	0.0	923170	2310.6461545547236	1.85
78037.01711503927	1850	24.20713662903219	0.0	966699	3732.1343183292865	1.85
78039.16274976362	1850	26.061501904684715	0.0	885714	2145.634724347474	1.85
78043.58542629944	1850	25.6388253688708	0.0	987708	4422.676535813912	1.85
78046.95912854609	1850	26.265123122223507	0.0	923755	3373.7022466472968	1.85
78049.08770849105	1850	28.136543177265345	0.0	891604	2128.57994495816	1.85
78051.33974737134	1850	29.884504296955335	0.0	955231	2252.0388803100104	1.85
78055.77022989887	1850	29.454021769429513	0.0	968026	4430.482527525824	1.85
78062.3221981315	1850	26.90205353680037	0.0	874175	6551.968232629143	1.85
78065.37526101271	1850	27.84899065559126	0.0	897976	3053.062881209112	1.85
78068.00547003896	1850	29.21878162934323	0.0	905935	2630.2090262480265	1.85
78070.73621447968	1850	30.48803718862534	0.0	1076599	2730.7444407178896	1.85
78072.78726877621	1850	32.43698289210095	0.0	758197	2051.0542965243912	1.85
78074.98264794111	1850	34.24160372719139	0.0	972798	2195.379164909563	1.85
78078.37462421184	2850	34.84962745647057	0.0	1561263	3391.9762707208147	1.85
78083.29860616122	4300	33.925645507074265	0.0	2113193	4923.981949396311	2.8499999999999996
78088.24129936867	4300	32.982952299612975	0.0	2147852	4942.693207461292	4.3
78093.10967219724	4300	32.114579471051854	0.0	2191074	4868.372828561123	4.3
78104.01297357268	4300	25.21127809560834	0.0	2286761	10903.301375443512	4.3
78116.25938266635	4300	16.964869001938535	0.0	2307787	12246.409093669805	4.3
78119.88015063829	1850	17.344101029999486	0.0	943942	3620.76797193905	-0.6000000000000001
78123.57995129246	1850	17.644300375832913	0.0	728962	3699.8006541665704	1.85
78127.6929452769	1850	17.531306391380486	0.0	938587	4112.993984452425	1.85
78133.0810377391	1850	16.143213929189024	0.0	908665	5388.092462191462	1.85
78135.73202130932	1850	17.492230358973703	0.0	930577	2650.9835702153223	1.85
78138.36871895412	1850	18.855532714177635	0.0	858450	2636.697644796066	1.85
78141.45322618444	1850	19.771025483849872	0.0	1025005	3084.5072303277652	1.85
78143.96448582095	1850	21.259765847340795	0.0	886255	2511.259636509079	1.85
78146.29967982008	1850	22.924571848215916	0.0	973972	2335.1939991248773	1.85
78150.19896658466	1850	23.025285083622304	0.0	958994	3899.2867645936135	1.85
78152.47968529828	1850	24.74456637001655	0.0	982064	2280.7187136057555	1.85
78157.73090876154	2850	23.49334290675293	0.0	1231456	5251.22346326362	1.85
78163.13293640313	4300	22.09131526516669	0.0	2155012	5402.027641586238	2.8499999999999996

