83387.61752422812	750	4.0	2.983973673386008	450283	2983.973673386008	-12.081086795559834
83388.24852628296	300	7.368997945153707	0.0	155580	631.0020548462936	-0.15000000000000002
83389.03914144792	750	10.578382780186686	0.0	350812	790.6151649670202	0.3
83390.37033435384	1200	13.247189874265583	0.0	617681	1331.192905921103	0.75
83394.19426958697	2850	13.423254641137055	0.0	1472558	3823.9352331285277	1.2000000000000002
83400.13748539919	2850	11.480038828913402	0.0	1224260	5943.215812223653	2.85
83405.68222179067	1850	9.935302437434682	0.0	905515	5544.736391478721	0.8500000000000001
83412.52055960694	1200	7.096964621168978	0.0	709534	6838.337816265704	0.5499999999999999
83413.92994411262	750	9.687580115491633	0.0	374758	1409.3845056773441	0.3
83416.6873594315	1200	10.930164796616436	0.0	560821	2757.4153188751975	0.75
83420.99622718953	1200	10.621297038567185	0.0	607410	4308.867758049251	1.2
83427.75372319302	1200	7.863801035089658	0.0	594078	6757.496003477528	1.2
83428.55061843788	750	11.066905790231587	0.0	386351	796.8952448580707	0.3
83433.10750580172	1850	10.510018426385379	0.0	1036454	4556.887363846208	0.75
83434.6879073497	1200	12.929616878411256	0.0	526950	1580.4015479741233	0.5499999999999999
83438.36615495902	1850	13.251369269072878	0.0	923170	3678.2476093383766	1.2000000000000002
83441.85523249149	2850	13.762291736609143	0.0	1491626	3489.077532463737	1.85
83449.17591028081	2850	10.441613947287152	0.0	1358801	7320.67778932199	2.85
83450.02177421818	1200	13.595750009916266	0.0	639204	845.863937370886	-0.44999999999999996
83457.54014555071	2850	10.077378677389389	0.0	1336050	7518.371332526877	1.2000000000000002
83458.49086914251	1200	13.126655085595607	0.0	601738	950.723591793782	-0.44999999999999996
83466.23825978661	2850	9.37926444149261	0.0	1468126	7747.390644102996	1.2000000000000002
83471.14916818235	1200	8.468356045733511	0.0	656471	4910.908395759098	-0.44999999999999996
83471.97102293198	750	11.64650129611394	0.0	343800	821.8547496195715	0.3
83474.51066371698	1850	13.106860511099372	0.0	897976	2539.6407850145674	0.75
83481.79670949116	2850	9.820814736923214	0.0	1480464	7286.0457741761575	1.85
83487.6150868531	1200	8.002437374989764	0.0	696376	5818.377361933449	-0.44999999999999996
83488.52026403349	750	11.097260194593234	0.0	277716	905.1771803965302	0.3
83502.93902623469	1850	4.0	3.3215020065972003	972798	14418.762201190435	-13.53245862836796
83504.03584944541	300	6.903176789265581	0.0	149029	1096.8232107344195	-1.25
83506.65616497454	300	8.282861260148126	0.0	157421	2620.3155291174553	0.3
83510.96558404338	750	7.973442191304965	0.0	400322	4309.41906884316	0.3
83512.26364204846	750	10.675384186228886	0.0	369834	1298.0580050760784	0.75
83513.83229893116	1200	13.106727303542208	0.0	670129	1568.6568826866794	0.75
83531.83142755645	2850	4.0	4.892401321755915	1492672	17999.128625298123	-19.83732568355043
83534.32341808574	300	5.508009470716191	0.0	159914	2491.9905292838093	-2.25
83535.02910951493	300	8.8023180415145	0.0	131610	705.6914292016908	0.3
83537.61005761738	750	10.221369939070623	0.0	361565	2580.9481024438774	0.3
83545.06827684278	1200	6.76315071368447	0.0	605884	7458.219225386152	0.75
83545.82230204063	300	10.009125515818821	0.0	149991	754.0251978656498	-0.6000000000000001
83547.54204135387	1200	12.289386202585685	0.0	566904	1719.739313233137	0.29999999999999993
83564.60442163996	1850	4.0	4.7729940835187135	1025005	17062.3802861044	-19.323874559130463
83565.04311380672	300	7.561307833237537	0.0	145210	438.69216676246265	-1.25
83566.20573870542	750	10.398682934533461	0.0	438281	1162.624898704076	0.3
83571.40653713717	1200	9.19788450279615	0.0	630203	5200.798431737311	0.75
83576.99268672348	1200	7.611734916488907	0.0	638661	5586.149586307243	1.2
83577.85655889794	750	10.747862742020741	0.0	331053	863.8721744681674	0.3
83579.24100224733	1200	13.363419392624843	0.0	550906	1384.443349395898	0.75

