53368.70434202311	750	4.0	2.2294334545326486	450283	2229.4334545326487	-8.83656385449039
53369.78508960752	750	6.91925241559897	0.0	398865	1080.7475844010307	0.75
53370.798428832684	750	9.905913190428002	0.0	350812	1013.3392251709673	0.75
53372.602454499174	1200	12.101887523936089	0.0	617681	1804.0256664919116	0.75
53376.7385486498	1850	11.965793373313973	0.0	996749	4136.094150622117	1.2000000000000002
53379.29420261134	1850	13.410139411785455	0.0	801058	2555.6539615285187	1.85
53382.52808134314	1850	14.176260679982626	0.0	905515	3233.8787318028276	1.85
53389.559707095956	2850	11.144634927158943	0.0	1638769	7031.625752823683	1.85
53395.79840634356	2850	8.905935679560379	0.0	1348011	6238.699247598563	2.85
53399.32712511071	1850	9.377216912406286	0.0	913888	3528.7187671540937	0.8500000000000001
53402.707667251816	1850	9.996674771293142	0.0	939819	3380.542141113144	1.85
53406.69382519486	1850	10.010516828256447	0.0	917428	3986.1579430366933	1.85
53409.18696303955	1850	11.51737898355764	0.0	946851	2493.1378446988097	1.85
53412.29017834798	1850	12.414163675127082	0.0	1036454	3103.215308430558	1.85
53414.79500061464	1850	13.90934140846799	0.0	821631	2504.8222666590927	1.85
53417.15829593454	1850	15.546046088564813	0.0	923170	2363.295319903176	1.85
53423.705062268804	2850	12.99927975430482	0.0	1491626	6546.7663342599935	1.85
53428.986311722874	2850	11.71803030023313	0.0	1358801	5281.249454071691	2.85
53433.52423586902	2850	11.180106154089964	0.0	1537156	4537.924146143166	2.85
53440.43363085844	2850	8.270711164676618	0.0	1336050	6909.394989413347	2.85
53443.19956766404	1850	9.504774359072051	0.0	891604	2765.936805604566	0.8500000000000001
53446.453859277615	1850	10.25048274549877	0.0	955231	3254.291613573281	1.85
53451.0887527036	1850	9.615589319511379	0.0	968026	4634.893425987392	1.85
53454.53933229843	1850	10.165009724681878	0.0	874175	3450.5795948295	1.85
53458.74980842025	1850	9.954533602851946	0.0	897976	4210.4761218299345	1.85
53461.33259651054	1850	11.371745512567228	0.0	905935	2582.788090284717	1.85
53464.66732090972	1850	12.037021113381645	0.0	1076599	3334.724399185582	1.85
53467.23704583749	1850	13.467296185612724	0.0	758197	2569.724927768921	1.85
53470.88215354247	1850	13.822188480628574	0.0	972798	3645.1077049841506	1.85
53473.54234810635	1850	15.161993916753747	0.0	975811	2660.1945638748275	1.85
53477.430010160344	2850	15.274331862755483	0.0	1341201	3887.662053998263	1.85
53484.31089611134	2850	12.393445911756332	0.0	1497683	6880.885950999151	2.85
53489.226316030814	2850	11.478025992278312	0.0	1358081	4915.419919478022	2.85
53495.30129203311	2850	9.403049989984284	0.0	1587293	6074.976002294029	2.85
53501.25495939672	2850	7.449382626369907	0.0	1492672	5953.667363614377	2.85
53504.209090949036	1850	8.49525107405146	0.0	943942	2954.131552318448	0.8500000000000001
53506.6755670732	1850	10.028774949880754	0.0	728962	2466.4761241707047	1.85
53510.39983218966	1850	10.304509833430286	0.0	938587	3724.2651164504678	1.85
53513.54800734781	1850	11.156334675280652	0.0	908665	3148.1751581496337	1.85
53516.428125569866	1850	12.276216453220444	0.0	930577	2880.118222060207	1.85
53519.38944888282	1850	13.314893140257405	0.0	858450	2961.3233129630385	1.85
53524.86863293784	2850	11.83570908524423	0.0	1527299	5479.184055013176	1.85
53529.34730049095	2850	11.35704153213625	0.0	1343002	4478.66755310798	2.85
53536.098110565676	2850	8.606231457405025	0.0	1587250	6750.8100747312255	2.85
53543.115524088455	2850	5.58881793462874	0.0	1464921	7017.4135227762845	2.85
53546.04484219822	1850	6.659499824864202	0.0	982064	2929.3181097645383	0.8500000000000001
53548.51732044736	1850	8.187021575723122	0.0	830730	2472.47824914108	1.85
53552.98862449271	2850	7.715717530373481	0.0	1364537	4471.304045349641	1.85

