36565.258314257575	750	4.0	2.0849453402743876	450283	2084.9453402743875	-8.215264963179866
36565.91442715085	300	7.343887106732019	0.0	155580	656.1128932679806	-0.15000000000000002
36567.290733333364	750	9.967580924215882	0.0	350812	1376.3061825161378	0.3
36569.76103452157	1200	11.497279736009995	0.0	617681	2470.301188205887	0.75
36572.34472047083	1200	12.913593786748555	0.0	652874	2583.6859492614394	1.2
36574.17555097334	1200	15.08276328424138	0.0	520315	1830.830502507175	1.2
36581.91512038473	1850	11.34319387285197	0.0	905515	7739.5694113894115	1.2000000000000002
36582.73915431741	300	14.519159940176545	0.0	173849	824.0339326754239	-1.25
36586.43319333306	1200	14.825120924522787	0.0	584846	3694.039015653757	0.29999999999999993
36587.675234625414	750	17.58307963217125	0.0	362795	1242.0412923515416	0.3
36591.09251793819	1850	18.165796319394452	0.0	939819	3417.283312776793	0.75
36596.69553984456	1850	16.56277441302898	0.0	917428	5603.021906365473	1.85
36598.99395843277	1200	18.264355824815926	0.0	624282	2298.4185882130528	0.5499999999999999
36602.757859991885	1850	18.5004542657044	0.0	1036454	3763.901559111528	1.2000000000000002
36605.99552903423	1850	19.26278522335312	0.0	821631	3237.6690423512778	1.85
36609.49385398432	1850	19.76446027327048	0.0	923170	3498.32495008264	1.85
36613.1398181422	1850	20.11849611538906	0.0	966699	3645.9641578814185	1.85
36617.897360081726	1850	19.36095417586567	0.0	885714	4757.541939523396	1.85
36620.733128302505	1200	20.5251859550835	0.0	639204	2835.768220782167	0.5499999999999999
36626.268955908425	1850	18.989358349167006	0.0	923755	5535.827605916492	1.2000000000000002
36628.73327998896	1200	20.52503426863354	0.0	601738	2464.324080533468	0.5499999999999999
36632.26020831811	1850	20.998105939481615	0.0	955231	3526.928329151925	1.2000000000000002
36635.78765103194	1850	21.470663225651858	0.0	968026	3527.442713829758	1.85
36642.6918152145	2850	18.56649904309561	0.0	1323990	6904.1641825562465	1.85
36646.4502181532	1200	18.808096104391744	0.0	587236	3758.4029387038636	-0.44999999999999996
36649.18203170328	1200	20.07628255430636	0.0	590335	2731.813550085386	1.2
36653.21742443984	1850	20.04088981775193	0.0	1076599	4035.3927365544287	1.2000000000000002
36656.95479420718	1850	20.303520050417045	0.0	758197	3737.3697673348825	1.85
36660.578652810495	1850	20.679661447106902	0.0	972798	3623.8586033101456	1.85
36664.8056286784	1850	20.45268557920188	0.0	975811	4226.975867905021	1.85
36669.275845542325	1850	19.982468715270524	0.0	873429	4470.216863931357	1.85
36673.35532456426	1850	19.90298969333523	0.0	954453	4079.4790219352963	1.85
36676.78649322552	1850	20.471821032083696	0.0	885062	3431.1686612515336	1.85
36680.836788983914	1850	20.421525273686175	0.0	1035329	4050.295758397519	1.85
36684.77890764356	1850	20.479406614044038	0.0	1026056	3942.1186596421408	1.85
36688.346043893325	1850	20.91227036428138	0.0	943942	3567.1362497626565	1.85
36691.100182083355	1850	22.158132174249157	0.0	728962	2754.1381900322226	1.85
36700.58678541696	2850	16.67152884063865	0.0	1499009	9486.603333610507	1.85
36702.79642318676	1200	18.461891070840444	0.0	605884	2209.637769798206	-0.44999999999999996
36706.494143970245	1850	18.764170287352645	0.0	930577	3697.720783487797	1.2000000000000002
36710.278021264065	1850	18.980292993532938	0.0	858450	3783.877293819705	1.85
36714.19915630851	1850	19.05915794908393	0.0	1025005	3921.1350444490113	1.85
36717.65211545185	1850	19.606198805739638	0.0	886255	3452.959143344291	1.85
36721.046152218034	1850	20.212162039549757	0.0	973972	3394.0367661898813	1.85
36726.2818602092	2850	18.97645404837942	0.0	1464921	5235.707991170337	1.85
36731.191474025734	1850	18.0668402318511	0.0	982064	4909.61381652832	0.8500000000000001
36734.38714800737	1200	18.871166250212312	0.0	538612	3195.673981638789	0.5499999999999999
36736.581819625695	1200	20.67649463188221	0.0	550906	2194.6716183300987	1.2

