6927.682263522076	750	4.0	5.279874867243303	450283	5279.874867243303	-21.953461929146204
6929.656953448647	300	6.025310073429274	0.0	155580	1974.689926570725	-0.15000000000000002
6931.4999549567565	300	8.182308565318637	0.0	139857	1843.0015081106371	0.3
6933.4679248584525	300	10.214338663622383	0.0	155432	1967.9699016962536	0.3
6935.430812813091	300	12.251450708985205	0.0	163442	1962.8879546371786	0.3
6937.054751327086	300	14.627512194989194	0.0	126289	1623.9385139960104	0.3
6939.009051154536	300	16.67321236753922	0.0	153295	1954.2998274499737	0.3
6941.331917136201	300	18.35034638587493	0.0	173849	2322.865981664294	0.3
6943.247719492608	300	20.434544029468338	0.0	150710	1915.8023564065866	0.3
6944.95487944875	300	22.72738407332605	0.0	139105	1707.1599561422875	0.3
6946.891806152577	300	24.790457369498597	0.0	141840	1936.9267038274565	0.3
6948.899624914104	300	26.782638607971805	0.0	156148	2007.8187615267937	0.3
6950.8655783741015	300	28.81668514797433	0.0	160746	1965.953459997471	0.3
6953.174278722819	300	30.507984799257105	0.0	179801	2308.700348717227	0.3
6954.83808958854	300	32.8441739335355	0.0	140051	1663.8108657216032	0.3
6956.557841567712	300	35.12442195436462	0.0	138313	1719.7519791708835	0.3
6958.307388355616	300	37.3748751664602	0.0	143509	1749.5467879044188	0.3
6960.113719834285	300	39.56854368779166	0.0	150616	1806.3314786685416	0.3
6962.177118516285	300	41.50514500579116	0.0	165384	2063.3986820005002	0.3
6963.920751442833	300	43.76151207924366	0.0	140881	1743.6329265474997	0.3
6965.786940053518	300	45.895323468558715	0.0	157671	1866.188610684938	0.3
6967.6427626899385	300	48.03950083213744	0.0	157812	1855.8226364212733	0.3
6969.610817276712	300	50.07144624536462	0.0	163927	1968.0545867728229	0.3
6971.428718199587	300	52.25354532248931	0.0	137654	1817.900922875316	0.3
6973.334155363938	300	54.34810815813737	0.0	146754	1905.4371643519344	0.3
6975.441678853753	300	56.24058466832281	0.0	153938	2107.5234898145663	0.3
6977.79017021032	300	57.89209331175661	0.0	181901	2348.4913565662005	0.3
6979.227011247084	300	59.532563656967476	0.0	111155	1359.5296547891357	0.3
6982.833449730505	300	59.72800010624488	0.0	153605	1804.5635507225936	0.3
6986.194332282858	300	59.90649632216742	0.0	149029	1821.5037840774635	0.3
6989.586098908892	300	59.94180240373768	0.0	157421	1964.6939184297394	0.3
6992.874022204357	300	59.99037704400846	0.0	157488	1951.4253597292195	0.3
6996.006302613708	300	59.78298579005078	0.0	143881	1707.3912539576845	0.3
6998.621688205075	300	59.711237618813676	0.0	163444	2071.7481712371027	0.3
7001.721797395525	300	59.89750176510365	0.0	179328	2313.735853710032	0.3
7004.207645002311	300	59.983764581430535	0.0	159914	1913.737183673112	0.3
7007.052914583747	300	59.76318497271871	0.0	131610	1720.5796087118224	0.3
7009.661204757364	300	59.73138487227233	0.0	124011	1531.8001004463908	0.3
7012.1823028477975	300	59.96858089989153	0.0	144254	1762.8039723807995	0.3
7015.0925908972695	300	59.60158388733095	0.0	149991	1866.9970125605764	0.3
7017.4016165372495	300	59.81571666999082	0.0	147968	1785.8672173401383	0.3
7019.643262294449	300	59.89297303704166	0.0	161857	1922.7436329491536	0.3
7021.633940413277	300	59.613585078854356	0.0	145210	1779.3879581873127	0.3
7024.637477429247	300	59.945461657863795	0.0	172312	2168.1234209905583	0.3
7026.825129595013	300	59.839342386770504	0.0	167025	2106.1192710932905	0.3
7030.398375587698	300	59.677985754814465	0.0	160064	2161.3566319560427	0.3
7034.609462158663	750	59.466899183849904	0.0	331053	4211.086570964559	0.3
7038.529290664212	750	59.54707067830007	0.0	314107	3919.828505549838	0.75

