91596.51929378013	750	4.0	2.3983502315304697	450283	2398.3502315304695	-9.56290599558102
91597.21197999401	300	7.307313786124053	0.0	155580	692.6862138759468	-0.15000000000000002
91598.44758838775	750	10.071705392390305	0.0	350812	1235.6083937337492	0.3
91599.5866543279	750	12.932639452236788	0.0	382355	1139.065940153516	0.75
91602.33432367271	1850	14.18497010743073	0.0	996749	2747.669344806058	0.75
91604.2900302039	1850	16.22926357623717	0.0	801058	1955.706531193561	1.85
91607.16033027419	1850	17.358963505971165	0.0	905515	2870.300070266004	1.85
91610.95946696255	1850	17.559826817602257	0.0	1060487	3799.136688368909	1.85
91613.99451525796	1850	18.524778522197316	0.0	852833	3035.048295404941	1.85
91618.68133792408	1850	17.83795585607637	0.0	913888	4686.822666120949	1.85
91623.39363128266	1850	17.12566249749563	0.0	939819	4712.293358580739	1.85
91627.64356025685	1850	16.87573352329953	0.0	917428	4249.9289741960965	1.85
91630.7136279219	1850	17.805665858254166	0.0	946851	3070.067665045366	1.85
91634.13655882207	1850	18.38273495808077	0.0	1036454	3422.9309001733927	1.85
91637.36265004217	1850	19.156643737982673	0.0	821631	3226.0912200980983	1.85
91641.32566082527	1850	19.19363295486922	0.0	923170	3963.0107831134555	1.85
91644.73629535991	1850	19.782998420233707	0.0	966699	3410.6345346355142	1.85
91647.83719086541	1850	20.68210291473546	0.0	885714	3100.895505498247	1.85
91651.19170988255	1850	21.32758389759489	0.0	987708	3354.5190171405698	1.85
91655.12658941708	1850	21.392704363069775	0.0	923755	3934.879534525116	1.85
91659.43281406313	1850	21.086479717021547	0.0	891604	4306.224646048229	1.85
91664.26979229676	1850	20.249501483383444	0.0	955231	4836.978233638105	1.85
91668.27849432359	1850	20.240799456550665	0.0	968026	4008.7020268327806	1.85
91673.05406729595	1850	19.46522648419112	0.0	874175	4775.572972359544	1.85
91679.171963544	1850	17.347330236143222	0.0	897976	6117.8962480479	1.85
91684.52458527377	1850	15.994708506372294	0.0	905935	5352.621729770926	1.85
91690.14478164274	1850	14.374512137406793	0.0	1076599	5620.196368965503	1.85
91694.11563482165	1850	14.403658958491565	0.0	758197	3970.853178915227	1.85
91701.11399445936	1850	11.405299320780392	0.0	972798	6998.359637711173	1.85
91709.8186126667	1850	6.700681113442024	0.0	975811	8704.618207338368	1.85
91713.1181423348	750	7.4011514453372005	0.0	358218	3299.529668104824	-0.3500000000000001
91714.29438008695	300	10.224913693183257	0.0	157488	1176.2377521539424	-0.15000000000000002
91715.09644900226	300	13.422844777872795	0.0	143881	802.0689153104628	0.3
91717.24827756052	750	15.271016219619618	0.0	412837	2151.828558253178	0.3
91722.44296062861	1850	14.076333151519787	0.0	1026056	5194.683068099832	0.75
91727.59199027202	1850	12.927303508120199	0.0	943942	5149.029643399588	1.85
91731.10420058217	1850	13.415093197975285	0.0	728962	3512.210310144914	1.85
91736.44460391189	1850	12.07468986824033	0.0	938587	5340.403329734953	1.85
91742.27120727285	1850	10.248086507282062	0.0	908665	5826.603360958268	1.85
91744.13424451668	750	12.385049263444587	0.0	390680	1863.037243837474	-0.3500000000000001
91745.61373965409	750	14.905554126042109	0.0	345516	1479.495137402478	0.75
91747.20328014983	750	17.316013630306767	0.0	384505	1589.5404957353414	0.75
91748.87558784522	750	19.643705934913022	0.0	372093	1672.307695393746	0.75
91755.33685748772	1850	17.182436292409598	0.0	973972	6461.269642503424	0.75
91759.17614146313	1850	17.343152317006602	0.0	958994	3839.283975402996	1.85
91763.21228214569	1850	17.30701163445045	0.0	982064	4036.140682556155	1.85
91770.2389006906	1850	14.280393089550827	0.0	830730	7026.618544899623	1.85
91776.66066649313	1850	11.858627287015201	0.0	846370	6421.765802535627	1.85

