20707.411756094694	750	4.0	1.5079555519251484	450283	1507.9555519251485	-5.7342088732781376
20707.963674127564	300	7.448081967131186	0.0	155580	551.9180328688145	-0.15000000000000002
20708.475593900825	300	10.936162193868226	0.0	139857	511.91977326295984	0.3
20709.007772971967	300	14.403983122728903	0.0	155432	532.1790711393214	0.3
20710.25966749828	750	17.15208859640997	0.0	411561	1251.8945263189305	0.3
20711.257097005553	750	20.154659089139056	0.0	318564	997.4295072709167	0.75
20712.973334749084	1200	22.43842134560996	0.0	561791	1716.2377435290937	0.75
20716.205644341553	1850	23.20611175313935	0.0	1060487	3232.30959247061	1.2000000000000002
20719.13472403907	1850	24.277032055623014	0.0	852833	2929.0796975163366	1.85
20721.964431130236	1850	25.44732496445679	0.0	913888	2829.707091166223	1.85
20726.118764776304	2850	25.29299131839104	0.0	1354548	4154.333646065752	1.85
20728.813199122065	1850	26.59855697263092	0.0	917428	2694.4343457601212	0.8500000000000001
20732.932264555155	2850	26.479491539537733	0.0	1422919	4119.065433093188	1.85
20737.756812692056	2850	25.65494340263723	0.0	1578343	4824.548136900504	2.85
20741.361575551266	2850	26.05018054342918	0.0	1231445	3604.762859208046	2.85
20745.803926398756	2850	25.607829695937646	0.0	1471065	4442.350847491534	2.85
20750.398836039367	2850	25.012920055325193	0.0	1491626	4594.909640612453	2.85
20753.24040033381	1850	26.17135576088304	0.0	885714	2841.564294442157	0.8500000000000001
20757.718873757352	2850	25.692882337344212	0.0	1537156	4478.473423538824	1.85
20761.92582084401	2850	25.485935250680438	0.0	1336050	4206.947086663775	2.85
20764.541157044347	1850	26.870599050345298	0.0	891604	2615.3362003351376	0.8500000000000001
20769.013414948167	2850	26.398341146522586	0.0	1468126	4472.25790382271	1.85
20773.389357035467	2850	26.022399059224433	0.0	1505760	4375.942087298155	2.85
20777.244915725183	2850	26.166840369508336	0.0	1323990	3855.558689716099	2.85
20781.27208494692	2850	26.13967114777245	0.0	1383735	4027.1692217358855	2.85
20785.667165121864	2850	25.744590972826238	0.0	1480464	4395.080174946211	2.85
20790.527342673584	2850	24.884413421105098	0.0	1547572	4860.177551721139	2.85
20793.87741122075	2850	25.534344873937147	0.0	1141971	3350.0685471679503	2.85
20798.448893158286	2850	24.962862936400704	0.0	1498470	4571.481937536447	2.85
20801.47554767513	1850	25.936208419558984	0.0	975811	3026.654516841718	0.8500000000000001
20805.705898369917	2850	25.705857724771583	0.0	1341201	4230.3506947874	1.85
20810.090892251104	2850	25.320863843584405	0.0	1497683	4384.99388118718	2.85
20814.463749378745	2850	24.948006715945542	0.0	1358081	4372.857127638859	2.85
20817.671212993482	1850	25.740543101207894	0.0	1035329	3207.463614737647	0.8500000000000001
20822.318493312236	2850	25.093262782457444	0.0	1492672	4647.280318750449	1.85
20826.50018125143	2850	24.911574843261985	0.0	1439896	4181.687939195461	2.85
20828.647997891905	1850	26.763758202788043	0.0	728962	2147.8166404739427	0.8500000000000001
20833.181765450543	2850	26.229990644149723	0.0	1499009	4533.767558638318	1.85
20837.403803754834	2850	26.007952339860985	0.0	1427478	4222.038304288738	2.85
20841.641000546275	2850	25.77075554841675	0.0	1402287	4237.196791444237	2.85
20845.674642171627	2850	25.737113923066335	0.0	1339500	4033.6416253504135	2.85
20850.484430786248	2850	24.92732530844652	0.0	1527299	4809.788614619813	2.85
20854.40879079871	2850	25.002965295985526	0.0	1343002	3924.360012460996	2.85
20857.48752237557	1850	25.924233719125507	0.0	973972	3078.7315768600206	0.8500000000000001
20861.837434839916	2850	25.574321254777008	0.0	1464921	4349.912464348496	1.85
20866.351377592626	2850	25.060378502064484	0.0	1483527	4513.942752712526	2.85
20869.943018367965	2850	25.468737726728243	0.0	1231456	3591.6407753362405	2.85
20872.439005257293	1850	26.972750837398664	0.0	846370	2495.9868893295807	0.8500000000000001

