77151.3482877128	750	4.0	1.6387934522884198	450283	1638.7934522884198	-6.296811844840205
77154.57699836406	750	4.771289348737781	0.0	398865	3228.7106512622186	0.75
77155.10823957017	300	8.24004814262089	0.0	139857	531.2412061168919	-0.15000000000000002
77156.29876914386	750	11.049518568927654	0.0	382355	1190.5295736932353	0.3
77157.49526017322	750	13.853027539571565	0.0	411561	1196.4910293560897	0.75
77158.86268930558	1200	16.485598407207448	0.0	520315	1367.4291323641187	0.75
77160.25665356047	1200	19.09163415230075	0.0	561791	1393.9642549066955	1.2
77163.29673160151	1850	20.051556111271772	0.0	1060487	3040.0780410289776	1.2000000000000002
77165.85968163559	1850	21.48860607719127	0.0	852833	2562.9500340805025	1.85
77168.0358512255	1850	23.312436487263138	0.0	913888	2176.1695899281326	1.85
77175.00978381683	2850	20.33850389593708	0.0	1354548	6973.932591326058	1.85
77183.65374803447	2850	15.694539678288331	0.0	1519951	8643.964217648749	2.85
77187.9909750642	2850	15.357312648568346	0.0	1422919	4337.227029719985	2.85
77196.7857214752	2850	10.56256623757119	0.0	1578343	8794.746410997157	2.85
77197.99769454956	1200	13.350593163203236	0.0	526950	1211.9730743679538	-0.44999999999999996
77202.56205152498	1200	12.786236187785882	0.0	587876	4564.356975417354	1.2
77204.52738388059	1200	14.820903832180711	0.0	617242	1965.3323556051703	1.2
77210.21967519783	1200	13.128612514921343	0.0	581493	5692.291317259367	1.2
77213.23311525343	1200	14.115172459322281	0.0	639204	3013.4400555990633	1.2
77214.89794406464	1200	16.450343648128374	0.0	586839	1664.8288111939055	1.2
77216.52246306784	1200	18.8258246449132	0.0	601738	1624.5190032151722	1.2
77218.07769755232	1200	21.27059016043458	0.0	616206	1555.2344844786232	1.2
77221.3093783288	1200	22.038909383959552	0.0	656471	3231.6807764750274	1.2
77229.46886241002	2850	17.87942530273827	0.0	1323990	8159.484081221283	1.2000000000000002
77232.96645905262	2850	18.38182866013971	0.0	1383735	3497.596642598557	2.85
77236.63121773691	2850	18.71706997585331	0.0	1480464	3664.7586842864043	2.85
77240.4363414881	2850	18.91194622468018	0.0	1547572	3805.1237511731297	2.85
77243.26515271966	2850	20.08313499311814	0.0	1141971	2828.8112315620406	2.85
77246.95208421456	2850	20.396203498221357	0.0	1498470	3686.931494896781	2.85
77250.79016324617	2850	20.55812446659775	0.0	1561263	3838.0790316236107	2.85
77255.95704268166	4300	19.391245031096684	0.0	2113193	5166.879435501064	2.8499999999999996
77264.33577564567	4300	15.01251206709199	0.0	2147852	8378.732964004696	4.3
77267.53203376337	2850	15.816253949390061	0.0	1358081	3196.258117701928	1.4000000000000001
77272.37829056995	2850	14.969997142822292	0.0	1587293	4846.256806567769	2.85
77279.62507859651	2850	11.723209116269448	0.0	1492672	7246.788026552844	2.85
77286.45719793024	2850	8.89108978252305	0.0	1439896	6832.1193337464	2.85
77290.35880751206	1850	8.989480200713542	0.0	728962	3901.6095818095077	0.8500000000000001
77292.94162065713	1850	10.406667055642766	0.0	938587	2582.813145070777	1.85
77296.52428673799	1850	10.824000974797986	0.0	908665	3582.66608084478	1.85
77302.55604733416	1850	8.792240378616066	0.0	930577	6031.760596181919	1.85
77304.6965536009	1850	10.651734111886878	0.0	858450	2140.506266729189	1.85
77312.88273683081	1850	6.465550881956867	0.0	1025005	8186.18322993001	1.85
77316.81397003845	1200	6.534317674322642	0.0	599477	3931.2332076342245	0.5499999999999999
77318.82056968748	750	8.527718025285779	0.0	438281	2006.5996490368616	0.3
77319.97808173574	750	11.370205977020714	0.0	398987	1157.5120482650657	0.75
77321.73421158602	1200	13.614076126731282	0.0	638661	1756.1298502894322	0.75
77323.83687079763	1850	15.511416915121176	0.0	830730	2102.6592116101083	1.2000000000000002
77331.2461985686	2850	12.102089144163543	0.0	1364537	7409.327770957632	1.85

