41901.83528000123	750	4.0	4.694004695967678	450283	4694.004695967677	-19.434220192661012
41902.79916558966	300	7.036114411569737	0.0	155580	963.8855884302627	-0.15000000000000002
41904.9819482605	750	8.853331740725713	0.0	350812	2182.7826708440234	0.3
41907.57722159514	750	10.258058406089862	0.0	382355	2595.273334635851	0.75
41910.36462285543	750	11.470657145805399	0.0	411561	2787.4012602844623	0.75
41912.54025527706	750	13.29502472416861	0.0	318564	2175.632421636791	0.75
41916.315925326984	1200	13.519354674245346	0.0	561791	3775.6700499232634	0.75
41921.06350375597	1200	12.77177624525262	0.0	709534	4747.578428992727	1.2
41924.99083816684	1200	12.84444183438199	0.0	584846	3927.3344108706283	1.2
41928.760127196154	1200	13.075152805066793	0.0	560821	3769.289029315198	1.2
41932.58082095722	1200	13.254459044001589	0.0	607410	3820.6937610652035	1.2
41937.716937650875	1200	12.11834235034856	0.0	594078	5136.11669365303	1.2
41942.4160317887	1200	11.419248212525897	0.0	624282	4699.094137822662	1.2
41946.79120610221	1200	11.044073899020635	0.0	687371	4375.174313505262	1.2
41950.16395791237	1200	11.671322088860478	0.0	526950	3372.7518101601577	1.2
41953.91741794302	1200	11.917862058212954	0.0	587876	3753.460030647524	1.2
41958.18686724879	1200	11.648412752441883	0.0	617242	4269.44930577107	1.2
41962.218027198294	1200	11.617252802941238	0.0	581493	4031.1599495006467	1.2
41966.641324958306	1200	11.193955042932757	0.0	639204	4423.29776000848	1.2
41970.708810196484	1200	11.126469804752745	0.0	586839	4067.485238180012	1.2
41974.87753196216	1200	10.957748039069203	0.0	601738	4168.721765683543	1.2
41978.9829417991	1200	10.852338202135712	0.0	616206	4105.4098369334915	1.2
41982.50283937837	1200	11.332440622864251	0.0	656471	3519.8975792714614	1.2
41985.39496590669	1200	12.440314094541023	0.0	536667	2892.1265283232274	1.2
41988.55207318922	1200	13.28320681202427	0.0	587236	3157.107282516754	1.2
41991.725419182345	1200	14.109860818889434	0.0	590335	3173.345993134835	1.2
41995.45441832574	1200	14.38086167549583	0.0	696376	3728.999143393605	1.2
41998.08712896294	1200	15.748151038288878	0.0	487160	2632.7106372069525	1.2
42003.26457498161	1850	14.570705019622219	0.0	972798	5177.446018666658	1.2000000000000002
42008.457809072264	1850	13.37747092896709	0.0	975811	5193.23409065513	1.85
42013.11456311435	1850	12.720716886876133	0.0	873429	4656.754042090958	1.85
42018.19588162534	1850	11.639398375885724	0.0	954453	5081.318510990409	1.85
42022.91359240207	1850	10.921687599164198	0.0	885062	4717.710776721528	1.85
42028.41073052196	1850	9.424549479268197	0.0	1035329	5497.138119896002	1.85
42033.825421891685	1850	8.00985810954526	0.0	1026056	5414.691369722937	1.85
42038.81318447084	1850	7.022095530388751	0.0	943942	4987.762579156508	1.85
42042.68321863102	1850	7.152061370210387	0.0	728962	3870.034160178365	1.85
42047.6431393845	1850	6.192140616728956	0.0	938587	4959.92075348143	1.85
42052.60857965526	1850	5.226700345969423	0.0	908665	4965.440270759533	1.85
42058.72369774762	1850	4.0	0.8884177463874021	930577	6115.118092356825	-1.970196309465829
42061.044490140725	750	5.67920760689469	0.0	345516	2320.79239310531	-0.3500000000000001
42063.61813986783	750	7.105557879788109	0.0	384505	2573.649727106581	0.75
42067.58595838113	1200	7.137739366487446	0.0	599477	3967.8185133006637	0.75
42071.78325453957	1200	6.940443208048385	0.0	634861	4197.2961584390605	1.2
42075.95034193498	1200	6.773355812639356	0.0	630203	4167.087395409028	1.2
42080.17228242564	1200	6.551415321973134	0.0	638661	4221.940490666222	1.2
42083.745370075514	1200	6.978327672095162	0.0	538612	3573.0876498779726	1.2
42092.67487090822	2850	4.0	1.95117316060359	1364537	8929.500832698752	-7.190044590595438

