60837.77913514151	750	4.0	1.6877313459396475	450283	1687.7313459396476	-6.5072447875404835
60838.24722518854	300	7.531909952969057	0.0	155580	468.0900470309423	-0.15000000000000002
60838.662870938955	300	11.116264202551324	0.0	139857	415.64575041773287	0.3
60839.089375360585	300	14.689759780923168	0.0	155432	426.5044216281572	0.3
60840.07872658663	750	17.70040855488002	0.0	411561	989.3512260431461	0.3
60841.0000746566	750	20.779060484913007	0.0	318564	921.3480699670147	0.75
60842.93528600081	1200	22.84384914070373	0.0	561791	1935.2113442092782	0.75
60849.8251248078	1850	19.954010333710567	0.0	1060487	6889.838806993162	1.2000000000000002
60854.78647616219	1200	18.992658979327338	0.0	584846	4961.351354383231	0.5499999999999999
60858.4770604791	1200	19.302074662418022	0.0	560821	3690.5843169093164	1.2
60860.97322125219	750	20.805913889317726	0.0	353220	2496.1607731002964	0.3
60863.809939891646	1200	21.969195249872914	0.0	594078	2836.718639444811	0.75
60870.321051275016	1850	19.458083866505433	0.0	946851	6511.111383367484	1.2000000000000002
60873.88937799117	1200	19.88975715034859	0.0	687371	3568.326716156842	0.5499999999999999
60877.75316522233	1200	20.02596991918429	0.0	526950	3863.7872311642977	1.2
60880.42561984855	1200	21.35351529297009	0.0	587876	2672.454626214203	1.2
60885.63047312567	1200	20.148662015853585	0.0	617242	5204.853277116505	1.2
60888.80585651477	1200	20.973278626744758	0.0	581493	3175.383389108826	1.2
60892.496260540975	1200	21.28287460054275	0.0	639204	3690.404026202005	1.2
60895.32896790037	1200	22.450167241148737	0.0	586839	2832.7073593940163	1.2
60899.799816562176	1850	21.979318579345193	0.0	891604	4470.848661803547	1.2000000000000002
60903.62789538478	1200	22.15123975674117	0.0	616206	3828.078822604024	0.5499999999999999
60908.42108730961	1850	21.35804783191451	0.0	968026	4793.191924826657	1.2000000000000002
60910.85148790595	1200	22.92764723557039	0.0	536667	2430.4005963441205	0.5499999999999999
60916.01521920769	1850	21.76391593382666	0.0	897976	5163.731301743735	1.2000000000000002
60919.69889727489	1200	22.080237866633546	0.0	590335	3683.6780671931124	0.5499999999999999
60926.275811159736	1850	19.50332398178405	0.0	1076599	6576.913884849494	1.2000000000000002
60927.79452857328	750	21.984606568238597	0.0	277716	1518.7174135454538	-0.3500000000000001
60932.63516741967	1200	21.143967721845865	0.0	622896	4840.6388463927315	0.75
60935.902181398444	1200	21.876953743070388	0.0	641447	3267.0139787754756	1.2
60940.41111592612	1850	21.368019215391048	0.0	873429	4508.934527679344	1.2000000000000002
60943.41100420561	1200	22.368130935900368	0.0	620283	2999.88827949068	0.5499999999999999
60948.155962282064	1850	21.62317285945631	0.0	885062	4744.958076444056	1.2000000000000002
60956.88920345513	1200	16.889931686384347	0.0	670129	8733.241173071963	0.5499999999999999
60959.31250181611	750	18.46663332541385	0.0	401088	2423.298360970501	0.3
60961.20121777708	750	20.577917364441973	0.0	365161	1888.7159609718774	0.75
60963.552764344146	1200	22.226370797371004	0.0	487812	2351.5465670709677	0.75
60966.039064725475	1200	23.74007041604893	0.0	575591	2486.3003813220744	1.2
60970.74707262348	1850	23.032062518037602	0.0	908665	4708.007898011327	1.2000000000000002
60975.447368351764	1850	22.331766789752876	0.0	930577	4700.295728284724	1.85
60980.067013767366	1850	21.71212137414696	0.0	858450	4619.645415605915	1.85
60982.78921815387	1200	22.98991698764207	0.0	641452	2722.2043865048945	0.5499999999999999
60987.227380909506	1850	22.551754232013085	0.0	886255	4438.162755628981	1.2000000000000002
60993.22667472806	1850	20.552460413457883	0.0	973972	5999.293818555201	1.85
60997.18855757439	1200	20.590577567130932	0.0	630203	3961.8828463269533	0.5499999999999999
61000.33583861061	1200	21.443296530904007	0.0	638661	3147.281036226921	1.2
61002.678361020946	1200	23.10077412056858	0.0	538612	2342.522410335428	1.2
61006.98713970562	1850	22.79199543589339	0.0	846370	4308.778684675192	1.2000000000000002

