69774.69947607961	750	4.0	1.1501151766474043	450283	1150.1151766474043	-4.195495259583838
69775.10705016696	300	7.592425912650832	0.0	155580	407.57408734916874	-0.15000000000000002
69775.98235077423	750	10.71712530539399	0.0	350812	875.3006072568397	0.3
69777.18059884904	1200	13.51887723057624	0.0	617681	1198.2480748177502	0.75
69780.08344730808	2850	14.616028771538657	0.0	1472558	2902.8484590375842	1.2000000000000002
69783.16973013377	2850	15.52974594585022	0.0	1224260	3086.2828256884377	2.85
69790.34495876884	4300	12.354517310776796	0.0	2157535	7175.228635073426	2.8499999999999996
69795.05827432127	1850	11.641201758349293	0.0	1060487	4713.315552427502	-0.6000000000000001
69798.7292804113	1850	11.970195668332764	0.0	852833	3671.006090016528	1.85
69802.495688678	1850	12.203787401625956	0.0	913888	3766.4082667068096	1.85
69805.26919846074	1850	13.430277618873982	0.0	939819	2773.509782751975	1.85
69810.44936075897	2850	12.250115320637153	0.0	1519951	5180.162298236827	1.85
69815.02578116617	1850	11.673694913441667	0.0	946851	4576.420407195486	0.8500000000000001
69818.2304570619	1850	12.469019017711991	0.0	1036454	3204.675895729676	1.85
69820.99725125497	1850	13.702224824632529	0.0	821631	2766.7941930794614	1.85
69829.21698751983	2850	9.48248855978323	0.0	1471065	8219.7362648493	1.85
69831.84704105684	1200	10.852435022772816	0.0	617242	2630.053537010414	-0.44999999999999996
69834.53319374184	1200	12.166282337778426	0.0	581493	2686.152684994389	1.2
69837.96667542732	1850	12.732800652305409	0.0	987708	3433.4816854730184	1.2000000000000002
69840.77965220988	1850	13.919823869745054	0.0	923755	2812.976782560355	1.85
69844.78459448999	2850	13.914881589627292	0.0	1415116	4004.9422801177625	1.85
69849.29615550638	2850	13.403320573229166	0.0	1468126	4511.5610163981255	2.85
69856.13538229755	2850	10.564093782076187	0.0	1505760	6839.226791152979	2.85
69857.83839732061	1200	12.861078759005794	0.0	536667	1703.0150230703923	-0.44999999999999996
69861.08144745053	1850	13.618028629082229	0.0	897976	3243.050129923564	1.2000000000000002
69865.31756792802	2850	13.381908151577969	0.0	1480464	4236.120477504261	1.85
69871.54031895752	2850	11.15915712208622	0.0	1547572	6222.751029491747	2.85
69874.10675404391	1850	12.592722035699731	0.0	758197	2566.4350863864884	0.8500000000000001
69877.45324733978	1850	13.246228739823268	0.0	972798	3346.4932958764643	1.85
69884.01498099031	2850	10.684495089303535	0.0	1561263	6561.733650519732	1.85
69888.26818772906	1200	10.431288350549856	0.0	570392	4253.206738753679	-0.44999999999999996
69890.64296121117	1200	12.056514868437297	0.0	620283	2374.7734821125573	1.2
69893.61252988185	1850	13.08694619775545	0.0	885062	2969.5686706818465	1.2000000000000002
69901.77967498256	2850	8.919801097036986	0.0	1587293	8167.145100718464	1.85
69904.09356927933	750	10.605906800276891	0.0	401088	2313.894296760095	-1.35
69908.26885136456	1200	10.430624715054464	0.0	598727	4175.282085222427	0.75
69910.15268777391	1200	12.546788305688365	0.0	487812	1883.8364093661005	1.2
69915.5159028319	1850	11.183573247704246	0.0	938587	5363.215057984118	1.2000000000000002
69919.61183287074	1850	11.087643208867513	0.0	908665	4095.930038836731	1.85
69923.36435183177	1850	11.335124247833285	0.0	930577	3752.518961034229	1.85
69926.17380939552	1850	12.525666684080058	0.0	858450	2809.457563753226	1.85
69930.38713334002	1850	12.312342739591367	0.0	1025005	4213.3239444886885	1.85
69933.67880325185	1850	13.020672827766528	0.0	886255	3291.6699118248403	1.85
69939.615405743	2850	11.084070336615808	0.0	1587250	5936.602491150719	1.85
69943.79045800862	1850	10.909018070995673	0.0	958994	4175.052265620136	0.8500000000000001
69945.89693172686	1200	12.80254435275919	0.0	638661	2106.473718236482	0.5499999999999999
69949.28780883874	1850	13.411667240873031	0.0	830730	3390.8771118861587	1.2000000000000002
69953.84441623907	2850	12.855059840547085	0.0	1364537	4556.607400325946	1.85

