54245.7531558126	750	4.0	3.370804685908719	450283	3370.804685908719	-13.744460149407491
54246.641403493486	300	7.111752319112142	0.0	155580	888.2476808878581	-0.15000000000000002
54247.39717061506	300	10.355985197535473	0.0	139857	755.7671215766692	0.3
54249.569587902115	750	12.183567910480525	0.0	382355	2172.4172870549487	0.3
54252.14119019055	750	13.611965622043508	0.0	411561	2571.602288437016	0.75
54255.12520239038	750	14.627953422216649	0.0	318564	2984.012199826859	0.75
54257.81522876544	750	15.937927047163889	0.0	352642	2690.0263750527606	0.75
54261.432041298336	750	16.321114514258912	0.0	437162	3616.8125329049763	0.75
54263.82646603595	750	17.926689776652054	0.0	374758	2394.4247376068547	0.75
54266.49115558862	1200	19.262000223977257	0.0	560821	2664.6895526747985	0.75
54271.79044890699	1850	17.96270690560585	0.0	939819	5299.293318371408	1.2000000000000002
54275.707322042595	1200	18.045833770004293	0.0	594078	3916.873135601556	0.5499999999999999
54279.13213083165	1200	18.621024980949706	0.0	624282	3424.808789054587	1.2
54282.162347263795	1200	19.590808548795568	0.0	687371	3030.2164321541377	1.2
54289.192807962805	1850	16.560347849785234	0.0	821631	7030.460699010335	1.2000000000000002
54291.16220139302	750	18.590954419577436	0.0	366214	1969.3934302077985	-0.3500000000000001
54294.79182489639	1200	18.96133091620523	0.0	617242	3629.6235033722037	0.75
54299.458993341184	1200	18.29416247140938	0.0	581493	4667.168444795855	1.2
54302.644935331664	750	19.108220480929166	0.0	405596	3185.941990480211	0.3
54308.18734414594	1200	17.565811666652632	0.0	586839	5542.408814276532	0.75
54311.39699442435	750	18.35616138824298	0.0	386472	3209.6502784096524	0.3
54314.37077929584	750	19.382376516753993	0.0	399894	2973.784871488987	0.75
54320.04769267768	1200	17.705463134908182	0.0	656471	5676.91338184581	0.75
54321.815819579846	750	19.937336232742574	0.0	343800	1768.1269021656071	0.3
54328.34266113021	1850	17.410494682377713	0.0	897976	6526.84155036486	0.75
54332.198832715796	750	17.55432309679221	0.0	379700	3856.1715855855036	-0.3500000000000001
54334.985069968534	750	18.768085844049587	0.0	425781	2786.237252742622	0.75
54337.6828078443	1200	20.070347968292413	0.0	487160	2697.737875757174	0.75
54340.89906365269	1200	20.854092159903008	0.0	622896	3216.2558083894046	1.2
54346.89813146903	1850	18.85502434355917	0.0	975811	5999.067816343839	1.2000000000000002
54351.36993758775	1200	18.38321822484756	0.0	570392	4471.806118711606	0.5499999999999999
54354.449021121065	750	19.30413469152961	0.0	400322	3079.0835333179484	0.3
54358.372945788265	1200	19.380210024325653	0.0	584349	3923.92466720396	0.75
54362.0480075084	1200	19.705148304193063	0.0	670129	3675.0617201325904	1.2
54366.077251902905	1200	19.675903909683147	0.0	690253	4029.244394509914	1.2
54368.9080710227	1200	20.845084789893672	0.0	598727	2830.8191197894726	1.2
54374.592620974836	1850	19.160534837751662	0.0	728962	5684.549952142013	1.2000000000000002
54378.14245616243	1200	19.610699650157095	0.0	575591	3549.8351875945673	0.5499999999999999
54382.391456579804	1200	19.361699232781795	0.0	605884	4249.000417375298	1.2
54384.75810231376	1200	20.99505349882514	0.0	587506	2366.6457339566596	1.2
54388.87824339106	1850	20.874912421531835	0.0	858450	4120.141077293301	1.2000000000000002
54396.26853082438	1850	17.484624988216027	0.0	1025005	7390.2874333158115	1.85
54399.77615928516	1200	17.976996527433624	0.0	599477	3507.6284607824023	0.5499999999999999
54404.370987179704	1200	17.382168632890274	0.0	634861	4594.827894543354	1.2
54408.68246328122	1200	17.070692531372945	0.0	630203	4311.476101517327	1.2
54414.327310949826	1200	15.425844862769805	0.0	638661	5644.847668603139	1.2
54418.4244095223	750	15.32874629029611	0.0	331053	4097.098572473697	0.3
54420.15680333881	300	17.596352473780083	0.0	118421	1732.3938165160228	-0.15000000000000002

