84493.35419057203	750	4.0	4.262502851195666	450283	4262.502851195666	-17.578762260141364
84494.89785267664	300	6.45633789540009	0.0	155580	1543.6621045999098	-0.15000000000000002
84496.29359628742	300	9.060594284633735	0.0	139857	1395.7436107663555	0.3
84497.8199971518	300	11.534193420235955	0.0	155432	1526.4008643977793	0.3
84499.24284686016	300	14.111343711880481	0.0	163442	1422.8497083554746	0.3
84501.21278224335	750	16.141408328678327	0.0	318564	1969.935383202154	0.3
84503.32581043389	750	18.028380138133034	0.0	352642	2113.0281905452957	0.75
84505.39480617933	750	19.959384392691028	0.0	437162	2068.9957454420055	0.75
84509.67093133964	1200	19.683259232390355	0.0	584846	4276.125160300672	0.75
84512.56725363492	1200	20.786936937118625	0.0	560821	2896.3222952717297	1.2
84515.68017825208	1200	21.67401231995574	0.0	607410	3112.924617162888	1.2
84518.45582483005	1200	22.898365741984	0.0	594078	2775.646577971735	1.2
84522.4314301584	1850	22.922760413640116	0.0	946851	3975.605328343884	1.2000000000000002
84527.1503422191	1850	22.203848352927416	0.0	1036454	4718.9120607127015	1.85
84534.11065073575	1850	19.243539836282377	0.0	821631	6960.308516645039	1.85
84538.46523855919	1200	18.88895201284138	0.0	587876	4354.587823440996	0.5499999999999999
84540.68781243301	750	20.66637813902668	0.0	360831	2222.5738738146956	0.3
84543.78720683347	1200	21.56698373856962	0.0	581493	3099.3944004570626	0.75
84546.97162905827	1200	22.38256151376607	0.0	639204	3184.4222248035485	1.2
84551.6889607759	1850	21.665229796148175	0.0	923755	4717.331717617896	1.2000000000000002
84556.36049132972	1850	20.99369924233124	0.0	891604	4671.530553816932	1.85
84559.57610002869	1200	21.778090543353517	0.0	616206	3215.6086989777223	0.5499999999999999
84564.10532710886	1850	21.24886346318631	0.0	968026	4529.22708016721	1.2000000000000002
84566.3264889506	1200	23.027701621449474	0.0	536667	2221.161841736836	0.5499999999999999
84570.61602932047	1850	22.738161251567625	0.0	897976	4289.540369881846	1.2000000000000002
84575.77271355671	1850	21.581477015333846	0.0	905935	5156.6842362337775	1.85
84579.75506975412	1200	21.599120817933887	0.0	696376	3982.3561973999604	0.5499999999999999
84582.56502001821	1200	22.78917055381599	0.0	487160	2809.950264117897	1.2
84588.0963915533	1850	21.257799018728207	0.0	972798	5531.371535087778	1.2000000000000002
84591.77093627593	1200	21.58325429611627	0.0	641447	3674.54472261194	0.5499999999999999
84595.04730254378	1200	22.30688802825615	0.0	570392	3276.3662678601186	1.2
84600.47587225279	1850	20.878318319252706	0.0	954453	5428.569709003446	1.2000000000000002
84603.8304508448	1200	21.52373972723565	0.0	584349	3354.578592017056	0.5499999999999999
84607.66572393896	1200	21.688466633091913	0.0	670129	3835.2730941437358	1.2
84613.49554298856	1850	19.85864758349886	0.0	1026056	5829.819049593056	1.2000000000000002
84616.93069310718	1200	20.42349746488379	0.0	598727	3435.150118615067	0.5499999999999999
84619.74429705298	1200	21.609893519075683	0.0	487812	2813.6039458081113	1.2
84623.04979750965	1200	22.304393062400493	0.0	575591	3305.5004566751877	1.2
84628.22178013701	1850	21.132410435040512	0.0	908665	5171.982627359983	1.2000000000000002
84641.33039021656	1200	12.023800355492101	0.0	587506	13108.610079548409	0.5499999999999999
84643.976913759	300	13.377276813040774	0.0	147968	2646.5235424513257	-0.6000000000000001
84649.02539115047	750	12.328799421580243	0.0	384505	5048.477391460533	0.3
84652.8970164499	300	12.457174122161945	0.0	145210	3871.6252994182987	-0.15000000000000002
84655.62435151417	300	13.72983905788395	0.0	172312	2727.3350642779947	0.3
84666.36431583519	750	6.989874736866905	0.0	398987	10739.964321017045	0.3
84668.1000467634	300	9.254143808659009	0.0	160064	1735.7309282078954	-0.15000000000000002
84669.60244400917	300	11.751746562900543	0.0	137507	1502.3972457584657	0.3
84670.90741222345	300	14.446778348628083	0.0	118421	1304.968214272461	0.3

