5537.657214920313	750	4.0	2.572022273689039	450283	2572.022273689039	-10.309695776862867
5540.044175547836	750	5.613039372476518	0.0	398865	2386.9606275234823	0.75
5542.153206602611	750	7.5040083177016745	0.0	350812	2109.031054774843	0.75
5544.231965902295	750	9.425249018018322	0.0	382355	2078.759299683353	0.75
5546.280530928256	750	11.376683992057682	0.0	411561	2048.5650259606396	0.75
5547.905778470592	750	13.75143644972208	0.0	318564	1625.247542335602	0.75
5552.500672403348	1850	13.156542516965274	0.0	905515	4594.893932756805	0.75
5557.277606467676	1850	12.379608452637337	0.0	1060487	4776.934064327937	1.85
5560.727356986335	1850	12.92985793397875	0.0	852833	3449.7505186585868	1.85
5564.919911038497	1850	12.7373038818158	0.0	913888	4192.55405216295	1.85
5569.49411496551	1850	12.16309995480328	0.0	939819	4574.203927012519	1.85
5574.105352101752	1850	11.551862818561224	0.0	917428	4611.237136242058	1.85
5578.829529450731	1850	10.827685469582635	0.0	946851	4724.177348978588	1.85
5583.721911811843	1850	9.93530310847061	0.0	1036454	4892.382361112025	1.85
5587.385870296516	1850	10.271344623797145	0.0	821631	3663.9584846734647	1.85
5591.380123549713	1850	10.277091370600418	0.0	923170	3994.2532531967254	1.85
5596.13844064543	1850	9.518774274883258	0.0	966699	4758.317095717159	1.85
5600.912258326237	1850	8.744956594076735	0.0	885714	4773.817680806524	1.85
5606.18934570305	1850	7.467869217263672	0.0	987708	5277.087376813063	1.85
5610.421820501991	1850	7.235394418323305	0.0	923755	4232.474798940367	1.85
5614.755296603696	1850	6.9019183166187394	0.0	891604	4333.476101704566	1.85
5619.491702080072	1850	6.165512840242324	0.0	955231	4736.405476376415	1.85
5624.604806024675	1850	5.052408895638661	0.0	968026	5113.103944603664	1.85
5629.013554792509	1850	4.643660127804535	0.0	874175	4408.748767834126	1.85
5631.790238834746	1200	5.866976085569011	0.0	587236	2776.684042235524	0.5499999999999999
5634.804508207307	1200	6.852706713007456	0.0	590335	3014.2693725615545	1.2
5637.865964546686	1200	7.791250373628843	0.0	696376	3061.456339378613	1.2
5640.009155814334	1200	9.648059105981275	0.0	487160	2143.1912676475677	1.2
5645.7729669470355	1850	7.884247973278953	0.0	972798	5763.811132702323	1.2000000000000002
5650.088636570592	1850	7.568578349723483	0.0	975811	4315.66962355547	1.85
5654.338394223856	1850	7.318820696459008	0.0	873429	4249.757653264474	1.85
5659.1676642082075	1850	6.489550712107663	0.0	954453	4829.269984351346	1.85
5661.748745719131	1200	7.908469201184285	0.0	584349	2581.0815109233768	0.5499999999999999
5664.638547467603	1200	9.01866745271288	0.0	670129	2889.801748471405	1.2
5669.5266389217195	1850	8.130575998596257	0.0	1026056	4888.091454116624	1.2000000000000002
5673.25308352938	1850	8.40413139093469	0.0	943942	3726.4446076615664	1.85
5676.141300348783	1850	9.515914571532084	0.0	728962	2888.2168194026062	1.85
5680.419048651803	1850	9.238166268512796	0.0	938587	4277.748303019289	1.85
5685.048290509493	1850	8.608924410821636	0.0	908665	4629.24185769116	1.85
5689.787235049234	1850	7.869979871079635	0.0	930577	4738.944539742002	1.85
5693.376793933232	1850	8.280420987081813	0.0	858450	3589.5588839978227	1.85
5697.863469506912	1850	7.793745413402243	0.0	1025005	4486.675573679569	1.85
5702.1102633953205	1850	7.5469515249935775	0.0	886255	4246.793888408665	1.85
5706.788224435023	1850	6.868990485291367	0.0	973972	4677.961039702211	1.85
5710.831326784251	1850	6.82588813606329	0.0	958994	4043.1023492280765	1.85
5714.8678882226095	1850	6.789326697705205	0.0	982064	4036.5614383580855	1.85
5719.908101521628	2850	5.749113398687327	0.0	1231456	5040.213299017877	1.85
5725.538105228683	2850	4.119109691632246	0.0	1364537	5630.003707055082	2.85

