31797.64268055909	750	4.0	9.721729251442577	450283	9721.729251442577	-41.05343578120308
31799.592539083158	300	6.0501414759314205	0.0	155580	1949.8585240685798	-0.15000000000000002
31801.255364853805	300	8.387315705282072	0.0	139857	1662.8257706493494	0.3
31803.19660054164	300	10.44608001744995	0.0	155432	1941.235687832123	0.3
31805.504819279002	300	12.137861280091458	0.0	163442	2308.2187373584916	0.3
31809.155613414372	300	12.48706714471988	0.0	126289	3650.794135371577	0.3
31816.891436348575	300	8.75124421051848	0.0	153295	7735.8229342014	0.3
31820.246601842486	300	9.396078716608613	0.0	173849	3355.165493909866	0.3
31822.77943832629	300	10.863242232802039	0.0	150710	2532.836483806576	0.3
31825.38052177717	300	12.262158781927145	0.0	139105	2601.0834508748944	0.3
31828.735728866806	300	12.906951692287658	0.0	141840	3355.2070896394866	0.3
31832.185984095304	300	13.456696463791575	0.0	156148	3450.255228496082	0.3
31837.82368510453	300	11.818995454567473	0.0	160746	5637.7010092241035	0.3
31843.226075623465	300	10.416604935633673	0.0	179801	5402.390518933798	0.3
31845.441738014324	300	12.200942544772504	0.0	140051	2215.6623908611687	0.3
31847.630897336767	300	14.01178322233153	0.0	138313	2189.159322440974	0.3
31850.247443545257	300	15.395237013840399	0.0	143509	2616.546208491132	0.3
31853.320114017777	300	16.322566541317876	0.0	150616	3072.670472522523	0.3
31854.893933548792	300	18.748747010300875	0.0	165384	1573.8195310170004	0.3
31856.24643142857	300	21.396249130522868	0.0	140881	1352.4978797780077	0.3
31857.977856183858	300	23.66482437523593	0.0	157671	1731.4247552869376	0.3
31860.07566670488	300	25.56701385420942	0.0	157812	2097.810521026509	0.3
31867.74639546805	750	21.896285091043854	0.0	401853	7670.728763165568	0.3
31873.794612673373	750	19.848067885720095	0.0	343800	6048.21720532376	0.75
31882.320854966805	750	15.321825592288326	0.0	359903	8526.24229343177	0.75
31889.16639961202	750	12.476280947073999	0.0	379700	6845.544645214326	0.75
31895.754681487575	750	9.887999071514662	0.0	425781	6588.281875559338	0.75
31896.95697895888	300	12.685701600211504	0.0	111155	1202.2974713031588	-0.15000000000000002
31900.77926053143	300	12.863420027658801	0.0	153605	3822.2815725527007	0.3
31903.285160032312	300	14.357520526777993	0.0	149029	2505.8995008808083	0.3
31907.784248577344	300	13.858431981746055	0.0	157421	4499.088545031938	0.3
31911.016219596724	300	14.626460962365089	0.0	157488	3231.9710193809665	0.3
31912.86957476938	300	16.773105789713014	0.0	143881	1853.3551726520739	0.3
31915.09774709244	300	18.544933466650278	0.0	163444	2228.17232306274	0.3
31922.468565303618	750	15.174115255476554	0.0	401088	7370.818211173723	0.3
31930.732516011984	750	10.910164547110368	0.0	365161	8263.950708366187	0.75
31936.216735773247	750	9.425944785848085	0.0	321064	5484.219761262281	0.75
31941.105165661615	750	8.537514897478841	0.0	361565	4888.4298883692445	0.75
31942.87318626952	300	10.769494289571314	0.0	144254	1768.020607907528	-0.15000000000000002
31944.70833967255	300	12.934340886541532	0.0	149991	1835.1534030297814	0.3
31947.0270031492	300	14.615677409892212	0.0	147968	2318.6634766493203	0.3
31949.82987817596	300	15.812802383132855	0.0	161857	2802.8750267593573	0.3
31952.186661264015	300	17.456019295076754	0.0	145210	2356.783088056101	0.3
31957.74495868852	750	15.897721870571834	0.0	438281	5558.29742450492	0.3
31962.478627479915	750	15.164053079178535	0.0	398987	4733.668791393299	0.75
31967.787549503853	750	13.855131055241273	0.0	393804	5308.9220239372635	0.75
31980.401556914712	1200	5.241123644381232	0.0	538612	12614.00741086004	0.75
31982.45875219334	300	7.183928365756218	0.0	118421	2057.195278625014	-0.6000000000000001

