9075.400707819004	750	4.0	8.427329486372502	450283	8427.329486372502	-35.48751679140175
9083.116014928019	300	4.0	3.7153071090159546	155580	7715.307109015955	-16.125820568768603
9090.493981812615	300	4.0	3.3779668845962467	139857	7377.966884596247	-14.22525760376386
9093.225934096761	300	5.268047715854771	0.0	155432	2731.9522841452294	0.3
9097.117071395058	300	5.376910417558513	0.0	163442	3891.137298296258	0.3
9098.704649355162	300	7.7893324574549805	0.0	126289	1587.5779601035317	0.3
9103.228165926823	300	7.2658158857930735	0.0	153295	4523.516571661907	0.3
9108.739670617091	300	5.754311195525708	0.0	173849	5511.504690267366	0.3
9114.973897046204	300	4.0	0.4799152335892131	150710	6234.226429114921	-1.7636355044336163
9119.007847911478	300	4.0	0.03395086527387912	139105	4033.950865273879	0.15401127932231978
9126.803567009943	300	4.0	3.795719098463017	141840	7795.719098463017	-16.02159212339097
9133.922220570132	300	4.0	3.1186535601896375	156148	7118.653560189638	-13.11021030881544
9139.587084963536	300	4.0	1.6648643934031762	160746	5664.864393403176	-6.858916891633657
9149.957156309923	300	4.0	6.370071346386678	179801	10370.071346386678	-27.091306789462713
9151.89855424897	300	6.058602060952901	0.0	140051	1941.3979390470986	0.3
9153.541458574171	300	8.415697735751836	0.0	138313	1642.9043252010665	0.3
9155.433830608548	300	10.523325701373883	0.0	143509	1892.3720343779505	0.3
9156.835195643744	300	13.121960666178786	0.0	150616	1401.3650351950982	0.3
9158.316760861348	300	15.640395448574832	0.0	165384	1481.5652176039523	0.3
9160.127739192769	300	17.82941711715432	0.0	140881	1810.9783314205129	0.3
9164.961089782208	300	16.996066527715005	0.0	157671	4833.350589439318	0.3
9166.861484740572	300	19.09567156935098	0.0	157812	1900.3949583640235	0.3
9168.364912286177	300	21.592244023745966	0.0	163927	1503.4275456050134	0.3
9169.64784490086	300	24.309311409063515	0.0	137654	1282.932614682452	0.3
9172.222194546994	300	25.734961762929952	0.0	146754	2574.3496461335585	0.3
9173.549098496567	300	28.40805781335554	0.0	153938	1326.9039495744164	0.3
9186.745925382655	750	19.211230927268712	0.0	425781	13196.826886086828	0.3
9188.693272833492	300	21.263883476430966	0.0	111155	1947.3474508377467	-0.15000000000000002
9190.21701585983	300	23.74014045009491	0.0	153605	1523.7430263360561	0.3
9194.991692787005	300	22.965463522920242	0.0	149029	4774.676927174668	0.3
9200.958458065219	300	20.998698244706492	0.0	157421	5966.765278213753	0.3
9202.861445411605	300	23.095710898319556	0.0	157488	1902.987346386932	0.3
9204.277817170778	300	25.67933913914716	0.0	143881	1416.3717591723992	0.3
9209.542966960886	300	24.41418934903951	0.0	163444	5265.149790107648	0.3
9216.883190295539	300	21.073966014385704	0.0	179328	7340.22333465381	0.3
9219.28333474196	300	22.673821567966783	0.0	159914	2400.144446418919	0.3
9220.608713275504	300	25.34844303442343	0.0	131610	1325.3785335433568	0.3
9222.012484911762	300	27.944671398164456	0.0	124011	1403.7716362589726	0.3
9237.396147619189	750	16.56100869073751	0.0	378327	15383.66270742695	0.3
9238.927087228489	300	19.030069081439738	0.0	149991	1530.9396092977677	-0.15000000000000002
9242.070480327962	300	19.886675981965528	0.0	147968	3143.3930994742127	0.3
9244.101052421433	300	21.856103888495458	0.0	161857	2030.5720934700705	0.3
9245.255120425798	300	24.70203588412866	0.0	145210	1154.0680043667992	0.3
9246.936750289451	300	27.02040602047453	0.0	172312	1681.6298636541262	0.3
9255.061945279993	750	22.895211029932515	0.0	398987	8125.194990542017	0.3
9263.07458336048	750	18.882572949445663	0.0	393804	8012.63808048685	0.75
9277.896398328114	1200	8.060757981811502	0.0	538612	14821.814967634162	0.75
9278.833005461558	300	11.124150848367695	0.0	118421	936.6071334438083	-0.6000000000000001

