80828.76523153605	750	4.0	5.953309520273944	450283	5953.309520273944	-24.849230937177957
80830.55787829522	300	6.207353240824576	0.0	155580	1792.6467591754242	-0.15000000000000002
80832.17744403503	300	8.587787501025133	0.0	139857	1619.5657397994428	0.3
80833.96846158916	300	10.796769946891217	0.0	155432	1791.0175541339154	0.3
80835.8476543621	300	12.917577173956717	0.0	163442	1879.1927729345011	0.3
80837.31786162891	300	15.447369907151824	0.0	126289	1470.2072668048925	0.3
80839.08535478322	300	17.67987675284024	0.0	153295	1767.4931543115865	0.3
80843.97769623158	750	16.787535304487967	0.0	437162	4892.341448352274	0.3
80848.1830855758	750	16.58214596025951	0.0	374758	4205.389344228458	0.75
80849.79437319268	300	18.970858343373678	0.0	139105	1611.2876168858297	-0.15000000000000002
80853.7626691708	750	19.002562365253464	0.0	353220	3968.2959781202167	0.3
80858.30244184165	750	18.46278969439746	0.0	405134	4539.772670855999	0.75
80862.63544857808	750	18.12978295796486	0.0	386351	4333.006736432603	0.75
80867.49748461101	750	17.26774692501309	0.0	434409	4862.0360329517725	0.75
80871.2878780035	750	17.477353532540345	0.0	337059	3790.393392472743	0.75
80875.399213781	750	17.366017755032512	0.0	366214	4111.335777507833	0.75
80879.4512927292	750	17.31393880683848	0.0	360831	4052.0789481940315	0.75
80883.63692245823	750	17.128309077809405	0.0	372963	4185.629729029077	0.75
80888.18178089078	750	16.583450645269775	0.0	405596	4544.858432539628	0.75
80889.81261896816	300	18.952612567885836	0.0	140881	1630.838077383937	-0.15000000000000002
80894.1469576898	750	18.618273846250375	0.0	386472	4334.338721635459	0.3
80898.62904769566	750	18.136183840377534	0.0	399894	4482.090005872844	0.75
80903.13270265204	750	17.632528883989043	0.0	401853	4503.654956388493	0.75
80906.99730193091	750	17.767929605132434	0.0	343800	3864.5992788566064	0.75
80911.03916532316	750	17.72606621287435	0.0	359903	4041.863392258084	0.75
80915.298956906	750	17.4662746300301	0.0	379700	4259.791582844251	0.75
80920.0660146883	750	16.699216847741432	0.0	425781	4767.057782288671	0.75
80921.36962473147	300	19.395606804573	0.0	111155	1303.6100431684297	-0.15000000000000002
80925.85724082471	750	18.90799071132963	0.0	400396	4487.616093243368	0.3
80930.34608982988	750	18.41914170616296	0.0	400508	4488.849005166671	0.75
80938.19344990051	750	14.571781635534354	0.0	358218	7847.360070628608	0.75
80941.30492259387	300	15.460308942161584	0.0	157488	3111.4726933727684	-0.15000000000000002
80944.15447533817	300	16.610756197856194	0.0	143881	2849.5527443053898	0.3
80947.38059455295	300	17.384636983086697	0.0	163444	3226.1192147694983	0.3
80950.91246348999	300	17.85276804604291	0.0	179328	3531.868937043786	0.3
80954.0706340445	300	18.69459749153709	0.0	159914	3158.1705545058217	0.3
80956.68398338652	300	20.081248149525063	0.0	131610	2613.349342012026	0.3
80959.15106024429	300	21.61417129174637	0.0	124011	2467.0768577786903	0.3
80962.00779283287	300	22.757438703169495	0.0	144254	2856.732588576878	0.3
80964.97495643106	300	23.790275104979948	0.0	149991	2967.163598189544	0.3
80967.90317947976	300	24.86205205628429	0.0	147968	2928.2230486956582	0.3
80969.58736830013	300	27.17786323592256	0.0	161857	1684.18882036173	0.3
80975.55125462364	1200	25.213976912403748	0.0	599477	5963.886323518812	0.29999999999999993
80981.86243606219	1200	22.902795473857353	0.0	634861	6311.181438546394	1.2
80985.85850649119	750	22.906725044863745	0.0	398987	3996.0704289936066	0.3
80989.80370560598	750	22.961525930057004	0.0	393804	3945.199114806744	0.75
80993.13300160744	750	23.632229928609284	0.0	331053	3329.296001447717	0.75
80996.29597206572	750	24.46925947032394	0.0	314107	3162.970458285344	0.75

