38501.668590777204	750	4.0	3.36936317338222	450283	3369.36317338222	-13.738261645543545
38502.527413312295	300	7.1411774649096715	0.0	155580	858.8225350903288	-0.15000000000000002
38503.10957039719	300	10.559020380010953	0.0	139857	582.1570848987182	0.3
38505.43705123779	1200	12.231539539416401	0.0	617681	2327.4808405945505	0.29999999999999993
38507.634640933415	1200	14.033949843787198	0.0	652874	2197.5896956292017	1.2
38515.51482992542	1850	10.15376085178724	0.0	801058	7880.1889919999585	1.2000000000000002
38516.36137798703	300	13.307212790175118	0.0	153295	846.5480616121224	-1.25
38518.78759255313	1200	14.880998224067298	0.0	709534	2426.214566107819	0.29999999999999993
38521.14079916511	1850	16.527791612090944	0.0	852833	2353.206611976356	1.2000000000000002
38525.77608068183	2850	15.892510095371327	0.0	1429765	4635.281516719616	1.85
38528.09063587863	1850	17.577954898570642	0.0	939819	2314.5551968006835	0.8500000000000001
38544.213731583826	2850	5.454859193371756	0.0	1519951	16123.095705198886	1.85
38545.954923922145	300	7.713666855050572	0.0	160746	1741.192338321184	-2.25
38551.63626086014	300	6.032329917055789	0.0	179801	5681.336937994783	0.3
38553.7015248573	300	7.967065919895275	0.0	140051	2065.263997160514	0.3
38555.766682674286	300	9.901908102903581	0.0	138313	2065.1578169916957	0.3
38557.03911389062	300	12.6294768865759	0.0	143509	1272.4312163276802	0.3
38558.25692209024	300	15.41166868695654	0.0	150616	1217.8081996193594	0.3
38560.99565787572	750	16.672932901477797	0.0	405596	2738.735785478741	0.3
38564.8801039356	1200	16.7884868415919	0.0	586839	3884.4460598858977	0.75
38574.95025621228	1200	10.718334564913969	0.0	601738	10070.152276677933	1.2
38582.18254066618	300	7.486050111014733	0.0	157812	7232.284453899235	-0.6000000000000001
38583.5943893961	300	10.074201381088237	0.0	163927	1411.8487299264966	0.3
38584.558896162875	300	13.109694614313417	0.0	137654	964.5067667748191	0.3
38586.72995375062	750	14.938637026573641	0.0	359903	2171.0575877397764	0.3
38589.50961573797	1200	16.15897503922478	0.0	590335	2779.6619873488607	0.75
38596.85473733472	1200	12.813853442470457	0.0	696376	7345.121596754324	1.2
38597.64832275358	300	16.02026802360996	0.0	111155	793.5854188604934	-0.6000000000000001
38600.59264532879	750	17.075945448398848	0.0	400396	2944.322575211114	0.3
38601.79461977668	750	19.873971000506316	0.0	400508	1201.974447892533	0.75
38608.14825483537	2850	17.520335941821145	0.0	1341201	6353.635058685172	0.75
38610.122353211715	1200	19.546237565469696	0.0	620283	1974.09837635145	-0.44999999999999996
38623.08755837746	2850	10.581032399727759	0.0	1358081	12965.205165741936	1.2000000000000002
38624.60023301712	300	13.068357760073559	0.0	163444	1512.6746396541996	-2.25
38627.138066195286	300	14.530524581906858	0.0	179328	2537.8331781667002	0.3
38628.406427773734	300	17.26216300346017	0.0	159914	1268.3615784466876	0.3
38632.15044730375	750	17.518143473443867	0.0	321064	3744.019530016301	0.3
38635.15485633297	750	18.513734444219132	0.0	361565	3004.4090292247365	0.75
38637.58027692989	750	20.08831384729762	0.0	378327	2425.420596921509	0.75
38646.90270227432	1200	14.765888502876258	0.0	587506	9322.425344421363	0.75
38649.89011128716	300	15.778479490030923	0.0	147968	2987.409012845336	-0.6000000000000001
38650.84147000322	300	18.827120773965667	0.0	161857	951.3587160652575	0.3
38653.89931069022	1200	19.769280086970507	0.0	599477	3057.8406869951614	0.29999999999999993
38664.69791871106	1850	12.970672066124656	0.0	973972	10798.60802084585	1.2000000000000002
38666.33266536433	300	15.33592541285977	0.0	167025	1634.746653264885	-1.25
38668.67827027883	750	16.990320498359882	0.0	393804	2345.6049144998915	0.3
38675.79812334977	1200	13.870467427423506	0.0	538612	7119.853070936375	0.75
38677.13621577076	300	16.53237500643143	0.0	118421	1338.0924209920754	-0.6000000000000001

