72833.73246982739	750	4.0	5.255166457967791	450283	5255.166457967791	-21.8472157692615
72836.97719316633	300	4.7552766610555395	0.0	155580	3244.7233389444614	-0.15000000000000002
72839.31589847697	300	6.416571350416334	0.0	139857	2338.705310639205	0.3
72841.47337237836	300	8.259097449022386	0.0	155432	2157.4739013939493	0.3
72843.57975225082	300	10.152717576565344	0.0	163442	2106.3798724570406	0.3
72845.22550332895	300	12.506966498429204	0.0	126289	1645.7510781361416	0.3
72849.32438302465	750	12.408086802732582	0.0	352642	4098.879695696622	0.3
72851.8962251264	300	13.836244700973777	0.0	173849	2571.8421017588043	-0.15000000000000002
72856.04664807985	750	13.685821747529342	0.0	374758	4150.422953444435	0.3
72860.64430052032	750	13.088169307057012	0.0	362795	4597.65244047233	0.75
72865.26968225984	750	12.4627875675272	0.0	353220	4625.381739529811	0.75
72866.9034947288	300	14.828975098566486	0.0	156148	1633.8124689607143	-0.15000000000000002
72870.99917440423	750	14.733295423137896	0.0	386351	4095.6796754285892	0.3
72881.71123954463	750	8.021230282748913	0.0	434409	10712.065140388984	0.75
72882.88618818215	300	10.846281645236333	0.0	140051	1174.9486375125807	-0.15000000000000002
72884.63028612139	300	13.102183705982767	0.0	138313	1744.097939253566	0.3
72889.43851430892	750	12.293955518468065	0.0	360831	4808.228187514703	0.3
72890.72947458645	300	15.002995240941594	0.0	150616	1290.9602775264702	-0.15000000000000002
72894.07048699365	750	15.661982833736344	0.0	405596	3341.012407205252	0.3
72896.9702372978	750	16.762232529571175	0.0	350713	2899.7503041651685	0.75
72900.54710763656	750	17.18536219080804	0.0	386472	3576.8703387631344	0.75
72905.40572742374	750	16.326742403643784	0.0	399894	4858.619787164254	0.75
72909.36410588662	750	16.36836394075597	0.0	401853	3958.378462887812	0.75
72912.31032970369	750	17.42214012369274	0.0	343800	2946.2238170632336	0.75
72915.36850614748	750	18.36396367989767	0.0	359903	3058.1764437950687	0.75
72920.3401616121	1200	17.392308215286384	0.0	590335	4971.655464611286	0.75
72924.02792044028	750	17.704549387101963	0.0	425781	3687.7588281844164	0.3
72926.60418991596	750	19.128279911421647	0.0	277716	2576.269475680316	0.75
72932.71873167055	1200	17.01373815681737	0.0	622896	6114.5417546042745	0.75
72936.71993976916	750	17.01253005821252	0.0	400508	4001.2080986048545	0.3
72941.28936034	750	16.443109487371544	0.0	358218	4569.420570840975	0.75
72946.43029275733	750	15.302177070036022	0.0	400322	5140.932417335523	0.75
72953.0915926736	750	12.640877153775058	0.0	369834	6661.299916260963	0.75
72955.25787041844	300	14.474599408923181	0.0	163444	2166.277744851877	-0.15000000000000002
72960.16818021283	750	13.564289614535275	0.0	401088	4910.309794387906	0.3
72964.34683639846	750	13.38563342891309	0.0	365161	4178.656185622186	0.75
72967.41954179324	750	14.312928034128038	0.0	321064	3072.7053947850504	0.75
72971.02699702629	750	14.70547280108304	0.0	361565	3607.4552330449997	0.75
72976.25941944527	750	13.473050382120892	0.0	378327	5232.422418962149	0.75
72980.96748483006	750	12.764984997309341	0.0	390680	4708.065384811551	0.75
72986.36885419945	750	11.363615627919614	0.0	345516	5401.369369389725	0.75
72988.39966445851	300	13.332805368862049	0.0	161857	2030.8102590575645	-0.15000000000000002
72992.77284852561	750	12.959621301766663	0.0	372093	4373.184067095387	0.3
72994.79564193284	300	14.936827894542542	0.0	172312	2022.79340722412	-0.15000000000000002
73000.01890457231	750	13.713565255082097	0.0	398987	5223.262639460446	0.3
73006.79528320771	750	10.93718661967968	0.0	393804	6776.378635402416	0.75
73009.19849757607	300	12.53397225132197	0.0	137507	2403.21436835771	-0.15000000000000002
73010.41353167691	300	15.318938150493373	0.0	118421	1215.0341008285966	0.3

