53895.86668697048	750	4.0	2.1588280593711833	450283	2158.8280593711834	-8.532960655296087
53896.626395324565	300	7.240291645912271	0.0	155580	759.7083540877279	-0.15000000000000002
53897.31741198016	300	10.549274990316132	0.0	139857	691.0166555961392	0.3
53899.0678701864	750	12.7988167840736	0.0	382355	1750.4582062425325	0.3
53902.000189970226	1200	13.866497000253883	0.0	652874	2932.3197838197148	0.75
53904.35337709104	1200	15.513309879434008	0.0	520315	2353.187120819875	1.2
53906.88776734655	1200	16.978919623930093	0.0	561791	2534.390255503912	1.2
53911.4340259164	1850	16.432661054071165	0.0	1060487	4546.258569858928	1.2000000000000002
53914.87074534999	1850	16.995941620485812	0.0	852833	3436.7194335853537	1.85
53918.54777502605	1850	17.31891194442913	0.0	913888	3677.0296760566866	1.85
53922.32686816779	1850	17.539818802685367	0.0	939819	3779.093141743758	1.85
53926.01783115411	1850	17.848855816361734	0.0	917428	3690.9629863236346	1.85
53929.82460199015	1850	18.042084980324987	0.0	946851	3806.7708360367455	1.85
53933.984046950434	1850	17.882640020037012	0.0	1036454	4159.444960287975	1.85
53937.297956455506	1850	18.568730514968415	0.0	821631	3313.9095050685983	1.85
53941.0115197434	1850	18.855167227076187	0.0	923170	3713.5632878922265	1.85
53944.89641158005	1850	18.97027539042408	0.0	966699	3884.891836652109	1.85
53948.46254942462	1850	19.40413754585355	0.0	885714	3566.1378445705295	1.85
53952.43013191534	1850	19.43655505513412	0.0	987708	3967.582490719429	1.85
53956.14599774179	1850	19.720689228680833	0.0	923755	3715.8658264532896	1.85
53959.7353184105	1850	20.13136855996558	0.0	891604	3589.3206687152538	1.85
53963.57507261943	1850	20.29161435103702	0.0	955231	3839.7542089285607	1.85
53967.46518747945	1850	20.401499491016484	0.0	968026	3890.1148600205383	1.85
53970.9859082429	1850	20.88077872756751	0.0	874175	3520.7207634489714	1.85
53974.600308870096	1850	21.266378100371753	0.0	897976	3614.40062719576	1.85
53978.246035829616	1850	21.620651140855472	0.0	905935	3645.72695951628	1.85
53982.56349003869	1850	21.30319693179161	0.0	1076599	4317.45420906386	1.85
53985.62772564447	1850	22.23896132600934	0.0	758197	3064.2356057822744	1.85
53989.53662292161	1850	22.330064048871886	0.0	972798	3908.897277137453	1.85
53993.457379256324	1850	22.409307714154117	0.0	975811	3920.756334717767	1.85
53996.97516379111	1850	22.891523179365922	0.0	873429	3517.784534788197	1.85
54000.81185582055	1850	23.05483114992541	0.0	954453	3836.6920294405136	1.85
54006.23721286593	2850	21.629474104544858	0.0	1358081	5425.3570453805505	1.85
54010.39222986745	1850	21.474457103028158	0.0	1035329	4155.017001516699	0.8500000000000001
54014.5107486808	1850	21.35593828967683	0.0	1026056	4118.518813351329	1.85
54018.306069799444	1850	21.560617171031765	0.0	943942	3795.321118645065	1.85
54021.25523751663	1850	22.61144945385238	0.0	728962	2949.1677171793854	1.85
54025.02948155152	1850	22.837205418958586	0.0	938587	3774.244034893791	1.85
54028.68595369099	1850	23.180733279490678	0.0	908665	3656.4721394679095	1.85
54034.28530393232	2850	21.581383038160773	0.0	1402287	5599.350241329903	1.85
54037.744131672065	1850	22.12255529842586	0.0	858450	3458.827739734915	0.8500000000000001
54041.858513787934	1850	22.008173182557737	0.0	1025005	4114.3821158681185	1.85
54045.42678098868	1850	22.439905981813645	0.0	886255	3568.2672007440938	1.85
54049.34029908679	1850	22.526387883700657	0.0	973972	3913.518098112989	1.85
54053.194864325815	1850	22.671822644677594	0.0	958994	3854.5652390230593	1.85
54057.14023223937	1850	22.72645473111824	0.0	982064	3945.367913559357	1.85
54060.48995507498	1850	23.37673189550756	0.0	830730	3349.722835610678	1.85
54065.940722699765	2850	21.925964270724915	0.0	1364537	5450.767624782646	1.85

