39376.682097943725	750	4.0	2.0155838979240674	450283	2015.5838979240673	-7.91701076107349
39377.633514396	300	7.0485835477198995	0.0	155580	951.4164522801007	-0.15000000000000002
39379.65452610628	750	9.027571837450264	0.0	350812	2021.0117102696372	0.3
39382.71919729105	1200	9.96290065266917	0.0	617681	3064.6711847810934	0.75
39386.37572012655	1200	10.306377817175012	0.0	652874	3656.522835494159	1.2
39390.41270900644	1200	10.269388937277158	0.0	520315	4036.988879897852	1.2
39393.060756522864	1200	11.621341420858007	0.0	561791	2648.047516419151	1.2
39398.23392758253	1850	10.448170361188618	0.0	1060487	5173.171059669389	1.2000000000000002
39403.509568773414	1200	9.172529170312448	0.0	584846	5275.641190876171	0.5499999999999999
39406.32616350538	1200	10.355934438348644	0.0	560821	2816.594731963804	1.2
39410.48536049635	1200	10.196737447371197	0.0	607410	4159.196990977446	1.2
39413.82475261136	1200	10.85734533235597	0.0	594078	3339.392115015226	1.2
39416.97939635104	1200	11.702701592674712	0.0	624282	3154.6437396812594	1.2
39423.82263690057	1850	8.859461043142637	0.0	1036454	6843.2405495320745	1.2000000000000002
39425.9257622085	750	10.75633573521711	0.0	337059	2103.125307925527	-0.3500000000000001
39429.908759813865	1200	10.773338129849954	0.0	587876	3982.9976053671558	0.75
39435.1430591668	1200	9.53903877691241	0.0	617242	5234.299352937544	1.2
39442.19926710676	1200	6.48283083695869	0.0	581493	7056.207939953721	1.2
39443.551709575266	300	9.130388368448845	0.0	165384	1352.4424685098447	-0.6000000000000001
39447.07878340473	1200	9.603314538987902	0.0	586839	3527.0738294609414	0.29999999999999993
39451.97379485987	1200	8.708303083847207	0.0	601738	4895.011455140696	1.2
39454.25847172426	750	10.423626219463992	0.0	399894	2284.6768643832143	0.3
39458.216173733264	1200	10.465924210457056	0.0	656471	3957.702009006938	0.75
39462.803121503915	1200	9.87897643981291	0.0	536667	4586.947770644145	1.2
39466.47771531564	1200	10.204382628083993	0.0	587236	3674.593811728918	1.2
39470.169586608645	1200	10.512511335075038	0.0	590335	3691.871293008955	1.2
39475.15041651578	1200	9.53168142793791	0.0	696376	4980.8299071371275	1.2
39480.049585823544	1200	8.632512120174525	0.0	487160	4899.169307763385	1.2
39484.10630398019	750	8.575793963531577	0.0	400396	4056.7181566429467	0.3
39488.00333862678	750	8.67875931694101	0.0	400508	3897.034646590568	0.75
39490.045102065844	750	10.636995877877181	0.0	358218	2041.7634390638284	0.75
39493.31538141427	1200	11.366716529452255	0.0	620283	3270.2793484249273	0.75
39498.99797295967	1850	9.684124984056016	0.0	885062	5682.59154539624	1.2000000000000002
39506.06374413051	1200	6.618353813215121	0.0	670129	7065.771170840895	0.5499999999999999
39507.540214200824	300	9.141883742901049	0.0	179328	1476.4700703140718	-0.6000000000000001
39512.57541812686	1200	8.10667981686499	0.0	598727	5035.203926036059	0.29999999999999993
39516.26233345771	750	8.419764486015785	0.0	321064	3686.9153308492055	0.3
39519.74747717014	750	8.934620773585374	0.0	361565	3485.14371243041	0.75
39523.356847215575	750	9.325250728143706	0.0	378327	3609.370045441668	0.75
39528.950729068725	1200	7.731368874992989	0.0	587506	5593.881853150718	0.75
39531.96912978041	750	8.712968163309503	0.0	345516	3018.4007116834873	0.3
39534.879917408	750	9.802180535726825	0.0	384505	2910.787627582679	0.75
39539.88364005043	1200	8.798457893299556	0.0	599477	5003.7226424272685	0.75
39544.38927608578	750	8.292821857946423	0.0	438281	4505.636035353133	0.3
39547.12628917472	750	9.555808769008507	0.0	398987	2737.0130889379166	0.75
39551.30881744848	1200	9.373280495244703	0.0	638661	4182.528273763804	0.75
39554.29521893965	1200	10.386879004074045	0.0	538612	2986.4014911706595	1.2
39557.19696944173	1200	11.48512850200266	0.0	550906	2901.7505020713857	1.2

