34567.31285386724	750	4.0	7.094420486016548	450283	7094.420486016548	-29.756008089871155
34569.80183738763	300	5.511016479600314	0.0	155580	2488.983520399686	-0.15000000000000002
34572.047367714236	300	7.2654861529996015	0.0	139857	2245.5303266007127	0.3
34574.53405961899	300	8.778794248238297	0.0	155432	2486.6919047613055	0.3
34577.016528332366	300	10.296325534865172	0.0	163442	2482.468713373123	0.3
34578.79563797115	300	12.517215896085235	0.0	126289	1779.1096387799385	0.3
34580.938090061805	300	14.374763805429906	0.0	153295	2142.4520906553275	0.3
34583.35707850571	300	15.95577536152542	0.0	173849	2418.9884439044854	0.3
34585.46475164954	300	17.848102217700347	0.0	150710	2107.6731438250717	0.3
34587.41628952142	300	19.896564345815356	0.0	139105	1951.5378718849888	0.3
34589.40462446084	300	21.908229406394295	0.0	141840	1988.334939421062	0.3
34593.94936400438	750	21.363489862850038	0.0	405134	4544.739543544258	0.3
34597.34798469093	750	21.96486917629455	0.0	386351	3398.620686555488	0.75
34603.05626985946	1200	20.256584007777143	0.0	687371	5708.285168517407	0.75
34607.17037454132	1200	20.142479325913598	0.0	526950	4114.104681863542	1.2
34610.43709116596	1200	20.875762701271928	0.0	587876	3266.7166246416705	1.2
34615.53080895214	1850	19.782044915087088	0.0	966699	5093.717786184839	1.2000000000000002
34620.177462520674	1850	19.135391346560148	0.0	885714	4646.65356852694	1.85
34623.55188931391	1200	19.76096455332788	0.0	639204	3374.4267932322678	0.5499999999999999
34630.044273951105	1850	17.268579916131515	0.0	923755	6492.3846371963655	1.2000000000000002
34633.603346246666	1200	17.709507620566445	0.0	601738	3559.072295565072	0.5499999999999999
34636.1184565438	1200	19.19439732343411	0.0	616206	2515.110297132332	1.2
34640.42007467753	1850	18.89277918970294	0.0	968026	4301.61813373117	1.2000000000000002
34644.74191347165	1850	18.570940395590004	0.0	874175	4321.838794112933	1.85
34649.179244021	1850	18.133609846235064	0.0	897976	4437.3305493549415	1.85
34652.123780188835	1200	19.189073678393775	0.0	590335	2944.536167841289	0.5499999999999999
34657.42785935365	1850	17.88499451357759	0.0	1076599	5304.079164816187	1.2000000000000002
34659.871750092854	1200	19.441103774377705	0.0	487160	2443.8907391998823	0.5499999999999999
34664.67214623235	1850	18.64070763489136	0.0	972798	4800.396139486344	1.2000000000000002
34669.470260252216	1850	17.84259361502429	0.0	975811	4798.114019867072	1.85
34671.9459871446	1200	19.366866722638328	0.0	570392	2475.7268923859588	0.5499999999999999
34675.38605124838	1850	19.926802618864194	0.0	954453	3440.064103774137	1.2000000000000002
34678.52409782517	1850	20.78875604207404	0.0	885062	3138.04657679015	1.85
34684.08847736583	2850	19.224376501417037	0.0	1587293	5564.379540657002	1.85
34687.8365369317	1850	19.476316935545967	0.0	1026056	3748.0595658710727	0.8500000000000001
34691.01638919734	1850	20.29646466990506	0.0	943942	3179.852265640905	1.85
34694.95012888137	2850	20.362724985874774	0.0	1139291	3933.7396840302868	1.85
34700.2340511417	2850	19.078802725543824	0.0	1499009	5283.92226033095	2.85
34703.55367172659	1850	19.759182140655607	0.0	908665	3319.6205848882164	0.8500000000000001
34706.95141413443	1850	20.36143973281166	0.0	930577	3397.742407843949	1.85
34710.09200554172	1850	21.220848325530334	0.0	858450	3140.59140728133	1.85
34715.617212828976	2850	19.695641038269144	0.0	1527299	5525.207287261189	1.85
34718.85693609493	1850	20.455917772312926	0.0	886255	3239.723265956217	0.8500000000000001
34722.409392655165	1850	20.903461212079236	0.0	973972	3552.4565602336897	1.85
34727.712206593016	2850	19.60064727423082	0.0	1464921	5302.813937848417	1.85
34731.29351318024	1850	20.01934068700928	0.0	982064	3581.30658722154	0.8500000000000001
34734.33875360278	1850	20.974100264465118	0.0	830730	3045.2404225441596	1.85
34739.41919873385	2850	19.89365513339171	0.0	1364537	5080.445131073408	1.85

