56844.69040314047	750	4.0	4.6520478755629275	450283	4652.047875562927	-19.253805864920587
56845.367188500204	300	7.323214640267252	0.0	155580	676.7853597327489	-0.15000000000000002
56846.734438263644	750	9.955964876821875	0.0	350812	1367.2497634453764	0.3
56849.06643089249	1200	11.623972247976885	0.0	617681	2331.9926288449906	0.75
56851.526733080136	1200	13.163670060335459	0.0	652874	2460.3021876414273	1.2
56853.503740669286	1200	15.186662471179435	0.0	520315	1977.0075891560232	1.2
56856.88514237229	1850	15.80526076818295	0.0	905515	3381.4017029964853	1.2000000000000002
56860.83155384842	1850	15.858849292055405	0.0	1060487	3946.4114761275446	1.85
56863.56454424104	1850	17.125858899429307	0.0	852833	2732.9903926261004	1.85
56872.42207812118	1850	12.26832501929525	0.0	913888	8857.533880134055	1.85
56872.88610556842	300	15.80429757205435	0.0	141840	464.0274472408993	-1.25
56874.82186914898	1850	17.86853399148322	0.0	917428	1935.763580571133	0.30000000000000004
56884.648285264164	2850	12.042117876303296	0.0	1422919	9826.416115179922	1.85
56885.1084040462	750	15.581999094269996	0.0	434409	460.11878203330195	-1.35
56886.94317852226	4300	17.74722461820987	0.0	2005399	1834.7744760601227	0.75
56894.040696827804	4300	14.64970631266597	0.0	2152483	7097.5183055439	4.3
56895.9315370485	1850	16.758866091979545	0.0	966699	1890.840220686429	-0.6000000000000001
56898.556870707376	2850	18.133532433096125	0.0	1358801	2625.3336588834172	1.85
56902.7590739244	4300	17.9313292160738	0.0	2220726	4202.20321702233	2.8499999999999996
56929.19739097886	4300	4.0	8.506987838387001	2156729	26438.3170544608	-32.280047705064106
56936.95477634732	300	4.0	3.7573853684585465	157671	7757.3853684585465	-19.85675708437175
56949.935396801004	300	4.0	8.980620453686383	157812	12980.620453686382	-38.316667950851446
56959.14647551652	300	4.0	5.211078715520018	163927	9211.078715520018	-22.107638476736074
56975.18788606692	300	4.0	12.0414105503948	137654	16041.410550394801	-51.47806536669764
56989.06462800812	300	4.0	9.876741941206832	146754	13876.741941206832	-42.16999034718938
57008.00107114548	300	4.0	14.936443137365895	153938	18936.443137365895	-63.926705490673356
57017.598017242824	300	4.0	5.596946097347031	181901	9596.94609734703	-23.76686821859223
57032.30687905224	300	4.0	10.708861809407388	111155	14708.861809407388	-45.748105780451766
57035.89463893787	300	4.412240114369826	0.0	153605	3587.759885630174	0.3
57037.39633131707	300	6.910547735174269	0.0	149029	1501.6923791955567	0.3
57038.080178521814	300	10.226700530427584	0.0	157421	683.8472047466838	0.3
57039.659041408515	750	12.647837643723937	0.0	400322	1578.8628867036482	0.3
57041.86950946674	1200	14.437369585498184	0.0	584349	2210.468058225754	0.75
57045.724197819516	1850	14.582681232724735	0.0	1035329	3854.688352773447	1.2000000000000002
57049.54507789966	1850	14.761801152582759	0.0	1026056	3820.8800801419766	1.85
57053.06657994692	1850	15.24029910531694	0.0	943942	3521.502047265819	1.85
57055.699776650305	1850	16.607102401938512	0.0	728962	2633.1967033784267	1.85
57064.65267448505	1850	11.654204567189682	0.0	938587	8952.89783474883	1.85
57065.12323776321	300	15.183641289029158	0.0	144254	470.56327816052374	-1.25
57067.437036376694	1850	16.869842675546636	0.0	930577	2313.7986134825223	0.30000000000000004
57069.2453773215	2850	19.0615017307328	0.0	1339500	1808.3409448138332	1.85
57079.50844870626	4300	12.798430345974383	0.0	2184571	10263.07138475842	2.8499999999999996
57080.11300613278	1200	16.193872919454726	0.0	599477	604.5574265196572	-1.9000000000000001
57087.23131035609	4300	13.07556869614714	0.0	2219102	7118.304223307584	1.1999999999999997
57089.107717414125	1850	15.199161638110501	0.0	958994	1876.4070580366392	-0.6000000000000001
57091.966690352005	2850	16.34018870023193	0.0	1483527	2858.97293787857	1.85
57094.34573998609	2850	17.961139066149567	0.0	1231456	2379.049634082361	2.85
57104.510079298205	4300	11.796799754035066	0.0	2155012	10164.339312114502	2.8499999999999996

