11921.433434765884	750	4.0	5.325431284314587	450283	5325.431284314587	-22.149354522552724
11923.143076693497	300	6.290358072386457	0.0	155580	1709.641927613543	-0.15000000000000002
11924.688026115467	300	8.745408650415461	0.0	139857	1544.9494219709943	0.3
11926.343853082974	300	11.08958168291015	0.0	155432	1655.8269675053102	0.3
11927.999887128712	300	13.433547637172794	0.0	163442	1656.0340457373584	0.3
11929.297663242574	300	16.135771523309003	0.0	126289	1297.7761138637882	0.3
11932.778109871697	750	16.655324894187277	0.0	352642	3480.4466291217277	0.3
11937.073563644304	750	16.359871121579044	0.0	437162	4295.4537726082335	0.75
11940.76726983312	750	16.666164932763188	0.0	374758	3693.706188815854	0.75
11944.34561953285	750	17.087815233033105	0.0	362795	3578.3496997300863	0.75
11950.282736061781	1200	15.1506987041034	0.0	607410	5937.116528929704	0.75
11956.091295145883	1200	13.342139620002872	0.0	594078	5808.559084100527	1.2
11962.191104534784	1200	11.242330231100329	0.0	624282	6099.809388902542	1.2
11968.899266806737	1200	8.534167959147382	0.0	687371	6708.162271952948	1.2
11974.060525849096	1200	7.372908916788007	0.0	526950	5161.259042359375	1.2
11979.809280457288	1200	5.6241543085973635	0.0	587876	5748.754608190644	1.2
11985.84120472681	1200	4.0	0.40776996092343504	617242	6031.924269520799	-0.5534108319707707
11989.517602138738	750	4.323602588071963	0.0	372963	3676.3974119280374	0.3
11993.508672150208	750	4.332532576600679	0.0	405596	3991.070011471283	0.75
11996.970517870908	750	4.870686855900455	0.0	350713	3461.8457207002243	0.75
12000.777179498424	750	5.064025228386056	0.0	386472	3806.661627514399	0.75
12004.713266420305	750	5.127938306504928	0.0	399894	3936.0869218811267	0.75
12008.668243533786	750	5.172961193023115	0.0	401853	3954.977113481814	0.75
12012.063428767231	750	5.777775959579423	0.0	343800	3395.1852334436917	0.75
12015.613891568488	750	6.227313158322632	0.0	359903	3550.462801256791	0.75
12019.065810115992	750	6.775394610819039	0.0	379700	3451.9185475035924	0.75
12022.92162401983	750	6.919580706980997	0.0	425781	3855.8139038380423	0.75
12025.464401678106	750	8.376803048705296	0.0	277716	2542.7776582756997	0.75
12029.09510211763	750	8.7461026091809	0.0	400396	3630.7004395243957	0.75
12032.726795769997	750	9.114408956814152	0.0	400508	3631.693652366748	0.75
12035.983462894657	750	9.85774183215369	0.0	358218	3256.6671246604606	0.75
12039.613507104268	750	10.227697622542994	0.0	400322	3630.0442096106976	0.75
12041.885636837187	750	11.955567889624769	0.0	369834	2272.1297329182257	0.75
12044.128819414647	750	13.712385312163438	0.0	412837	2243.182577461329	0.75
12046.31043960283	750	15.53076512398067	0.0	401088	2181.6201881827683	0.75
12048.303809560388	750	17.537395166422705	0.0	365161	1993.369957557962	0.75
12050.06612013587	750	19.775084590941233	0.0	321064	1762.3105754814712	0.75
12055.064126627129	1850	18.777078099682708	0.0	938587	4998.006491258527	0.75
12059.90534787607	1850	17.93585685074209	0.0	908665	4841.221248940619	1.85
12064.861383583593	1850	16.979821143220157	0.0	930577	4956.035707521931	1.85
12069.43948836495	1850	16.40171636186171	0.0	858450	4578.104781358449	1.85
12074.890307738724	1850	14.95089698808768	0.0	1025005	5450.81937377403	1.85
12079.61410510957	1850	14.227099617241583	0.0	886255	4723.797370846097	1.85
12084.797521860817	1850	13.04368286599311	0.0	973972	5183.416751248473	1.85
12089.919757775097	1850	11.921446951714511	0.0	958994	5122.2359142786	1.85
12097.985446239196	2850	7.855758487614769	0.0	1483527	8065.688464099743	1.85
12104.694259852462	2850	5.146944874349615	0.0	1231456	6708.813613265153	2.85
12112.11943616522	2850	4.0	2.2782314384086084	1364537	7425.1763127582235	-6.946395185157016

