10665.462171243182	750	4.0	3.937062799333249	450283	3937.062799333249	-16.17937003713297
10666.077045781616	300	7.3851254615647886	0.0	155580	614.8745384352118	-0.15000000000000002
10667.363116012864	750	10.099055230316983	0.0	350812	1286.0702312478052	0.3
10669.262478952143	1200	12.199692291038268	0.0	617681	1899.3629392787159	0.75
10672.187089822703	1850	13.275081420479268	0.0	996749	2924.610870558999	1.2000000000000002
10675.760991802428	2850	13.701179440752616	0.0	1224260	3573.9019797266515	1.85
10680.843634266823	2850	12.618536976357374	0.0	1388403	5082.642464395241	2.85
10684.466831335878	1850	12.995339907303372	0.0	1060487	3623.1970690540043	0.8500000000000001
10686.954222698316	1850	14.507948544865348	0.0	852833	2487.391362438022	1.85
10693.562795438775	2850	11.899375804406912	0.0	1429765	6608.572740458438	1.85
10696.010220847678	1850	13.451950395503399	0.0	939819	2447.4254089035107	0.8500000000000001
10699.822336753217	2850	13.639834489963112	0.0	1519951	3812.115905540287	1.85
10706.715578931779	2850	10.746592311402077	0.0	1422919	6893.242178561034	2.85
10708.230776550427	1200	13.231394692753032	0.0	687371	1515.197618649044	-0.44999999999999996
10710.881974537391	2850	14.580196705789266	0.0	1231445	2651.1979869637676	1.2000000000000002
10714.033487570205	2850	15.4286836729759	0.0	1471065	3151.513032813366	2.85
10718.894248178736	4300	14.567923064444392	0.0	2289689	4860.760608531507	2.8499999999999996
10733.172523717327	2850	4.28964752585278	0.0	1358801	14278.275538591612	1.4000000000000001
10736.355208912475	300	5.106962330704898	0.0	165384	3182.6851951478816	-2.25
10738.645985570012	300	6.816185673168143	0.0	140881	2290.776657536755	0.3
10741.493364851003	300	7.968806392176755	0.0	157671	2847.379280991389	0.3
10745.603809732354	750	7.858361510824436	0.0	399894	4110.4448813523195	0.3
10749.062482667976	750	8.399688575204744	0.0	401853	3458.6729356196915	0.75
10752.258484750177	750	9.203686493004785	0.0	343800	3196.0020821999587	0.75
10759.585182630955	1200	5.8769886122243715	0.0	587236	7326.6978807804135	0.75
10760.574889404426	300	8.887281838753953	0.0	153938	989.7067734704174	-0.6000000000000001
10762.164407402583	750	11.29776384059967	0.0	425781	1589.5179981542833	0.3
10764.642776113393	1850	12.819395129788434	0.0	758197	2478.368710811235	0.75
10767.49903349179	1850	13.963137751393218	0.0	972798	2856.2573783952157	1.85
10772.125939047073	2850	13.336232196108002	0.0	1561263	4626.905555285216	1.85
10777.03963705549	2850	12.422534187691312	0.0	1341201	4913.698008416691	2.85
10780.303362847484	1850	13.158808395697179	0.0	954453	3263.725791994132	0.8500000000000001
10784.30622353386	2850	13.155947709322536	0.0	1358081	4002.860686374643	1.85
10791.0702166344	2850	10.39195460878191	0.0	1587293	6763.993100540624	2.85
10792.888979620435	1200	12.573191622747498	0.0	690253	1818.7629860344123	-0.44999999999999996
10795.277211077779	1850	14.18496016540239	0.0	943942	2388.231457345107	1.2000000000000002
10801.500405365137	2850	11.96176587804536	0.0	1139291	6223.194287357029	1.85
10803.662962836457	1850	13.799208406726036	0.0	938587	2162.5574713193228	0.8500000000000001
10806.7234683077	2850	14.73870293548285	0.0	1427478	3060.505471243186	1.85
10809.731376181415	2850	15.730795061769074	0.0	1402287	3007.907873713776	2.85
10814.21380407282	4300	15.24836717036408	0.0	2108491	4482.427891404994	2.8499999999999996
10838.465485465058	4300	4.0	9.003314221872824	2184571	24251.681392236904	-34.41425115405314
10839.92570269306	300	6.539782771996821	0.0	145210	1460.2172280031791	-3.7
10841.511170958236	300	8.95431450682096	0.0	172312	1585.4682651758621	0.3
10844.94452434003	750	9.520961125026366	0.0	398987	3433.3533817945945	0.3
10850.850481007335	1200	7.615004457719721	0.0	638661	5905.956667306646	0.75
10855.734846554376	750	6.730638910679098	0.0	331053	4884.365547040622	0.3
10856.363069457853	300	10.102416007202821	0.0	118421	628.2229034762764	-0.15000000000000002

