75582.0194260952	750	4.0	8.955702826614747	450283	8955.702826614746	-37.75952215444341
75584.86791332864	300	5.151512766575858	0.0	155580	2848.487233424142	-0.15000000000000002
75587.40168575465	300	6.617740340547989	0.0	139857	2533.7724260278687	0.3
75591.25260298626	300	6.766823108944047	0.0	155432	3850.9172316039426	0.3
75596.2147000633	300	5.804726031899126	0.0	163442	4962.097077044921	0.3
75598.75687336699	300	7.262552728201948	0.0	126289	2542.1733036971777	0.3
75601.63373062521	300	8.385695469991115	0.0	153295	2876.857258210833	0.3
75605.3352909898	300	8.684135105401108	0.0	173849	3701.560364590007	0.3
75609.50229296398	300	8.517133131214884	0.0	150710	4167.001974186225	0.3
75614.70284859985	300	7.316577495337947	0.0	139105	5200.555635876936	0.3
75619.88729727145	300	6.132128823743258	0.0	141840	5184.448671594689	0.3
75629.06871761454	300	4.0	3.0492915193641874	156148	9181.420343107446	-12.811953533266005
75634.90059476085	300	4.0	1.8318771462998376	160746	5831.8771462998375	-7.577071729089301
75641.18425551211	300	4.0	2.283660751263022	179801	6283.660751263022	-9.519741230430993
75643.9288635035	300	5.255392008622055	0.0	140051	2744.607991377945	0.3
75646.7372488424	300	6.447006669716901	0.0	138313	2808.3853389051546	0.3
75649.27962705032	300	7.9046284618039415	0.0	143509	2542.3782079129587	0.3
75652.15868237377	300	9.025573138335773	0.0	150616	2879.0553234681693	0.3
75656.49976363276	300	8.684491879351064	0.0	165384	4341.081258984708	0.3
75659.68829277938	300	9.495962732738555	0.0	140881	3188.5291466125086	0.3
75662.67004947257	300	10.514206039543366	0.0	157671	2981.7566931951887	0.3
75665.55930315485	300	11.624952357262048	0.0	157812	2889.253682281318	0.3
75669.59318221993	300	11.591073292173263	0.0	163927	4033.8790650887845	0.3
75672.65843379007	300	12.525821722033607	0.0	137654	3065.2515701396574	0.3
75675.80533655696	300	13.37891895512951	0.0	146754	3146.902766904097	0.3
75678.62598271845	300	14.558272793642631	0.0	153938	2820.646161486878	0.3
75681.98550093033	300	15.198754581769764	0.0	181901	3359.5182118728653	0.3
75687.18521706214	750	13.999038449955535	0.0	277716	5199.71613181423	0.3
75697.77754787682	750	7.406707635274204	0.0	400396	10592.33081468133	0.75
75702.8531428003	300	6.331112711793305	0.0	149029	5075.594923480899	-0.15000000000000002
75705.9155251924	300	7.26873031970036	0.0	157421	3062.382392092945	0.3
75708.92741903973	300	8.256836472364055	0.0	157488	3011.8938473363046	0.3
75711.69662513469	300	9.487630377404898	0.0	143881	2769.2060949591587	0.3
75714.76669339872	300	10.417562113376924	0.0	163444	3070.068264027974	0.3
75717.99236176281	300	11.191893749283965	0.0	179328	3225.668364092959	0.3
75721.03561645308	300	12.148639059013092	0.0	159914	3043.2546902708723	0.3
75723.43533119888	300	13.748924313206174	0.0	131610	2399.7147458069176	0.3
75725.81352523694	300	15.370730275150773	0.0	124011	2378.1940380554006	0.3
75734.86531963901	750	10.318935873073634	0.0	378327	9051.79440207714	0.3
75737.65494464633	300	11.5293108657624	0.0	149991	2789.625007311235	-0.15000000000000002
75740.4306969872	300	12.753558524888039	0.0	147968	2775.7523408743623	0.3
75743.52119995473	300	13.663055557351933	0.0	161857	3090.5029675361043	0.3
75746.33679606003	300	14.847459452064617	0.0	145210	2815.5961052873167	0.3
75750.92690644892	300	14.257349063167617	0.0	172312	4590.110388897001	0.3
75754.08712851923	300	15.097126992862473	0.0	167025	3160.2220703051426	0.3
75757.00923206101	300	16.17502345106697	0.0	160064	2922.103541795503	0.3
75763.22432469596	750	13.959930816117307	0.0	331053	6215.092634949663	0.3
75769.38058702818	750	11.803668483898928	0.0	314107	6156.262332218379	0.75

