67978.09461928181	750	4.0	2.135068546255674	450283	2135.068546255674	-8.430794748899398
67980.07394907759	750	6.020670204215699	0.0	398865	1979.3297957843008	0.75
67982.0364439484	750	8.058175333400719	0.0	350812	1962.4948708149805	0.75
67984.02838533383	750	10.066233947966783	0.0	382355	1991.9413854339373	0.75
67986.01523586374	750	12.079383418051833	0.0	411561	1986.8505299149497	0.75
67987.55449531811	750	14.540123963686902	0.0	318564	1539.2594543649318	0.75
67989.34426840006	750	16.75035088175045	0.0	352642	1789.773081936452	0.75
67991.54027663117	750	18.554342650635792	0.0	437162	2196.008231114656	0.75
67994.27925042812	750	19.81536885368357	0.0	374758	2738.9737969522257	0.75
67996.63834387598	750	21.45627540584164	0.0	362795	2359.093447841929	0.75
67998.3495317531	750	23.74508752871419	0.0	353220	1711.1878771274492	0.75
68002.5249882504	1850	23.569631031415767	0.0	917428	4175.456497298424	0.75
68006.91804443674	1850	23.176574845086304	0.0	946851	4393.056186329462	1.85
68012.6231748099	1850	21.47144447193674	0.0	1036454	5705.130373149563	1.85
68016.48948206462	1850	21.605137217198862	0.0	821631	3866.3072547378742	1.85
68021.19028600838	1850	20.904333273449666	0.0	923170	4700.803943749197	1.85
68026.89858380954	1850	19.196035472277526	0.0	966699	5708.297801172139	1.85
68031.27125378777	1850	18.82336549404645	0.0	885714	4372.669978231077	1.85
68036.75596431963	1850	17.338654962190127	0.0	987708	5484.710531856323	1.85
68041.7761065784	1850	16.318512703423757	0.0	923755	5020.14225876637	1.85
68046.55557773609	1850	15.539041545746143	0.0	891604	4779.471157677613	1.85
68051.3379709741	1850	14.756648307725387	0.0	955231	4782.393238020756	1.85
68056.76253864748	1850	13.332080634333574	0.0	968026	5424.5676733918135	1.85
68061.1096213892	1850	12.98499789262794	0.0	874175	4347.0827417056325	1.85
68065.7648059486	1850	12.329813333227339	0.0	897976	4655.184559400602	1.85
68069.99556121639	1850	12.09905806544608	0.0	905935	4230.755267781259	1.85
68075.1631397227	1850	10.931479559128562	0.0	1076599	5167.578506317518	1.85
68079.63361428086	1850	10.46100500096866	0.0	758197	4470.474558159902	1.85
68081.62741430975	750	12.467204972082865	0.0	400396	1993.8000288857943	-0.3500000000000001
68083.46361946194	750	14.630999819891832	0.0	400508	1836.2051521910348	0.75
68085.15623843396	750	16.938380847870388	0.0	358218	1692.6189720214454	0.75
68087.85187494084	750	18.24274434098882	0.0	400322	2695.6365068815635	0.75
68089.72956814202	750	20.36505113980441	0.0	369834	1877.6932011844108	0.75
68091.94769003234	750	22.146929249498637	0.0	412837	2218.1218903057734	0.75
68096.94408955245	1850	21.1505297293883	0.0	1026056	4996.399520110335	0.75
68101.77729930864	1850	20.317319973199886	0.0	943942	4833.209756188414	1.85
68105.53254635498	1850	20.562072926859774	0.0	728962	3755.2470463401114	1.85
68108.73806812911	1200	21.35655115273554	0.0	575591	3205.521774124236	0.5499999999999999
68113.56436180943	1850	20.530257472414956	0.0	908665	4826.293680320586	1.2000000000000002
68118.48345362283	1850	19.61116565900892	0.0	930577	4919.091813406039	1.85
68123.3897732398	1850	18.704846042033715	0.0	858450	4906.319616975203	1.85
68128.78356192801	1850	17.311057353841978	0.0	1025005	5393.788688191737	1.85
68132.77566678655	1850	17.318952495289885	0.0	886255	3992.104858552089	1.85
68137.40648251817	1850	16.688136763678354	0.0	973972	4630.815731611531	1.85
68142.86594508012	1850	15.228674201724681	0.0	958994	5459.462561953673	1.85
68148.41520907456	1850	13.679410207282025	0.0	982064	5549.2639944426555	1.85
68152.8501303236	1850	13.244488958233644	0.0	830730	4434.921249048382	1.85
68157.48603872098	1850	12.608580560857122	0.0	846370	4635.908397376521	1.85

