96706.2946376362	750	4.0	3.889496881149006	450283	3889.496881149006	-15.974836588940725
96707.85807547948	300	6.436562156714829	0.0	155580	1563.4378432851706	-0.15000000000000002
96710.07112819618	300	8.223509440011043	0.0	139857	2213.0527167037853	0.3
96714.40867875199	750	7.885958884198985	0.0	382355	4337.5505558120585	0.3
96718.76534357337	750	7.5292940628258505	0.0	411561	4356.664821373134	0.75
96721.92104309793	750	8.373594538255047	0.0	318564	3155.699524570803	0.75
96725.13313362152	750	9.161504014649124	0.0	352642	3212.090523605925	0.75
96730.76564386641	1200	7.528993769761684	0.0	709534	5632.510244887439	0.75
96734.70595959638	750	7.5886780398045515	0.0	374758	3940.315729957133	0.3
96738.43397751714	750	7.860660119039876	0.0	362795	3728.0179207646747	0.75
96741.9531495138	750	8.34148812237764	0.0	353220	3519.171996662235	0.75
96745.8796077847	750	8.415029851493022	0.0	405134	3926.4582708846187	0.75
96749.10612562473	750	9.188512011454742	0.0	386351	3226.51784003828	0.75
96755.10654953329	1200	7.188088102895827	0.0	687371	6000.423908558916	0.75
96758.99093075255	750	7.303706883636087	0.0	337059	3884.3812192597393	0.3
96762.60610978061	750	7.688527855578238	0.0	366214	3615.179028057849	0.75
96766.15674947778	750	8.137888158392055	0.0	360831	3550.639697186182	0.75
96770.52076372119	750	7.773873915002477	0.0	372963	4364.014243389578	0.75
96774.85568643389	750	7.438951202288203	0.0	405596	4334.922712714274	0.75
96778.90391165212	750	7.390725984069313	0.0	350713	4048.2252182188904	0.75
96782.50704305313	750	7.787594583055277	0.0	386472	3603.1314010140363	0.75
96786.17263481124	750	8.12200282495527	0.0	399894	3665.591758100007	0.75
96790.62109409316	750	7.673543543039618	0.0	401853	4448.459281915652	0.75
96793.43510946009	750	8.859528176119642	0.0	343800	2814.015366919977	0.75
96796.58944955836	750	9.705188077845904	0.0	359903	3154.340098273739	0.75
96801.98583344015	1200	8.308804196053432	0.0	590335	5396.383881792471	0.75
96806.2988087539	750	7.995828882320224	0.0	425781	4312.975313733207	0.3
96808.61412074346	750	9.68051689275513	0.0	277716	2315.3119895650957	0.75
96813.8136319892	1200	8.48100564701871	0.0	622896	5199.511245736419	0.75
96816.94301730132	750	9.351620334889809	0.0	400508	3129.385312128902	0.3
96821.50777006517	1200	8.78686757103376	0.0	570392	4564.7527638560505	0.75
96824.94429448262	750	9.350343153585223	0.0	400322	3436.5244174485365	0.3
96830.02279989081	1200	8.271837745401223	0.0	584349	5078.505408184	0.75
96833.83668234826	750	8.457955287936032	0.0	412837	3813.8824574651903	0.3
96837.76554208301	750	8.52909555318692	0.0	401088	3928.859734749112	0.75
96840.7591551849	750	9.535482451289019	0.0	365161	2993.613101897902	0.75
96846.22938748595	1200	8.06525015024855	0.0	487812	5470.232301040468	0.75
96849.30346889366	750	8.99116874254077	0.0	361565	3074.0814077077803	0.3
96852.77753098319	750	9.517106653006477	0.0	378327	3474.0620895342918	0.75
96858.23287918729	1200	8.061758448914441	0.0	587506	5455.348204092038	0.75
96861.49788396042	750	8.796753675794873	0.0	345516	3265.004773119567	0.3
96864.83251353307	750	9.462124103137153	0.0	384505	3334.62957265772	0.75
96869.33657814079	1200	8.958059495411018	0.0	599477	4504.064607726135	0.75
96873.27190282267	750	9.022734813540193	0.0	438281	3935.3246818708253	0.3
96878.4722036541	1200	7.8224339821010105	0.0	630203	5200.300831439183	0.75
96881.68611251941	750	8.608525116792379	0.0	393804	3213.908865308632	0.3
96884.45707759919	750	9.83756003701975	0.0	331053	2770.965079772628	0.75
96889.30020068848	1200	8.994436947721004	0.0	550906	4843.123089298746	0.75

