90203.35862836237	750	4.0	3.695226970622181	450283	3695.2269706221814	-15.139475973675378
90204.40638975479	300	6.952238607584922	0.0	155580	1047.7613924150778	-0.15000000000000002
90206.5026917598	750	8.85593660257402	0.0	350812	2096.3020050109026	0.3
90208.049360907	750	11.309267455369508	0.0	382355	1546.6691472045138	0.75
90211.32877527241	1200	12.029853089963481	0.0	652874	3279.4143654060267	0.75
90213.0762030436	1200	14.282425318781941	0.0	520315	1747.4277711815387	1.2
90219.42013690862	1200	11.938491453760575	0.0	561791	6343.933865021367	1.2
90221.08064354643	1200	14.277984815950788	0.0	709534	1660.506637809788	1.2
90222.47023930452	1200	16.88838905787674	0.0	584846	1389.5957580740471	1.2
90223.80756948581	1200	19.551058876569478	0.0	560821	1337.3301813072628	1.2
90225.24934967133	1200	22.10927869104175	0.0	607410	1441.7801855277255	1.2
90230.19254481126	1200	21.166083551108073	0.0	594078	4943.19513993368	1.2
90233.75417753504	1850	21.60445082732511	0.0	946851	3561.632723782965	1.2000000000000002
90235.36719734834	1850	23.99143101403199	0.0	1036454	1613.0198132931216	1.85
90238.84902219921	1850	24.509606163166254	0.0	821631	3481.8248508657357	1.85
90241.88931014287	1850	25.46931821950103	0.0	923170	3040.2879436652206	1.85
90245.00593865823	1850	26.352689704153672	0.0	966699	3116.6285153473596	1.85
90246.2944139679	1850	29.064214394469875	0.0	885714	1288.4753096837965	1.85
90249.2385676744	2850	30.12006068798262	0.0	1537156	2944.1537064872573	1.85
90252.91163565322	2850	30.44699270917244	0.0	1336050	3673.067978810177	2.85
90259.53972974187	4300	27.818898620507003	0.0	2039773	6628.094088665441	2.8499999999999996
90265.4111928258	4300	25.947435536564715	0.0	2176469	5871.46308394229	4.3
90272.43623735	4300	22.922391012366084	0.0	2221506	7025.044524198633	4.3
90276.00756550612	4300	23.351062856251215	0.0	2044075	3571.328156114868	4.3
90285.64544391756	4300	17.713184444814903	0.0	2186790	9637.878411436312	4.3
90294.4797179959	2850	12.878910366477898	0.0	1480464	8834.274078337005	1.4000000000000001
90297.69840817295	2850	13.660220189425312	0.0	1547572	3218.690177052586	2.85
90299.00530412904	1850	16.35332423334591	0.0	758197	1306.895956079402	0.8500000000000001
90300.53738228863	1850	18.821246073749798	0.0	972798	1532.0781595961146	1.85
90305.68683077907	1850	17.67179758330973	0.0	975811	5149.448490440069	1.85
90307.3528559174	1850	20.00577244499224	0.0	873429	1666.0251383174918	1.85
90309.59281861823	2850	21.765809744160094	0.0	1497683	2239.9627008321436	1.85
90314.29612222103	2850	21.062506141364548	0.0	1358081	4703.303602795547	2.85
90320.16782874816	2850	19.190799614220246	0.0	1587293	5871.706527144301	2.85
90324.98527891818	2850	18.373349444216977	0.0	1492672	4817.450170003272	2.85
90328.97148806906	2850	18.387140293335303	0.0	1439896	3986.209150881673	2.85
90330.74943303707	2850	20.609195325320847	0.0	1139291	1777.9449680144533	2.85
90333.3557604298	2850	22.002867932598427	0.0	1499009	2606.3273927224227	2.85
90338.40020311032	2850	20.95842525208163	0.0	1427478	5044.442680516798	2.85
90343.49875297959	2850	19.859875382815712	0.0	1402287	5098.5498692659185	2.85
90345.4867344213	2850	21.87189394110961	0.0	1339500	1987.9814417061014	2.85
90349.93111733947	4300	21.42751102293999	0.0	2184571	4444.382918169625	2.8499999999999996
90357.7974246056	4300	17.561203756804765	0.0	2121928	7866.30726613522	4.3
90362.13367679635	4300	17.224951566054667	0.0	2219102	4336.252190750099	4.3
90368.81333722314	4300	14.545291139255427	0.0	2124950	6679.660426799242	4.3
90374.09399805118	4300	13.264630311211608	0.0	2246506	5280.66082804382	4.3
90381.84779384782	4300	9.510834514584156	0.0	1961140	7753.795796627453	4.3
90386.7341936667	4300	8.624434695693438	0.0	2155012	4886.399818890716	4.3

