75802.8116042165	750	4.0	2.3062887652801884	450283	2306.2887652801883	-9.16704169070481
75803.61543780874	300	7.196166407766428	0.0	155580	803.8335922335727	-0.15000000000000002
75805.27595957318	750	9.535644643321664	0.0	350812	1660.5217644447632	0.3
75808.26898034237	1200	10.542623874132383	0.0	617681	2993.020769189282	0.75
75812.17788078626	1200	10.63372343024349	0.0	652874	3908.900443888893	1.2
75814.59387494365	1200	12.217729272858714	0.0	520315	2415.994157384776	1.2
75817.68617335218	1200	13.125430864318666	0.0	561791	3092.2984085400476	1.2
75823.14707209844	1850	11.664532118061398	0.0	1060487	5460.898746257268	1.2000000000000002
75827.25649552276	1850	11.555108693738601	0.0	852833	4109.423424322798	1.85
75831.85440376203	1850	10.957200454467129	0.0	913888	4597.908239271471	1.85
75836.78090277361	1850	10.030701442898218	0.0	939819	4926.499011568912	1.85
75841.47663064954	1850	9.334973566969705	0.0	917428	4695.727875928515	1.85
75845.6310792459	1850	9.180524970614675	0.0	946851	4154.44859635503	1.85
75850.81951281984	1850	7.992091396674421	0.0	1036454	5188.433573940254	1.85
75854.7603203159	1850	8.051283900611809	0.0	821631	3940.807496062612	1.85
75859.2581582389	1850	7.5534459776033565	0.0	923170	4497.837923008453	1.85
75865.6093944178	1850	5.202209798715279	0.0	966699	6351.236178888078	1.85
75868.47366827175	1200	6.337935944752103	0.0	581493	2864.2738539631755	0.5499999999999999
75871.5212965746	1200	7.290307641888952	0.0	639204	3047.628302863151	1.2
75874.38536880359	1200	8.426235412904028	0.0	586839	2864.0722289849255	1.2
75878.3854709665	1200	8.426133249988947	0.0	601738	4000.1021629150805	1.2
75882.75718339537	1200	8.05442082112643	0.0	616206	4371.712428862518	1.2
75885.98141455493	1200	8.830189661564894	0.0	656471	3224.2311595615347	1.2
75888.41611724366	1200	10.395486972841335	0.0	536667	2434.70268872356	1.2
75891.05233536153	1200	11.759268854975929	0.0	587236	2636.218117865405	1.2
75894.15446564506	1200	12.657138571435402	0.0	590335	3102.130283540528	1.2
75897.6500731169	1200	13.161531099588847	0.0	696376	3495.607471846556	1.2
75901.39586439953	1850	13.415739816983208	0.0	758197	3745.791282605639	1.2000000000000002
75905.6914064811	1850	13.120197735407205	0.0	972798	4295.542081576005	1.85
75910.5067500782	1850	12.304854138313015	0.0	975811	4815.34359709419	1.85
75915.12905571077	1850	11.682548505738675	0.0	873429	4622.30563257434	1.85
75919.5071115999	1850	11.30449261660917	0.0	954453	4378.055889129504	1.85
75923.57053009041	1850	11.241074126108268	0.0	885062	4063.418490500902	1.85
75928.34532968805	1850	10.466274528470924	0.0	1035329	4774.799597637345	1.85
75933.5547736033	1850	9.25683061320067	0.0	1026056	5209.443915270254	1.85
75937.94623374645	1850	8.865370470050458	0.0	943942	4391.4601431502115	1.85
75941.26174360451	1850	9.549860611996468	0.0	728962	3315.5098580539893	1.85
75946.29050968304	1850	8.521094533469142	0.0	938587	5028.7660785273265	1.85
75950.59977647595	1850	8.211827740558	0.0	908665	4309.26679291114	1.85
75954.90208245262	1850	7.909521763891053	0.0	930577	4302.305976666948	1.85
75959.05159323638	1850	7.760010980139414	0.0	858450	4149.510783751639	1.85
75963.97237686366	1850	6.83922735284597	0.0	1025005	4920.783627293445	1.85
75968.27337451298	1850	6.538229703520126	0.0	886255	4300.997649325844	1.85
75973.13409146843	1850	5.677512748087597	0.0	973972	4860.716955432529	1.85
75977.88621642966	1850	4.9253877868461835	0.0	958994	4752.124961241414	1.85
75982.73244479638	1850	4.07915942012721	0.0	982064	4846.228366718973	1.85
75986.7031593094	1850	4.108444907107233	0.0	830730	3970.714513019977	1.85
75990.73691997006	1850	4.074684246447415	0.0	846370	4033.7606606598183	1.85

