78710.97729571478	750	4.0	1.8348021232063272	450283	1834.8021232063272	-7.139649129787206
78712.83638851985	750	6.140907194933587	0.0	398865	1859.092805066413	0.75
78713.86003227849	750	9.117263436299229	0.0	350812	1023.6437586343591	0.75
78716.23964284621	1850	10.737652868577463	0.0	933276	2379.610567721766	0.75
78719.71291605712	1850	11.264379657657507	0.0	996749	3473.273210919955	1.85
78722.49274875326	1850	12.484546961535397	0.0	801058	2779.832696122109	1.85
78726.15252062884	1850	12.824775085947804	0.0	905515	3659.7718755875935	1.85
78730.8046769465	1850	12.172618768283566	0.0	1060487	4652.156317664237	1.85
78734.48134228996	1850	12.495953424837369	0.0	852833	3676.6653434461964	1.85
78737.80434095881	1850	13.172954755973384	0.0	913888	3322.9986688639856	1.85
78741.26420554753	1850	13.71309016726731	0.0	939819	3459.8645887060734	1.85
78745.31715495474	1850	13.660140760040765	0.0	917428	4052.9494072265447	1.85
78748.86710520109	1850	14.110190513695303	0.0	946851	3549.9502463454633	1.85
78753.13062118612	1850	13.846674528663273	0.0	1036454	4263.515985032029	1.85
78755.69634874591	1850	15.280946968868488	0.0	821631	2565.7275597947873	1.85
78758.45226181709	1850	16.525033897702684	0.0	923170	2755.913071165804	1.85
78765.51895477147	2850	13.45834094330744	0.0	1491626	7066.692954395242	1.85
78770.64094161948	2850	12.336354095293697	0.0	1358801	5121.986848013744	2.85
78777.83817545109	2850	9.139120263689037	0.0	1537156	7197.23383160466	2.85
78781.8428092878	1850	9.134486426966992	0.0	923755	4004.633836722045	0.8500000000000001
78786.1127137765	1850	8.864581938265617	0.0	891604	4269.904488701375	1.85
78790.55368826148	1850	8.423607453292814	0.0	955231	4440.974484972804	1.85
78795.12219700534	1850	7.8550987094225775	0.0	968026	4568.508743870237	1.85
78798.71029075312	1850	8.267004961642005	0.0	874175	3588.0937477805724	1.85
78802.83275056524	1850	8.144545149520184	0.0	897976	4122.459812121822	1.85
78805.90447086419	1850	9.072824850569592	0.0	905935	3071.7202989505918	1.85
78810.23470421044	1850	8.742591504330528	0.0	1076599	4330.233346239063	1.85
78813.5525879465	1850	9.424707768256331	0.0	758197	3317.8837360741986	1.85
78818.52759532006	1850	8.449700394695602	0.0	972798	4975.0073735607275	1.85
78823.13308748492	1850	7.844208229834914	0.0	975811	4605.492164860689	1.85
78829.87972272649	1850	5.09757298826259	0.0	873429	6746.635241572324	1.85
78831.94918754927	750	7.028108165495347	0.0	400322	2069.4648227672437	-0.3500000000000001
78833.46846745399	750	9.508828260775633	0.0	369834	1519.2799047197122	0.75
78836.17023090427	750	10.807064810480075	0.0	412837	2701.7634502955593	0.75
78837.80688009046	750	13.170415624298476	0.0	401088	1636.6491861815987	0.75
78840.67316896109	1200	14.304126753671142	0.0	598727	2866.2888706273343	0.75
78843.90520028191	1850	15.072095432860653	0.0	728962	3232.0313208104885	1.2000000000000002
78848.0446150503	1850	14.932680664464568	0.0	938587	4139.4147683960855	1.85
78852.60894747365	1850	14.368348241125322	0.0	908665	4564.332423339247	1.85
78856.29542705278	1850	14.681868661992619	0.0	930577	3686.4795791327006	1.85
78858.33197566589	1850	16.645320048889364	0.0	858450	2036.5486131032544	1.85
78861.93774828258	1850	17.039547432184076	0.0	1025005	3605.772616705285	1.85
78864.83898252824	1850	18.13831318653355	0.0	886255	2901.234245650524	1.85
78868.77995027768	1850	18.19734543710896	0.0	973972	3940.9677494245907	1.85
78872.85836071539	1850	18.118934999389957	0.0	958994	4078.4104377190047	1.85
78879.08631055614	2850	15.890985158638872	0.0	1483527	6227.949840751085	1.85
78886.4166933414	4300	12.560602373397371	0.0	1961140	7330.3827852415025	2.8499999999999996
78895.22660170999	4300	7.750694004789773	0.0	2155012	8809.908368607597	4.3

