37622.757151540645	750	4.0	5.36343585349939	450283	5363.43585349939	-22.312774170047376
37624.68534715771	300	6.071804382935299	0.0	155580	1928.1956170647004	-0.15000000000000002
37626.54831608028	300	8.208835460363902	0.0	139857	1862.9689225713973	0.3
37628.5568597447	300	10.200291795947	0.0	155432	2008.5436644169004	0.3
37630.60726337194	300	12.14988816870721	0.0	163442	2050.4036272397925	0.3
37632.200408701494	300	14.55674283915139	0.0	126289	1593.1453295558201	0.3
37634.11211144766	300	16.645040092985273	0.0	153295	1911.702746166117	0.3
37636.23475150306	300	18.522400037581086	0.0	173849	2122.640055404189	0.3
37640.69538921739	750	18.061762323253962	0.0	374758	4460.637714327123	0.3
37645.30019332909	750	17.456958211557907	0.0	362795	4604.804111696056	0.75
37647.08469303718	300	19.67245850347446	0.0	141840	1784.4997080834466	-0.15000000000000002
37651.81622421989	750	18.94092732076386	0.0	405134	4731.531182710601	0.3
37656.349605799776	750	18.407545740875165	0.0	386351	4533.381579888694	0.75
37661.56726454103	750	17.189886999623944	0.0	434409	5217.658741251219	0.75
37663.24351530532	300	19.513636235330218	0.0	140051	1676.2507642937278	-0.15000000000000002
37667.64490765177	750	19.112243888888738	0.0	366214	4401.39234644148	0.3
37672.07490871141	750	18.682242829244633	0.0	360831	4430.001059644105	0.75
37676.51816644933	750	18.238985091322444	0.0	372963	4443.257737922186	0.75
37681.63974890121	750	17.11740263943998	0.0	405596	5121.582451882463	0.75
37683.37249628705	300	19.384655253603615	0.0	140881	1732.747385836366	-0.15000000000000002
37688.10197332943	750	18.655178211217294	0.0	386472	4729.477042386317	0.3
37693.06064165006	750	17.696509890592317	0.0	399894	4958.668320624975	0.75
37694.9956478742	300	19.76150366644889	0.0	163927	1935.0062241434307	-0.15000000000000002
37699.112784287	750	19.644367253650763	0.0	343800	4117.136412798125	0.3
37703.28780021915	750	19.46935132150417	0.0	359903	4175.015932146591	0.75
37707.8739647925	750	18.88318674814394	0.0	379700	4586.164573360233	0.75
37712.83977086621	750	17.91738067443787	0.0	425781	4965.806073706072	0.75
37716.20626987344	750	18.550881667203406	0.0	277716	3366.4990072344635	0.75
37721.0704474528	750	17.68670408783423	0.0	400396	4864.177579369172	0.75
37722.9151894245	300	19.841962116142696	0.0	149029	1844.7419716915351	-0.15000000000000002
37727.15641628594	750	19.600735254704766	0.0	358218	4241.226861437929	0.3
37731.85396026423	750	18.903191276417523	0.0	400322	4697.543978287242	0.75
37736.70560195267	750	18.051549587970477	0.0	369834	4851.641688447049	0.75
37738.79477328137	300	19.962378259269023	0.0	163444	2089.1713287014545	-0.15000000000000002
37743.587297915336	750	19.169853625309155	0.0	401088	4792.524633959868	0.3
37747.87497434289	750	18.882177197750945	0.0	365161	4287.67642755821	0.75
37751.7680341799	750	18.989117360742764	0.0	321064	3893.0598370081802	0.75
37756.00061287894	750	18.756538661701594	0.0	361565	4232.578699041168	0.75
37760.61798454771	750	18.139166992931607	0.0	378327	4617.37166876999	0.75
37762.40500609197	300	20.35214544867717	0.0	149991	1787.0215442544377	-0.15000000000000002
37766.608226369	750	20.148925171648415	0.0	345516	4203.220277028755	0.3
37771.44756471671	750	19.309586823931024	0.0	384505	4839.3383477173875	0.75
37776.00191148204	750	18.755240058605064	0.0	372093	4554.346765325961	0.75
37781.27718608456	750	17.47996545608088	0.0	438281	5275.274602524183	0.75
37783.26607989959	300	19.491071641044655	0.0	167025	1988.893815036227	-0.15000000000000002
37788.277464194056	750	18.47968734658185	0.0	393804	5011.384294462807	0.3
37789.959156416735	300	20.797995123907874	0.0	137507	1681.6922226739775	-0.15000000000000002
37793.642243330534	750	21.114908210113533	0.0	314107	3683.0869137943405	0.3

