87367.76439796489	750	4.0	1.304571465725398	450283	1304.571465725398	-4.859657302619211
87368.79705418013	750	6.967343784744956	0.0	398865	1032.656215255044	0.75
87369.68168923563	750	10.082708729254044	0.0	350812	884.6350554909119	0.75
87370.53811001587	750	13.22628794901271	0.0	382355	856.4207802413341	0.75
87374.17813361477	1850	13.586264350119436	0.0	996749	3640.023598893272	0.75
87377.91437412797	1850	13.850023836916826	0.0	801058	3736.2405132026106	1.85
87380.0204517825	1850	15.743946182373671	0.0	905515	2106.0776545431545	1.85
87384.63509577108	1850	15.129302193799926	0.0	1060487	4614.643988573746	1.85
87386.965078961	1850	16.799319003889405	0.0	852833	2329.9831899105193	1.85
87391.01798324285	1850	16.746414722040175	0.0	913888	4052.9042818492308	1.85
87396.48098801172	1850	15.283409953174266	0.0	939819	5463.0047688659115	1.85
87398.29074244261	750	17.473655522282037	0.0	405134	1809.7544308922286	-0.3500000000000001
87399.83853973409	750	19.92585823079817	0.0	386351	1547.7972914838667	0.75
87403.61485151137	1850	20.149546453519893	0.0	1036454	3776.3117772782803	0.75
87405.73445297053	1850	22.029944994354548	0.0	821631	2119.6014591653457	1.85
87407.23936946626	1850	24.525028498625687	0.0	923170	1504.9164957288604	1.85
87445.62104158082	4300	4.0	13.85664361592099	2289689	38381.67211454668	-57.733567548460265
87449.94837550758	300	4.0	0.3273339267677848	150616	4327.333926767785	-5.107535885101474
87452.02517350721	300	5.923202000361906	0.0	165384	2076.7979996380936	0.3
87452.77820328115	300	9.170172226419126	0.0	140881	753.0297739427785	0.3
87457.48389953616	1850	8.464475971403488	0.0	891604	4705.696255015638	0.30000000000000004
87461.32481467167	1850	8.623560835898301	0.0	955231	3840.9151355051877	1.85
87464.21913646141	1850	9.729239046153301	0.0	968026	2894.321789744999	1.85
87470.3219331294	1850	7.6264423781537625	0.0	874175	6102.796667999539	1.85
87473.95331728486	1850	7.9950582226930385	0.0	897976	3631.3841554607247	1.85
87476.28229632934	1850	9.666079178214325	0.0	905935	2328.9790444787145	1.85
87480.19906000057	1850	9.749315506995583	0.0	1076599	3916.763671218741	1.85
87482.12993272244	1850	11.81844278513655	0.0	758197	1930.8727218590311	1.85
87485.57985783629	1850	12.36851767127401	0.0	972798	3449.9251138625414	1.85
87491.20628466812	1850	10.742090839443062	0.0	975811	5626.426831830948	1.85
87492.7239391142	750	13.224436393341689	0.0	358218	1517.654446101374	-0.3500000000000001
87493.9454387411	750	16.002936766463307	0.0	400322	1221.4996268783798	0.75
87496.81149216599	1850	17.136883341574517	0.0	885062	2866.0534248887893	0.75
87500.48387700574	1850	17.464498501811626	0.0	1035329	3672.3848397628894	1.85
87502.32397290478	1850	19.62440260278075	0.0	1026056	1840.0958990308757	1.85
87506.26615886556	1850	19.682216641993545	0.0	943942	3942.185960787209	1.85
87510.28535911243	1850	19.663016395115758	0.0	728962	4019.2002468777846	1.85
87513.26094947683	1850	20.687426030720243	0.0	938587	2975.5903643955157	1.85
87516.10843302702	1850	21.83994248052174	0.0	908665	2847.483550198502	1.85
87518.20926347228	1850	23.73911203527267	0.0	930577	2100.8304452490706	1.85
87521.65035901855	1850	24.29801648899291	0.0	858450	3441.0955462797574	1.85
87526.4747558687	1850	23.473619638855894	0.0	1025005	4824.396850137018	1.85
87531.00791503694	1850	22.940460470601618	0.0	886255	4533.159168254275	1.85
87533.30263168219	1850	24.645743825365685	0.0	973972	2294.716645235935	1.85
87537.32938130743	1850	24.61899420013297	0.0	958994	4026.7496252327164	1.85
87541.01147149436	1850	24.936904013200866	0.0	982064	3682.090186932103	1.85
87545.72894041598	1850	24.21943509158458	0.0	830730	4717.468921616287	1.85
87547.08875509031	1850	26.859620417253595	0.0	846370	1359.814674330983	1.85

