28188.97484640119	750	4.0	11.728435394174612	450283	11728.435394174612	-49.68227219495083
28192.43559897727	300	4.539247423917958	0.0	155580	3460.7525760820417	-0.15000000000000002
28196.313591868704	300	4.6612545324881065	0.0	139857	3877.992891429851	0.3
28199.666133397983	300	5.308713003210438	0.0	155432	3352.5415292776684	0.3
28203.561287558776	300	5.4135588424180225	0.0	163442	3895.154160792415	0.3
28206.386057798165	300	6.588788603028469	0.0	126289	2824.7702393895534	0.3
28211.496948782493	300	5.47789761870003	0.0	153295	5110.890984328438	0.3
28219.06994307992	300	4.0	2.095096678729311	173849	7572.994297429342	-8.708915718536035
28222.26988134042	300	4.800061739500803	0.0	150710	3199.938260499197	0.3
28225.40340384935	300	5.666539230574187	0.0	139105	3133.522508926616	0.3
28228.527233482808	300	6.54270959711423	0.0	141840	3123.8296334599563	0.3
28231.716219366015	300	7.353723713907275	0.0	156148	3188.985883206956	0.3
28239.673543973386	750	4.0	0.6036008934658894	386351	7957.324607373164	-2.2954838419033243
28244.565440198698	300	4.0	0.8918962253110331	179801	4891.896225311033	-3.9851537688374425
28247.46024325331	300	5.105196945387083	0.0	140051	2894.8030546129175	0.3
28250.234511585924	300	6.330928612773138	0.0	138313	2774.268332613944	0.3
28253.14797892251	300	7.417461276188649	0.0	143509	2913.4673365844887	0.3
28260.636446641256	750	4.0	0.0710064425576893	372963	7488.4677187463385	-0.00532770299806401
28264.05018944189	300	4.586257199367304	0.0	165384	3413.7428006326963	-0.15000000000000002
28267.26736690336	300	5.369079737894692	0.0	140881	3217.1774614726123	0.3
28270.50959960563	300	6.12684703562558	0.0	157671	3242.232702269112	0.3
28273.913498778064	300	6.722947863191927	0.0	157812	3403.899172433653	0.3
28277.28263556661	300	7.353811074644802	0.0	163927	3369.1367885471254	0.3
28285.093116968383	750	4.0	0.4566703271268434	343800	7810.481401771645	-1.6636824066454265
28290.828633152403	300	4.0	1.7355161840216133	146754	5735.516184021613	-7.6127195912929375
28294.169472851267	300	4.659160301137951	0.0	153938	3340.839698862049	0.3
28298.599900432357	300	4.228732720047793	0.0	181901	4430.427581090158	0.3
28300.82407100008	300	6.004562152321204	0.0	111155	2224.170567726589	0.3
28303.92796049634	300	6.900672656060582	0.0	153605	3103.8894962606214	0.3
28307.064709413633	300	7.763923738767519	0.0	149029	3136.7489172930627	0.3
28315.85191943801	750	4.0	1.0232862856062956	358218	8787.210024373815	-4.1001310281070715
28321.015738216847	300	4.0	1.1638187788387249	157488	5163.818778838725	-5.154420749006517
28326.438831416595	300	4.0	1.4230931997471443	143881	5423.093199747144	-5.81930075891272
28329.82443212391	300	4.614399292685901	0.0	163444	3385.6007073140986	0.3
28333.725792288864	300	4.713039127732733	0.0	179328	3901.360164953169	0.3
28338.55874636262	300	4.0	0.11991494602818238	159914	4832.954073760915	-0.21563426792118418
28341.23247435435	300	5.326272008274782	0.0	131610	2673.7279917252185	0.3
28343.777355018643	300	6.781391343983917	0.0	124011	2544.880664290865	0.3
28346.907254724956	300	7.6514916376686735	0.0	144254	3129.8997063152437	0.3
28354.790976321907	750	4.0	0.23222995928107504	390680	7883.721596949748	-0.6985888249086227
28357.850117866838	300	4.940858455068738	0.0	147968	3059.141544931263	-0.15000000000000002
28361.515233794136	300	5.275742527766666	0.0	161857	3665.1159273020717	0.3
28366.247867090005	300	4.543109231900343	0.0	145210	4732.633295866323	0.3
28370.73268594131	300	4.058290380592091	0.0	172312	4484.818851308252	0.3
28374.217625808076	300	4.573350513828884	0.0	167025	3484.9398667632067	0.3
28378.13369060365	300	4.657285718257103	0.0	160064	3916.0647955717814	0.3
28381.603166468867	300	5.187809853036904	0.0	137507	3469.4758652201976	0.3
28384.146773201603	300	6.644203120300781	0.0	118421	2543.606732736124	0.3

