1165.7211647237364	750	4.0	0.13194324441240088	450283	131.94324441240087	0.1826440490266762
1165.8191119479613	300	7.902052775775054	0.0	155580	97.94722422494593	-0.15000000000000002
1165.9152454158777	300	11.805919307858687	0.0	139857	96.13346791636626	0.3
1166.0131755672837	300	15.707989156452776	0.0	155432	97.93015140591204	0.3
1166.140651962381	750	19.580512761355443	0.0	411561	127.47639509733239	0.3
1166.2806738801894	1200	23.440490843547224	0.0	520315	140.02191780821917	0.75
1166.46513127024	1850	27.256033453496755	0.0	905515	184.45739005046863	1.2000000000000002
1166.809318379108	4300	30.911846344628696	0.0	2290172	344.1871088680606	1.8499999999999996
1167.1264308809102	4300	34.594733842826244	0.0	2055469	317.11250180245133	4.3
1167.4365603457209	4300	38.284604378015636	0.0	2169201	310.129464810604	4.3
1167.6925540299314	4300	42.02861069380511	0.0	2173522	255.99368421052634	4.3
1167.9427930582715	4300	45.77837166546504	0.0	2102452	250.23902834008098	4.3
1168.2016969449112	4300	49.51946777882536	0.0	2209463	258.9038866396761	4.3
1168.4659379165712	4300	53.25522680716544	0.0	2275376	264.24097165991907	4.3
1168.7083184024011	4300	57.01284632133548	0.0	2005399	242.38048582995953	4.3
1169.0284387355796	4300	59.7723346162847	0.0	2152483	240.51170505077323	4.3
1169.499040776271	4300	59.536837910002866	0.0	2289689	235.4967062818336	4.3
1170.6323710454944	4300	59.79772544259582	0.0	2059512	239.11246740704973	4.3
1170.9709682950836	4300	59.53553571870961	0.0	2220726	262.1897238862085	4.3
1171.9668511183763	4300	59.785798069914726	0.0	2156729	249.7376487948844	4.3
1173.12332390421	4300	59.540634264246705	0.0	2039773	245.1638056680162	4.3
1174.1976789501862	4300	59.66911123134147	0.0	2176469	371.5230329052335	4.3
1175.875376762789	4300	59.641678331575534	0.0	2221506	1027.43289976594	4.3
1176.4157905613538	4300	59.906603888711615	0.0	2044075	235.07444286391654	4.3
1177.224464944278	4300	59.6149363751	0.0	2186790	291.6675136116153	4.3
1177.5363598263496	4300	59.927492368720415	0.0	2105231	187.44400637958535	4.3
1179.6452552649462	4300	59.89527008726816	0.0	2395588	2032.2222814522572	4.3
1180.1182468982809	4300	59.65711084917292	0.0	1972048	238.1592380952381	4.3
1181.2722433848808	4300	59.90752880349269	0.0	2134614	249.58204568023834	4.3
1181.617357279531	4300	59.64717907662746	0.0	2164140	260.349726865226	4.3
1182.583736862124	4300	59.91637136922335	0.0	2113193	230.8077074041035	4.3
1183.5009220785312	4300	59.785564698614245	0.0	2147852	130.80667060910704	4.3
1184.4588696043475	4300	59.6597802086051	0.0	2191074	125.78449000914196	4.3
1185.5052273073106	4300	59.51268287502725	0.0	2286761	147.09733357784705	4.3
1186.2470650309676	4300	59.80139419789138	0.0	2307787	211.28867713586686	4.3
1187.1743561642845	4300	59.56302315449342	0.0	2143948	238.3710433979686	4.3
1187.5237069847612	4300	59.942807789214555	0.0	1919781	120.21536527886882	4.3
1187.9137548902122	4300	59.82235156408798	0.0	2147467	120.45622512657482	4.3
1188.6056214577545	4300	59.571214120478956	0.0	2133870	251.13744360902257	4.3
1188.9462194219304	4300	59.83127970035786	0.0	2146120	239.93442012109924	4.3
1189.4468057350698	4300	59.59131831581542	0.0	2108491	239.9613845424372	4.3
1190.6018988238106	4300	59.85408423574344	0.0	2184571	237.2340800719748	4.3
1190.7989694191492	4300	59.67447844240867	0.0	2121928	179.6057933347758	4.3
1190.9443500538116	4300	59.57052052607938	0.0	2219102	103.95791632928476	4.3
1191.6216052707077	4300	59.962604276797826	0.0	2124950	107.91624928155021	4.3
1192.320145656432	4300	59.858003567743005	0.0	2246506	104.6007090548217	4.3
1193.0546903355157	4300	59.74770106653586	0.0	1961140	110.3025012071463	4.3
1194.0691456667885	4300	59.5125944898377	0.0	2155012	235.10657669815564	4.3

