453.42410680849855	750	4.0	0.08596203905991394	450283	85.96203905991393	0.3803632320423701
453.5167871792367	1850	7.907319629261834	0.0	957685	92.68037073816618	0.75
453.62561303822383	4300	11.798493770274744	0.0	2177073	108.82585898709037	1.8499999999999996
453.73422445166307	4300	15.689882356835486	0.0	2160877	108.61141343925853	4.3
453.8437915618915	4300	19.580315246607082	0.0	2233056	109.56711022840119	4.3
453.94949993660185	4300	23.47460687189672	0.0	1941625	105.70837471036081	4.3
454.0580670997928	4300	27.366039708705724	0.0	2157535	108.56716319099635	4.3
454.1683904629176	4300	31.255716345580932	0.0	2290172	110.32336312479312	4.3
454.275606206049	4300	35.14850060244952	0.0	2055469	107.21574313141343	4.3
454.38432783464884	4300	39.03977897384972	0.0	2169201	108.72162859980139	4.3
454.49310667609205	4300	42.931000132406496	0.0	2173522	108.77884144323072	4.3
454.6009445046257	4300	46.82316230387289	0.0	2102452	107.83782853359814	4.3
454.7101992282271	4300	50.71390758027144	0.0	2209463	109.25472360145648	4.3
454.8203266827124	4300	54.603780125786166	0.0	2275376	110.12745448526978	4.3
454.92687946655883	4300	58.497227341939755	0.0	2005399	106.55278384640847	4.3
455.9526147065456	4300	59.88872707050645	0.0	2152483	108.50027143330024	4.3
457.01096406996106	4300	59.77816987307547	0.0	2289689	110.55719743097839	4.3
458.098252836108	4300	59.66842157299422	0.0	2059512	109.74830008124944	4.3
458.98024428405967	4300	59.926196082051206	0.0	2220726	242.22549094301883	4.3
460.02146030161805	4300	59.6854710517764	0.0	2156729	240.72503027480207	4.3
460.68586923583496	4300	59.96351207830968	0.0	2039773	221.95897346672467	4.3
461.634555475655	4300	59.670393938774794	0.0	2176469	293.11813953488377	4.3
462.4257176887109	4300	59.56259688238941	0.0	2221506	107.79705638539141	4.3
463.04399548781225	4300	59.805140561174	0.0	2044075	257.45632121540973	4.3
463.52587621583024	4300	59.70461093610799	0.0	2186790	100.5296250660095	4.3
464.0115126078953	4300	59.612468291551394	0.0	2105231	92.14264455659698	4.3
464.9457583806468	4300	59.80209227892989	0.0	2395588	810.3760126214962	4.3
465.51064379295076	4300	59.54158445284294	0.0	1972048	260.5078260869565	4.3
466.7618723351291	4300	59.77815897486227	0.0	2134614	263.42547798066596	4.3
467.1976179680874	4300	59.51418769048199	0.0	2164140	263.9712843802822	4.3
468.23641343720857	4300	59.790677130210334	0.0	2113193	223.51056027164685	4.3
469.44088082019215	4300	59.55608589314331	0.0	2147852	234.59123706702655	4.3
470.3022926378813	4300	59.82031805725705	0.0	2191074	235.7678358862617	4.3
471.3210575097141	4300	59.583757612242074	0.0	2286761	236.56044501497647	4.3
472.10119732985396	4300	59.79478991558106	0.0	2307787	288.9676966610074	4.3
473.0446230398765	4300	59.528663122309226	0.0	2143948	266.1267932718394	4.3
473.5605871861009	4300	59.81933050757238	0.0	1919781	209.3326147368421	4.3
474.24126640265473	4300	59.592306665039224	0.0	2147467	227.02384253316217	4.3
474.60463611757353	4300	59.84744949459016	0.0	2133870	244.85717044905843	4.3
476.98641635156156	4300	59.675815649831016	0.0	2146120	2171.633844759149	4.3
477.9760651417366	4300	59.99606444935792	0.0	2108491	179.75120047309287	4.3
478.9224800505428	4300	59.88780578980581	0.0	2184571	108.25865955210607	4.3
479.9830177130911	4300	59.73661508315872	0.0	2121928	151.19070664709585	4.3
481.03150129790635	4300	59.62704676870169	0.0	2219102	109.56831445702865	4.3
482.09004960434305	4300	59.527230250662406	0.0	2124950	99.81651803928426	4.3
482.6764937389276	4300	59.92337407756889	0.0	2246506	103.85617309351562	4.3
483.2740337917581	4300	59.82589803189915	0.0	1961140	97.47604566972988	4.3
483.88384774887567	4300	59.73102305692072	0.0	2155012	94.87497497842968	4.3

