1357.2711645658153	750	4.0	0.08532564163217032	450283	85.32564163217032	0.3830997409816676
1357.3583920879917	1200	7.912772477823774	0.0	611087	87.22752217622708	0.75
1357.448773767471	1850	11.822390798344175	0.0	877771	90.38167947959786	1.2000000000000002
1357.5467546190382	2850	15.724409946777056	0.0	1520281	97.98085156712006	1.85
1357.6531656894108	4300	19.617998876404496	0.0	2233056	106.41107037256062	2.8499999999999996
1357.7561299117644	4300	23.51503465405086	0.0	1941625	102.9642223536369	4.3
1357.8616477710195	4300	27.40951679479598	0.0	2157535	105.51785925487877	4.3
1357.9687343706646	4300	31.3024301951508	0.0	2290172	107.08659964518037	4.3
1358.0730450625629	4300	35.198119503252514	0.0	2055469	104.31069189828504	4.3
1358.1787008993458	4300	39.09246366646954	0.0	2169201	105.65583678296866	4.3
1358.2844078419832	4300	42.986756723832045	0.0	2173522	105.7069426374926	4.3
1358.3892742169094	4300	46.88189034890597	0.0	2102452	104.86637492607925	4.3
1358.495406245295	4300	50.775758320520396	0.0	2209463	106.13202838557066	4.3
1358.602317847897	4300	54.668846717918385	0.0	2275376	106.91160260201065	4.3
1358.7060363458274	4300	58.56512821998817	0.0	2005399	103.7184979302188	4.3
1359.6571499827285	4300	59.95967011235955	0.0	2152483	105.45810762862212	4.3
1360.628014401987	4300	59.85706566736665	0.0	2289689	102.60444499290429	4.3
1360.9424769065001	4300	59.593964402242875	0.0	2059512	263.1012651237654	4.3
1361.9107904076245	4300	59.84548827137517	0.0	2220726	248.47613086770983	4.3
1363.0264874025956	4300	59.60755845901818	0.0	2156729	237.92981235697943	4.3
1363.760760507053	4300	59.88930549809642	0.0	2039773	218.25296092176072	4.3
1365.129644465655	4300	59.672873590563285	0.0	2176469	716.4319075331388	4.3
1365.6874429332001	4300	59.930200382325296	0.0	2221506	242.67320823798624	4.3
1366.2990872259395	4300	59.74194086560898	0.0	2044075	188.2595167163191	4.3
1366.8891311722414	4300	59.61861128046966	0.0	2186790	123.32958513931888	4.3
1367.03352190284	4300	59.989773095751666	0.0	2105231	128.83818471799333	4.3
1368.8295943778242	4300	59.55951313119981	0.0	2395588	1430.2599645518612	4.3
1369.059282443812	4300	59.837575353422025	0.0	1972048	221.9377777777778	4.3
1369.187112323643	4300	59.73753555761143	0.0	2134614	100.03979581059673	4.3
1370.1785726569715	4300	59.96570043295769	0.0	2164140	271.8351246537396	4.3
1371.0611596813742	4300	59.84421952509362	0.0	2113193	121.48090786406576	4.3
1372.2640092926495	4300	59.583347777725194	0.0	2147852	260.8717473684211	4.3
1372.8683583595641	4300	59.96216217622143	0.0	2191074	121.1856015037594	4.3
1373.4732486608077	4300	59.861298758305026	0.0	2286761	100.86341791640533	4.3
1374.0939434607187	4300	59.762964800013066	0.0	2307787	98.33395829195631	4.3
1374.9898701388806	4300	59.53618188174178	0.0	2143948	226.78291827128797	4.3
1375.602307760391	4300	59.77453495093161	0.0	1919781	261.6469308101715	4.3
1376.3531680551905	4300	59.53450014888224	0.0	2147467	240.03480204937122	4.3
1376.670024133839	4300	59.84148485593288	0.0	2133870	193.01529294935455	4.3
1376.932637568233	4300	59.73209853158543	0.0	2146120	109.386324347454	4.3
1377.4693811515142	4300	59.50034029496824	0.0	2108491	231.75823661718402	4.3
1378.655946618972	4300	59.76955023457135	0.0	2184571	230.7900603968939	4.3
1378.993834615448	4300	59.538493939863876	0.0	2121928	231.0562947074733	4.3
1379.7146429985557	4300	59.941505599194016	0.0	2219102	96.98834066985646	4.3
1380.4535499346985	4300	59.84396215234159	0.0	2124950	97.54344685242518	4.3
1381.2156409703036	4300	59.74359837918426	0.0	2246506	100.3637731573282	4.3
1381.9848930046812	4300	59.649835993219355	0.0	1961140	93.76238596491228	4.3
1382.8011781957193	4300	59.53943822190666	0.0	2155012	110.39777131270387	4.3

