519.9336336581239	750	4.0	0.11268842105263158	450283	112.68842105263158	0.26543978947368424
520.1677581590312	4300	7.765875499092559	0.0	2123065	234.12450090744102	0.75
520.4058033858915	4300	11.527830272232306	0.0	2177073	238.0452268602541	4.3
520.6426728595758	4300	15.290960798548095	0.0	2160877	236.86947368421053	4.3
520.8847821880694	4300	19.048851470054448	0.0	2233056	242.10932849364792	4.3
521.1057350011365	4300	22.827898656987298	0.0	1941625	220.95281306715063	4.3
521.3423618613906	4300	26.591271796733214	0.0	2157535	236.6268602540835	4.3
521.6047315222015	4300	30.32890213592233	0.0	2290172	262.36966081088224	4.3
521.852782130275	4300	34.08085152784874	0.0	2055469	248.05060807358203	4.3
522.1101312156098	4300	37.82350244251405	0.0	2169201	257.3490853346959	4.3
522.367833576366	4300	41.56580008175779	0.0	2173522	257.7023607562596	4.3
522.6197254108065	4300	45.31390824731733	0.0	2102452	251.8918344404701	4.3
522.8789665172989	4300	49.05466714082504	0.0	2209463	259.2411064922869	4.3
523.1315886889441	4300	52.80204496917971	0.0	2275376	252.62217164532956	4.3
523.363728963956	4300	56.56990469416786	0.0	2005399	232.14027501185396	4.3
523.6131103959143	4300	59.826605841631114	0.0	2152483	243.2988525367473	4.3
524.0316342094557	4300	59.580385224571216	0.0	2289689	246.2206170598911	4.3
525.0682531263857	4300	59.85822736434689	0.0	2059512	222.1578602243313	4.3
527.5348365065304	4300	59.74216620262742	0.0	2220726	1616.0611617194631	4.3
529.1658757807104	4300	59.561907674750046	0.0	2156729	680.2585278773796	4.3
530.0572632620054	4300	59.80160430725382	0.0	2039773	260.3033674962304	4.3
531.1423914574369	4300	59.53458226643749	0.0	2176469	267.0220408163265	4.3
531.7090329178842	4300	59.870314613521415	0.0	2221506	164.26765291607398	4.3
532.27834239793	4300	59.7468467772641	0.0	2044075	123.46783625730995	4.3
532.8755602963084	4300	59.631158649969116	0.0	2186790	115.68812729498163	4.3
533.2230297617893	4300	59.908188802770475	0.0	2105231	222.9698471986418	4.3
533.4714322584863	4300	59.8062373635631	0.0	2395588	101.95143920737644	4.3
533.7310967559758	4300	59.709630643563095	0.0	1972048	96.60672	4.3
534.761765682939	4300	59.98582506882626	0.0	2134614	223.80557473684212	4.3
535.0585931388093	4300	59.7008430170043	0.0	2164140	284.98205182195613	4.3
535.9993661795966	4300	59.946379198634844	0.0	2113193	254.46381836945304	4.3
537.0975501678279	4300	59.70044181572804	0.0	2147852	245.93738290680832	4.3
537.8510242623335	4300	59.959828071137565	0.0	2191074	240.61374459047786	4.3
538.7648335245291	4300	59.71935361499721	0.0	2286761	240.4744561403509	4.3
539.4107743061295	4300	59.94305062722475	0.0	2307787	276.3029877724615	4.3
540.1638456957115	4300	59.71133382934771	0.0	2143948	231.71679787704556	4.3
540.5488244425411	4300	59.98952175178538	0.0	1919781	221.8120775623269	4.3
541.1610509614324	4300	59.72499182697335	0.0	2147467	264.5299248120301	4.3
541.5217459068116	4300	59.92849265132339	0.0	2133870	296.49917564996827	4.3
542.0766823463973	4300	59.64312231639516	0.0	2146120	285.3703349282297	4.3
543.0735987720855	4300	59.98944715587976	0.0	2108491	153.67516051539639	4.3
544.0694096126763	4300	59.873162368170846	0.0	2184571	116.28478770891726	4.3
545.0730019229402	4300	59.77112923947982	0.0	2121928	102.03312869102473	4.3
546.0941106806756	4300	59.671354451398514	0.0	2219102	99.7747880813144	4.3
547.1314131242784	4300	59.573370214424166	0.0	2124950	97.98423697434541	4.3
547.7985346610221	4300	59.91946854936653	0.0	2246506	153.90166505763526	4.3
548.6781765878461	4300	59.94625752179761	0.0	1961140	473.21102756892236	4.3
549.7644541218699	4300	59.816334204413245	0.0	2155012	629.9233173843701	4.3

