694.7649149623946	750	4.0	0.10118355777712437	450283	101.18355777712438	0.3149107015583652
694.9447945272285	4300	7.820120435166127	0.0	2123065	179.8795648338724	0.75
695.1272148977076	4300	11.637700064686856	0.0	2177073	182.4203704792708	4.3
695.3088733275812	4300	15.456041634813289	0.0	2160877	181.6584298735666	4.3
695.4939274175548	4300	19.270987544839752	0.0	2233056	185.0540899735372	4.3
695.6652711399894	4300	23.09964382240517	0.0	1941625	171.34372243457807	4.3
695.8467723455171	4300	26.918142616877383	0.0	2157535	181.50120552778594	4.3
696.034513456955	4300	30.73040150543957	0.0	2290172	187.7411114378124	4.3
696.2112129688632	4300	34.553701993531305	0.0	2055469	176.69951190826225	4.3
696.3932630012067	4300	38.37165196118787	0.0	2169201	182.05003234342843	4.3
696.679195665269	4300	42.085719297125486	0.0	2173522	285.932664062391	4.3
697.1807399259206	4300	45.58417503647385	0.0	2102452	501.5442606516291	4.3
697.7037515215765	4300	49.06116344081805	0.0	2209463	523.0115956558067	4.3
698.7966361063718	4300	51.96827885602273	0.0	2275376	1092.884584795321	4.3
699.0642757788864	4300	55.70063918350811	0.0	2005399	267.63967251461986	4.3
699.345677697015	4300	59.41923726537945	0.0	2152483	281.401918128655	4.3
699.7561038022782	4300	59.62499735894671	0.0	2289689	294.2399064327485	4.3
702.6140825795243	4300	59.96410106973883	0.0	2059512	2160.8962892078684	4.3
703.8472833730824	4300	59.656041916978886	0.0	2220726	308.0591527599487	4.3
704.7131423644327	4300	59.89568324170285	0.0	2156729	260.35867527603756	4.3
705.7846434847647	4300	59.622682839573926	0.0	2039773	273.0004021289178	4.3
706.8517549363186	4300	59.69837747289855	0.0	2176469	424.30536667537825	4.3
707.3191024453458	4300	59.996106760824254	0.0	2221506	202.27071207430342	4.3
707.7828914020082	4300	59.85675068096945	0.0	2044075	139.35607985480945	4.3
709.8097390443447	4300	59.965543298205056	0.0	2186790	1891.2073827643903	4.3
710.3284265013978	4300	59.73401969946462	0.0	2105231	231.52359874044086	4.3
710.6647385604446	4300	59.91944559909742	0.0	2395588	314.57410036719705	4.3
711.3815402228279	4300	59.53191374724557	0.0	1972048	387.5318518518519	4.3
712.3496502848884	4300	59.922493621481074	0.0	2134614	109.42012576449306	4.3
713.3327898232384	4300	59.82026882045412	0.0	2164140	102.22480102695764	4.3
714.3352338708851	4300	59.71950416529229	0.0	2113193	100.76465516182522	4.3
715.3652746931476	4300	59.61532345040347	0.0	2147852	104.18071488882634	4.3
716.4135025375447	4300	59.51413958189178	0.0	2191074	101.18386851169255	4.3
717.0393000249011	4300	59.88476282615628	0.0	2286761	129.3767557354926	4.3
717.9858921048927	4300	59.61967715197082	0.0	2307787	265.0856741854637	4.3
718.3399846591471	4300	59.993384077746796	0.0	2143948	126.2930742240216	4.3
718.7311170094976	4300	59.87171764258674	0.0	1919781	121.6664351600651	4.3
719.1836252758651	4300	59.74019646699819	0.0	2147467	131.521175588544	4.3
719.6582575780332	4300	59.62337386130363	0.0	2133870	116.82260569456429	4.3
720.1489884735511	4300	59.5169132617814	0.0	2146120	106.46059952223163	4.3
721.1569920544833	4300	59.91504661931316	0.0	2108491	101.86664246823958	4.3
722.1846090095617	4300	59.81430661100603	0.0	2184571	100.74000830712633	4.3
723.2303735893435	4300	59.714862794500675	0.0	2121928	99.44381650535479	4.3
724.3048571741066	4300	59.61078138375732	0.0	2219102	104.08141074335323	4.3
725.202490446563	4300	59.85716583453902	0.0	2124950	253.6155492183052	4.3
726.1058251865135	4300	59.687507326182825	0.0	2246506	169.65850835619858	4.3
726.9759461572993	4300	59.82928495658705	0.0	1961140	358.22236959577094	4.3
727.7045980733557	4300	59.93090829915399	0.0	2155012	398.3766574330564	4.3

