753.2889876974575	750	4.0	0.0947543067786197	450283	94.7543067786197	0.3425564808519353
753.3890110273777	1200	7.8999766700798695	0.0	611087	100.02332992013106	0.75
753.4977727230566	1850	11.791214974400983	0.0	877771	108.76169567888593	1.2000000000000002
753.6275873779819	2850	15.661400319475733	0.0	1520281	129.81465492525086	1.85
753.780757347263	4300	19.50823035019455	0.0	2233056	153.1699692811796	2.8499999999999996
753.9243780722272	4300	23.36460962523039	0.0	1941625	143.62072496416138	4.3
754.0750734644042	4300	27.213914233053448	0.0	2157535	150.6953921769404	4.3
754.2301149389076	4300	31.05887275855007	0.0	2290172	155.04147450337908	4.3
754.3774659608204	4300	34.91152173663731	0.0	2055469	147.35102191275854	4.3
754.5285436098065	4300	38.76044408765103	0.0	2169201	151.07764898627894	4.3
754.679762843884	4300	42.60922485357362	0.0	2173522	151.21923407741144	4.3
754.8286533456247	4300	46.46033435183289	0.0	2102452	148.89050174073316	4.3
754.9810502491677	4300	50.30793744828999	0.0	2209463	152.39690354290394	4.3
755.1356069069599	4300	54.15338079049765	0.0	2275376	154.5566577923408	4.3
755.2813172981129	4300	58.00767039934467	0.0	2005399	145.71039115297972	4.3
756.3894609147421	4300	59.85714054474709	0.0	2152483	150.52985459758344	4.3
757.4828824671613	4300	59.74923664955324	0.0	2289689	107.90389519384568	4.3
760.6967669151991	4300	59.84505325414705	0.0	2059512	2404.183395406196	4.3
761.9642629279583	4300	59.57615577408325	0.0	2220726	268.89748006379585	4.3
762.5930130833611	4300	59.97107996272952	0.0	2156729	105.07581135373337	4.3
763.7172036634548	4300	59.63082184470719	0.0	2039773	340.2581180223286	4.3
764.4336007409108	4300	59.874589537014884	0.0	2176469	256.2323076923077	4.3
765.4414509843588	4300	59.56074680017278	0.0	2221506	313.8427368421053	4.3
765.993091767705	4300	59.841930161802665	0.0	2044075	218.81663837011885	4.3
766.4806220939556	4300	59.72457707116532	0.0	2186790	117.35309063734385	4.3
766.7287532968401	4300	59.99560008752976	0.0	2105231	228.9769836355595	4.3
769.2533071477667	4300	59.70290027169091	0.0	2395588	2292.699815838851	4.3
769.7164051044231	4300	59.79727831090659	0.0	1972048	405.6219607843137	4.3
770.2245140248747	4300	59.531961848616845	0.0	2134614	265.316462289745	4.3
771.2251048912522	4300	59.863062644509014	0.0	2164140	168.89920410783054	4.3
772.472557109629	4300	59.615182366455386	0.0	2113193	247.88027805362464	4.3
773.9530215805306	2850	59.58473610116618	0.0	1497683	530.4462652892078	1.4000000000000001
774.6676227488266	2850	59.9124446198244	0.0	1358081	172.29148134177973	2.85
775.6277733960762	4300	59.66352413967666	0.0	2286761	248.92048014773778	2.8499999999999996
776.545198341032	4300	59.52042675074979	0.0	2307787	143.0973889268626	4.3
777.2081463918876	4300	59.78611650333639	0.0	2143948	234.31024741340534	4.3
777.9979420534532	4300	59.5655375742746	0.0	1919781	220.5789290617849	4.3
778.4851762183233	4300	59.81652885809162	0.0	2147467	249.00871618298083	4.3
779.2364000183102	4300	59.52002968244166	0.0	2133870	296.49917564996827	4.3
779.5881876158696	4300	59.78149819583039	0.0	2146120	238.53148661126502	4.3
779.8223555095003	4300	59.68104230448914	0.0	2108491	100.45589134125638	4.3
780.8426739679302	4300	59.94773907641896	0.0	2184571	233.30322807017546	4.3
781.8692326569364	4300	59.78796734709565	0.0	2121928	159.77172932330825	4.3
782.8734302916941	4300	59.67926200955826	0.0	2219102	108.70533753739187	4.3
783.8015256431277	4300	59.87296048245166	0.0	2124950	306.30152710660593	4.3
784.8160127775893	4300	59.63661382738424	0.0	2246506	236.3466550674206	4.3
785.72847846474	4300	59.52945122350612	0.0	1961140	107.16260387811634	4.3
786.1647575858599	4300	59.92396320458241	0.0	2155012	105.48801892371378	4.3

