549.3790879711436	750	4.0	0.09243231751509923	450283	92.43231751509923	0.35254103468507336
549.463383536286	300	7.915704434857637	0.0	155580	84.29556514236411	-0.15000000000000002
549.5530694586329	750	11.826018512510785	0.0	350812	89.68592234685073	0.3
549.6588372170453	1850	15.72025075409836	0.0	933276	105.76775841242451	0.75
549.8004919124722	4300	19.57859605867127	0.0	2233056	141.65469542709232	1.8499999999999996
549.9341001954749	4300	23.44498777566868	0.0	1941625	133.60828300258845	4.3
550.0736697554404	4300	27.305418215703195	0.0	2157535	139.56955996548749	4.3
550.2169014241204	4300	31.1621865470233	0.0	2290172	143.23166867989647	4.3
550.3536529409452	4300	35.02543503019845	0.0	2055469	136.751516824849	4.3
550.4935445992712	4300	38.88554337187231	0.0	2169201	139.89165832614322	4.3
550.6335555604447	4300	42.745532410698885	0.0	2173522	140.01096117342536	4.3
550.771604278305	4300	46.607483692838656	0.0	2102452	138.04871786022434	4.3
550.9126075707985	4300	50.46648040034513	0.0	2209463	141.0032924935289	4.3
551.0554307217908	4300	54.3236572493529	0.0	2275376	142.8231509922347	4.3
551.1907998054835	4300	58.18828816566006	0.0	2005399	135.36908369283867	4.3
551.5938041057424	4300	59.548858091458165	0.0	2152483	139.4300742018982	4.3
552.6516182382321	4300	59.86173813824179	0.0	2289689	187.11995321637426	4.3
552.9221568915359	4300	59.621815901226555	0.0	2059512	239.92223701523181	4.3
553.8994566514777	4300	59.85847422939993	0.0	2220726	263.34167182662543	4.3
555.0757711274046	4300	59.58729603549411	0.0	2156729	271.1781939058172	4.3
556.0619494118299	4300	59.75677503429191	0.0	2039773	330.5210012021988	4.3
557.0575805957624	4300	59.5467880839373	0.0	2176469	209.98695035460995	4.3
557.8553254682101	4300	59.75073776450232	0.0	2221506	296.0503194349893	4.3
558.5684189766267	4300	59.60503828680042	0.0	2044075	145.69947770188833	4.3
559.1595497226235	4300	59.80316992915933	0.0	2186790	301.8683576410907	4.3
559.8292911118714	4300	59.572930428713306	0.0	2105231	230.23950044603035	4.3
560.9036865316434	4300	59.96548366322816	0.0	2395588	107.44676548514143	4.3
561.9906513787014	4300	59.86547556684262	0.0	1972048	100.00809638554216	4.3
562.1797141657415	4300	59.72442254865883	0.0	2134614	141.05301818379826	4.3
562.4838044837969	4300	59.55638227405928	0.0	2164140	168.04027459954233	4.3
563.4634887416777	4300	59.844565166846806	0.0	2113193	211.81710721247563	4.3
564.6103174582443	4300	59.615084383897695	0.0	2147852	229.48078294910832	4.3
565.4791764089593	4300	59.849328875348874	0.0	2191074	265.75550854882044	4.3
566.2893883312368	4300	59.70577463529329	0.0	2286761	143.5542400555845	4.3
567.0932048246041	4300	59.59719522972053	0.0	2307787	108.57940557275542	4.3
567.693744596135	4300	59.85454388785235	0.0	2143948	242.65134186818398	4.3
568.4486247285843	4300	59.616048036459155	0.0	1919781	238.49585139318887	4.3
568.8595121858417	4300	59.87879644835847	0.0	2147467	237.2515881006865	4.3
569.4554229422164	4300	59.627659004749454	0.0	2133870	251.13744360902257	4.3
570.6740594984567	4300	59.90072738301218	0.0	2146120	226.93162173727	4.3
570.8148730102241	4300	59.78617309437991	0.0	2108491	114.55428863227337	4.3
571.3084245990102	4300	59.51252691155443	0.0	2184571	273.64618282548474	4.3
572.1663458081152	4300	59.90351900998232	0.0	2121928	109.0079015721121	4.3
573.0488808509044	4300	59.796708142354134	0.0	2219102	106.81086762818093	4.3
573.9529027744851	4300	59.692559268144315	0.0	2124950	104.14887420981604	4.3
574.8777649921392	4300	59.590064684002634	0.0	2246506	102.49458414168596	4.3
575.31753888422	4300	59.99136155471849	0.0	1961140	98.703129284139	4.3
575.7789373569581	4300	59.891197699747735	0.0	2155012	100.16385497076024	4.3

