930.0815932073095	750	4.0	0.10217460141582026	450283	102.17460141582026	0.3106492139119729
930.2087552879497	1850	7.872837919359803	0.0	957685	127.16208064019699	0.75
930.3959672547088	4300	11.6856259526008	0.0	2177073	187.2119667590028	1.8499999999999996
930.5823816345179	4300	15.499211572791628	0.0	2160877	186.41437980917203	4.3
930.7723505357183	4300	19.30924267159126	0.0	2233056	189.96890120036934	4.3
930.9479676486761	4300	23.133625558633426	0.0	1941625	175.61711295783317	4.3
931.1342174486145	4300	26.94737575869498	0.0	2157535	186.2497999384426	4.3
931.3269990798857	4300	30.75459412742382	0.0	2290172	192.78163127116036	4.3
931.5082225455674	4300	34.57337066174207	0.0	2055469	181.22346568174822	4.3
931.6950468484298	4300	38.38654635887965	0.0	2169201	186.82430286241922	4.3
931.8728295838575	4300	42.20876362345187	0.0	2173522	177.7827354277761	4.3
932.0140920715647	4300	46.06750113574471	0.0	2102452	141.26248770715716	4.3
932.1584727089714	4300	49.92312049833805	0.0	2209463	144.38063740666547	4.3
932.3047739582885	4300	53.77681924902099	0.0	2275376	146.30124931706428	4.3
932.4432084583794	4300	57.63838474892993	0.0	2005399	138.4345000910581	4.3
933.4124389519144	4300	59.99566442840543	0.0	2152483	142.72032052449464	4.3
934.6350407901534	4300	59.757618595791115	0.0	2289689	238.0458326143227	4.3
936.0360783947144	4300	59.509377796322966	0.0	2059512	1248.2407994681462	4.3
937.0913036571575	4300	59.76816356764783	0.0	2220726	241.21422867513613	4.3
937.8646539388062	4300	59.998493943707416	0.0	2156729	269.6696239404194	4.3
938.7523529290718	4300	59.766484777428886	0.0	2039773	232.00916627852817	4.3
939.6704125043025	4300	59.595299901806996	0.0	2176469	171.18487562189057	4.3
940.0542352067952	4300	59.98682590036504	0.0	2221506	108.47400144196106	4.3
940.6040840565227	4300	59.80957582602665	0.0	2044075	177.25007433838834	4.3
941.3741841023293	4300	59.570825190817935	0.0	2186790	238.75063520871143	4.3
941.6904845077553	4300	59.88834969340388	0.0	2105231	182.47549741405538	4.3
941.9848418414422	4300	59.7680834805664	0.0	2395588	120.26621283748293	4.3
942.513424201961	4300	59.55083786073169	0.0	1972048	217.24561983471077	4.3
942.8972457876342	4300	59.724595438237095	0.0	2134614	326.2424224945927	4.3
945.251018203403	4300	59.53649881194213	0.0	2164140	2188.0966262949687	4.3
946.6557795289391	4300	59.626956043910944	0.0	2113193	409.5427680311891	4.3
946.7903179322203	4300	59.51729612102275	0.0	2147852	109.6599228881886	4.3
947.4380562255603	4300	59.91586621454925	0.0	2191074	101.42990647350084	4.3
948.4655507527777	4300	59.635273144373805	0.0	2286761	280.5930701754386	4.3
950.305215323695	4300	59.79889158743612	0.0	2307787	1336.3815569376923	4.3
952.2352588475425	4300	59.54551133250229	0.0	2143948	1253.3802549338332	4.3
952.5873001509226	4300	59.91782231526893	0.0	1919781	127.68901723334886	4.3
952.9418855832683	4300	59.81270574216951	0.0	2147467	105.1165730994152	4.3
953.3173120680362	4300	59.70972692940871	0.0	2133870	102.97881276080227	4.3
953.6961430823408	4300	59.61653525826003	0.0	2146120	93.1916711486746	4.3
954.082671500419	4300	59.526090720798734	0.0	2108491	90.44453746130031	4.3
954.9797798237428	4300	59.93557849944535	0.0	2184571	90.51222135338345	4.3
955.8862302227893	4300	59.84565135090734	0.0	2121928	89.92714853801169	4.3
956.8402524724881	4300	59.7369018513122	0.0	2219102	108.7494995951417	4.3
957.8197504219537	4300	59.62978925163117	0.0	2124950	107.11259968102074	4.3
958.6819805423622	4300	59.844866866319286	0.0	2246506	284.92238531188883	4.3
959.3997822817	4300	59.734619864198606	0.0	1961140	110.24700212068633	4.3
960.1510123504038	4300	59.622782198455305	0.0	2155012	111.83766574330564	4.3

