29.001044025389618	750	4.0	0.09321204474601137	450283	93.21204474601137	0.34918820759215113
29.08560899879875	300	7.915435026590867	0.0	155580	84.56497340913259	-0.15000000000000002
29.169712633495248	300	11.83133139189437	0.0	139857	84.10363469649734	0.3
29.254273264340657	300	15.746770761048964	0.0	155432	84.5606308454062	0.3
29.34634914183928	750	19.654694883550338	0.0	411561	92.0758774986246	0.3
29.441616040793985	1200	23.559427984595633	0.0	520315	95.26689895470383	0.75
29.548185342096023	1850	27.4528586832936	0.0	905515	106.56930130203557	1.2000000000000002
29.6953827600311	4300	31.305661265358516	0.0	2290172	147.1974179350816	1.8499999999999996
29.8356936054373	4300	35.16535041995232	0.0	2055469	140.31084540619844	4.3
29.979341535017348	4300	39.02170249037227	0.0	2169201	143.64792958004767	4.3
30.12311624985322	4300	42.8779277755364	0.0	2173522	143.77471483587016	4.3
30.264805653851017	4300	46.736238371538604	0.0	2102452	141.6894039977994	4.3
30.409634936814523	4300	50.5914090885751	0.0	2209463	144.82928296350633	4.3
30.556398215743553	4300	54.44464580964607	0.0	2275376	146.7632789290299	4.3
30.69523992489448	4300	58.305804100495145	0.0	2005399	138.8417091509261	4.3
30.988962661003043	4300	59.6626467045663	0.0	2152483	143.1573959288465	4.3
32.14329924467611	4300	59.87076108281963	0.0	2289689	291.88562174667436	4.3
33.157863549419005	4300	59.754704411411375	0.0	2059512	116.05667140825035	4.3
34.00079648148269	4300	59.99249176204685	0.0	2220726	262.21264936452053	4.3
35.09394363134977	4300	59.696278328462896	0.0	2156729	296.2134335839599	4.3
36.09141794966428	4300	59.5560080274472	0.0	2039773	140.27030101569713	4.3
37.09286803109159	4300	59.69388499538296	0.0	2176469	362.12303206424497	4.3
37.93732831756079	4300	59.55131837682988	0.0	2221506	142.56661855307163	4.3
38.3042257541579	4300	59.9288164924894	0.0	2044075	122.50188434048084	4.3
39.09482570348313	4300	59.615714293955094	0.0	2186790	313.10219853431045	4.3
39.48062458487834	4300	59.871563728652944	0.0	2105231	244.1505653021443	4.3
40.83269079570826	4300	59.97635478128452	0.0	2395588	395.2089473684211	4.3
41.93831294529811	4300	59.86197233822034	0.0	1972048	114.38244306418218	4.3
42.091157761845885	4300	59.74116978320928	0.0	2134614	120.80255501105745	4.3
43.25545265496155	4300	59.88504346741981	0.0	2164140	356.1263157894737	4.3
44.40344478381975	4300	59.92513169165381	0.0	2113193	459.911775765998	4.3
45.52968701288901	4300	59.66605075366528	0.0	2147852	259.0809379885357	4.3
46.526448168146324	4300	59.56125082157699	0.0	2191074	104.79993208828523	4.3
47.03189971259682	4300	59.96450566093626	0.0	2286761	96.74516064073227	4.3
47.550504551467306	4300	59.8695564334059	0.0	2307787	94.94922753036437	4.3
48.08051680360649	4300	59.77637811300636	0.0	2143948	93.17832039953899	4.3
48.62078055685645	4300	59.68466320225121	0.0	1919781	91.71491075514874	4.3
49.18251092711561	4300	59.588072438369025	0.0	2147467	96.59076388218251	4.3
50.253139088923724	4300	59.99532816065346	0.0	2133870	92.74427771556552	4.3
50.631076375736626	4300	59.75530145929328	0.0	2146120	240.0267013601792	4.3
50.89510569803147	4300	59.65224209087223	0.0	2108491	103.05936842105262	4.3
51.236602358836535	4300	59.52197873740659	0.0	2184571	130.2633534656313	4.3
54.14169067821904	4300	59.88505123138505	0.0	2121928	2136.927506021542	4.3
55.104806233106764	4300	59.99757386062167	0.0	2219102	387.47737076337967	4.3
55.80967224608799	4300	59.89295994619323	0.0	2124950	104.61391442843698	4.3
56.536009473174666	4300	59.78991738192629	0.0	2246506	103.04256426694019	4.3
57.27620885813494	4300	59.691465020856015	0.0	1961140	98.45236107027345	4.3
58.025661942290114	4300	59.59761199072343	0.0	2155012	93.85303013258337	4.3

