177.26033302017964	750	4.0	0.08497619008150298	450283	84.97619008150298	0.3846023826495372
177.35091663670127	1850	7.909416383478381	0.0	957685	90.583616521619	0.75
177.45497601506844	4300	11.805357005111203	0.0	2177073	104.05937836717779	1.8499999999999996
177.55885640738782	4300	15.701476612791822	0.0	2160877	103.88039231938113	4.3
177.6635344678934	4300	19.59679855228623	0.0	2233056	104.6780605055947	4.3
177.76499185150993	4300	23.495341168669707	0.0	1941625	101.45738361652161	4.3
177.86883531055122	4300	27.391497709628403	0.0	2157535	103.84345904130404	4.3
177.9741445742617	4300	31.286188445917947	0.0	2290172	105.30926371045724	4.3
178.07686007640288	4300	35.18347294377677	0.0	2055469	102.71550214117973	4.3
178.18083245932868	4300	39.079500560850946	0.0	2169201	103.9723829258185	4.3
178.2848525947065	4300	42.97548042547313	0.0	2173522	104.02013537781463	4.3
178.38808731773454	4300	46.872245702445085	0.0	2102452	103.23472302804254	4.3
178.4925046460948	4300	50.767828374084814	0.0	2209463	104.41732836027076	4.3
178.5976503955077	4300	54.662682624671916	0.0	2275376	105.14574941290233	4.3
178.69981256155276	4300	58.56052045862688	0.0	2005399	102.16216604503384	4.3
179.65184354925825	4300	59.95673283050145	0.0	2152483	103.7876281254317	4.3
180.61391426248557	4300	59.85981915367782	0.0	2289689	96.91367682363804	4.3
185.00616357643005	4300	59.46756983973334	0.0	2059512	4392.249313944475	4.3
186.14915447371257	4300	59.69477756626617	0.0	2220726	272.7922734671731	4.3
187.1645664850362	4300	59.58217087251203	0.0	2156729	112.606693754134	4.3
187.95604959589735	4300	59.84783197586619	0.0	2039773	234.33889664584123	4.3
188.9634596686985	4300	59.58269904657326	0.0	2176469	265.1329292929293	4.3
189.65254894842968	4300	59.8192929784618	0.0	2221506	263.4060681114551	4.3
190.4381226179013	4300	59.59934774953583	0.0	2044075	219.94522892597348	4.3
190.6366679368499	4300	59.99288931033438	0.0	2186790	106.45843920145191	4.3
193.79755553793927	4300	59.91848894966326	0.0	2105231	3074.4003606711244	4.3
194.3376237530164	4300	59.65169846233382	0.0	2395588	266.79048732943465	4.3
194.7147960419152	4300	59.55975118175828	0.0	1972048	91.94728057553957	4.3
195.67933429246	4300	59.93009456064749	0.0	2134614	129.65662111078802	4.3
197.93164791375847	4300	59.68137856471526	0.0	2164140	2248.715995932228	4.3
198.8194388634612	4300	59.94928190254702	0.0	2113193	232.0966621682411	4.3
199.84686177578345	4300	59.72341759015313	0.0	2147852	225.86431239388796	4.3
200.6683578121103	4300	59.92344887195391	0.0	2191074	299.96871819922694	4.3
201.3337555605425	4300	59.8115136568016	0.0	2286761	111.93521515230863	4.3
202.20057642550066	4300	59.86483449096248	0.0	2307787	446.67916583912614	4.3
203.1766261758288	4300	59.79688046535793	0.0	2143948	567.9540256045519	4.3
203.82802065653325	4300	59.635231087367494	0.0	1919781	161.64937799043062	4.3
204.49050387530664	4300	59.508862029337806	0.0	2147467	126.36905802968961	4.3
204.66553420516163	4300	59.89940394478216	0.0	2133870	109.45808455565142	4.3
205.14891186118408	4300	59.65050123942062	0.0	2146120	248.90270536153471	4.3
205.52378039580483	4300	59.54030444744067	0.0	2108491	110.19679197994988	4.3
206.5641583870459	4300	59.86245132314056	0.0	2184571	177.85312430011197	4.3
207.93600082712368	4300	59.817792536572135	0.0	2121928	544.6587865684178	4.3
208.93195965753014	4300	59.693404948123586	0.0	2219102	124.38758844855607	4.3
209.66853943057288	4300	59.97090068258118	0.0	2124950	222.5042655424048	4.3
210.29764817004204	4300	59.87338406659677	0.0	2246506	97.51661598440546	4.3
211.2643986410084	4300	59.61580489285596	0.0	1961140	257.57917374080364	4.3
212.02493278170624	4300	59.800123471119804	0.0	2155012	315.68142173615854	4.3

