1172.2889994847085	750	4.0	0.0983181489956776	450283	98.3181489956776	0.32723195931858634
1172.4553687702412	4300	7.833630714467328	0.0	2123065	166.36928553267225	0.75
1172.623935177564	4300	11.665064307144673	0.0	2177073	168.56640732265447	4.3
1172.7918427087106	4300	15.497156775997967	0.0	2160877	167.90753114670736	4.3
1172.962686583615	4300	19.32631290109331	0.0	2233056	170.84387490465292	4.3
1173.1216746334499	4300	23.16732485125858	0.0	1941625	158.98804983473175	4.3
1173.2894462073123	4300	26.99955327739639	0.0	2157535	167.7715738621917	4.3
1173.4626136418403	4300	30.82638584286804	0.0	2290172	173.16743452834987	4.3
1173.626233026534	4300	34.66276645817442	0.0	2055469	163.6193846936181	4.3
1173.7944791897683	4300	38.494520294940244	0.0	2169201	168.2461632341724	4.3
1173.9629011373909	4300	42.32609834731757	0.0	2173522	168.4219476226799	4.3
1174.1284318569433	4300	46.16056762776506	0.0	2102452	165.53071955250445	4.3
1174.3028481506883	4300	49.98615133402009	0.0	2209463	174.41629374497057	4.3
1174.4816165066297	4300	53.80738297807869	0.0	2275376	178.76835594139988	4.3
1174.6486658392396	4300	57.640333645468814	0.0	2005399	167.0493326098752	4.3
1175.6735181018548	4300	59.966899765924595	0.0	2152483	173.43387954422138	4.3
1175.952809393326	4300	59.71296331172442	0.0	2289689	253.93645420016773	4.3
1177.8578234236786	4300	59.98313371518387	0.0	2059512	1229.8295965405543	4.3
1178.9122214659112	4300	59.75352691097334	0.0	2220726	229.60680421052632	4.3
1180.1274730188234	4300	59.518296753528446	0.0	2156729	235.2301574448943	4.3
1180.78931706072	4300	59.88738543031369	0.0	2039773	130.91132321475635	4.3
1181.9512301192526	4300	59.78189526038841	0.0	2176469	605.4901699252823	4.3
1182.7468650840078	4300	59.6222892223145	0.0	2221506	159.60603807390817	4.3
1183.5362981179721	4300	59.50558716867294	0.0	2044075	116.70205364156661	4.3
1183.8508246475708	4300	59.894689394035	0.0	2186790	110.89777463793712	4.3
1184.1816658154544	4300	59.791083187573435	0.0	2105231	103.60620646156002	4.3
1186.1030638632997	4300	59.90400164436202	0.0	2395588	1887.0815432114184	4.3
1186.5633537012664	4300	59.651014977695354	0.0	1972048	252.98666666666668	4.3
1187.6716514590332	4300	59.91051768446227	0.0	2134614	240.4972932330827	4.3
1188.8265466604087	4300	59.72697031604122	0.0	2164140	183.54736842105262	4.3
1189.0654839355675	4300	59.55317559493896	0.0	2113193	173.79472110225225	4.3
1190.0394842121125	4300	59.80874673369494	0.0	2147852	244.42886124401915	4.3
1191.2636881998553	4300	59.521430447473776	0.0	2191074	287.3162862211709	4.3
1192.1348483113752	4300	59.76429424247483	0.0	2286761	257.1362049989435	4.3
1193.1921244756431	4300	59.502668113601246	0.0	2307787	261.6261288735858	4.3
1193.8566432941955	4300	59.7782337220223	0.0	2143948	224.43439157894738	4.3
1194.4124549628089	4300	59.68037010120229	0.0	1919781	97.86362082000582	4.3
1194.9855174428965	4300	59.58281288505513	0.0	2147467	97.55721614716403	4.3
1195.330852248433	4300	59.85789811425717	0.0	2133870	224.91477079796263	4.3
1195.6110629651744	4300	59.73800277325566	0.0	2146120	119.89534100151039	4.3
1195.947096473983	4300	59.610143706721395	0.0	2108491	127.8590665342602	4.3
1196.5017870566085	4300	59.64688563654595	0.0	2184571	463.2580701754386	4.3
1196.7287129459787	4300	59.539138948085665	0.0	2121928	107.74668846028113	4.3
1197.4744935801477	4300	59.93583823145619	0.0	2219102	103.30071662947893	4.3
1198.234409304778	4300	59.83712032791071	0.0	2124950	98.71790354547457	4.3
1199.0061199408033	4300	59.74186392044042	0.0	2246506	95.25640747028862	4.3
1199.7818897987831	4300	59.652206105728204	0.0	1961140	89.65781471221915	4.3
1200.5677273523481	4300	59.56234335057946	0.0	2155012	89.86275514874141	4.3

