56.39664337298278	750	4.0	0.08595267950095019	450283	85.95267950095018	0.3804034781459142
56.50471000109151	4300	7.891933371891267	0.0	2123065	108.06662810873337	0.75
56.61349060755272	4300	11.783152765430058	0.0	2177073	108.78060646120797	4.3
56.72205710511531	4300	15.674586267867472	0.0	2160877	108.56649756258778	4.3
56.831577799158104	4300	19.565065573824672	0.0	2233056	109.5206940427993	4.3
56.93724581535243	4300	23.45939755763034	0.0	1941625	105.66801619433198	4.3
57.0457681321334	4300	27.350875240849376	0.0	2157535	108.5223167809634	4.3
57.15604389186238	4300	31.24059948112038	0.0	2290172	110.27575972899281	4.3
57.26321691012232	4300	35.13342646286044	0.0	2055469	107.17301825993556	4.3
57.37189344982322	4300	39.02474992315954	0.0	2169201	108.6765397009006	4.3
57.48062711255147	4300	42.91601626043129	0.0	2173522	108.7336627282492	4.3
57.5884212396274	4300	46.80822213335536	0.0	2102452	107.79412707593158	4.3
57.69763003744612	4300	50.69901333553664	0.0	2209463	109.20879781872263	4.3
57.80771019608447	4300	54.58893317689829	0.0	2275376	110.08015863835413	4.3
57.914221295811814	4300	58.48242207717095	0.0	2005399	106.51109972734034	4.3
58.95466295820956	4300	59.87396654713707	0.0	2152483	108.4555300338759	4.3
62.48901003286855	4300	59.53278607598952	0.0	2289689	3341.1804711475547	4.3
63.55365998003323	4300	59.807044404162895	0.0	2059512	225.7416718266254	4.3
63.83369792792465	4300	59.546479567886216	0.0	2220726	260.5648362766801	4.3
64.80764379048892	4300	59.77924319241144	0.0	2156729	267.2363754747694	4.3
65.9413641016082	4300	59.525737780396554	0.0	2039773	253.5054120148857	4.3
66.78302733680049	4300	59.755013612352606	0.0	2176469	270.7241680439543	4.3
67.35435784096833	4300	59.96481789384285	0.0	2221506	290.1957185097575	4.3
68.00479116709526	4300	59.74016862360843	0.0	2044075	224.64927023440958	4.3
68.63627538465474	4300	59.59731854277495	0.0	2186790	142.85008083348302	4.3
68.99317392874059	4300	59.873186339095014	0.0	2105231	224.13220367993156	4.3
69.64931109621419	4300	59.57150092556118	0.0	2395588	301.68541353383455	4.3
70.11096031047141	4300	59.72790219540245	0.0	1972048	343.5987301587302	4.3
71.26992609821365	4300	59.917444543580594	0.0	2134614	310.4576518218623	4.3
71.50520267415152	4300	59.68406032357183	0.0	2164140	233.38422000875667	4.3
72.13387794029734	4300	59.58066886846347	0.0	2113193	603.3914551083592	4.3
73.1698087688787	4300	59.78534535969154	0.0	2147852	295.3235087719298	4.3
74.20877288719325	4300	59.59616696043898	0.0	2191074	189.1783992525693	4.3
74.76693817116752	4300	59.95197717798284	0.0	2286761	144.18978245614034	4.3
75.33069462704641	4300	59.83708670080245	0.0	2307787	114.89047718038364	4.3
75.89151511715619	4300	59.74110944509682	0.0	2143948	95.97725570563577	4.3
76.71751620968391	4300	59.52053051603503	0.0	1919781	220.5789290617849	4.3
76.92582942711387	4300	59.929084989053024	0.0	2147467	91.445526982012	4.3
77.14501939281517	4300	59.837923851426346	0.0	2133870	91.16113762667538	4.3
77.37406285981267	4300	59.7474165319649	0.0	2146120	90.50731946144431	4.3
77.63053856650302	4300	59.648446752387756	0.0	2108491	98.969779577148	4.3
77.93976530207011	4300	59.53258634816081	0.0	2184571	115.86040422694163	4.3
79.0238945441654	4300	59.797204892783235	0.0	2121928	235.38145537757438	4.3
79.309717976573	4300	59.538667069938306	0.0	2219102	258.537822844934	4.3
79.96086220326671	4300	59.936737761372775	0.0	2124950	101.92930856553147	4.3
80.62034583381596	4300	59.841603405162246	0.0	2246506	95.13435621052632	4.3
81.28862969244145	4300	59.749636113018845	0.0	1961140	91.96729214340198	4.3
81.96821224542828	4300	59.658003119766484	0.0	2155012	91.63299325236167	4.3

