1026.3907486189098	750	4.0	0.11681414409810935	450283	116.81414409810935	0.24769918037812977
1026.4834684962732	300	7.9072801226366884	0.0	155580	92.71987736331118	-0.15000000000000002
1026.5749028958644	300	11.815845723045477	0.0	139857	91.43439959121103	0.3
1026.6676106730745	300	15.723137945835463	0.0	155432	92.70777721001534	0.3
1026.78125899193	750	19.609489626980075	0.0	411561	113.6483188553909	0.3
1026.9037987977551	1200	23.48694982115483	0.0	520315	122.53980582524272	0.75
1027.0578317052664	1850	27.332916913643334	0.0	905515	154.0329075114972	1.2000000000000002
1027.3250711125224	4300	31.065677506387328	0.0	2290172	267.2394072560041	1.8499999999999996
1027.5731217205962	4300	34.81762689831374	0.0	2055469	248.05060807358203	4.3
1027.8304708059309	4300	38.560277812979045	0.0	2169201	257.3490853346959	4.3
1028.088173166687	4300	42.30257545222279	0.0	2173522	257.7023607562596	4.3
1028.3228080049785	4300	46.06794061393123	0.0	2102452	234.63483829156132	4.3
1028.5540763318934	4300	49.83667228701638	0.0	2209463	231.26832691484813	4.3
1028.7898573160612	4300	53.600891302848645	0.0	2275376	235.78098416773642	4.3
1029.0071546374134	4300	57.38359398149648	0.0	2005399	217.2973213521609	4.3
1029.4151093143496	4300	59.65622672432917	0.0	2152483	227.3672571673085	4.3
1030.5994679776118	4300	59.8643411025825	0.0	2289689	291.88562174667436	4.3
1030.8969595365081	4300	59.62183184389218	0.0	2059512	242.50925869032227	4.3
1031.841046804091	4300	59.88727936020362	0.0	2220726	234.55248368856024	4.3
1032.9607984683685	4300	59.64217092001223	0.0	2156729	245.10844019138756	4.3
1033.741432459616	4300	59.89917553643148	0.0	2039773	242.99538358074815	4.3
1034.7220049286686	4300	59.63770860573842	0.0	2176469	261.46693069306934	4.3
1035.7987365977865	4300	59.66889554035936	0.0	2221506	468.8130653790568	4.3
1036.2886422744707	4300	59.93790200388659	0.0	2044075	230.99353647276087	4.3
1036.9750086351391	4300	59.684174893658195	0.0	2186790	253.72711022840122	4.3
1037.4253827263847	4300	59.88530747325534	0.0	2105231	298.867420402859	4.3
1038.0108082153251	4300	59.62834806420639	0.0	2395588	256.95940904893814	4.3
1039.2212146588533	4300	59.89737788238822	0.0	1972048	230.9701818181818	4.3
1039.6045373501506	4300	59.65543466759448	0.0	2134614	241.94321479374113	4.3
1039.8757782133632	4300	59.55050397424002	0.0	2164140	104.93069335445317	4.3
1040.3793355948674	4300	59.59188036841695	0.0	2113193	458.6236058230683	4.3
1041.1709714418557	4300	59.928529332763304	0.0	2147852	163.35103565365026	4.3
1042.1721316416617	4300	59.70209163852772	0.0	2191074	226.437694235589	4.3
1043.124111393378	4300	59.57346301545488	0.0	2286761	128.6286230728336	4.3
1043.9995344231913	4300	59.75742706486977	0.0	2307787	316.03595058510473	4.3
1044.5036548144876	4300	59.99506040883574	0.0	2143948	262.36665603402446	4.3
1045.0840737792237	4300	59.785727794098904	0.0	1919781	209.3326147368421	4.3
1045.5762133247545	4300	59.6852011963332	0.0	2147467	100.52659776569688	4.3
1045.900168068185	4300	59.929030298500386	0.0	2133870	256.17089783281733	4.3
1046.0791115508061	4300	59.83345047998859	0.0	2146120	95.57981851179673	4.3
1046.4061223456458	4300	59.671626914623566	0.0	2108491	161.8235653650255	4.3
1046.6990923994538	4300	59.56773550245678	0.0	2184571	103.89141216678058	4.3
1047.5893159046097	4300	59.92716307069942	0.0	2121928	140.5724317573595	4.3
1048.7384058623988	4300	59.68744362850419	0.0	2219102	239.7194421952317	4.3
1049.567114968066	4300	59.93777433346758	0.0	2124950	249.66929503660182	4.3
1050.318663068492	4300	59.81152018856989	0.0	2246506	126.25414489769656	4.3
1051.121968081337	4300	59.68251465991145	0.0	1961140	129.00552865844136	4.3
1051.7032489974818	4300	59.939023943932305	0.0	2155012	243.49071597913704	4.3

