360.1454751880749	750	4.0	0.1262421566110398	450283	126.2421566110398	0.20715872657252887
360.4435049698464	4300	7.701970218228499	0.0	2123065	298.0297817715019	0.75
360.7470811444292	4300	11.3983940436457	0.0	2177073	303.57617458279844	4.3
361.0489940584215	4300	15.096481129653403	0.0	2160877	301.91291399229783	4.3
361.35831944994914	4300	18.787155738125804	0.0	2233056	309.3253915275995	4.3
361.6282740840955	4300	22.51720110397946	0.0	1941625	269.9546341463415	4.3
361.9147367635213	4300	26.230738424553625	0.0	2157535	286.46267942583734	4.3
362.2138919788323	4300	29.931583209242618	0.0	2290172	299.1552153110048	4.3
362.4905875769184	4300	33.65488761115649	0.0	2055469	276.6955980861244	4.3
362.77816661998065	4300	37.36730856809429	0.0	2169201	287.579043062201	4.3
363.0196387605407	4300	41.125836427534246	0.0	2173522	241.4721405600439	4.3
363.24476055519125	4300	44.900714632883684	0.0	2102452	225.12179465056084	4.3
363.47726878642504	4300	48.66820640164986	0.0	2209463	232.50823123382227	4.3
363.71432666390564	4300	52.43114852416928	0.0	2275376	237.0578774805867	4.3
363.9327493731377	4300	56.21272581493719	0.0	2005399	218.42270923209662	4.3
364.16132455864243	4300	59.98415062943244	0.0	2152483	228.5751855047455	4.3
364.43095425030043	4300	59.74038154719276	0.0	2289689	243.76908223968036	4.3
365.4097881704148	4300	59.973894891844715	0.0	2059512	266.4866553480475	4.3
367.04952907574756	4300	59.9701980715615	0.0	2220726	1003.6968202832165	4.3
368.2198819408236	4300	59.913043681548245	0.0	2156729	557.1543900132539	4.3
369.43359665193105	4300	59.57278556352592	0.0	2039773	340.2581180223286	4.3
370.07797157834955	4300	59.89732639685925	0.0	2176469	175.45916666666668	4.3
372.1168884886487	4300	59.82232582158553	0.0	2221506	1575.000575273722	4.3
372.86212953897126	4300	59.64166346393702	0.0	2044075	180.66235764850722	4.3
374.0956283009441	4300	59.5172034292876	0.0	2186790	624.4600346494294	4.3
374.62559512543356	4300	59.7667393807046	0.0	2105231	250.46404858299596	4.3
375.34214874437686	4300	59.50821395918621	0.0	2395588	258.52542151839776	4.3
375.702637524326	4300	59.766983667924066	0.0	1972048	241.23029126213592	4.3
376.2410601043735	4300	59.51740162224383	0.0	2134614	249.58204568023834	4.3
377.4743873755828	4300	59.75515825382277	0.0	2164140	262.24336842105265	4.3
377.84271339304644	4300	59.51653719648511	0.0	2113193	238.62105733766882	4.3
378.8873660334843	4300	59.76906335632916	0.0	2147852	247.47384015594542	4.3
380.07206399166097	4300	59.53530377738179	0.0	2191074	233.75957894736842	4.3
380.9485527272553	4300	59.78252859919926	0.0	2286761	252.77517818253253	4.3
381.59902480856306	4300	59.979149337251286	0.0	2307787	303.3792619479734	4.3
382.3173159980417	4300	59.75355015219186	0.0	2143948	225.59918505942275	4.3
383.1507592418497	4300	59.54317453249747	0.0	1919781	210.3756196943973	4.3
383.7266914563051	4300	59.77674223732655	0.0	2147467	266.432295170917	4.3
384.4060209171855	4300	59.551827466528586	0.0	2133870	224.91477079796263	4.3
384.8249587875592	4300	59.77956587638301	0.0	2146120	272.26159014557675	4.3
385.42154576954164	4300	59.514610525505816	0.0	2108491	264.95535087719304	4.3
385.7465793639822	4300	59.727909543838166	0.0	2184571	286.7009816676523	4.3
386.7619979182756	4300	59.94936657307793	0.0	2121928	278.54297076023397	4.3
387.92175744193423	4300	59.69792460301516	0.0	2219102	251.44197006277162	4.3
388.8629806616243	4300	59.891471769968085	0.0	2124950	306.4528330470813	4.3
389.6585969681953	4300	59.771048810004075	0.0	2246506	120.42295996401259	4.3
390.4824591844817	4300	59.65671437516438	0.0	1961140	114.334434839698	4.3
391.6406851214037	4300	59.8923652974267	0.0	2155012	764.3490777376697	4.3

