953.0685055119454	750	4.0	0.09359088473872855	450283	93.59088473872855	0.34755919562346727
953.1669499412984	1200	7.901555570647048	0.0	611087	98.44442935295228	0.75
953.2734436896478	1850	11.795061822297681	0.0	877771	106.49374834936805	1.2000000000000002
953.3993303072672	2850	15.669175204678364	0.0	1520281	125.88661761931712	1.85
953.5467306015512	4300	19.521774910394267	0.0	2233056	147.40029428409736	2.8499999999999996
953.6853346385254	4300	23.38317087342011	0.0	1941625	138.60403697415583	4.3
953.830455483649	4300	27.23805002829655	0.0	2157535	145.1208451235616	4.3
953.9795797092668	4300	31.08892580267874	0.0	2290172	149.12422561780795	4.3
954.1216198979104	4300	34.94688561403508	0.0	2055469	142.04018864365216	4.3
954.2670928577293	4300	38.801412654216186	0.0	2169201	145.4729598189021	4.3
954.4126962382236	4300	42.655809273721935	0.0	2173522	145.60338049424638	4.3
954.5561545140206	4300	46.51235099792491	0.0	2102452	143.45827579701944	4.3
954.702842701155	4300	50.36566281079041	0.0	2209463	146.68818713450293	4.3
954.8515203393365	4300	54.216985172608936	0.0	2275376	148.67763818147517	4.3
954.992049265954	4300	58.07645624599132	0.0	2005399	140.52892661761933	4.3
956.0191206260748	4300	59.931487885304655	0.0	2152483	144.9683606866629	4.3
957.0837852828438	4300	59.80020705663724	0.0	2289689	131.28082866741323	4.3
958.5218847983955	4300	59.5078492129121	0.0	2059512	1292.3578437251429	4.3
959.2996455259281	4300	59.90183968505909	0.0	2220726	106.00952785301223	4.3
960.4258694765573	4300	59.634603309584314	0.0	2156729	267.2363754747694	4.3
961.0969791569748	4300	59.938542256952736	0.0	2039773	196.06105263157895	4.3
961.9680305433816	4300	59.700540877642396	0.0	2176469	238.00137931034484	4.3
962.5749209493699	4300	59.923620678196414	0.0	2221506	276.92019944598337	4.3
963.2868782288577	4300	59.69262714172365	0.0	2044075	230.99353647276087	4.3
963.9465823133431	4300	59.5632569709885	0.0	2186790	129.37017073514886	4.3
964.7367365372564	4300	59.89334681590701	0.0	2105231	669.9101550814909	4.3
966.8284682871985	4300	59.86760297535187	0.0	2395588	2025.743840555138	4.3
967.2241813093672	4300	59.662740418960894	0.0	1972048	204.86255639097743	4.3
967.5782525938586	4300	59.54113000960417	0.0	2134614	121.61040935672514	4.3
968.4612138049393	4300	59.925879841631044	0.0	2164140	115.2501679731243	4.3
969.3868036641245	4300	59.806940433592345	0.0	2113193	118.93940803869631	4.3
972.5194563124078	4300	59.6039393350239	0.0	2147852	2203.001098568439	4.3
974.6445712597762	4300	59.716207636197105	0.0	2191074	1387.7316988268008	4.3
975.4621346313526	4300	59.88611757467967	0.0	2286761	330.09006151742994	4.3
976.4303088855245	4300	59.60576710262324	0.0	2307787	280.35047205642974	4.3
977.0487015792395	4300	59.85048264682355	0.0	2143948	255.28445579969343	4.3
977.7504750466283	4300	59.641150032086706	0.0	1919781	209.3326147368421	4.3
977.9888235381021	4300	59.97819621267579	0.0	2147467	162.95381941091262	4.3
978.7747245813562	4300	59.582943027080226	0.0	2133870	395.2531855955679	4.3
979.802473827557	4300	59.974392332809	0.0	2146120	108.55069427122308	4.3
980.8453518719449	4300	59.872552586579964	0.0	2108491	101.83974622904124	4.3
981.0039249248257	4300	59.72378520921892	0.0	2184571	148.76737736104428	4.3
981.1291144961245	4300	59.626093261329395	0.0	2121928	97.69194788952579	4.3
981.2749055103881	4300	59.5269465659023	0.0	2219102	99.14669542709233	4.3
981.9369841179166	4300	59.929229421556286	0.0	2124950	97.71714434601355	4.3
982.6184395914189	4300	59.83068241639632	0.0	2246506	98.54700515995873	4.3
983.3134157552134	4300	59.73464856867022	0.0	1961140	96.03384772611139	4.3
984.0282936543982	4300	59.63668077711211	0.0	2155012	97.96779155810319	4.3

