1200.6996705967604	750	4.0	0.13194324441240088	450283	131.94324441240087	0.1826440490266762
1201.024580762586	4300	7.675089834174478	0.0	2123065	324.91016582552277	0.75
1201.3557211230764	4300	11.34394947368421	0.0	2177073	331.14036049026674	4.3
1201.684993163451	4300	15.0146774333093	0.0	2160877	329.2720403749099	4.3
1202.0062377976922	4300	18.693432799068272	0.0	2233056	321.2446342410293	4.3
1202.2434543968825	4300	22.45621619987799	0.0	1941625	237.2165991902834	4.3
1202.498153587166	4300	26.201517009594586	0.0	2157535	254.69919028340084	4.3
1202.7635926155062	4300	29.936077981254503	0.0	2290172	265.439028340081	4.3
1203.0100273523483	4300	33.6896432444124	0.0	2055469	246.43473684210528	4.3
1203.2656711580162	4300	37.43399943874439	0.0	2169201	255.6438056680162	4.3
1203.5107560322444	4300	41.18891456451595	0.0	2173522	245.08487422844615	4.3
1203.7358778268951	4300	44.96379276986538	0.0	2102452	225.12179465056084	4.3
1203.968386058129	4300	48.73128453863156	0.0	2209463	232.50823123382227	4.3
1204.2054439356093	4300	52.494226661150975	0.0	2275376	237.0578774805867	4.3
1204.4238666448416	4300	56.27580395191888	0.0	2005399	218.42270923209662	4.3
1204.9571563083446	4300	59.54722876641414	0.0	2152483	228.5751855047455	4.3
1206.1528641989064	4300	59.81173206013231	0.0	2289689	235.4967062818336	4.3
1206.4996191977891	4300	59.57846015283093	0.0	2059512	233.27190730137764	4.3
1207.5747523001119	4300	59.80763514746036	0.0	2220726	270.82500537056933	4.3
1207.8607181685195	4300	59.526806261732624	0.0	2156729	280.8288857277353	4.3
1208.736991351021	4300	59.80123816182183	0.0	2039773	225.56809991079393	4.3
1209.599701950853	4300	59.90523540320113	0.0	2176469	396.0027586206897	4.3
1211.1312276570666	4300	59.83282647070003	0.0	2221506	1072.4089325011107	4.3
1211.980493316507	4300	59.59775202783611	0.0	2044075	235.07444286391654	4.3
1212.5980195603065	4300	59.806084514224494	0.0	2186790	291.6675136116153	4.3
1213.218766303254	4300	59.61864050784491	0.0	2105231	187.44400637958535	4.3
1215.3276617418503	4300	59.74084415683042	0.0	2395588	1877.7963510144932	4.3
1215.9550793056226	4300	59.502684918735184	0.0	1972048	238.1592380952381	4.3
1216.26350172266	4300	59.75310287305494	0.0	2134614	249.58204568023834	4.3
1216.7367335957074	4300	59.50590712220995	0.0	2164140	247.19575084500244	4.3
1217.8443851327181	4300	59.77509941480584	0.0	2113193	230.8077074041035	4.3
1218.902842303543	4300	59.64429274419673	0.0	2147852	130.80667060910704	4.3
1220.0020617837768	4300	59.51850825418759	0.0	2191074	125.78449000914196	4.3
1220.6947955115622	4300	59.868858885407356	0.0	2286761	149.649368780237	4.3
1221.5859349849047	4300	59.65483132823857	0.0	2307787	214.02755716878403	4.3
1222.1597889878744	4300	59.9164602848406	0.0	2143948	238.3710433979686	4.3
1222.655702678004	4300	59.79624491956174	0.0	1919781	120.21536527886882	4.3
1223.1923134531078	4300	59.67578869443516	0.0	2147467	120.45622512657482	4.3
1223.5307428903031	4300	59.924651250826145	0.0	2133870	251.13744360902257	4.3
1224.0179037241319	4300	59.68471683070504	0.0	2146120	239.93442012109924	4.3
1225.165052906924	4300	59.9447554461626	0.0	2108491	239.9613845424372	4.3
1225.4873337990402	4300	59.697208899229494	0.0	2184571	247.54654693310727	4.3
1225.7089927411087	4300	59.58374660078676	0.0	2121928	113.46229844273606	4.3
1226.4451052173931	4300	59.979788684457475	0.0	2219102	103.95791632928476	4.3
1227.4739733311442	4300	59.74143190755947	0.0	2124950	238.3567768979972	4.3
1228.3936860861068	4300	59.63683119850465	0.0	2246506	104.6007090548217	4.3
1229.349403134429	4300	59.52652869729751	0.0	1961140	110.3025012071463	4.3
1230.0852080170366	4300	59.791333529551125	0.0	2155012	235.19516774637736	4.3

