298.25086445832324	750	4.0	0.09613556103023517	450283	96.13556103023517	0.33661708756998876
298.336439553508	300	7.914424904815229	0.0	155580	85.57509518477043	-0.15000000000000002
298.42901064421346	750	11.821853814109742	0.0	350812	92.57109070548712	0.3
298.5424539051317	1850	15.708410553191488	0.0	933276	113.44326091825309	0.75
298.7024738289839	4300	19.548390629339305	0.0	2233056	160.01992385218364	1.8499999999999996
298.85205053671064	4300	23.398813921612543	0.0	1941625	149.57670772676371	4.3
299.00936422092116	4300	27.241500237402015	0.0	2157535	157.31368421052633	4.3
299.1714308547398	4300	31.07943360358343	0.0	2290172	162.06663381858903	4.3
299.325087078704	4300	34.92577737961926	0.0	2055469	153.65622396416575	4.3
299.4828188054677	4300	38.76804565285554	0.0	2169201	157.7317267637178	4.3
299.64070537209705	4300	42.610159086226204	0.0	2173522	157.8865666293393	4.3
299.79604519740496	4300	46.45481926091825	0.0	2102452	155.33982530795072	4.3
299.9552196834072	4300	50.29564477491601	0.0	2209463	159.17448600223963	4.3
300.11675611341843	4300	54.13410834490482	0.0	2275376	161.5364300111982	4.3
300.26861811565806	4300	57.98224634266517	0.0	2005399	151.86200223964167	4.3
301.4167726330153	4300	59.825113693169094	0.0	2152483	157.1326494960806	4.3
301.6099484091764	4300	59.6840367390191	0.0	2289689	141.0769541499938	4.3
302.5723950206613	4300	59.93886284428226	0.0	2059512	245.17389473684213	4.3
303.8371890005672	4300	59.62510221270331	0.0	2220726	313.76063157894737	4.3
304.7036686342773	4300	59.87737907001172	0.0	2156729	247.723142691594	4.3
305.53506632830334	4300	59.73105846850796	0.0	2039773	146.3206015037594	4.3
306.139553791196	4300	59.981353283322775	0.0	2176469	249.7051851851852	4.3
306.7015974222869	4300	59.83772260663105	0.0	2221506	143.63067669172932	4.3
307.540867072882	4300	59.587294258533085	0.0	2044075	250.4283480979677	4.3
308.4463113227476	4300	59.638992784848874	0.0	2186790	448.3014736842105	4.3
308.77408132930003	4300	59.91367916966337	0.0	2105231	225.31361518550474	4.3
309.07451066003284	4300	59.774692699980385	0.0	2395588	138.9864696829794	4.3
309.45042088950373	4300	59.62745901576986	0.0	1972048	147.23368421052632	4.3
310.58009202123026	4300	59.88696172253677	0.0	2134614	240.4972932330827	4.3
311.65164977456703	4300	59.755769765115126	0.0	2164140	131.191957421644	4.3
311.82690534780176	4300	59.59832487645533	0.0	2113193	157.44488865979815	4.3
312.7261689446574	4300	59.86759842031498	0.0	2147852	230.72645614035088	4.3
313.9418237935672	4300	59.55403956621771	0.0	2191074	313.5588540972685	4.3
314.4782411839702	4300	59.94687886842245	0.0	2286761	107.1606977952639	4.3
315.03817322413863	4300	59.841541194642176	0.0	2307787	105.3376737802786	4.3
315.6099546120455	4300	59.74294768388278	0.0	2143948	98.59351075939075	4.3
316.1936454643667	4300	59.64769619629589	0.0	1919781	95.25148758689176	4.3
316.7882934271179	4300	59.5545918972875	0.0	2147467	93.10429900839054	4.3
316.9013624094202	4300	59.95882923800772	0.0	2133870	95.76265927977839	4.3
317.4002818318579	4300	59.678022688300125	0.0	2146120	280.80654970760236	4.3
318.5365987747635	4300	59.9289206532124	0.0	2108491	249.1020350877193	4.3
319.61772320189044	4300	59.79196589355785	0.0	2184571	136.95475965455435	4.3
320.0414039280569	4300	59.51221036421077	0.0	2121928	279.7555293470724	4.3
320.8270029688924	4300	59.90137344220278	0.0	2219102	110.83692200799027	4.3
321.63188922158395	4300	59.79631137527075	0.0	2124950	105.06206693203598	4.3
322.45854000452954	4300	59.69289807667773	0.0	2246506	103.4132985930172	4.3
323.2979942940529	4300	59.59478967409232	0.0	1961140	98.1084025854109	4.3
323.65263829011684	4300	59.9981406195293	0.0	2155012	96.64905456301304	4.3

