56.39664337298278	750	4.0	0.08595267950095019	450283	85.95267950095018	0.3804034781459142
56.50471000109151	4300	7.891933371891267	0.0	2123065	108.06662810873337	0.75
56.61349060755272	4300	11.783152765430058	0.0	2177073	108.78060646120797	4.3
56.72205710511531	4300	15.674586267867472	0.0	2160877	108.56649756258778	4.3
56.831577799158104	4300	19.565065573824672	0.0	2233056	109.5206940427993	4.3
56.93724581535243	4300	23.45939755763034	0.0	1941625	105.66801619433198	4.3
57.0457681321334	4300	27.350875240849376	0.0	2157535	108.5223167809634	4.3
57.15604389186238	4300	31.24059948112038	0.0	2290172	110.27575972899281	4.3
57.26321691012232	4300	35.13342646286044	0.0	2055469	107.17301825993556	4.3
57.37189344982322	4300	39.02474992315954	0.0	2169201	108.6765397009006	4.3
57.48062711255147	4300	42.91601626043129	0.0	2173522	108.7336627282492	4.3
57.5884212396274	4300	46.80822213335536	0.0	2102452	107.79412707593158	4.3
57.69763003744612	4300	50.69901333553664	0.0	2209463	109.20879781872263	4.3
57.80771019608447	4300	54.58893317689829	0.0	2275376	110.08015863835413	4.3
57.914221295811814	4300	58.48242207717095	0.0	2005399	106.51109972734034	4.3
58.95466295820956	4300	59.87396654713707	0.0	2152483	108.4555300338759	4.3
62.48901003286855	4300	59.53278607598952	0.0	2289689	3341.1804711475547	4.3
63.4544881445622	2850	59.85663032189841	0.0	1358801	176.1557540911101	1.4000000000000001
64.57274264791373	2850	59.65216424902392	0.0	1537156	204.46607287449393	2.85
65.27717867703294	2850	59.96684044970283	0.0	1336050	185.32379932108745	2.85
66.11703366068538	2850	59.76646907277567	0.0	1415116	200.3713769271664	2.85
67.06546479177713	2850	59.57199531059243	0.0	1468126	194.47376218323586	2.85
67.81981359770518	4300	59.78179959208267	0.0	2221506	290.1957185097575	2.8499999999999996
68.65326522559228	4300	59.55715032184826	0.0	2044075	224.64927023440958	4.3
68.96776774491192	4300	59.91430024101477	0.0	2186790	142.85008083348302	4.3
69.50768459075796	4300	59.69016803733484	0.0	2105231	224.13220367993156	4.3
69.84684005999173	4300	59.888482623801	0.0	2395588	301.68541353383455	4.3
70.49150757600914	4300	59.54488389364228	0.0	1972048	343.5987301587302	4.3
70.83349166551156	4300	59.734426241820415	0.0	2134614	310.4576518218623	4.3
71.79548611938642	4300	59.97919223372325	0.0	2164140	255.234008097166	4.3
72.91800712127137	4300	59.731311955669625	0.0	2113193	247.88027805362464	4.3
73.8808982240843	4300	59.89718676617882	0.0	2147852	334.12518949080487	4.3
74.80802093591159	4300	59.70800836692625	0.0	2191074	189.1783992525693	4.3
75.75434481339857	4300	59.56381858447011	0.0	2286761	144.18978245614034	4.3
76.20625986279019	4300	59.94892810728973	0.0	2307787	114.89047718038364	4.3
76.65523894641271	4300	59.85295085158409	0.0	2143948	95.97725570563577	4.3
77.36939863245314	4300	59.63237192252231	0.0	1919781	220.5789290617849	4.3
77.96587044339583	4300	59.5409263955403	0.0	2147467	91.445526982012	4.3
78.07321900260987	4300	59.949765257913626	0.0	2133870	91.16113762667538	4.3
78.1904210631201	4300	59.85925793845218	0.0	2146120	90.50731946144431	4.3
78.33505536332318	4300	59.760288158875035	0.0	2108491	98.969779577148	4.3
78.53244069240299	4300	59.644427754648085	0.0	2184571	115.86040422694163	4.3
79.50472852801101	4300	59.909046299270514	0.0	2121928	235.38145537757438	4.3
80.69167797233735	4300	59.644024767222575	0.0	2219102	265.02153204794166	4.3
81.75325360391399	4300	59.53420090757346	0.0	2124950	109.82385964912281	4.3
82.31527408826257	4300	59.93906655136293	0.0	2246506	95.13435621052632	4.3
82.88609480068739	4300	59.847099259219526	0.0	1961140	91.96729214340198	4.3
83.46821420747357	4300	59.755466265967165	0.0	2155012	91.63299325236167	4.3

