386.3317474481206	750	4.0	0.11240903283850653	450283	112.40903283850653	0.2666411587944219
386.42294528887635	300	7.9088021592442646	0.0	155580	91.19784075573548	-0.15000000000000002
386.51301146971304	300	11.818735978407558	0.0	139857	90.06618083670716	0.3
386.60419865819705	300	15.727548789923526	0.0	155432	91.18718848403059	0.3
386.7138206824886	750	19.61792676563203	0.0	411561	109.62202429149798	0.3
386.8312702551381	1200	23.500477192982455	0.0	520315	117.44957264957264	0.75
386.9764445241439	1850	27.35530292397661	0.0	905515	145.17426900584798	1.2000000000000002
387.2212792160018	4300	31.11046823211876	0.0	2290172	244.83469185784975	1.8499999999999996
387.4492212043059	4300	34.88252624381466	0.0	2055469	227.94198830409357	4.3
387.6853490315664	4300	38.6463984165542	0.0	2169201	236.12782726045884	4.3
387.9217878619757	4300	42.409959586144836	0.0	2173522	236.4388304093567	4.3
388.15311144272243	4300	46.178636005398104	0.0	2102452	231.32358074673866	4.3
388.40058794638253	4300	49.93115950173802	0.0	2209463	247.4765036600826	4.3
388.6547794104973	4300	53.67696803762319	0.0	2275376	254.19146411483254	4.3
388.8883027789184	4300	57.44344466920214	0.0	2005399	233.52336842105265	4.3
389.2668339176744	4300	59.69866128164233	0.0	2152483	244.78338755980863	4.3
390.3662135004495	4300	59.92584536585285	0.0	2289689	272.8159157894737	4.3
391.59394862942344	4300	59.6852596348587	0.0	2059512	240.58573099415204	4.3
393.77966061100386	4300	59.54597834305841	0.0	2220726	2139.281291800299	4.3
397.19599361532073	4300	59.57102718579003	0.0	2156729	2474.95115726838	4.3
398.01916485799234	4300	59.84013248797848	0.0	2039773	230.89469781154997	4.3
399.0187299742809	4300	59.5964882022642	0.0	2176469	243.64428571428573	4.3
399.7484912037472	4300	59.819568002818215	0.0	2221506	276.92019944598337	4.3
401.0662199199186	4300	59.597124159742684	0.0	2044075	722.4438430755343	4.3
401.62515216143544	4300	59.82530047553216	0.0	2186790	271.8236842105263	4.3
402.3088368089674	4300	59.58701243041938	0.0	2105231	238.28804511278196	4.3
402.62038054091244	4300	59.86393886565641	0.0	2395588	223.07356476297127	4.3
404.0989346105336	4300	59.87889691443689	0.0	1972048	485.0419512195122	4.3
404.4743412008496	4300	59.64794967847968	0.0	2134614	230.94723595721445	4.3
405.5185257629647	4300	59.90808707460157	0.0	2164140	239.86260387811635	4.3
406.7206211046603	4300	59.66920038287225	0.0	2113193	238.88669172932333	4.3
407.59676708550273	4300	59.92273171743416	0.0	2147852	246.46866543808886	4.3
408.6419198458832	4300	59.67499399494612	0.0	2191074	247.7377224880383	4.3
409.3350223384779	4300	59.93715026759495	0.0	2286761	237.8437273511648	4.3
411.37314271886095	4300	59.605719460025256	0.0	2307787	1331.4308075696936	4.3
412.3156143286599	4300	59.9478284415324	0.0	2143948	657.891018492851	4.3
412.9768293574358	4300	59.71951122279749	0.0	1919781	228.31721873491068	4.3
413.2814035002442	4300	59.99367305641379	0.0	2147467	225.83816638370118	4.3
414.09945764305263	4300	59.83401397322194	0.0	2133870	659.6590831918505	4.3
414.64416777849436	4300	59.60085643530936	0.0	2146120	233.15753791257805	4.3
415.75906268651676	4300	59.90918528006275	0.0	2108491	191.6711552466071	4.3
416.90544898690666	4300	59.75760400625566	0.0	2184571	151.58127380708584	4.3
417.04171881202905	4300	59.64687160698593	0.0	2121928	110.73239926973493	4.3
417.24069211156586	4300	59.52015367014382	0.0	2219102	126.71793684210526	4.3
417.9428618837151	4300	59.91519646541653	0.0	2124950	104.95720472729943	4.3
418.6727706774969	4300	59.808848352236645	0.0	2246506	106.34811317988564	4.3
419.9139490168587	4300	59.710039522856675	0.0	1961140	598.8088293799675	4.3
420.4362766999593	4300	59.9800604362973	0.0	2155012	229.97908655937366	4.3

