82.08942808066855	750	4.0	0.1212158352402746	450283	121.2158352402746	0.22877190846681927
82.36375897311707	4300	7.725669107551488	0.0	2123065	274.3308924485126	0.75
82.64303338959306	4300	11.446394691075515	0.0	2177073	279.27441647597254	4.3
82.92082533467315	4300	15.168602745995424	0.0	2160877	277.7919450800915	4.3
83.20522405320861	4300	18.88420402745996	0.0	2233056	284.39871853546913	4.3
83.46150256534574	4300	22.627925515322836	0.0	1941625	256.2785121371203	4.3
83.71962722994843	4300	26.369800850720154	0.0	2157535	258.1246646026832	4.3
83.98870231766772	4300	30.100725763000852	0.0	2290172	269.07508771929827	4.3
84.23840048072242	4300	33.85102759994616	0.0	2055469	249.69816305469556	4.3
84.49748828258001	4300	37.591939798088575	0.0	2169201	259.0878018575852	4.3
84.75693282334367	4300	41.3324952573249	0.0	2173522	259.4445407636739	4.3
85.00452458992591	4300	45.08490349074267	0.0	2102452	247.591766582231	4.3
85.25367008274887	4300	48.83575799791971	0.0	2209463	249.14549282296653	4.3
85.5078615468637	4300	52.581566533804875	0.0	2275376	254.19146411483254	4.3
85.74138491528475	4300	56.348043165383814	0.0	2005399	233.52336842105265	4.3
86.22412436026083	4300	59.60325977782401	0.0	2152483	244.78338755980863	4.3
87.40934882870467	4300	59.839625572310226	0.0	2289689	263.6342055137845	4.3
87.78231798697387	4300	59.57393612464064	0.0	2059512	265.68944766957907	4.3
90.23519283352618	4300	59.861138556664294	0.0	2220726	1712.7975679763467	4.3
91.59357112211191	4300	59.76198805165942	0.0	2156729	599.1505050048759	4.3
92.93931874828239	4300	59.92872813036461	0.0	2039773	833.259921294813	4.3
94.39014065964824	4300	59.669561027119514	0.0	2176469	759.1671032450942	4.3
95.01476563658728	4300	59.91307594271038	0.0	2221506	256.4850844091361	4.3
95.95471304791418	4300	59.58717218331188	0.0	2044075	325.9037593984963	4.3
96.50289273223123	4300	59.83010416711755	0.0	2186790	257.068016194332	4.3
97.3664560962604	4300	59.50387831916433	0.0	2105231	326.2258479532164	4.3
97.92716443940402	4300	59.7021929056305	0.0	2395588	301.68541353383455	4.3
99.16634929672465	4300	59.92211194177507	0.0	1972048	280.0809638554217	4.3
99.93654986489136	4300	59.726563604424314	0.0	2134614	695.5483373507631	4.3
100.95208005297673	4300	59.96612462578961	0.0	2164140	260.43897863470556	4.3
102.16986608981846	4300	59.69477721209409	0.0	2113193	271.34741369552916	4.3
103.00247438316522	4300	59.96169237699381	0.0	2147852	233.0848351002779	4.3
103.97721623299064	4300	59.73408318120433	0.0	2191074	227.6091957894737	4.3
104.73708899347248	4300	59.93771312798139	0.0	2286761	296.370053222945	4.3
105.6507630491023	4300	59.672627453795926	0.0	2307787	265.0856741854637	4.3
106.2265494872268	4300	59.91902842545584	0.0	2143948	253.599028340081	4.3
106.97640521619628	4300	59.66519426586331	0.0	1919781	253.83415959252972	4.3
107.38424206321689	4300	59.91928662704149	0.0	2147467	245.9076388218252	4.3
107.92817852484337	4300	59.688283000327644	0.0	2133870	231.00362671384346	4.3
109.13270772999195	4300	59.95248481520968	0.0	2146120	235.79818511796734	4.3
109.60851450393153	4300	59.65894693825519	0.0	2108491	293.5378769544916	4.3
110.66991165080964	4300	59.92938281330868	0.0	2184571	229.56412494651264	4.3
111.07499990117184	4300	59.60275519909339	0.0	2121928	326.62761421529297	4.3
113.82480225660461	4300	59.97708433945044	0.0	2219102	2125.6708596429444	4.3
114.88327663931472	4300	59.719912895990305	0.0	2124950	257.1714434601355	4.3
116.05239126294948	4300	59.7460070537979	0.0	2246506	473.90584219239486	4.3
116.74047162333923	4300	59.959571264324225	0.0	1961140	286.4357894736843	4.3
117.5196156938239	4300	59.730821514539926	0.0	2155012	228.74974978429682	4.3

