0.1724843132220796	750	4.0	0.1724843132220796	450283	172.4843132220796	0.008317453145057718
0.44918469833119384	1850	7.723299614890886	0.0	957685	276.7003851091142	0.75
0.9763370474967907	4300	11.196147265725289	0.0	2177073	527.1523491655969	1.8499999999999996
1.4805799542334097	4300	14.691904358988669	0.0	2160877	504.2429067366189	4.3
1.969377391304348	4300	18.20310692191773	0.0	2233056	488.79743707093826	4.3
2.404823615560641	4300	21.767660697661437	0.0	1941625	435.4462242562929	4.3
3.295530105263158	4300	24.876954207958924	0.0	2157535	890.7064897025172	4.3
4.75005744084983	4300	27.42242687237225	0.0	2290172	1454.527335586673	4.3
4.9888575567358755	4300	31.183626756486202	0.0	2055469	238.80011588604543	4.3
5.23644430709802	4300	34.93604000612406	0.0	2169201	247.5867503621439	4.3
5.484364886528247	4300	38.68811942669383	0.0	2173522	247.92057943022695	4.3
5.726794785127957	4300	42.44568952809412	0.0	2102452	242.42989859971027	4.3
5.977492071463061	4300	46.19499224175902	0.0	2209463	250.69728633510383	4.3
6.268767431832592	4300	49.90371688138949	0.0	2275376	291.2753603695321	4.3
6.552232136968927	4300	53.62025217625315	0.0	2005399	283.4647051363348	4.3
6.850619759036143	4300	57.321864554185936	0.0	2152483	298.3876220672162	4.3
7.465856182625236	4300	59.50955622190946	0.0	2289689	312.3083322764743	4.3
8.672957338374648	4300	59.76746968969107	0.0	2059512	242.08653221839648	4.3
9.017909279902916	4300	59.53750103069245	0.0	2220726	229.96865899862647	4.3
9.804619473649996	4300	59.911637575083724	0.0	2156729	125.86345560871877	4.3
10.6322189177958	4300	59.78826122208	0.0	2039773	123.37635300372142	4.3
11.524572746401011	4300	59.65419585334843	0.0	2176469	134.0653687315634	4.3
12.319139717186083	4300	59.846056597892726	0.0	2221506	308.1392554557125	4.3
13.263880908513128	4300	59.576899859893885	0.0	2044075	269.15673799884325	4.3
13.551491576944308	4300	59.9808867523424	0.0	2186790	96.01310755148741	4.3
14.113716368195016	4300	59.755573137156894	0.0	2105231	225.31361518550474	4.3
14.569799141603088	4300	59.65598733848546	0.0	2395588	99.58579867143587	4.3
15.057789821766079	4300	59.55024048577228	0.0	1972048	105.7468527131783	4.3
15.390666573795384	4300	59.78492402348253	0.0	2134614	265.316462289745	4.3
16.467034789231537	4300	59.99052006063423	0.0	2164140	294.4039628482972	4.3
17.389837706686684	4300	59.88010072820059	0.0	2113193	110.41933243364822	4.3
18.328598662828288	4300	59.77691204264053	0.0	2147852	103.18868556005398	4.3
18.579044561464173	4300	59.529475228613364	0.0	2191074	247.43681402716655	4.3
19.24245838401378	4300	59.909272859642925	0.0	2286761	120.20236897044282	4.3
19.954409544394192	4300	59.784903006242295	0.0	2307787	124.36985340062485	4.3
20.701176373072958	4300	59.66531024539281	0.0	2143948	119.59276084949215	4.3
21.57247812457842	4300	59.50324640355471	0.0	1919781	162.0638418380978	4.3
22.16062401162726	4300	59.77379241486397	0.0	2147467	229.45398869073512	4.3
22.932083161447363	4300	59.52740878913298	0.0	2133870	246.38362573099417	4.3
23.374964096259532	4300	59.77850608377144	0.0	2146120	248.90270536153471	4.3
24.02274682432513	4300	59.51160383446396	0.0	2108491	266.9022493074792	4.3
25.219478423191198	4300	59.81367827440997	0.0	2184571	197.92556005398114	4.3
25.34428593114821	4300	59.71067753983752	0.0	2121928	103.00073457245696	4.3
25.494193540406233	4300	59.606627121900786	0.0	2219102	104.05041793673372	4.3
26.177588724619724	4300	59.997858125454684	0.0	2124950	108.76899644609917	4.3
26.890334559892977	4300	59.88879830170175	0.0	2246506	109.05982375293071	4.3
27.858759591376998	4300	59.666428791719895	0.0	1961140	222.3695099818512	4.3
28.759342708253637	4300	59.54916499403266	0.0	2155012	117.26379768723658	4.3

