326.8993815756159	750	4.0	0.23167427368421056	450283	231.67427368421056	-0.24619937684210536
327.30197020719487	1850	7.597411368421052	0.0	957685	402.58863157894734	0.75
327.6776404387738	1850	11.221741136842105	0.0	877771	375.6702315789473	1.85
328.1029405183059	4300	14.796441057309941	0.0	2160877	425.3000795321638	1.8499999999999996
328.3570579452065	4300	18.54232363040936	0.0	2233056	254.11742690058483	4.3
328.58845170738977	4300	22.310929868226122	0.0	1941625	231.39376218323588	4.3
328.8366805572923	4300	26.062701018323587	0.0	2157535	248.2288499025341	4.3
329.09525147347165	4300	29.80413010214425	0.0	2290172	258.57091617933725	4.3
329.3355219608011	4300	33.56385961481482	0.0	2055469	240.2704873294347	4.3
329.5585773663013	4300	37.34080420931465	0.0	2169201	223.05540550016119	4.3
329.77025609405587	4300	41.12912548156001	0.0	2173522	211.6787277546384	4.3
329.9776291800082	4300	44.92175239560772	0.0	2102452	207.3730859522908	4.3
330.19148532540765	4300	48.70789625020825	0.0	2209463	213.8561453994699	4.3
330.4093346854985	4300	52.49004689011738	0.0	2275376	217.84936009087468	4.3
330.61082799863743	4300	56.28855357697841	0.0	2005399	201.49331313896252	4.3
331.19475693464653	4300	59.57814945732676	0.0	2152483	210.4041196516471	4.3
332.2759744104672	4300	59.93430312759515	0.0	2289689	143.84632973161382	4.3
333.3832070018794	4300	59.80937240493357	0.0	2059512	124.93072266157623	4.3
333.7941151196127	4300	59.55506928044227	0.0	2220726	254.30312449130918	4.3
334.8521701734042	4300	59.814344250167466	0.0	2156729	240.72503027480207	4.3
336.0675934522815	4300	59.575297622487156	0.0	2039773	239.0466276803119	4.3
338.28163813441785	4300	59.91646360701753	0.0	2176469	1658.8340154696166	4.3
339.2366337403558	4300	59.676571137381906	0.0	2221506	239.89246963562752	4.3
340.09266878164175	4300	59.56610518489006	0.0	2044075	110.4659524918491	4.3
340.46821093335103	4300	59.961118653432514	0.0	2186790	104.98653145754481	4.3
343.05707719399544	4300	59.76196333323613	0.0	2105231	2199.15532019638	4.3
344.11724070912345	4300	59.63673704589616	0.0	2395588	625.2262873399716	4.3
344.4235239018238	4300	59.911064063440016	0.0	1972048	225.67298245614035	4.3
345.0172834335645	4300	59.61448940269176	0.0	2134614	296.5746607482562	4.3
345.65381567297794	4300	59.65481571848124	0.0	2164140	459.67368421052635	4.3
347.52842963487944	4300	59.76593801513196	0.0	2113193	888.8777033492823	4.3
348.48395977873037	4300	59.99104107248264	0.0	2147852	274.8969426493194	4.3
349.69462101587544	4300	59.68602705451088	0.0	2191074	305.0140179717587	4.3
350.4320179910342	4300	59.98015217651817	0.0	2286761	205.8748779927107	4.3
351.37016186617456	4300	59.73684128753099	0.0	2307787	243.3108889871738	4.3
352.00972816439577	4300	59.97447463149697	0.0	2143948	262.36665603402446	4.3
352.5087559484772	4300	59.87356056054987	0.0	1919781	100.91407094709608	4.3
353.02652740861055	4300	59.773731687050336	0.0	2147467	99.82887349953832	4.3
353.8316397658247	4300	59.54014680176019	0.0	2133870	233.58488529014843	4.3
354.03268118151226	4300	59.935389829878424	0.0	2146120	104.7569718817592	4.3
354.4759688386144	4300	59.72188822323023	0.0	2108491	213.50160664819947	4.3
355.03662784288144	4300	59.766451746323675	0.0	2184571	455.43647690655206	4.3
355.552755321509	4300	59.52099927069015	0.0	2121928	245.45247563352828	4.3
356.49481015206703	4300	59.895309356908136	0.0	2219102	125.68991378201004	4.3
357.49431233564115	4300	59.76374072350908	0.0	2124950	131.5686333990596	4.3
358.38285361068733	4300	59.96343686107355	0.0	2246506	300.303862435523	4.3
359.1148549737145	4300	59.85155488586526	0.0	1961140	111.88197520829101	4.3
360.29253934768303	4300	59.53277239279046	0.0	2155012	318.7824930747922	4.3

