57.46566226021703	750	4.0	0.08595267950095019	450283	85.95267950095018	0.3804034781459142
57.55832272456471	1850	7.9073395356523175	0.0	957685	92.66046434768239	0.75
57.66710333102592	4300	11.79855892919111	0.0	2177073	108.78060646120797	1.8499999999999996
57.77566982858851	4300	15.689992431628522	0.0	2160877	108.56649756258778	4.3
57.88519052263131	4300	19.58047173758572	0.0	2233056	109.5206940427993	4.3
57.99085853882564	4300	23.47480372139139	0.0	1941625	105.66801619433198	4.3
58.0993808556066	4300	27.366281404610426	0.0	2157535	108.5223167809634	4.3
58.20965661533559	4300	31.256005644881434	0.0	2290172	110.27575972899281	4.3
58.316829633595525	4300	35.1488326266215	0.0	2055469	107.17301825993556	4.3
58.42550617329643	4300	39.040156086920604	0.0	2169201	108.6765397009006	4.3
58.534239836024675	4300	42.93142242419235	0.0	2173522	108.7336627282492	4.3
58.64203396310061	4300	46.82362829711642	0.0	2102452	107.79412707593158	4.3
58.751242760919325	4300	50.7144194992977	0.0	2209463	109.20879781872263	4.3
58.86132291955768	4300	54.604339340659344	0.0	2275376	110.08015863835413	4.3
58.967834019285014	4300	58.49782824093201	0.0	2005399	106.51109972734034	4.3
59.99286951792172	4300	59.88937271089813	0.0	2152483	108.4555300338759	4.3
63.54014360355262	4300	59.534025652384095	0.0	2289689	3355.347058514038	4.3
64.60355397432274	4300	59.80828398055747	0.0	2059512	225.7416718266254	4.3
64.88225317970802	4300	59.547768727336575	0.0	2220726	260.5152532208974	4.3
65.85490988282194	4300	59.7805323518618	0.0	2156729	267.2363754747694	4.3
66.98734103449087	4300	59.52702693984692	0.0	2039773	253.5054120148857	4.3
67.82662950227461	4300	59.75684557578206	0.0	2176469	270.18136406485894	4.3
68.39612804301302	4300	59.9666498572723	0.0	2221506	290.1957185097575	4.3
69.0447294057105	4300	59.742000587037886	0.0	2044075	224.64927023440958	4.3
69.67438165984053	4300	59.5991505062044	0.0	2186790	142.85008083348302	4.3
70.02944824049695	4300	59.87501830252447	0.0	2105231	224.13220367993156	4.3
70.6837534445411	4300	59.573332888990635	0.0	2395588	301.68541353383455	4.3
71.14357069536888	4300	59.7297341588319	0.0	1972048	343.5987301587302	4.3
72.30070451968166	4300	59.919276507010046	0.0	2134614	310.4576518218623	4.3
73.53367206767014	4300	59.68613081926126	0.0	2164140	233.14568774878373	4.3
74.15952236384763	4300	59.58311660129236	0.0	2113193	603.014217968898	4.3
75.1930054596001	4300	59.787793092520424	0.0	2147852	295.3235087719298	4.3
76.22952184508578	4300	59.59861469326786	0.0	2191074	189.1783992525693	4.3
76.78523939623116	4300	59.954424910811724	0.0	2286761	144.18978245614034	4.3
77.34654811928115	4300	59.839534433631336	0.0	2307787	114.89047718038364	4.3
77.90492087656206	4300	59.7435571779257	0.0	2143948	95.97725570563577	4.3
78.72847423626088	4300	59.522978248863915	0.0	1919781	220.5789290617849	4.3
78.93433972086196	4300	59.93153272188191	0.0	2147467	91.445526982012	4.3
79.15108195373438	4300	59.84037158425524	0.0	2133870	91.16113762667538	4.3
79.37767768790299	4300	59.749864264793786	0.0	2146120	90.50731946144431	4.3
79.63170566176447	4300	59.65089448521664	0.0	2108491	98.969779577148	4.3
79.93848466450267	4300	59.535034080989696	0.0	2184571	115.86040422694163	4.3
81.02016617376908	4300	59.79965262561212	0.0	2121928	235.38145537757438	4.3
81.30448180275407	4300	59.54064483806404	0.0	2219102	259.0077875480797	4.3
81.95364826132206	4300	59.938715529498516	0.0	2124950	101.92930856553147	4.3
82.61115412374555	4300	59.84358117328799	0.0	2246506	95.13435621052632	4.3
83.27746021424531	4300	59.751613881144586	0.0	1961140	91.96729214340198	4.3
83.9550649991064	4300	59.659980887892225	0.0	2155012	91.63299325236167	4.3

