792.4752385161312	750	4.0	0.14216158757549613	450283	142.16158757549613	0.1387051734253667
792.8483277309715	4300	7.62691078515962	0.0	2123065	373.08921484037967	0.75
793.2288727525417	4300	11.2463657635893	0.0	2177073	380.54502157031925	4.3
793.6071819156134	4300	14.868056600517686	0.0	2160877	378.30916307161345	4.3
793.9259092938061	4300	18.549329222325017	0.0	2233056	318.72737819266706	4.3
794.2029035867674	4300	22.2723349293637	0.0	1941625	276.99429296131893	4.3
794.501803777002	4300	25.973434739129075	0.0	2157535	298.9001902346227	4.3
794.8141611137173	4300	29.661077402413795	0.0	2290172	312.3573367152822	4.3
795.2178449285557	4300	33.2573935875755	0.0	2055469	403.6838148383012	4.3
796.0285231601346	4300	36.44671535599655	0.0	2169201	810.6782315789474	4.3
796.7540941336373	4300	39.72114438249383	0.0	2173522	725.5709735027223	4.3
797.4029358759241	4300	43.072302640207084	0.0	2102452	648.8417422867511	4.3
797.9480859811872	4300	46.52715253494392	0.0	2209463	545.1501052631579	4.3
798.5114937706609	4300	49.963744745470244	0.0	2275376	563.4077894736843	4.3
799.0479145956964	4300	53.42732392043468	0.0	2005399	536.4208250355618	4.3
799.614980910249	4300	56.86025760588214	0.0	2152483	567.0663145525382	4.3
800.1160499262672	4300	59.57067508871967	0.0	2289689	289.5825171624714	4.3
801.9089923096506	4300	59.98994714645598	0.0	2059512	1080.7279422636857	4.3
803.0832931219005	4300	59.96890396089072	0.0	2220726	521.0431855652638	4.3
804.2071298544143	4300	59.69361440797617	0.0	2156729	275.28955291454446	4.3
806.01889438717	4300	59.922005731398016	0.0	2039773	1271.608676578156	4.3
806.9370691051361	4300	59.69299630050371	0.0	2176469	229.00943089430896	4.3
807.5959722869447	4300	59.91812735313528	0.0	2221506	274.86894736842106	4.3
808.3701554071127	4300	59.68305291027137	0.0	2044075	235.07444286391654	4.3
809.9224640438631	4300	59.8864529305483	0.0	2186790	1296.5999797230652	4.3
812.3068727512727	4300	59.53210290535712	0.0	2105231	1854.3500251911796	4.3
815.0248201143813	4300	59.64815856491198	0.0	2395588	2383.944340445137	4.3
816.2088511045246	4300	59.933144581172144	0.0	1972048	215.01398373983739	4.3
816.6629924928471	4300	59.65058239021251	0.0	2134614	282.5621909596316	4.3
817.8433796159067	4300	59.85617842736421	0.0	2164140	294.4039628482972	4.3
818.9979256078115	4300	59.93189701151746	0.0	2113193	424.2814158467539	4.3
820.4267298925383	4300	59.79262715718302	0.0	2147852	639.2698543344408	4.3
821.6411456215043	4300	59.54018650789625	0.0	2191074	252.44064928676832	4.3
824.2736677760388	4300	59.66491297046865	0.0	2286761	1875.2735374275983	4.3
826.1022801496043	4300	59.839231092239274	0.0	2307787	1325.6818782293785	4.3
827.6878332146085	4300	59.50791980740531	0.0	2143948	831.3112848339689	4.3
828.7473017161502	4300	59.815306446719525	0.0	1919781	692.6133606857851	4.3
829.8997523657782	4300	59.63250869233355	0.0	2147467	682.7977543859649	4.3
830.6981315768096	4300	59.67814553443882	0.0	2133870	454.36315789473684	4.3
831.9310807833425	4300	59.94367895774066	0.0	2146120	234.46657669815565	4.3
832.3545113336667	4300	59.69120499749598	0.0	2108491	252.47396024467548	4.3
833.4045961736391	4300	59.96164087254947	0.0	2184571	229.56412494651264	4.3
833.6725043893642	4300	59.69794712219985	0.0	2121928	263.6937503496236	4.3
834.4623430313104	4300	59.51513503391462	0.0	2219102	682.8120882852293	4.3
836.5335360137666	4300	59.74305181951697	0.0	2124950	1272.0832143976409	4.3
837.5335025468194	4300	59.852623437019794	0.0	2246506	390.4283824971762	4.3
838.5029536322546	4300	59.63266696958001	0.0	1961140	219.95646743978594	4.3
839.4370790738104	4300	59.75035155779983	0.0	2155012	382.31541178017557	4.3

