1069.497904785656	750	4.0	0.11510978557504874	450283	115.10978557504873	0.25502792202729047
1069.6255528948177	1200	7.872351890838207	0.0	611087	127.64810916179337	0.75
1069.7739950780535	1850	11.723909707602338	0.0	877771	148.44218323586745	1.2000000000000002
1069.9725355069033	2850	15.525369278752436	0.0	1520281	198.54042884990253	1.85
1070.2266529338042	4300	19.27125185185185	0.0	2233056	254.11742690058483	2.8499999999999996
1070.4580466959872	4300	23.039858089668613	0.0	1941625	231.39376218323588	4.3
1070.7062755458896	4300	26.79162923976608	0.0	2157535	248.2288499025341	4.3
1070.964846462069	4300	30.53305832358674	0.0	2290172	258.57091617933725	4.3
1071.1492268090149	4300	34.34867797664094	0.0	2055469	184.3803469457958	4.3
1071.3059787240966	4300	38.19192606155913	0.0	2169201	156.7519150818222	4.3
1071.462883527281	4300	42.0350212583747	0.0	2173522	156.90480318443167	4.3
1071.6172736909255	4300	45.88063109473029	0.0	2102452	154.39016364440513	4.3
1071.775450179205	4300	49.72245460645077	0.0	2209463	158.17648827952235	4.3
1071.93595883909	4300	53.56194594656576	0.0	2275376	160.50865988500664	4.3
1072.086915017772	4300	57.410989767883756	0.0	2005399	150.95617868199912	4.3
1072.3233558138797	4300	59.754829378675446	0.0	2152483	156.16038920831488	4.3
1073.7112434501737	4300	59.81102576397832	0.0	2289689	443.8036146971201	4.3
1074.1241837997409	4300	59.536597599993115	0.0	2059512	274.4281639852022	4.3
1075.7812229488854	4300	59.73733411821174	0.0	2220726	799.2634817813765	4.3
1076.5719106496367	4300	59.98087810151777	0.0	2156729	256.45601669397615	4.3
1077.5102373485897	4300	59.7388305940699	0.0	2039773	242.04750744786494	4.3
1078.4472898734284	4300	59.578443927403235	0.0	2176469	160.38666666666666	4.3
1080.4419599731118	4300	59.679441806647446	0.0	2221506	1399.002120755789	4.3
1080.8975184098913	4300	59.959496577721474	0.0	2044075	219.94522892597348	4.3
1081.2879896408515	4300	59.842067566168204	0.0	2186790	117.42901155327343	4.3
1082.6757822002392	4300	59.74469239617784	0.0	2105231	1097.3751699903623	4.3
1083.505593031776	4300	59.93499567510803	0.0	2395588	809.6967210698116	4.3
1083.928167724767	4300	59.693765383845886	0.0	1972048	241.23029126213592	4.3
1084.9994379341188	4300	59.958802480034635	0.0	2134614	234.9629038112523	4.3
1086.2272723651654	4300	59.72303891728159	0.0	2164140	235.76356275303647	4.3
1087.1414082400354	4300	59.97200641399335	0.0	2113193	251.0325032882467	4.3
1088.2323418950177	4300	59.718091272292945	0.0	2147852	253.91514170040486	4.3
1089.0228645130705	4300	59.95133921990754	0.0	2191074	266.7520523854062	4.3
1089.9969607467542	4300	59.68617638589944	0.0	2286761	265.1628340080972	4.3
1090.754183201598	4300	59.87203185831542	0.0	2307787	314.1445275840203	4.3
1091.5661299120154	4300	59.647597466736464	0.0	2143948	224.43439157894738	4.3
1092.038671982592	4300	59.91508259086755	0.0	1919781	232.51487586891758	4.3
1092.6905144549432	4300	59.66917495204572	0.0	2147467	245.9076388218252	4.3
1093.3313581813943	4300	59.51172050558475	0.0	2133870	157.45444646098002	4.3
1093.5381807111758	4300	59.86000388068918	0.0	2146120	151.71662489557227	4.3
1093.7539944055352	4300	59.73964998595233	0.0	2108491	120.35389473684211	4.3
1093.9898692704073	4300	59.62944245332767	0.0	2184571	110.2075326246651	4.3
1094.232763409672	4300	59.53082904981889	0.0	2121928	98.61340350877192	4.3
1094.9835507762605	4300	59.93757573440269	0.0	2219102	93.25331541620008	4.3
1095.7730276889408	4300	59.83160430364874	0.0	2124950	105.9714307539531	4.3
1096.8344535687122	4300	59.60264410472623	0.0	2246506	228.9601989225031	4.3
1098.0159454839936	4300	59.63813098750986	0.0	1961140	464.51311721637717	4.3
1098.431924081886	4300	59.998631087596145	0.0	2155012	139.49989991371874	4.3

